0.00000000 0.00000000 0.00000000 0.00000000 0.00000000 0.00000000 1.00000000 0.00000000 
1.00000000 0.00000666 0.00000494 0.00000327 0.00001026 0.00023328 0.99968570 0.00005590 
2.00000000 0.00002660 0.00001975 0.00001307 0.00004119 0.00093219 0.99874390 0.00022331 
3.00000000 0.00005973 0.00004440 0.00002940 0.00009316 0.00209413 0.99717773 0.00050146 
4.00000000 0.00010593 0.00007886 0.00005222 0.00016683 0.00371488 0.99499222 0.00088907 
5.00000000 0.00016500 0.00012306 0.00008152 0.00026310 0.00578865 0.99219428 0.00138439 
6.00000000 0.00023669 0.00017695 0.00011725 0.00038314 0.00830809 0.98879265 0.00198522 
7.00000000 0.00032073 0.00024044 0.00015939 0.00052833 0.01126436 0.98479787 0.00268888 
8.00000000 0.00041676 0.00031344 0.00020788 0.00070028 0.01464713 0.98022223 0.00349229 
9.00000000 0.00052440 0.00039584 0.00026267 0.00090081 0.01844469 0.97507967 0.00439193 
10.00000000 0.00064323 0.00048753 0.00032370 0.00113192 0.02264400 0.96938570 0.00538392 
11.00000000 0.00077277 0.00058838 0.00039091 0.00139580 0.02723072 0.96315740 0.00646402 
12.00000000 0.00091253 0.00069825 0.00046423 0.00169477 0.03218933 0.95641323 0.00762765 
13.00000000 0.00106194 0.00081700 0.00054359 0.00203130 0.03750321 0.94917301 0.00886995 
14.00000000 0.00122044 0.00094448 0.00062890 0.00240795 0.04315467 0.94145778 0.01018578 
15.00000000 0.00138743 0.00108052 0.00072008 0.00282736 0.04912511 0.93328972 0.01156979 
16.00000000 0.00156226 0.00122495 0.00081704 0.00329222 0.05539506 0.92469206 0.01301641 
17.00000000 0.00174429 0.00137761 0.00091969 0.00380527 0.06194430 0.91568891 0.01451993 
18.00000000 0.00193285 0.00153830 0.00102794 0.00436923 0.06875196 0.90630522 0.01607451 
19.00000000 0.00212723 0.00170685 0.00114167 0.00498681 0.07579661 0.89656659 0.01767423 
20.00000000 0.00232676 0.00188307 0.00126080 0.00566064 0.08305636 0.88649925 0.01931312 
21.00000000 0.00253071 0.00206676 0.00138522 0.00639330 0.09050896 0.87612983 0.02098521 
22.00000000 0.00273839 0.00225772 0.00151482 0.00718725 0.09813194 0.86548533 0.02268456 
23.00000000 0.00294907 0.00245575 0.00164948 0.00804479 0.10590265 0.85459299 0.02440527 
24.00000000 0.00316207 0.00266065 0.00178910 0.00896810 0.11379840 0.84348012 0.02614156 
25.00000000 0.00337668 0.00287219 0.00193358 0.00995914 0.12179656 0.83217407 0.02788778 
26.00000000 0.00359222 0.00309016 0.00208279 0.01101968 0.12987464 0.82070205 0.02963846 
27.00000000 0.00380804 0.00331433 0.00223662 0.01215123 0.13801042 0.80909107 0.03138829 
28.00000000 0.00402347 0.00354449 0.00239498 0.01335508 0.14618197 0.79736779 0.03313221 
29.00000000 0.00423791 0.00378038 0.00255775 0.01463222 0.15436783 0.78555847 0.03486543 
30.00000000 0.00445076 0.00402178 0.00272482 0.01598335 0.16254702 0.77368886 0.03658341 
31.00000000 0.00466146 0.00426841 0.00289609 0.01740887 0.17069916 0.76178410 0.03828191 
32.00000000 0.00486949 0.00452004 0.00307147 0.01890885 0.17880451 0.74986862 0.03995703 
33.00000000 0.00507434 0.00477637 0.00325086 0.02048303 0.18684409 0.73796611 0.04160520 
34.00000000 0.00527557 0.00503714 0.00343416 0.02213083 0.19479971 0.72609940 0.04322320 
35.00000000 0.00547278 0.00530204 0.00362130 0.02385128 0.20265400 0.71429044 0.04480816 
36.00000000 0.00566559 0.00557077 0.00381219 0.02564311 0.21039053 0.70256018 0.04635762 
37.00000000 0.00585370 0.00584302 0.00400677 0.02750465 0.21799381 0.69092859 0.04786947 
38.00000000 0.00603682 0.00611845 0.00420496 0.02943391 0.22544934 0.67941454 0.04934198 
39.00000000 0.00621475 0.00639672 0.00440671 0.03142855 0.23274362 0.66803583 0.05077382 
40.00000000 0.00638730 0.00667746 0.00461196 0.03348590 0.23986423 0.65680910 0.05216405 
41.00000000 0.00655436 0.00696030 0.00482068 0.03560294 0.24679981 0.64574984 0.05351208 
42.00000000 0.00671585 0.00724485 0.00503281 0.03777636 0.25354007 0.63487234 0.05481770 
43.00000000 0.00687177 0.00753071 0.00524835 0.04000254 0.26007583 0.62418973 0.05608106 
44.00000000 0.00702213 0.00781746 0.00546726 0.04227758 0.26639897 0.61371391 0.05730268 
45.00000000 0.00716702 0.00810467 0.00568954 0.04459731 0.27250249 0.60345560 0.05848337 
46.00000000 0.00730656 0.00839190 0.00591518 0.04695734 0.27838044 0.59342429 0.05962429 
47.00000000 0.00744093 0.00867869 0.00614417 0.04935304 0.28402795 0.58362833 0.06072689 
48.00000000 0.00757034 0.00896458 0.00637654 0.05177960 0.28944117 0.57407488 0.06179288 
49.00000000 0.00769506 0.00924909 0.00661230 0.05423205 0.29461728 0.56476996 0.06282427 
50.00000000 0.00781537 0.00953176 0.00685146 0.05670529 0.29955442 0.55571846 0.06382325 
51.00000000 0.00793162 0.00981210 0.00709406 0.05919409 0.30425168 0.54692420 0.06479225 
52.00000000 0.00804417 0.01008962 0.00734012 0.06169318 0.30870908 0.53838994 0.06573390 
53.00000000 0.00815342 0.01036385 0.00758968 0.06419721 0.31292746 0.53011742 0.06665095 
54.00000000 0.00825979 0.01063431 0.00784278 0.06670085 0.31690853 0.52210743 0.06754632 
55.00000000 0.00836373 0.01090052 0.00809944 0.06919877 0.32065472 0.51435981 0.06842301 
56.00000000 0.00846569 0.01116204 0.00835972 0.07168569 0.32416920 0.50687355 0.06928412 
57.00000000 0.00856616 0.01141840 0.00862363 0.07415640 0.32745581 0.49964679 0.07013280 
58.00000000 0.00866562 0.01166918 0.00889123 0.07660584 0.33051901 0.49267690 0.07097223 
59.00000000 0.00876455 0.01191397 0.00916253 0.07902903 0.33336378 0.48596054 0.07180560 
60.00000000 0.00886345 0.01215238 0.00943757 0.08142120 0.33599564 0.47949370 0.07263606 
61.00000000 0.00896281 0.01238405 0.00971635 0.08377776 0.33842054 0.47327174 0.07346676 
62.00000000 0.00906309 0.01260865 0.00999889 0.08609431 0.34064482 0.46728950 0.07430073 
63.00000000 0.00916477 0.01282588 0.01028519 0.08836672 0.34267516 0.46154130 0.07514097 
64.00000000 0.00926829 0.01303549 0.01057525 0.09059110 0.34451852 0.45602102 0.07599034 
65.00000000 0.00937407 0.01323725 0.01086903 0.09276384 0.34618208 0.45072215 0.07685158 
66.00000000 0.00948252 0.01343098 0.01116651 0.09488160 0.34767322 0.44563786 0.07772732 
67.00000000 0.00959400 0.01361654 0.01146764 0.09694137 0.34899943 0.44076103 0.07861999 
68.00000000 0.00970884 0.01379386 0.01177235 0.09894043 0.35016828 0.43608434 0.07953189 
69.00000000 0.00982736 0.01396289 0.01208058 0.10087639 0.35118739 0.43160026 0.08046514 
70.00000000 0.00994980 0.01412364 0.01239222 0.10274716 0.35206437 0.42730116 0.08142164 
71.00000000 0.01007639 0.01427617 0.01270718 0.10455100 0.35280679 0.42317933 0.08240315 
72.00000000 0.01020730 0.01442059 0.01302531 0.10628649 0.35342211 0.41922703 0.08341117 
73.00000000 0.01034266 0.01455708 0.01334647 0.10795250 0.35391771 0.41543654 0.08444704 
74.00000000 0.01048255 0.01468584 0.01367051 0.10954825 0.35430080 0.41180019 0.08551186 
75.00000000 0.01062699 0.01480715 0.01399724 0.11107323 0.35457842 0.40831040 0.08660656 
76.00000000 0.01077598 0.01492134 0.01432647 0.11252725 0.35475740 0.40495973 0.08773183 
77.00000000 0.01092943 0.01502875 0.01465799 0.11391037 0.35484436 0.40174092 0.08888817 
78.00000000 0.01108724 0.01512982 0.01499156 0.11522294 0.35484566 0.39864688 0.09007588 
79.00000000 0.01124923 0.01522501 0.01532696 0.11646554 0.35476741 0.39567078 0.09129507 
80.00000000 0.01141519 0.01531481 0.01566391 0.11763899 0.35461544 0.39280603 0.09254564 
81.00000000 0.01158484 0.01539977 0.01600215 0.11874429 0.35439528 0.39004633 0.09382734 
82.00000000 0.01175789 0.01548047 0.01634140 0.11978267 0.35411217 0.38738568 0.09513972 
83.00000000 0.01193398 0.01555751 0.01668138 0.12075548 0.35377106 0.38481841 0.09648219 
84.00000000 0.01211272 0.01563153 0.01702178 0.12166425 0.35337656 0.38233917 0.09785399 
85.00000000 0.01229367 0.01570320 0.01736230 0.12251060 0.35293300 0.37994299 0.09925424 
86.00000000 0.01247638 0.01577319 0.01770264 0.12329629 0.35244435 0.37762526 0.10068190 
87.00000000 0.01266034 0.01584219 0.01804250 0.12402310 0.35191431 0.37538175 0.10213582 
88.00000000 0.01284503 0.01591089 0.01838155 0.12469292 0.35134622 0.37320861 0.10361477 
89.00000000 0.01302992 0.01598002 0.01871951 0.12530764 0.35074316 0.37110238 0.10511738 
90.00000000 0.01321444 0.01605025 0.01905606 0.12586917 0.35010784 0.36906001 0.10664222 
91.00000000 0.01339801 0.01612229 0.01939093 0.12637943 0.34944271 0.36707884 0.10818779 
92.00000000 0.01358005 0.01619682 0.01972382 0.12684032 0.34874990 0.36515659 0.10975251 
93.00000000 0.01375996 0.01627449 0.02005447 0.12725368 0.34803125 0.36329139 0.11133475 
94.00000000 0.01393717 0.01635595 0.02038263 0.12762134 0.34728830 0.36148176 0.11293285 
95.00000000 0.01411108 0.01644181 0.02070806 0.12794504 0.34652232 0.35972658 0.11454511 
96.00000000 0.01428113 0.01653264 0.02103053 0.12822646 0.34573429 0.35802514 0.11616981 
97.00000000 0.01444675 0.01662899 0.02134986 0.12846722 0.34492493 0.35637705 0.11780519 
98.00000000 0.01460742 0.01673136 0.02166586 0.12866884 0.34409468 0.35478232 0.11944952 
99.00000000 0.01476263 0.01684019 0.02197838 0.12883277 0.34324372 0.35324127 0.12110104 
100.00000000 0.01491188 0.01695590 0.02228731 0.12896037 0.34237200 0.35175455 0.12275799 
101.00000000 0.01505473 0.01707885 0.02259253 0.12905292 0.34147919 0.35032313 0.12441865 
102.00000000 0.01519078 0.01720932 0.02289399 0.12911163 0.34056474 0.34894827 0.12608128 
103.00000000 0.01531964 0.01734757 0.02319163 0.12913762 0.33962785 0.34763152 0.12774416 
104.00000000 0.01544101 0.01749379 0.02348545 0.12913196 0.33866749 0.34637467 0.12940562 
105.00000000 0.01555460 0.01764809 0.02377547 0.12909567 0.33768243 0.34517976 0.13106398 
106.00000000 0.01566020 0.01781054 0.02406173 0.12902971 0.33667119 0.34404905 0.13271759 
107.00000000 0.01575762 0.01798115 0.02434431 0.12893500 0.33563209 0.34298499 0.13436483 
108.00000000 0.01584677 0.01815987 0.02462332 0.12881246 0.33456324 0.34199022 0.13600411 
109.00000000 0.01592757 0.01834657 0.02489890 0.12866300 0.33346258 0.34106753 0.13763386 
110.00000000 0.01600004 0.01854109 0.02517120 0.12848752 0.33232781 0.34021982 0.13925252 
111.00000000 0.01606423 0.01874319 0.02544041 0.12828696 0.33115649 0.33945013 0.14085859 
112.00000000 0.01612027 0.01895259 0.02570676 0.12806229 0.32994599 0.33876156 0.14245055 
113.00000000 0.01616834 0.01916895 0.02597046 0.12781451 0.32869351 0.33815728 0.14402695 
114.00000000 0.01620868 0.01939187 0.02623179 0.12754473 0.32739611 0.33764050 0.14558632 
115.00000000 0.01624160 0.01962092 0.02649102 0.12725409 0.32605070 0.33721443 0.14712725 
116.00000000 0.01626746 0.01985561 0.02674842 0.12694384 0.32465406 0.33688227 0.14864833 
117.00000000 0.01628666 0.02009543 0.02700432 0.12661534 0.32320288 0.33664719 0.15014817 
118.00000000 0.01629969 0.02033981 0.02725902 0.12627004 0.32169373 0.33651230 0.15162541 
119.00000000 0.01630706 0.02058817 0.02751285 0.12590950 0.32012310 0.33648061 0.15307871 
120.00000000 0.01630935 0.02083988 0.02776613 0.12553544 0.31848742 0.33655505 0.15450675 
121.00000000 0.01630717 0.02109429 0.02801918 0.12514966 0.31678308 0.33673838 0.15590824 
122.00000000 0.01630119 0.02135075 0.02827233 0.12475413 0.31500645 0.33703325 0.15728191 
123.00000000 0.01629210 0.02160856 0.02852591 0.12435091 0.31315391 0.33744210 0.15862651 
124.00000000 0.01628064 0.02186705 0.02878022 0.12394220 0.31122184 0.33796720 0.15994085 
125.00000000 0.01626757 0.02212552 0.02903556 0.12353033 0.30920669 0.33861059 0.16122374 
126.00000000 0.01625370 0.02238325 0.02929222 0.12311772 0.30710498 0.33937409 0.16247403 
127.00000000 0.01623983 0.02263957 0.02955046 0.12270691 0.30491334 0.34025925 0.16369064 
128.00000000 0.01622679 0.02289377 0.02981054 0.12230051 0.30262852 0.34126736 0.16487251 
129.00000000 0.01621544 0.02314517 0.03007267 0.12190122 0.30024744 0.34239942 0.16601864 
130.00000000 0.01620662 0.02339311 0.03033705 0.12151179 0.29776721 0.34365614 0.16712807 
131.00000000 0.01620120 0.02363694 0.03060386 0.12113500 0.29518515 0.34503790 0.16819994 
132.00000000 0.01620003 0.02387604 0.03087323 0.12077368 0.29249885 0.34654475 0.16923342 
133.00000000 0.01620396 0.02410978 0.03114528 0.12043061 0.28970616 0.34817643 0.17022778 
134.00000000 0.01621383 0.02433761 0.03142008 0.12010859 0.28680524 0.34993230 0.17118235 
135.00000000 0.01623047 0.02455897 0.03169766 0.11981033 0.28379462 0.35181137 0.17209658 
136.00000000 0.01625467 0.02477335 0.03197804 0.11953850 0.28067315 0.35381232 0.17296998 
137.00000000 0.01628721 0.02498027 0.03226118 0.11929563 0.27744011 0.35593342 0.17380217 
138.00000000 0.01632885 0.02517929 0.03254702 0.11908416 0.27409519 0.35817259 0.17459290 
139.00000000 0.01638030 0.02536999 0.03283546 0.11890635 0.27063852 0.36052737 0.17534202 
140.00000000 0.01644225 0.02555202 0.03312635 0.11876428 0.26707070 0.36299492 0.17604947 
141.00000000 0.01651532 0.02572504 0.03341953 0.11865985 0.26339283 0.36557206 0.17671537 
142.00000000 0.01660013 0.02588878 0.03371478 0.11859470 0.25960650 0.36825520 0.17733991 
143.00000000 0.01669722 0.02604299 0.03401187 0.11857024 0.25571382 0.37104040 0.17792346 
144.00000000 0.01680710 0.02618746 0.03431052 0.11858761 0.25171745 0.37392336 0.17846650 
145.00000000 0.01693020 0.02632205 0.03461045 0.11864764 0.24762057 0.37689943 0.17896966 
146.00000000 0.01706694 0.02644663 0.03491132 0.11875086 0.24342694 0.37996362 0.17943369 
147.00000000 0.01721764 0.02656113 0.03521279 0.11889748 0.23914086 0.38311060 0.17985951 
148.00000000 0.01738260 0.02666552 0.03551449 0.11908736 0.23476717 0.38633471 0.18024814 
149.00000000 0.01756205 0.02675981 0.03581603 0.11932003 0.23031128 0.38963001 0.18060079 
150.00000000 0.01775614 0.02684405 0.03611702 0.11959466 0.22577914 0.39299024 0.18091875 
151.00000000 0.01796498 0.02691833 0.03641705 0.11991005 0.22117724 0.39640887 0.18120348 
152.00000000 0.01818863 0.02698278 0.03671569 0.12026466 0.21651255 0.39987912 0.18145656 
153.00000000 0.01842707 0.02703756 0.03701254 0.12065658 0.21179260 0.40339396 0.18167969 
154.00000000 0.01868023 0.02708289 0.03730717 0.12108355 0.20702535 0.40694614 0.18187467 
155.00000000 0.01894799 0.02711900 0.03759918 0.12154298 0.20221923 0.41052820 0.18204342 
156.00000000 0.01923016 0.02714616 0.03788815 0.12203193 0.19738311 0.41413252 0.18218797 
157.00000000 0.01952649 0.02716469 0.03817371 0.12254717 0.19252623 0.41775129 0.18231042 
158.00000000 0.01983670 0.02717492 0.03845547 0.12308514 0.18765821 0.42137661 0.18241296 
159.00000000 0.02016043 0.02717723 0.03873308 0.12364202 0.18278899 0.42500042 0.18249783 
160.00000000 0.02049728 0.02717202 0.03900622 0.12421375 0.17792878 0.42861459 0.18256735 
161.00000000 0.02084682 0.02715971 0.03927459 0.12479602 0.17308803 0.43221095 0.18262387 
162.00000000 0.02120855 0.02714076 0.03953792 0.12538434 0.16827741 0.43578126 0.18266975 
163.00000000 0.02158194 0.02711566 0.03979597 0.12597403 0.16350772 0.43931728 0.18270740 
164.00000000 0.02196641 0.02708490 0.04004856 0.12656028 0.15878986 0.44281078 0.18273920 
165.00000000 0.02236136 0.02704901 0.04029552 0.12713819 0.15413480 0.44625357 0.18276755 
166.00000000 0.02276614 0.02700854 0.04053676 0.12770277 0.14955349 0.44963753 0.18279477 
167.00000000 0.02318008 0.02696406 0.04077219 0.12824903 0.14505686 0.45295459 0.18282320 
168.00000000 0.02360247 0.02691613 0.04100180 0.12877194 0.14065573 0.45619685 0.18285507 
169.00000000 0.02403260 0.02686538 0.04122562 0.12926654 0.13636078 0.45935651 0.18289258 
170.00000000 0.02446971 0.02681239 0.04144374 0.12972794 0.13218248 0.46242592 0.18293782 
171.00000000 0.02491305 0.02675781 0.04165626 0.13015136 0.12813107 0.46539766 0.18299279 
172.00000000 0.02536184 0.02670226 0.04186339 0.13053217 0.12421650 0.46826447 0.18305938 
173.00000000 0.02581530 0.02664638 0.04206533 0.13086591 0.12044837 0.47101934 0.18313937 
174.00000000 0.02627264 0.02659082 0.04226238 0.13114835 0.11683590 0.47365551 0.18323440 
175.00000000 0.02673305 0.02653624 0.04245487 0.13137551 0.11338790 0.47616648 0.18334595 
176.00000000 0.02719574 0.02648329 0.04264315 0.13154367 0.11011271 0.47854606 0.18347538 
177.00000000 0.02765993 0.02643263 0.04282766 0.13164941 0.10701815 0.48078834 0.18362387 
178.00000000 0.02812482 0.02638490 0.04300886 0.13168967 0.10411154 0.48288776 0.18379243 
179.00000000 0.02858963 0.02634077 0.04318726 0.13166171 0.10139962 0.48483909 0.18398192 
180.00000000 0.02905361 0.02630086 0.04336340 0.13156318 0.09888852 0.48663743 0.18419300 
181.00000000 0.02951599 0.02626582 0.04353787 0.13139210 0.09658377 0.48827829 0.18442616 
182.00000000 0.02997603 0.02623627 0.04371126 0.13114692 0.09449027 0.48975754 0.18468171 
183.00000000 0.03043303 0.02621282 0.04388424 0.13082648 0.09261224 0.49107142 0.18495977 
184.00000000 0.03088628 0.02619607 0.04405745 0.13043005 0.09095325 0.49221661 0.18526029 
185.00000000 0.03133511 0.02618658 0.04423160 0.12995734 0.08951617 0.49319017 0.18558302 
186.00000000 0.03177887 0.02618493 0.04440737 0.12940849 0.08830321 0.49398958 0.18592756 
187.00000000 0.03221693 0.02619164 0.04458548 0.12878405 0.08731586 0.49461272 0.18629331 
188.00000000 0.03264870 0.02620723 0.04476667 0.12808502 0.08655494 0.49505792 0.18667952 
189.00000000 0.03307360 0.02623218 0.04495163 0.12731280 0.08602059 0.49532392 0.18708527 
190.00000000 0.03349109 0.02626696 0.04514111 0.12646921 0.08571226 0.49540988 0.18750949 
191.00000000 0.03390067 0.02631198 0.04533580 0.12555649 0.08562873 0.49531537 0.18795097 
192.00000000 0.03430184 0.02636764 0.04553641 0.12457722 0.08576814 0.49504040 0.18840835 
193.00000000 0.03469416 0.02643432 0.04574362 0.12353438 0.08612798 0.49458539 0.18888015 
194.00000000 0.03507721 0.02651232 0.04595808 0.12243130 0.08670514 0.49395115 0.18936480 
195.00000000 0.03545059 0.02660196 0.04618044 0.12127162 0.08749589 0.49313892 0.18986058 
196.00000000 0.03581395 0.02670347 0.04641128 0.12005931 0.08849596 0.49215031 0.19036572 
197.00000000 0.03616695 0.02681709 0.04665118 0.11879860 0.08970051 0.49098733 0.19087835 
198.00000000 0.03650929 0.02694298 0.04690065 0.11749400 0.09110419 0.48965235 0.19139654 
199.00000000 0.03684071 0.02708128 0.04716017 0.11615023 0.09270119 0.48814813 0.19191830 
200.00000000 0.03716094 0.02723209 0.04743018 0.11477223 0.09448519 0.48647775 0.19244161 
201.00000000 0.03746978 0.02739548 0.04771104 0.11336512 0.09644951 0.48464465 0.19296441 
202.00000000 0.03776704 0.02757146 0.04800309 0.11193417 0.09858703 0.48265258 0.19348464 
203.00000000 0.03805254 0.02776001 0.04830658 0.11048476 0.10089030 0.48050559 0.19400022 
204.00000000 0.03832614 0.02796107 0.04862172 0.10902239 0.10335156 0.47820804 0.19450908 
205.00000000 0.03858772 0.02817455 0.04894865 0.10755261 0.10596273 0.47576455 0.19500918 
206.00000000 0.03883719 0.02840031 0.04928744 0.10608102 0.10871551 0.47318001 0.19549852 
207.00000000 0.03907446 0.02863819 0.04963811 0.10461324 0.11160136 0.47045953 0.19597512 
208.00000000 0.03929947 0.02888797 0.05000059 0.10315487 0.11461158 0.46760846 0.19643706 
209.00000000 0.03951218 0.02914943 0.05037475 0.10171148 0.11773731 0.46463236 0.19688249 
210.00000000 0.03971257 0.02942230 0.05076041 0.10028860 0.12096958 0.46153694 0.19730962 
211.00000000 0.03990062 0.02970628 0.05115729 0.09889165 0.12429932 0.45832810 0.19771674 
212.00000000 0.04007635 0.03000104 0.05156507 0.09752599 0.12771743 0.45501189 0.19810224 
213.00000000 0.04023977 0.03030624 0.05198335 0.09619682 0.13121478 0.45159448 0.19846457 
214.00000000 0.04039091 0.03062151 0.05241166 0.09490922 0.13478225 0.44808214 0.19880231 
215.00000000 0.04052982 0.03094645 0.05284948 0.09366813 0.13841075 0.44448125 0.19911411 
216.00000000 0.04065655 0.03128065 0.05329622 0.09247830 0.14209128 0.44079825 0.19939875 
217.00000000 0.04077118 0.03162368 0.05375122 0.09134430 0.14581488 0.43703963 0.19965511 
218.00000000 0.04087376 0.03197511 0.05421379 0.09027050 0.14957275 0.43321191 0.19988217 
219.00000000 0.04096440 0.03233449 0.05468317 0.08926106 0.15335621 0.42932165 0.20007903 
220.00000000 0.04104318 0.03270135 0.05515854 0.08831993 0.15715672 0.42537539 0.20024489 
221.00000000 0.04111021 0.03307522 0.05563906 0.08745081 0.16096594 0.42137967 0.20037908 
222.00000000 0.04116560 0.03345564 0.05612382 0.08665719 0.16477573 0.41734098 0.20048103 
223.00000000 0.04120948 0.03384213 0.05661189 0.08594230 0.16857815 0.41326578 0.20055027 
224.00000000 0.04124198 0.03423421 0.05710231 0.08530910 0.17236550 0.40916046 0.20058644 
225.00000000 0.04126323 0.03463142 0.05759406 0.08476034 0.17613031 0.40503133 0.20058931 
226.00000000 0.04127341 0.03503328 0.05808614 0.08429846 0.17986540 0.40088461 0.20055871 
227.00000000 0.04127265 0.03543932 0.05857749 0.08392567 0.18356383 0.39672643 0.20049460 
228.00000000 0.04126115 0.03584909 0.05906706 0.08364391 0.18721897 0.39256280 0.20039703 
229.00000000 0.04123908 0.03626214 0.05955378 0.08345483 0.19082447 0.38839959 0.20026611 
230.00000000 0.04120665 0.03667801 0.06003658 0.08335983 0.19437430 0.38424255 0.20010208 
231.00000000 0.04116406 0.03709627 0.06051438 0.08336004 0.19786272 0.38009728 0.19990524 
232.00000000 0.04111155 0.03751650 0.06098613 0.08345631 0.20128433 0.37596921 0.19967597 
233.00000000 0.04104934 0.03793828 0.06145075 0.08364922 0.20463407 0.37186362 0.19941472 
234.00000000 0.04097771 0.03836121 0.06190722 0.08393907 0.20790717 0.36778562 0.19912201 
235.00000000 0.04089691 0.03878488 0.06235450 0.08432591 0.21109925 0.36374012 0.19879844 
236.00000000 0.04080725 0.03920891 0.06279160 0.08480949 0.21420624 0.35973187 0.19844464 
237.00000000 0.04070902 0.03963293 0.06321755 0.08538933 0.21722443 0.35576540 0.19806133 
238.00000000 0.04060256 0.04005657 0.06363141 0.08606466 0.22015046 0.35184507 0.19764927 
239.00000000 0.04048822 0.04047947 0.06403229 0.08683444 0.22298132 0.34797501 0.19720925 
240.00000000 0.04036635 0.04090129 0.06441932 0.08769737 0.22571436 0.34415918 0.19674214 
241.00000000 0.04023734 0.04132170 0.06479169 0.08865191 0.22834727 0.34040128 0.19624881 
242.00000000 0.04010160 0.04174035 0.06514864 0.08969624 0.23087811 0.33670485 0.19573021 
243.00000000 0.03995956 0.04215692 0.06548945 0.09082830 0.23330528 0.33307319 0.19518729 
244.00000000 0.03981167 0.04257110 0.06581345 0.09204579 0.23562754 0.32950937 0.19462107 
245.00000000 0.03965840 0.04298258 0.06612006 0.09334613 0.23784400 0.32601629 0.19403256 
246.00000000 0.03950023 0.04339103 0.06640871 0.09472654 0.23995410 0.32259658 0.19342282 
247.00000000 0.03933768 0.04379617 0.06667892 0.09618400 0.24195762 0.31925268 0.19279293 
248.00000000 0.03917128 0.04419769 0.06693028 0.09771525 0.24385470 0.31598681 0.19214401 
249.00000000 0.03900157 0.04459528 0.06716241 0.09931682 0.24564578 0.31280097 0.19147717 
250.00000000 0.03882913 0.04498866 0.06737503 0.10098503 0.24733164 0.30969695 0.19079357 
251.00000000 0.03865454 0.04537752 0.06756790 0.10271599 0.24891335 0.30667633 0.19009436 
252.00000000 0.03847839 0.04576157 0.06774087 0.10450565 0.25039231 0.30374047 0.18938074 
253.00000000 0.03830131 0.04614053 0.06789382 0.10634974 0.25177018 0.30089053 0.18865390 
254.00000000 0.03812391 0.04651409 0.06802673 0.10824384 0.25304893 0.29812745 0.18791505 
255.00000000 0.03794685 0.04688196 0.06813963 0.11018338 0.25423078 0.29545199 0.18716541 
256.00000000 0.03777075 0.04724385 0.06823261 0.11216364 0.25531821 0.29286470 0.18640622 
257.00000000 0.03759628 0.04759948 0.06830584 0.11417977 0.25631395 0.29036595 0.18563873 
258.00000000 0.03742410 0.04794855 0.06835953 0.11622682 0.25722092 0.28795590 0.18486418 
259.00000000 0.03725487 0.04829077 0.06839395 0.11829972 0.25804229 0.28563456 0.18408383 
260.00000000 0.03708923 0.04862588 0.06840947 0.12039336 0.25878139 0.28340173 0.18329894 
261.00000000 0.03692786 0.04895358 0.06840645 0.12250253 0.25944173 0.28125706 0.18251078 
262.00000000 0.03677141 0.04927360 0.06838537 0.12462200 0.26002698 0.27920004 0.18172060 
263.00000000 0.03662051 0.04958568 0.06834672 0.12674652 0.26054091 0.27722999 0.18092966 
264.00000000 0.03647581 0.04988955 0.06829106 0.12887082 0.26098745 0.27534608 0.18013922 
265.00000000 0.03633792 0.05018496 0.06821898 0.13098967 0.26137058 0.27354735 0.17935053 
266.00000000 0.03620745 0.05047167 0.06813113 0.13309787 0.26169436 0.27183271 0.17856481 
267.00000000 0.03608497 0.05074945 0.06802820 0.13519027 0.26196290 0.27020093 0.17778328 
268.00000000 0.03597106 0.05101807 0.06791092 0.13726180 0.26218033 0.26865066 0.17700715 
269.00000000 0.03586625 0.05127734 0.06778004 0.13930752 0.26235076 0.26718047 0.17623760 
270.00000000 0.03577106 0.05152706 0.06763637 0.14132258 0.26247832 0.26578882 0.17547578 
271.00000000 0.03568597 0.05176706 0.06748073 0.14330229 0.26256706 0.26447406 0.17472283 
272.00000000 0.03561143 0.05199718 0.06731398 0.14524212 0.26262097 0.26323450 0.17397983 
273.00000000 0.03554786 0.05221729 0.06713698 0.14713773 0.26264396 0.26206834 0.17324785 
274.00000000 0.03549564 0.05242727 0.06695065 0.14898496 0.26263981 0.26097377 0.17252791 
275.00000000 0.03545512 0.05262703 0.06675589 0.15077989 0.26261219 0.25994890 0.17182098 
276.00000000 0.03542661 0.05281650 0.06655365 0.15251884 0.26256460 0.25899180 0.17112799 
277.00000000 0.03541036 0.05299564 0.06634486 0.15419837 0.26250039 0.25810054 0.17044983 
278.00000000 0.03540662 0.05316441 0.06613049 0.15581532 0.26242270 0.25727315 0.16978731 
279.00000000 0.03541555 0.05332283 0.06591149 0.15736679 0.26233447 0.25650766 0.16914121 
280.00000000 0.03543731 0.05347091 0.06568883 0.15885019 0.26223843 0.25580211 0.16851222 
281.00000000 0.03547198 0.05360872 0.06546347 0.16026324 0.26213705 0.25515456 0.16790098 
282.00000000 0.03551961 0.05373633 0.06523639 0.16160395 0.26203258 0.25456307 0.16730807 
283.00000000 0.03558023 0.05385383 0.06500854 0.16287067 0.26192699 0.25402576 0.16673398 
284.00000000 0.03565378 0.05396137 0.06478088 0.16406205 0.26182200 0.25354076 0.16617915 
285.00000000 0.03574020 0.05405909 0.06455437 0.16517709 0.26171903 0.25310630 0.16564392 
286.00000000 0.03583936 0.05414717 0.06432993 0.16621511 0.26161925 0.25272061 0.16512858 
287.00000000 0.03595111 0.05422580 0.06410849 0.16717575 0.26152350 0.25238204 0.16463332 
288.00000000 0.03607524 0.05429520 0.06389096 0.16805898 0.26143238 0.25208897 0.16415828 
289.00000000 0.03621151 0.05435562 0.06367824 0.16886509 0.26134618 0.25183988 0.16370349 
290.00000000 0.03635965 0.05440731 0.06347121 0.16959469 0.26126489 0.25163334 0.16326892 
291.00000000 0.03651935 0.05445055 0.06327070 0.17024869 0.26118825 0.25146800 0.16285446 
292.00000000 0.03669027 0.05448562 0.06307757 0.17082832 0.26111570 0.25134260 0.16245993 
293.00000000 0.03687203 0.05451283 0.06289262 0.17133505 0.26104642 0.25125598 0.16208507 
294.00000000 0.03706425 0.05453249 0.06271662 0.17177067 0.26097934 0.25120709 0.16172953 
295.00000000 0.03726649 0.05454492 0.06255035 0.17213721 0.26091312 0.25119497 0.16139293 
296.00000000 0.03747832 0.05455047 0.06239453 0.17243694 0.26084621 0.25121875 0.16107479 
297.00000000 0.03769926 0.05454945 0.06224985 0.17267236 0.26077682 0.25127768 0.16077457 
298.00000000 0.03792884 0.05454222 0.06211699 0.17284618 0.26070297 0.25137110 0.16049169 
299.00000000 0.03816658 0.05452910 0.06199659 0.17296130 0.26062249 0.25149844 0.16022550 
300.00000000 0.03841195 0.05451044 0.06188926 0.17302080 0.26053302 0.25165924 0.15997530 
301.00000000 0.03866447 0.05448656 0.06179555 0.17302788 0.26043208 0.25185311 0.15974034 
302.00000000 0.03892361 0.05445780 0.06171601 0.17298591 0.26031705 0.25207977 0.15951985 
303.00000000 0.03918887 0.05442447 0.06165114 0.17289833 0.26018521 0.25233899 0.15931299 
304.00000000 0.03945974 0.05438687 0.06160140 0.17276868 0.26003373 0.25263063 0.15911894 
305.00000000 0.03973572 0.05434532 0.06156721 0.17260058 0.25985974 0.25295461 0.15893682 
306.00000000 0.04001631 0.05430008 0.06154897 0.17239766 0.25966034 0.25331091 0.15876573 
307.00000000 0.04030104 0.05425144 0.06154701 0.17216359 0.25943258 0.25369956 0.15860479 
308.00000000 0.04058943 0.05419962 0.06156165 0.17190204 0.25917354 0.25412061 0.15845309 
309.00000000 0.04088105 0.05414488 0.06159316 0.17161667 0.25888033 0.25457418 0.15830974 
310.00000000 0.04117545 0.05408743 0.06164175 0.17131106 0.25855011 0.25506037 0.15817384 
311.00000000 0.04147223 0.05402745 0.06170761 0.17098877 0.25818011 0.25557931 0.15804452 
312.00000000 0.04177102 0.05396512 0.06179088 0.17065326 0.25776767 0.25613113 0.15792093 
313.00000000 0.04207145 0.05390059 0.06189166 0.17030790 0.25731023 0.25671593 0.15780223 
314.00000000 0.04237320 0.05383400 0.06201002 0.16995595 0.25680538 0.25733382 0.15768764 
315.00000000 0.04267596 0.05376544 0.06214595 0.16960055 0.25625088 0.25798484 0.15757638 
316.00000000 0.04297946 0.05369502 0.06229943 0.16924467 0.25564464 0.25866902 0.15746776 
317.00000000 0.04328348 0.05362278 0.06247039 0.16889115 0.25498478 0.25938632 0.15736109 
318.00000000 0.04358780 0.05354878 0.06265871 0.16854266 0.25426964 0.26013663 0.15725577 
319.00000000 0.04389226 0.05347303 0.06286424 0.16820170 0.25349777 0.26091978 0.15715123 
320.00000000 0.04419670 0.05339555 0.06308677 0.16787056 0.25266794 0.26173551 0.15704697 
321.00000000 0.04450104 0.05331631 0.06332607 0.16755136 0.25177922 0.26258346 0.15694255 
322.00000000 0.04480519 0.05323528 0.06358183 0.16724603 0.25083088 0.26346319 0.15683760 
323.00000000 0.04510911 0.05315240 0.06385376 0.16695627 0.24982250 0.26437414 0.15673181 
324.00000000 0.04541281 0.05306762 0.06414147 0.16668360 0.24875392 0.26531565 0.15662494 
325.00000000 0.04571629 0.05298084 0.06444456 0.16642932 0.24762524 0.26628692 0.15651683 
326.00000000 0.04601963 0.05289197 0.06476260 0.16619452 0.24643687 0.26728703 0.15640737 
327.00000000 0.04632289 0.05280092 0.06509511 0.16598009 0.24518949 0.26831496 0.15629654 
328.00000000 0.04662619 0.05270755 0.06544157 0.16578672 0.24388407 0.26936953 0.15618438 
329.00000000 0.04692967 0.05261176 0.06580143 0.16561489 0.24252183 0.27044943 0.15607099 
330.00000000 0.04723348 0.05251340 0.06617413 0.16546488 0.24110432 0.27155323 0.15595655 
331.00000000 0.04753781 0.05241236 0.06655904 0.16533680 0.23963332 0.27267937 0.15584131 
332.00000000 0.04784285 0.05230849 0.06695554 0.16523054 0.23811089 0.27382613 0.15572557 
333.00000000 0.04814883 0.05220165 0.06736295 0.16514585 0.23653935 0.27499169 0.15560969 
334.00000000 0.04845597 0.05209171 0.06778059 0.16508229 0.23492125 0.27617409 0.15549409 
335.00000000 0.04876453 0.05197855 0.06820775 0.16503926 0.23325940 0.27737124 0.15537926 
336.00000000 0.04907475 0.05186202 0.06864370 0.16501602 0.23155683 0.27858096 0.15526571 
337.00000000 0.04938690 0.05174202 0.06908769 0.16501169 0.22981676 0.27980092 0.15515400 
338.00000000 0.04970125 0.05161843 0.06953896 0.16502526 0.22804263 0.28102872 0.15504475 
339.00000000 0.05001805 0.05149115 0.06999673 0.16505558 0.22623805 0.28226184 0.15493860 
340.00000000 0.05033757 0.05136009 0.07046023 0.16510143 0.22440678 0.28349767 0.15483623 
341.00000000 0.05066008 0.05122517 0.07092865 0.16516147 0.22255276 0.28473354 0.15473832 
342.00000000 0.05098582 0.05108634 0.07140121 0.16523430 0.22068003 0.28596670 0.15464560 
343.00000000 0.05131504 0.05094353 0.07187711 0.16531842 0.21879276 0.28719434 0.15455880 
344.00000000 0.05164796 0.05079673 0.07235557 0.16541231 0.21689519 0.28841359 0.15447866 
345.00000000 0.05198480 0.05064593 0.07283578 0.16551437 0.21499165 0.28962156 0.15440592 
346.00000000 0.05232575 0.05049113 0.07331698 0.16562298 0.21308651 0.29081531 0.15434133 
347.00000000 0.05267099 0.05033237 0.07379838 0.16573652 0.21118420 0.29199192 0.15428562 
348.00000000 0.05302066 0.05016970 0.07427925 0.16585332 0.20928913 0.29314843 0.15423952 
349.00000000 0.05337489 0.05000319 0.07475883 0.16597174 0.20740572 0.29428191 0.15420372 
350.00000000 0.05373377 0.04983294 0.07523641 0.16609015 0.20553838 0.29538944 0.15417892 
351.00000000 0.05409737 0.04965908 0.07571128 0.16620693 0.20369145 0.29646812 0.15416577 
352.00000000 0.05446571 0.04948175 0.07618279 0.16632052 0.20186922 0.29751513 0.15416489 
353.00000000 0.05483881 0.04930113 0.07665026 0.16642936 0.20007591 0.29852765 0.15417687 
354.00000000 0.05521662 0.04911740 0.07711310 0.16653199 0.19831563 0.29950297 0.15420228 
355.00000000 0.05559907 0.04893081 0.07757071 0.16662699 0.19659239 0.30043843 0.15424161 
356.00000000 0.05598604 0.04874159 0.07802254 0.16671299 0.19491005 0.30133146 0.15429533 
357.00000000 0.05637740 0.04855001 0.07846807 0.16678874 0.19327234 0.30217958 0.15436386 
358.00000000 0.05677294 0.04835639 0.07890683 0.16685303 0.19168285 0.30298040 0.15444756 
359.00000000 0.05717243 0.04816105 0.07933836 0.16690477 0.19014496 0.30373167 0.15454676 
360.00000000 0.05757561 0.04796433 0.07976228 0.16694294 0.18866190 0.30443122 0.15466171 
361.00000000 0.05798216 0.04776662 0.08017822 0.16696665 0.18723670 0.30507703 0.15479262 
362.00000000 0.05839174 0.04756831 0.08058586 0.16697509 0.18587216 0.30566719 0.15493964 
363.00000000 0.05880394 0.04736983 0.08098493 0.16696756 0.18457091 0.30619994 0.15510287 
364.00000000 0.05921834 0.04717163 0.08137521 0.16694348 0.18333533 0.30667366 0.15528236 
365.00000000 0.05963446 0.04697417 0.08175651 0.16690236 0.18216759 0.30708684 0.15547808 
366.00000000 0.06005180 0.04677794 0.08212869 0.16684384 0.18106961 0.30743815 0.15568998 
367.00000000 0.06046982 0.04658345 0.08249166 0.16676766 0.18004310 0.30772639 0.15591793 
368.00000000 0.06088793 0.04639122 0.08284537 0.16667369 0.17908951 0.30795052 0.15616176 
369.00000000 0.06130552 0.04620181 0.08318981 0.16656188 0.17821007 0.30810963 0.15642127 
370.00000000 0.06172196 0.04601576 0.08352503 0.16643233 0.17740576 0.30820299 0.15669617 
371.00000000 0.06213657 0.04583366 0.08385110 0.16628520 0.17667733 0.30822998 0.15698617 
372.00000000 0.06254865 0.04565608 0.08416816 0.16612079 0.17602527 0.30819015 0.15729091 
373.00000000 0.06295748 0.04548362 0.08447637 0.16593948 0.17544986 0.30808321 0.15761000 
374.00000000 0.06336232 0.04531688 0.08477593 0.16574174 0.17495114 0.30790898 0.15794302 
375.00000000 0.06376240 0.04515646 0.08506710 0.16552816 0.17452892 0.30766745 0.15828950 
376.00000000 0.06415696 0.04500299 0.08535014 0.16529939 0.17418281 0.30735873 0.15864897 
377.00000000 0.06454521 0.04485707 0.08562539 0.16505616 0.17391219 0.30698307 0.15902091 
378.00000000 0.06492634 0.04471930 0.08589318 0.16479928 0.17371624 0.30654087 0.15940479 
379.00000000 0.06529956 0.04459031 0.08615390 0.16452963 0.17359393 0.30603261 0.15980006 
380.00000000 0.06566406 0.04447069 0.08640796 0.16424814 0.17354407 0.30545895 0.16020614 
381.00000000 0.06601903 0.04436103 0.08665578 0.16395581 0.17356526 0.30482063 0.16062245 
382.00000000 0.06636369 0.04426191 0.08689784 0.16365367 0.17365594 0.30411852 0.16104843 
383.00000000 0.06669724 0.04417390 0.08713461 0.16334281 0.17381441 0.30335358 0.16148346 
384.00000000 0.06701890 0.04409756 0.08736659 0.16302431 0.17403880 0.30252689 0.16192696 
385.00000000 0.06732792 0.04403339 0.08759429 0.16269933 0.17432710 0.30163963 0.16237834 
386.00000000 0.06762354 0.04398193 0.08781825 0.16236901 0.17467720 0.30069307 0.16283700 
387.00000000 0.06790506 0.04394364 0.08803900 0.16203451 0.17508684 0.29968856 0.16330238 
388.00000000 0.06817178 0.04391899 0.08825709 0.16169699 0.17555368 0.29862756 0.16377390 
389.00000000 0.06842304 0.04390840 0.08847308 0.16135762 0.17607529 0.29751157 0.16425100 
390.00000000 0.06865820 0.04391225 0.08868752 0.16101754 0.17664915 0.29634221 0.16473314 
391.00000000 0.06887667 0.04393091 0.08890097 0.16067788 0.17727265 0.29512113 0.16521978 
392.00000000 0.06907789 0.04396471 0.08911397 0.16033977 0.17794316 0.29385008 0.16571042 
393.00000000 0.06926136 0.04401391 0.08932708 0.16000428 0.17865798 0.29253084 0.16620456 
394.00000000 0.06942659 0.04407875 0.08954083 0.15967247 0.17941436 0.29116527 0.16670173 
395.00000000 0.06957316 0.04415945 0.08975575 0.15934535 0.18020955 0.28975527 0.16720147 
396.00000000 0.06970070 0.04425614 0.08997236 0.15902389 0.18104075 0.28830281 0.16770335 
397.00000000 0.06980888 0.04436893 0.09019116 0.15870902 0.18190519 0.28680987 0.16820695 
398.00000000 0.06989744 0.04449788 0.09041262 0.15840163 0.18280005 0.28527850 0.16871188 
399.00000000 0.06996614 0.04464301 0.09063720 0.15810254 0.18372256 0.28371077 0.16921777 
400.00000000 0.07001484 0.04480427 0.09086535 0.15781254 0.18466994 0.28210881 0.16972425 
401.00000000 0.07004341 0.04498157 0.09109748 0.15753236 0.18563944 0.28047474 0.17023099 
402.00000000 0.07005182 0.04517478 0.09133397 0.15726266 0.18662834 0.27881075 0.17073768 
403.00000000 0.07004006 0.04538370 0.09157518 0.15700408 0.18763396 0.27711901 0.17124401 
404.00000000 0.07000821 0.04560812 0.09182144 0.15675717 0.18865363 0.27540175 0.17174969 
405.00000000 0.06995638 0.04584772 0.09207306 0.15652245 0.18968477 0.27366118 0.17225444 
406.00000000 0.06988475 0.04610219 0.09233028 0.15630039 0.19072482 0.27189954 0.17275802 
407.00000000 0.06979357 0.04637115 0.09259336 0.15609141 0.19177128 0.27011909 0.17326015 
408.00000000 0.06968311 0.04665416 0.09286247 0.15589588 0.19282171 0.26832206 0.17376061 
409.00000000 0.06955373 0.04695075 0.09313779 0.15571412 0.19387374 0.26651071 0.17425916 
410.00000000 0.06940583 0.04726042 0.09341944 0.15554642 0.19492504 0.26468730 0.17475556 
411.00000000 0.06923985 0.04758260 0.09370750 0.15539303 0.19597337 0.26285405 0.17524959 
412.00000000 0.06905631 0.04791671 0.09400203 0.15525416 0.19701656 0.26101321 0.17574103 
413.00000000 0.06885574 0.04826212 0.09430303 0.15513000 0.19805248 0.25916697 0.17622966 
414.00000000 0.06863873 0.04861816 0.09461048 0.15502072 0.19907910 0.25731755 0.17671525 
415.00000000 0.06840594 0.04898416 0.09492432 0.15492644 0.20009446 0.25546711 0.17719758 
416.00000000 0.06815803 0.04935938 0.09524444 0.15484728 0.20109665 0.25361778 0.17767643 
417.00000000 0.06789571 0.04974309 0.09557072 0.15478335 0.20208388 0.25177169 0.17815156 
418.00000000 0.06761974 0.05013452 0.09590296 0.15473474 0.20305439 0.24993091 0.17862273 
419.00000000 0.06733090 0.05053289 0.09624097 0.15470152 0.20400653 0.24809746 0.17908972 
420.00000000 0.06703000 0.05093741 0.09658450 0.15468379 0.20493871 0.24627333 0.17955227 
421.00000000 0.06671786 0.05134726 0.09693327 0.15468160 0.20584943 0.24446045 0.18001013 
422.00000000 0.06639535 0.05176162 0.09728697 0.15469504 0.20673725 0.24266072 0.18046305 
423.00000000 0.06606334 0.05217969 0.09764525 0.15472419 0.20760083 0.24087593 0.18091077 
424.00000000 0.06572272 0.05260063 0.09800774 0.15476912 0.20843890 0.23910786 0.18135302 
425.00000000 0.06537440 0.05302363 0.09837405 0.15482991 0.20925028 0.23735819 0.18178954 
426.00000000 0.06501927 0.05344787 0.09874374 0.15490666 0.21003387 0.23562853 0.18222005 
427.00000000 0.06465826 0.05387255 0.09911637 0.15499947 0.21078865 0.23392042 0.18264428 
428.00000000 0.06429228 0.05429686 0.09949146 0.15510843 0.21151368 0.23223533 0.18306196 
429.00000000 0.06392224 0.05472002 0.09986852 0.15523364 0.21220812 0.23057464 0.18347282 
430.00000000 0.06354906 0.05514128 0.10024703 0.15537522 0.21287121 0.22893963 0.18387657 
431.00000000 0.06317364 0.05555988 0.10062646 0.15553328 0.21350226 0.22733150 0.18427297 
432.00000000 0.06279687 0.05597510 0.10100628 0.15570792 0.21410070 0.22575138 0.18466175 
433.00000000 0.06241963 0.05638624 0.10138593 0.15589924 0.21466603 0.22420027 0.18504266 
434.00000000 0.06204279 0.05679263 0.10176484 0.15610734 0.21519785 0.22267909 0.18541546 
435.00000000 0.06166717 0.05719360 0.10214246 0.15633232 0.21569583 0.22118868 0.18577993 
436.00000000 0.06129362 0.05758856 0.10251819 0.15657424 0.21615978 0.21972976 0.18613584 
437.00000000 0.06092293 0.05797691 0.10289149 0.15683315 0.21658955 0.21830297 0.18648302 
438.00000000 0.06055587 0.05835808 0.10326176 0.15710909 0.21698512 0.21690882 0.18682126 
439.00000000 0.06019319 0.05873156 0.10362844 0.15740207 0.21734655 0.21554776 0.18715043 
440.00000000 0.05983561 0.05909686 0.10399098 0.15771205 0.21767399 0.21422012 0.18747038 
441.00000000 0.05948382 0.05945351 0.10434882 0.15803899 0.21796771 0.21292615 0.18778100 
442.00000000 0.05913849 0.05980110 0.10470141 0.15838278 0.21822803 0.21166599 0.18808220 
443.00000000 0.05880023 0.06013922 0.10504824 0.15874327 0.21845540 0.21043971 0.18837394 
444.00000000 0.05846963 0.06046752 0.10538879 0.15912028 0.21865035 0.20924726 0.18865616 
445.00000000 0.05814727 0.06078569 0.10572258 0.15951357 0.21881349 0.20808853 0.18892888 
446.00000000 0.05783366 0.06109341 0.10604913 0.15992284 0.21894553 0.20696333 0.18919211 
447.00000000 0.05752928 0.06139045 0.10636799 0.16034773 0.21904725 0.20587137 0.18944592 
448.00000000 0.05723461 0.06167657 0.10667876 0.16078783 0.21911953 0.20481232 0.18969038 
449.00000000 0.05695006 0.06195157 0.10698102 0.16124267 0.21916331 0.20378576 0.18992561 
450.00000000 0.05667601 0.06221528 0.10727443 0.16171170 0.21917961 0.20279121 0.19015176 
451.00000000 0.05641281 0.06246758 0.10755864 0.16219433 0.21916952 0.20182813 0.19036900 
452.00000000 0.05616079 0.06270834 0.10783335 0.16268989 0.21913418 0.20089593 0.19057752 
453.00000000 0.05592022 0.06293748 0.10809830 0.16319765 0.21907480 0.19999399 0.19077756 
454.00000000 0.05569136 0.06315495 0.10835326 0.16371681 0.21899264 0.19912163 0.19096935 
455.00000000 0.05547442 0.06336070 0.10859802 0.16424652 0.21888901 0.19827815 0.19115318 
456.00000000 0.05526961 0.06355473 0.10883242 0.16478588 0.21876522 0.19746282 0.19132933 
457.00000000 0.05507706 0.06373703 0.10905635 0.16533391 0.21862265 0.19667488 0.19149811 
458.00000000 0.05489692 0.06390765 0.10926972 0.16588960 0.21846269 0.19591358 0.19165984 
459.00000000 0.05472928 0.06406662 0.10947248 0.16645189 0.21828673 0.19517814 0.19181487 
460.00000000 0.05457421 0.06421401 0.10966462 0.16701968 0.21809617 0.19446778 0.19196354 
461.00000000 0.05443177 0.06434990 0.10984617 0.16759183 0.21789241 0.19378174 0.19210619 
462.00000000 0.05430198 0.06447438 0.11001720 0.16816717 0.21767683 0.19311927 0.19224318 
463.00000000 0.05418484 0.06458756 0.11017781 0.16874452 0.21745078 0.19247962 0.19237487 
464.00000000 0.05408033 0.06468956 0.11032814 0.16932268 0.21721560 0.19186209 0.19250160 
465.00000000 0.05398840 0.06478053 0.11046838 0.16990043 0.21697257 0.19126598 0.19262372 
466.00000000 0.05390900 0.06486059 0.11059872 0.17047657 0.21672292 0.19069063 0.19274156 
467.00000000 0.05384204 0.06492991 0.11071943 0.17104990 0.21646784 0.19013544 0.19285544 
468.00000000 0.05378742 0.06498865 0.11083077 0.17161925 0.21620843 0.18959983 0.19296566 
469.00000000 0.05374504 0.06503699 0.11093306 0.17218344 0.21594573 0.18908326 0.19307249 
470.00000000 0.05371475 0.06507509 0.11102663 0.17274135 0.21568071 0.18858526 0.19317620 
471.00000000 0.05369643 0.06510317 0.11111186 0.17329191 0.21541423 0.18810540 0.19327702 
472.00000000 0.05368991 0.06512140 0.11118912 0.17383407 0.21514706 0.18764330 0.19337514 
473.00000000 0.05369503 0.06512999 0.11125884 0.17436686 0.21487988 0.18719864 0.19347076 
474.00000000 0.05371160 0.06512915 0.11132145 0.17488936 0.21461327 0.18677117 0.19356399 
475.00000000 0.05373944 0.06511909 0.11137742 0.17540071 0.21434769 0.18636068 0.19365496 
476.00000000 0.05377835 0.06510004 0.11142721 0.17590015 0.21408349 0.18596703 0.19374374 
477.00000000 0.05382812 0.06507221 0.11147131 0.17638698 0.21382091 0.18559012 0.19383035 
478.00000000 0.05388854 0.06503584 0.11151022 0.17686059 0.21356008 0.18522993 0.19391480 
479.00000000 0.05395938 0.06499116 0.11154446 0.17732045 0.21330100 0.18488649 0.19399705 
480.00000000 0.05404043 0.06493842 0.11157453 0.17776614 0.21304359 0.18455987 0.19407703 
481.00000000 0.05413143 0.06487784 0.11160098 0.17819730 0.21278761 0.18425021 0.19415462 
482.00000000 0.05423216 0.06480969 0.11162432 0.17861371 0.21253274 0.18395769 0.19422968 
483.00000000 0.05434237 0.06473420 0.11164508 0.17901521 0.21227855 0.18368254 0.19430203 
484.00000000 0.05446181 0.06465164 0.11166379 0.17940175 0.21202451 0.18342504 0.19437146 
485.00000000 0.05459022 0.06456226 0.11168097 0.17977335 0.21176999 0.18318549 0.19443772 
486.00000000 0.05472735 0.06446631 0.11169713 0.18013015 0.21151426 0.18296424 0.19450055 
487.00000000 0.05487295 0.06436407 0.11171278 0.18047237 0.21125651 0.18276167 0.19455965 
488.00000000 0.05502674 0.06425578 0.11172843 0.18080030 0.21099587 0.18257817 0.19461470 
489.00000000 0.05518847 0.06414172 0.11174454 0.18111433 0.21073139 0.18241417 0.19466537 
490.00000000 0.05535786 0.06402215 0.11176160 0.18141490 0.21046206 0.18227011 0.19471131 
491.00000000 0.05553465 0.06389734 0.11178006 0.18170255 0.21018681 0.18214643 0.19475216 
492.00000000 0.05571857 0.06376754 0.11180035 0.18197784 0.20990457 0.18204358 0.19478754 
493.00000000 0.05590934 0.06363304 0.11182290 0.18224143 0.20961421 0.18196202 0.19481708 
494.00000000 0.05610669 0.06349407 0.11184809 0.18249398 0.20931458 0.18190217 0.19484041 
495.00000000 0.05631035 0.06335092 0.11187631 0.18273624 0.20900454 0.18186448 0.19485716 
496.00000000 0.05652005 0.06320383 0.11190791 0.18296895 0.20868295 0.18184934 0.19486696 
497.00000000 0.05673551 0.06305306 0.11194322 0.18319289 0.20834869 0.18185715 0.19486948 
498.00000000 0.05695646 0.06289886 0.11198255 0.18340885 0.20800066 0.18188825 0.19486437 
499.00000000 0.05718262 0.06274148 0.11202618 0.18361763 0.20763780 0.18194297 0.19485132 
500.00000000 0.05741373 0.06258115 0.11207436 0.18382002 0.20725910 0.18202157 0.19483005 
501.00000000 0.05764952 0.06241811 0.11212733 0.18401682 0.20686362 0.18212430 0.19480030 
502.00000000 0.05788972 0.06225259 0.11218528 0.18420877 0.20645046 0.18225134 0.19476184 
503.00000000 0.05813405 0.06208481 0.11224841 0.18439663 0.20601883 0.18240280 0.19471446 
504.00000000 0.05838227 0.06191497 0.11231687 0.18458110 0.20556802 0.18257875 0.19465803 
505.00000000 0.05863410 0.06174328 0.11239078 0.18476283 0.20509739 0.18277921 0.19459240 
506.00000000 0.05888929 0.06156994 0.11247026 0.18494246 0.20460644 0.18300410 0.19451751 
507.00000000 0.05914760 0.06139514 0.11255538 0.18512053 0.20409475 0.18325329 0.19443332 
508.00000000 0.05940876 0.06121903 0.11264620 0.18529757 0.20356202 0.18352657 0.19433985 
509.00000000 0.05967254 0.06104180 0.11274275 0.18547402 0.20300809 0.18382366 0.19423713 
510.00000000 0.05993870 0.06086359 0.11284505 0.18565026 0.20243290 0.18414421 0.19412528 
511.00000000 0.06020700 0.06068454 0.11295310 0.18582660 0.20183653 0.18448778 0.19400444 
512.00000000 0.06047722 0.06050480 0.11306686 0.18600330 0.20121916 0.18485385 0.19387481 
513.00000000 0.06074913 0.06032448 0.11318630 0.18618052 0.20058113 0.18524183 0.19373661 
514.00000000 0.06102252 0.06014368 0.11331134 0.18635838 0.19992291 0.18565105 0.19359013 
515.00000000 0.06129719 0.05996252 0.11344190 0.18653690 0.19924506 0.18608074 0.19343569 
516.00000000 0.06157293 0.05978108 0.11357790 0.18671605 0.19854830 0.18653008 0.19327366 
517.00000000 0.06184955 0.05959944 0.11371923 0.18689573 0.19783346 0.18699815 0.19310445 
518.00000000 0.06212687 0.05941767 0.11386575 0.18707577 0.19710149 0.18748398 0.19292848 
519.00000000 0.06240471 0.05923582 0.11401736 0.18725595 0.19635344 0.18798649 0.19274623 
520.00000000 0.06268290 0.05905396 0.11417389 0.18743599 0.19559050 0.18850456 0.19255820 
521.00000000 0.06296129 0.05887211 0.11433521 0.18761555 0.19481392 0.18903700 0.19236493 
522.00000000 0.06323973 0.05869033 0.11450115 0.18779424 0.19402508 0.18958253 0.19216695 
523.00000000 0.06351807 0.05850862 0.11467155 0.18797165 0.19322542 0.19013984 0.19196485 
524.00000000 0.06379618 0.05832702 0.11484625 0.18814732 0.19241648 0.19070754 0.19175921 
525.00000000 0.06407395 0.05814554 0.11502507 0.18832075 0.19159986 0.19128420 0.19155063 
526.00000000 0.06435126 0.05796419 0.11520784 0.18849144 0.19077722 0.19186834 0.19133972 
527.00000000 0.06462800 0.05778297 0.11539439 0.18865884 0.18995028 0.19245844 0.19112707 
528.00000000 0.06490408 0.05760190 0.11558454 0.18882244 0.18912080 0.19305294 0.19091331 
529.00000000 0.06517941 0.05742097 0.11577812 0.18898167 0.18829057 0.19365023 0.19069903 
530.00000000 0.06545391 0.05724018 0.11597496 0.18913601 0.18746141 0.19424871 0.19048482 
531.00000000 0.06572752 0.05705953 0.11617488 0.18928491 0.18663515 0.19484673 0.19027128 
532.00000000 0.06600017 0.05687902 0.11637772 0.18942786 0.18581363 0.19544264 0.19005896 
533.00000000 0.06627180 0.05669866 0.11658333 0.18956436 0.18499867 0.19603477 0.18984840 
534.00000000 0.06654237 0.05651845 0.11679153 0.18969395 0.18419211 0.19662146 0.18964013 
535.00000000 0.06681183 0.05633839 0.11700219 0.18981617 0.18339574 0.19720103 0.18943465 
536.00000000 0.06708015 0.05615851 0.11721515 0.18993063 0.18261132 0.19777184 0.18923241 
537.00000000 0.06734729 0.05597880 0.11743027 0.19003696 0.18184058 0.19833224 0.18903385 
538.00000000 0.06761324 0.05579930 0.11764743 0.19013483 0.18108522 0.19888062 0.18883937 
539.00000000 0.06787796 0.05562003 0.11786649 0.19022396 0.18034686 0.19941538 0.18864932 
540.00000000 0.06814143 0.05544103 0.11808733 0.19030413 0.17962707 0.19993496 0.18846404 
541.00000000 0.06840364 0.05526233 0.11830985 0.19037515 0.17892737 0.20043784 0.18828381 
542.00000000 0.06866458 0.05508400 0.11853394 0.19043689 0.17824919 0.20092253 0.18810887 
543.00000000 0.06892422 0.05490608 0.11875949 0.19048928 0.17759390 0.20138762 0.18793943 
544.00000000 0.06918255 0.05472863 0.11898642 0.19053228 0.17696277 0.20183171 0.18777564 
545.00000000 0.06943955 0.05455175 0.11921464 0.19056592 0.17635702 0.20225349 0.18761763 
546.00000000 0.06969520 0.05437550 0.11944408 0.19059028 0.17577776 0.20265171 0.18746548 
547.00000000 0.06994948 0.05419999 0.11967466 0.19060547 0.17522602 0.20302516 0.18731922 
548.00000000 0.07020237 0.05402531 0.11990632 0.19061166 0.17470274 0.20337274 0.18717887 
549.00000000 0.07045383 0.05385159 0.12013900 0.19060907 0.17420877 0.20369338 0.18704437 
550.00000000 0.07070382 0.05367893 0.12037265 0.19059794 0.17374487 0.20398612 0.18691566 
551.00000000 0.07095232 0.05350749 0.12060723 0.19057858 0.17331171 0.20425006 0.18679262 
552.00000000 0.07119925 0.05333739 0.12084268 0.19055130 0.17290987 0.20448440 0.18667511 
553.00000000 0.07144457 0.05316878 0.12107897 0.19051647 0.17253984 0.20468840 0.18656297 
554.00000000 0.07168821 0.05300184 0.12131607 0.19047448 0.17220201 0.20486141 0.18645598 
555.00000000 0.07193009 0.05283672 0.12155396 0.19042573 0.17189669 0.20500289 0.18635393 
556.00000000 0.07217013 0.05267360 0.12179259 0.19037065 0.17162412 0.20511235 0.18625655 
557.00000000 0.07240822 0.05251268 0.12203197 0.19030969 0.17138443 0.20518942 0.18616358 
558.00000000 0.07264426 0.05235415 0.12227205 0.19024331 0.17117769 0.20523380 0.18607473 
559.00000000 0.07287814 0.05219821 0.12251283 0.19017199 0.17100387 0.20524528 0.18598969 
560.00000000 0.07310971 0.05204506 0.12275429 0.19009618 0.17086289 0.20522373 0.18590813 
561.00000000 0.07333883 0.05189493 0.12299643 0.19001638 0.17075458 0.20516912 0.18582974 
562.00000000 0.07356534 0.05174803 0.12323922 0.18993305 0.17067870 0.20508149 0.18575418 
563.00000000 0.07378907 0.05160460 0.12348266 0.18984666 0.17063494 0.20496098 0.18568109 
564.00000000 0.07400985 0.05146486 0.12372674 0.18975768 0.17062294 0.20480778 0.18561015 
565.00000000 0.07422746 0.05132907 0.12397145 0.18966657 0.17064226 0.20462220 0.18554100 
566.00000000 0.07444171 0.05119744 0.12421678 0.18957377 0.17069241 0.20440459 0.18547330 
567.00000000 0.07465236 0.05107025 0.12446273 0.18947972 0.17077284 0.20415539 0.18540672 
568.00000000 0.07485920 0.05094772 0.12470929 0.18938482 0.17088294 0.20387511 0.18534092 
569.00000000 0.07506196 0.05083011 0.12495645 0.18928950 0.17102208 0.20356433 0.18527558 
570.00000000 0.07526039 0.05071768 0.12520420 0.18919413 0.17118953 0.20322368 0.18521038 
571.00000000 0.07545424 0.05061067 0.12545253 0.18909910 0.17138456 0.20285387 0.18514503 
572.00000000 0.07564321 0.05050934 0.12570144 0.18900477 0.17160637 0.20245564 0.18507923 
573.00000000 0.07582702 0.05041394 0.12595091 0.18891147 0.17185413 0.20202982 0.18501271 
574.00000000 0.07600538 0.05032472 0.12620095 0.18881954 0.17212695 0.20157726 0.18494520 
575.00000000 0.07617800 0.05024192 0.12645152 0.18872930 0.17242393 0.20109887 0.18487646 
576.00000000 0.07634455 0.05016579 0.12670264 0.18864106 0.17274412 0.20059559 0.18480625 
577.00000000 0.07650474 0.05009658 0.12695427 0.18855510 0.17308654 0.20006841 0.18473437 
578.00000000 0.07665825 0.05003451 0.12720643 0.18847172 0.17345016 0.19951834 0.18466060 
579.00000000 0.07680476 0.04997982 0.12745908 0.18839118 0.17383396 0.19894644 0.18458477 
580.00000000 0.07694396 0.04993273 0.12771222 0.18831377 0.17423684 0.19835378 0.18450671 
581.00000000 0.07707553 0.04989345 0.12796584 0.18823973 0.17465772 0.19774146 0.18442627 
582.00000000 0.07719917 0.04986220 0.12821992 0.18816935 0.17509546 0.19711059 0.18434331 
583.00000000 0.07731457 0.04983917 0.12847445 0.18810286 0.17554892 0.19646229 0.18425773 
584.00000000 0.07742143 0.04982455 0.12872943 0.18804054 0.17601694 0.19579771 0.18416940 
585.00000000 0.07751946 0.04981851 0.12898483 0.18798264 0.17649833 0.19511799 0.18407825 
586.00000000 0.07760837 0.04982122 0.12924064 0.18792942 0.17699188 0.19442428 0.18398420 
587.00000000 0.07768789 0.04983283 0.12949686 0.18788114 0.17749638 0.19371773 0.18388718 
588.00000000 0.07775778 0.04985347 0.12975346 0.18783807 0.17801060 0.19299947 0.18378715 
589.00000000 0.07781778 0.04988326 0.13001045 0.18780048 0.17853330 0.19227066 0.18368406 
590.00000000 0.07786768 0.04992232 0.13026781 0.18776863 0.17906325 0.19153241 0.18357790 
591.00000000 0.07790726 0.04997071 0.13052553 0.18774281 0.17959920 0.19078584 0.18346865 
592.00000000 0.07793634 0.05002852 0.13078360 0.18772329 0.18013990 0.19003205 0.18335630 
593.00000000 0.07795475 0.05009580 0.13104202 0.18771035 0.18068411 0.18927211 0.18324086 
594.00000000 0.07796236 0.05017257 0.13130076 0.18770428 0.18123060 0.18850710 0.18312233 
595.00000000 0.07795904 0.05025884 0.13155984 0.18770535 0.18177814 0.18773803 0.18300075 
596.00000000 0.07794471 0.05035460 0.13181924 0.18771386 0.18232552 0.18696594 0.18287614 
597.00000000 0.07791930 0.05045981 0.13207896 0.18773007 0.18287154 0.18619178 0.18274853 
598.00000000 0.07788277 0.05057442 0.13233899 0.18775426 0.18341503 0.18541653 0.18261799 
599.00000000 0.07783512 0.05069835 0.13259933 0.18778671 0.18395485 0.18464110 0.18248454 
600.00000000 0.07777637 0.05083149 0.13285997 0.18782766 0.18448987 0.18386637 0.18234827 
601.00000000 0.07770658 0.05097371 0.13312092 0.18787736 0.18501901 0.18309321 0.18220922 
602.00000000 0.07762583 0.05112485 0.13338216 0.18793604 0.18554121 0.18232242 0.18206748 
603.00000000 0.07753424 0.05128475 0.13364370 0.18800393 0.18605547 0.18155479 0.18192313 
604.00000000 0.07743196 0.05145319 0.13390553 0.18808120 0.18656082 0.18079106 0.18177624 
605.00000000 0.07731917 0.05162996 0.13416765 0.18816805 0.18705633 0.18003192 0.18162692 
606.00000000 0.07719609 0.05181478 0.13443006 0.18826460 0.18754115 0.17927805 0.18147526 
607.00000000 0.07706298 0.05200740 0.13469275 0.18837099 0.18801446 0.17853005 0.18132137 
608.00000000 0.07692009 0.05220750 0.13495572 0.18848729 0.18847551 0.17778852 0.18116537 
609.00000000 0.07676776 0.05241476 0.13521897 0.18861357 0.18892358 0.17705398 0.18100738 
610.00000000 0.07660632 0.05262883 0.13548249 0.18874986 0.18935807 0.17632692 0.18084752 
611.00000000 0.07643614 0.05284935 0.13574627 0.18889612 0.18977838 0.17560780 0.18068593 
612.00000000 0.07625763 0.05307591 0.13601030 0.18905231 0.19018404 0.17489703 0.18052277 
613.00000000 0.07607122 0.05330811 0.13627458 0.18921834 0.19057459 0.17419498 0.18035818 
614.00000000 0.07587737 0.05354552 0.13653909 0.18939406 0.19094969 0.17350196 0.18019232 
615.00000000 0.07567655 0.05378768 0.13680383 0.18957931 0.19130903 0.17281825 0.18002536 
616.00000000 0.07546927 0.05403413 0.13706877 0.18977385 0.19165239 0.17214411 0.17985748 
617.00000000 0.07525607 0.05428439 0.13733390 0.18997743 0.19197963 0.17147973 0.17968886 
618.00000000 0.07503749 0.05453795 0.13759919 0.19018974 0.19229067 0.17082526 0.17951970 
619.00000000 0.07481410 0.05479432 0.13786464 0.19041042 0.19258549 0.17018084 0.17935019 
620.00000000 0.07458650 0.05505297 0.13813021 0.19063910 0.19286415 0.16954654 0.17918054 
621.00000000 0.07435527 0.05531337 0.13839587 0.19087533 0.19312678 0.16892241 0.17901097 
622.00000000 0.07412102 0.05557499 0.13866160 0.19111865 0.19337358 0.16830847 0.17884169 
623.00000000 0.07388440 0.05583730 0.13892735 0.19136855 0.19360478 0.16770469 0.17867294 
624.00000000 0.07364601 0.05609973 0.13919311 0.19162450 0.19382070 0.16711102 0.17850493 
625.00000000 0.07340651 0.05636176 0.13945882 0.19188591 0.19402171 0.16652738 0.17833790 
626.00000000 0.07316653 0.05662283 0.13972445 0.19215220 0.19420823 0.16595366 0.17817209 
627.00000000 0.07292671 0.05688241 0.13998995 0.19242273 0.19438072 0.16538972 0.17800774 
628.00000000 0.07268770 0.05713996 0.14025528 0.19269686 0.19453970 0.16483540 0.17784510 
629.00000000 0.07245012 0.05739495 0.14052038 0.19297392 0.19468572 0.16429052 0.17768439 
630.00000000 0.07221461 0.05764686 0.14078520 0.19325323 0.19481936 0.16375487 0.17752587 
631.00000000 0.07198180 0.05789517 0.14104969 0.19353410 0.19494124 0.16322824 0.17736976 
632.00000000 0.07175229 0.05813940 0.14131378 0.19381583 0.19505199 0.16271040 0.17721631 
633.00000000 0.07152668 0.05837905 0.14157743 0.19409772 0.19515228 0.16220110 0.17706574 
634.00000000 0.07130557 0.05861365 0.14184057 0.19437907 0.19524277 0.16170008 0.17691829 
635.00000000 0.07108950 0.05884276 0.14210313 0.19465919 0.19532416 0.16120710 0.17677415 
636.00000000 0.07087905 0.05906595 0.14236504 0.19493740 0.19539712 0.16072189 0.17663356 
637.00000000 0.07067472 0.05928280 0.14262625 0.19521303 0.19546233 0.16024418 0.17649670 
638.00000000 0.07047704 0.05949291 0.14288669 0.19548542 0.19552047 0.15977371 0.17636376 
639.00000000 0.07028647 0.05969594 0.14314628 0.19575396 0.19557220 0.15931023 0.17623492 
640.00000000 0.07010349 0.05989153 0.14340496 0.19601803 0.19561816 0.15885349 0.17611035 
641.00000000 0.06992851 0.06007936 0.14366265 0.19627706 0.19565898 0.15840325 0.17599019 
642.00000000 0.06976194 0.06025915 0.14391929 0.19653051 0.19569525 0.15795929 0.17587457 
643.00000000 0.06960416 0.06043062 0.14417481 0.19677788 0.19572753 0.15752139 0.17576361 
644.00000000 0.06945550 0.06059355 0.14442915 0.19701869 0.19575635 0.15708935 0.17565742 
645.00000000 0.06931628 0.06074772 0.14468222 0.19725251 0.19578219 0.15666302 0.17555606 
646.00000000 0.06918677 0.06089294 0.14493398 0.19747897 0.19580550 0.15624223 0.17545961 
647.00000000 0.06906723 0.06102908 0.14518435 0.19769770 0.19582669 0.15582685 0.17536811 
648.00000000 0.06895787 0.06115599 0.14543327 0.19790843 0.19584609 0.15541678 0.17528158 
649.00000000 0.06885887 0.06127359 0.14568068 0.19811088 0.19586402 0.15501194 0.17520002 
650.00000000 0.06877039 0.06138181 0.14592652 0.19830486 0.19588071 0.15461229 0.17512341 
651.00000000 0.06869254 0.06148059 0.14617074 0.19849021 0.19589637 0.15421780 0.17505173 
652.00000000 0.06862541 0.06156994 0.14641330 0.19866682 0.19591114 0.15382849 0.17498491 
653.00000000 0.06856905 0.06164986 0.14665413 0.19883463 0.19592509 0.15344439 0.17492286 
654.00000000 0.06852348 0.06172039 0.14689319 0.19899361 0.19593826 0.15306557 0.17486551 
655.00000000 0.06848870 0.06178159 0.14713045 0.19914379 0.19595061 0.15269214 0.17481272 
656.00000000 0.06846467 0.06183356 0.14736586 0.19928526 0.19596207 0.15232422 0.17476436 
657.00000000 0.06845132 0.06187640 0.14759940 0.19941811 0.19597251 0.15196198 0.17472028 
658.00000000 0.06844856 0.06191025 0.14783104 0.19954251 0.19598173 0.15160561 0.17468030 
659.00000000 0.06845625 0.06193527 0.14806075 0.19965866 0.19598950 0.15125532 0.17464425 
660.00000000 0.06847426 0.06195163 0.14828851 0.19976678 0.19599553 0.15091137 0.17461192 
661.00000000 0.06850241 0.06195953 0.14851431 0.19986715 0.19599949 0.15057402 0.17458309 
662.00000000 0.06854050 0.06195918 0.14873814 0.19996006 0.19600102 0.15024358 0.17455754 
663.00000000 0.06858832 0.06195080 0.14895999 0.20004584 0.19599968 0.14992035 0.17453502 
664.00000000 0.06864562 0.06193465 0.14917986 0.20012486 0.19599504 0.14960467 0.17451530 
665.00000000 0.06871215 0.06191099 0.14939777 0.20019748 0.19598661 0.14929690 0.17449811 
666.00000000 0.06878763 0.06188008 0.14961370 0.20026412 0.19597388 0.14899740 0.17448319 
667.00000000 0.06887177 0.06184222 0.14982769 0.20032519 0.19595631 0.14870655 0.17447027 
668.00000000 0.06896427 0.06179768 0.15003975 0.20038113 0.19593334 0.14842474 0.17445908 
669.00000000 0.06906480 0.06174678 0.15024990 0.20043239 0.19590440 0.14815237 0.17444936 
670.00000000 0.06917304 0.06168981 0.15045816 0.20047942 0.19586890 0.14788983 0.17444082 
671.00000000 0.06928866 0.06162711 0.15066457 0.20052269 0.19582625 0.14763752 0.17443320 
672.00000000 0.06941129 0.06155898 0.15086917 0.20056266 0.19577584 0.14739582 0.17442624 
673.00000000 0.06954059 0.06148575 0.15107199 0.20059981 0.19571707 0.14716513 0.17441966 
674.00000000 0.06967621 0.06140774 0.15127308 0.20063460 0.19564935 0.14694581 0.17441321 
675.00000000 0.06981778 0.06132527 0.15147247 0.20066749 0.19557209 0.14673824 0.17440665 
676.00000000 0.06996495 0.06123869 0.15167022 0.20069894 0.19548472 0.14654274 0.17439975 
677.00000000 0.07011734 0.06114829 0.15186639 0.20072938 0.19538668 0.14635965 0.17439226 
678.00000000 0.07027460 0.06105442 0.15206102 0.20075927 0.19527743 0.14618927 0.17438399 
679.00000000 0.07043638 0.06095738 0.15225418 0.20078901 0.19515647 0.14603187 0.17437472 
680.00000000 0.07060231 0.06085749 0.15244591 0.20081900 0.19502331 0.14588770 0.17436428 
681.00000000 0.07077205 0.06075505 0.15263629 0.20084964 0.19487750 0.14575697 0.17435249 
682.00000000 0.07094526 0.06065037 0.15282538 0.20088129 0.19471863 0.14563987 0.17433920 
683.00000000 0.07112159 0.06054374 0.15301324 0.20091430 0.19454631 0.14553654 0.17432428 
684.00000000 0.07130073 0.06043545 0.15319993 0.20094899 0.19436020 0.14544710 0.17430760 
685.00000000 0.07148235 0.06032578 0.15338552 0.20098566 0.19416001 0.14537160 0.17428907 
686.00000000 0.07166615 0.06021499 0.15357009 0.20102458 0.19394550 0.14531009 0.17426861 
687.00000000 0.07185184 0.06010333 0.15375369 0.20106599 0.19371645 0.14526254 0.17424616 
688.00000000 0.07203911 0.05999107 0.15393639 0.20111014 0.19347271 0.14522891 0.17422168 
689.00000000 0.07222771 0.05987843 0.15411827 0.20115719 0.19321417 0.14520909 0.17419513 
690.00000000 0.07241737 0.05976565 0.15429938 0.20120733 0.19294079 0.14520294 0.17416654 
691.00000000 0.07260784 0.05965292 0.15447981 0.20126070 0.19265256 0.14521028 0.17413590 
692.00000000 0.07279889 0.05954046 0.15465960 0.20131739 0.19234952 0.14523088 0.17410326 
693.00000000 0.07299030 0.05942845 0.15483883 0.20137749 0.19203179 0.14526446 0.17406867 
694.00000000 0.07318185 0.05931707 0.15501756 0.20144106 0.19169952 0.14531072 0.17403221 
695.00000000 0.07337337 0.05920648 0.15519586 0.20150812 0.19135291 0.14536929 0.17399396 
696.00000000 0.07356467 0.05909684 0.15537379 0.20157866 0.19099222 0.14543979 0.17395404 
697.00000000 0.07375557 0.05898827 0.15555140 0.20165265 0.19061777 0.14552178 0.17391256 
698.00000000 0.07394594 0.05888091 0.15572875 0.20173003 0.19022992 0.14561478 0.17386966 
699.00000000 0.07413564 0.05877487 0.15590590 0.20181073 0.18982907 0.14571831 0.17382549 
700.00000000 0.07432453 0.05867024 0.15608291 0.20189462 0.18941567 0.14583181 0.17378021 
701.00000000 0.07451251 0.05856711 0.15625983 0.20198158 0.18899023 0.14595473 0.17373401 
702.00000000 0.07469948 0.05846556 0.15643670 0.20207143 0.18855329 0.14608647 0.17368706 
703.00000000 0.07488535 0.05836565 0.15661358 0.20216401 0.18810544 0.14622641 0.17363956 
704.00000000 0.07507005 0.05826743 0.15679050 0.20225911 0.18764729 0.14637391 0.17359171 
705.00000000 0.07525352 0.05817093 0.15696752 0.20235650 0.18717951 0.14652831 0.17354371 
706.00000000 0.07543569 0.05807620 0.15714466 0.20245595 0.18670279 0.14668893 0.17349578 
707.00000000 0.07561652 0.05798324 0.15732198 0.20255720 0.18621784 0.14685508 0.17344813 
708.00000000 0.07579599 0.05789208 0.15749949 0.20265997 0.18572542 0.14702606 0.17340099 
709.00000000 0.07597407 0.05780269 0.15767724 0.20276398 0.18522631 0.14720115 0.17335456 
710.00000000 0.07615074 0.05771509 0.15785524 0.20286893 0.18472130 0.14737964 0.17330907 
711.00000000 0.07632599 0.05762925 0.15803353 0.20297450 0.18421119 0.14756081 0.17326473 
712.00000000 0.07649981 0.05754514 0.15821213 0.20308040 0.18369683 0.14774394 0.17322175 
713.00000000 0.07667221 0.05746275 0.15839105 0.20318628 0.18317905 0.14792832 0.17318034 
714.00000000 0.07684320 0.05738203 0.15857030 0.20329183 0.18265871 0.14811322 0.17314071 
715.00000000 0.07701278 0.05730294 0.15874991 0.20339672 0.18213665 0.14829795 0.17310304 
716.00000000 0.07718098 0.05722544 0.15892988 0.20350062 0.18161373 0.14848182 0.17306752 
717.00000000 0.07734781 0.05714948 0.15911021 0.20360319 0.18109082 0.14866414 0.17303434 
718.00000000 0.07751329 0.05707502 0.15929091 0.20370413 0.18056875 0.14884425 0.17300365 
719.00000000 0.07767744 0.05700199 0.15947197 0.20380311 0.18004838 0.14902148 0.17297562 
720.00000000 0.07784029 0.05693034 0.15965340 0.20389982 0.17953054 0.14919522 0.17295039 
721.00000000 0.07800186 0.05686003 0.15983517 0.20399396 0.17901605 0.14936484 0.17292809 
722.00000000 0.07816216 0.05679100 0.16001727 0.20408525 0.17850572 0.14952975 0.17290885 
723.00000000 0.07832122 0.05672319 0.16019970 0.20417342 0.17800033 0.14968937 0.17289277 
724.00000000 0.07847906 0.05665656 0.16038244 0.20425819 0.17750065 0.14984315 0.17287994 
725.00000000 0.07863569 0.05659107 0.16056545 0.20433934 0.17700743 0.14999058 0.17287045 
726.00000000 0.07879113 0.05652666 0.16074872 0.20441664 0.17652137 0.15013113 0.17286435 
727.00000000 0.07894539 0.05646330 0.16093222 0.20448987 0.17604317 0.15026435 0.17286170 
728.00000000 0.07909847 0.05640096 0.16111591 0.20455887 0.17557350 0.15038976 0.17286254 
729.00000000 0.07925037 0.05633961 0.16129977 0.20462346 0.17511297 0.15050695 0.17286688 
730.00000000 0.07940110 0.05627921 0.16148375 0.20468351 0.17466220 0.15061551 0.17287473 
731.00000000 0.07955064 0.05621977 0.16166781 0.20473889 0.17422174 0.15071506 0.17288610 
732.00000000 0.07969899 0.05616125 0.16185192 0.20478953 0.17379212 0.15080525 0.17290095 
733.00000000 0.07984612 0.05610367 0.16203602 0.20483535 0.17337383 0.15088575 0.17291925 
734.00000000 0.07999202 0.05604701 0.16222008 0.20487631 0.17296735 0.15095627 0.17294097 
735.00000000 0.08013665 0.05599130 0.16240404 0.20491238 0.17257307 0.15101652 0.17296603 
736.00000000 0.08027999 0.05593655 0.16258785 0.20494359 0.17219140 0.15106625 0.17299438 
737.00000000 0.08042199 0.05588278 0.16277146 0.20496996 0.17182267 0.15110522 0.17302592 
738.00000000 0.08056262 0.05583002 0.16295483 0.20499154 0.17146719 0.15113324 0.17306057 
739.00000000 0.08070181 0.05577832 0.16313788 0.20500842 0.17112523 0.15115010 0.17309823 
740.00000000 0.08083952 0.05572772 0.16332058 0.20502069 0.17079703 0.15115566 0.17313878 
741.00000000 0.08097569 0.05567828 0.16350287 0.20502849 0.17048279 0.15114976 0.17318212 
742.00000000 0.08111025 0.05563004 0.16368468 0.20503196 0.17018267 0.15113229 0.17322811 
743.00000000 0.08124314 0.05558308 0.16386598 0.20503125 0.16989678 0.15110314 0.17327662 
744.00000000 0.08137428 0.05553748 0.16404670 0.20502656 0.16962523 0.15106223 0.17332752 
745.00000000 0.08150360 0.05549330 0.16422680 0.20501809 0.16936807 0.15100949 0.17338066 
746.00000000 0.08163101 0.05545063 0.16440622 0.20500605 0.16912533 0.15094488 0.17343589 
747.00000000 0.08175643 0.05540955 0.16458491 0.20499067 0.16889700 0.15086837 0.17349308 
748.00000000 0.08187978 0.05537017 0.16476283 0.20497219 0.16868304 0.15077995 0.17355206 
749.00000000 0.08200096 0.05533256 0.16493993 0.20495087 0.16848338 0.15067962 0.17361268 
750.00000000 0.08211989 0.05529684 0.16511618 0.20492697 0.16829793 0.15056742 0.17367478 
751.00000000 0.08223647 0.05526309 0.16529152 0.20490076 0.16812657 0.15044337 0.17373822 
752.00000000 0.08235062 0.05523142 0.16546594 0.20487251 0.16796914 0.15030755 0.17380283 
753.00000000 0.08246222 0.05520193 0.16563938 0.20484251 0.16782549 0.15016000 0.17386846 
754.00000000 0.08257120 0.05517472 0.16581184 0.20481105 0.16769540 0.15000083 0.17393496 
755.00000000 0.08267746 0.05514989 0.16598328 0.20477839 0.16757866 0.14983014 0.17400218 
756.00000000 0.08278090 0.05512755 0.16615368 0.20474483 0.16747503 0.14964804 0.17406996 
757.00000000 0.08288144 0.05510779 0.16632303 0.20471066 0.16738425 0.14945467 0.17413816 
758.00000000 0.08297897 0.05509071 0.16649132 0.20467614 0.16730604 0.14925017 0.17420664 
759.00000000 0.08307341 0.05507641 0.16665855 0.20464155 0.16724011 0.14903470 0.17427525 
760.00000000 0.08316468 0.05506497 0.16682471 0.20460717 0.16718615 0.14880845 0.17434387 
761.00000000 0.08325269 0.05505648 0.16698981 0.20457325 0.16714382 0.14857160 0.17441234 
762.00000000 0.08333735 0.05505103 0.16715387 0.20454006 0.16711278 0.14832436 0.17448055 
763.00000000 0.08341860 0.05504869 0.16731689 0.20450783 0.16709268 0.14806694 0.17454837 
764.00000000 0.08349635 0.05504954 0.16747890 0.20447682 0.16708315 0.14779958 0.17461567 
765.00000000 0.08357053 0.05505364 0.16763992 0.20444724 0.16708380 0.14752253 0.17468234 
766.00000000 0.08364108 0.05506106 0.16779999 0.20441933 0.16709425 0.14723603 0.17474826 
767.00000000 0.08370795 0.05507185 0.16795913 0.20439329 0.16711408 0.14694038 0.17481332 
768.00000000 0.08377106 0.05508606 0.16811741 0.20436932 0.16714289 0.14663584 0.17487742 
769.00000000 0.08383036 0.05510374 0.16827485 0.20434763 0.16718026 0.14632272 0.17494044 
770.00000000 0.08388582 0.05512492 0.16843151 0.20432838 0.16722575 0.14600132 0.17500230 
771.00000000 0.08393739 0.05514963 0.16858745 0.20431176 0.16727892 0.14567196 0.17506289 
772.00000000 0.08398503 0.05517789 0.16874272 0.20429794 0.16733934 0.14533496 0.17512212 
773.00000000 0.08402871 0.05520973 0.16889739 0.20428705 0.16740655 0.14499068 0.17517989 
774.00000000 0.08406840 0.05524516 0.16905152 0.20427926 0.16748009 0.14463944 0.17523613 
775.00000000 0.08410410 0.05528417 0.16920518 0.20427470 0.16755950 0.14428161 0.17529075 
776.00000000 0.08413577 0.05532676 0.16935845 0.20427350 0.16764433 0.14391754 0.17534366 
777.00000000 0.08416342 0.05537293 0.16951138 0.20427578 0.16773409 0.14354761 0.17539478 
778.00000000 0.08418704 0.05542266 0.16966407 0.20428167 0.16782833 0.14317218 0.17544405 
779.00000000 0.08420663 0.05547593 0.16981659 0.20429128 0.16792656 0.14279163 0.17549138 
780.00000000 0.08422221 0.05553271 0.16996901 0.20430471 0.16802832 0.14240633 0.17553670 
781.00000000 0.08423380 0.05559298 0.17012141 0.20432205 0.16813314 0.14201668 0.17557996 
782.00000000 0.08424140 0.05565668 0.17027387 0.20434341 0.16824054 0.14162305 0.17562107 
783.00000000 0.08424505 0.05572378 0.17042647 0.20436886 0.16835006 0.14122581 0.17565997 
784.00000000 0.08424479 0.05579422 0.17057928 0.20439850 0.16846123 0.14082535 0.17569661 
785.00000000 0.08424065 0.05586796 0.17073238 0.20443241 0.16857361 0.14042205 0.17573093 
786.00000000 0.08423268 0.05594494 0.17088584 0.20447065 0.16868673 0.14001628 0.17576288 
787.00000000 0.08422092 0.05602508 0.17103974 0.20451330 0.16880016 0.13960840 0.17579240 
788.00000000 0.08420545 0.05610833 0.17119413 0.20456042 0.16891346 0.13919877 0.17581944 
789.00000000 0.08418631 0.05619460 0.17134909 0.20461206 0.16902621 0.13878775 0.17584397 
790.00000000 0.08416358 0.05628383 0.17150468 0.20466828 0.16913800 0.13837569 0.17586594 
791.00000000 0.08413733 0.05637593 0.17166096 0.20472913 0.16924842 0.13796291 0.17588532 
792.00000000 0.08410765 0.05647081 0.17181797 0.20479464 0.16935710 0.13754975 0.17590208 
793.00000000 0.08407461 0.05656839 0.17197577 0.20486484 0.16946367 0.13713652 0.17591620 
794.00000000 0.08403832 0.05666856 0.17213441 0.20493975 0.16956779 0.13672352 0.17592764 
795.00000000 0.08399887 0.05677124 0.17229393 0.20501940 0.16966911 0.13631104 0.17593641 
796.00000000 0.08395637 0.05687632 0.17245435 0.20510377 0.16976735 0.13589936 0.17594248 
797.00000000 0.08391092 0.05698368 0.17261572 0.20519287 0.16986220 0.13548874 0.17594586 
798.00000000 0.08386265 0.05709323 0.17277805 0.20528668 0.16995341 0.13507942 0.17594656 
799.00000000 0.08381166 0.05720485 0.17294137 0.20538516 0.17004074 0.13467164 0.17594457 
800.00000000 0.08375811 0.05731841 0.17310569 0.20548828 0.17012397 0.13426562 0.17593992 
801.00000000 0.08370210 0.05743379 0.17327102 0.20559596 0.17020293 0.13386156 0.17593264 
802.00000000 0.08364379 0.05755087 0.17343737 0.20570815 0.17027743 0.13345964 0.17592275 
803.00000000 0.08358333 0.05766951 0.17360473 0.20582474 0.17034737 0.13306003 0.17591029 
804.00000000 0.08352085 0.05778957 0.17377310 0.20594565 0.17041263 0.13266290 0.17589530 
805.00000000 0.08345653 0.05791091 0.17394246 0.20607074 0.17047313 0.13226839 0.17587785 
806.00000000 0.08339051 0.05803339 0.17411281 0.20619988 0.17052883 0.13187661 0.17585798 
807.00000000 0.08332298 0.05815684 0.17428411 0.20633291 0.17057971 0.13148768 0.17583576 
808.00000000 0.08325410 0.05828113 0.17445635 0.20646967 0.17062579 0.13110170 0.17581127 
809.00000000 0.08318405 0.05840608 0.17462951 0.20660996 0.17066709 0.13071875 0.17578458 
810.00000000 0.08311301 0.05853153 0.17480353 0.20675357 0.17070368 0.13033890 0.17575578 
811.00000000 0.08304118 0.05865732 0.17497840 0.20690028 0.17073566 0.12996221 0.17572495 
812.00000000 0.08296874 0.05878326 0.17515408 0.20704985 0.17076315 0.12958872 0.17569220 
813.00000000 0.08289590 0.05890918 0.17533051 0.20720203 0.17078628 0.12921849 0.17565763 
814.00000000 0.08282285 0.05903489 0.17550766 0.20735654 0.17080521 0.12885152 0.17562132 
815.00000000 0.08274980 0.05916022 0.17568549 0.20751309 0.17082014 0.12848785 0.17558340 
816.00000000 0.08267696 0.05928498 0.17586395 0.20767139 0.17083127 0.12812747 0.17554398 
817.00000000 0.08260454 0.05940896 0.17604298 0.20783114 0.17083882 0.12777040 0.17550315 
818.00000000 0.08253276 0.05953199 0.17622255 0.20799200 0.17084303 0.12741664 0.17546105 
819.00000000 0.08246182 0.05965385 0.17640260 0.20815365 0.17084415 0.12706617 0.17541777 
820.00000000 0.08239196 0.05977435 0.17658307 0.20831576 0.17084244 0.12671898 0.17537343 
821.00000000 0.08232339 0.05989330 0.17676394 0.20847798 0.17083818 0.12637507 0.17532815 
822.00000000 0.08225632 0.06001050 0.17694514 0.20863997 0.17083163 0.12603442 0.17528203 
823.00000000 0.08219099 0.06012573 0.17712662 0.20880139 0.17082308 0.12569701 0.17523518 
824.00000000 0.08212760 0.06023881 0.17730835 0.20896189 0.17081282 0.12536282 0.17518770 
825.00000000 0.08206639 0.06034953 0.17749028 0.20912113 0.17080112 0.12503185 0.17513970 
826.00000000 0.08200756 0.06045771 0.17767237 0.20927879 0.17078825 0.12470407 0.17509126 
827.00000000 0.08195133 0.06056314 0.17785457 0.20943452 0.17077448 0.12437949 0.17504247 
828.00000000 0.08189792 0.06066563 0.17803685 0.20958802 0.17076008 0.12405809 0.17499341 
829.00000000 0.08184752 0.06076501 0.17821917 0.20973897 0.17074529 0.12373987 0.17494416 
830.00000000 0.08180035 0.06086108 0.17840150 0.20988709 0.17073034 0.12342484 0.17489479 
831.00000000 0.08175661 0.06095368 0.17858382 0.21003210 0.17071545 0.12311301 0.17484534 
832.00000000 0.08171648 0.06104263 0.17876608 0.21017374 0.17070081 0.12280439 0.17479586 
833.00000000 0.08168016 0.06112777 0.17894828 0.21031177 0.17068661 0.12249900 0.17474640 
834.00000000 0.08164782 0.06120895 0.17913040 0.21044596 0.17067300 0.12219688 0.17469699 
835.00000000 0.08161964 0.06128602 0.17931240 0.21057614 0.17066011 0.12189805 0.17464763 
836.00000000 0.08159578 0.06135885 0.17949429 0.21070211 0.17064806 0.12160257 0.17459835 
837.00000000 0.08157639 0.06142731 0.17967605 0.21082373 0.17063691 0.12131049 0.17454914 
838.00000000 0.08156162 0.06149127 0.17985767 0.21094087 0.17062672 0.12102187 0.17449998 
839.00000000 0.08155160 0.06155065 0.18003915 0.21105344 0.17061752 0.12073677 0.17445087 
840.00000000 0.08154646 0.06160534 0.18022050 0.21116137 0.17060931 0.12045528 0.17440175 
841.00000000 0.08154630 0.06165526 0.18040170 0.21126460 0.17060205 0.12017748 0.17435261 
842.00000000 0.08155124 0.06170034 0.18058277 0.21136313 0.17059569 0.11990346 0.17430338 
843.00000000 0.08156135 0.06174053 0.18076372 0.21145694 0.17059015 0.11963332 0.17425400 
844.00000000 0.08157671 0.06177579 0.18094456 0.21154607 0.17058530 0.11936717 0.17420442 
845.00000000 0.08159738 0.06180608 0.18112529 0.21163058 0.17058100 0.11910512 0.17415455 
846.00000000 0.08162342 0.06183138 0.18130593 0.21171055 0.17057710 0.11884730 0.17410432 
847.00000000 0.08165484 0.06185170 0.18148651 0.21178608 0.17057340 0.11859383 0.17405363 
848.00000000 0.08169169 0.06186705 0.18166704 0.21185728 0.17056969 0.11834484 0.17400241 
849.00000000 0.08173396 0.06187745 0.18184753 0.21192430 0.17056573 0.11810048 0.17395055 
850.00000000 0.08178164 0.06188294 0.18202802 0.21198730 0.17056128 0.11786088 0.17389795 
851.00000000 0.08183471 0.06188357 0.18220852 0.21204645 0.17055605 0.11762619 0.17384451 
852.00000000 0.08189314 0.06187941 0.18238906 0.21210194 0.17054978 0.11739655 0.17379013 
853.00000000 0.08195687 0.06187053 0.18256966 0.21215398 0.17054214 0.11717212 0.17373470 
854.00000000 0.08202584 0.06185702 0.18275034 0.21220277 0.17053285 0.11695305 0.17367812 
855.00000000 0.08209997 0.06183900 0.18293114 0.21224853 0.17052157 0.11673949 0.17362028 
856.00000000 0.08217917 0.06181656 0.18311208 0.21229149 0.17050800 0.11653160 0.17356110 
857.00000000 0.08226334 0.06178984 0.18329317 0.21233188 0.17049179 0.11632952 0.17350047 
858.00000000 0.08235234 0.06175897 0.18347445 0.21236992 0.17047262 0.11613341 0.17343829 
859.00000000 0.08244606 0.06172410 0.18365593 0.21240584 0.17045016 0.11594340 0.17337449 
860.00000000 0.08254436 0.06168538 0.18383765 0.21243988 0.17042409 0.11575966 0.17330898 
861.00000000 0.08264706 0.06164298 0.18401961 0.21247224 0.17039410 0.11558231 0.17324169 
862.00000000 0.08275402 0.06159707 0.18420184 0.21250315 0.17035988 0.11541149 0.17317255 
863.00000000 0.08286505 0.06154783 0.18438437 0.21253281 0.17032112 0.11524733 0.17310149 
864.00000000 0.08297997 0.06149543 0.18456720 0.21256142 0.17027755 0.11508996 0.17302847 
865.00000000 0.08309859 0.06144008 0.18475035 0.21258917 0.17022889 0.11493948 0.17295345 
866.00000000 0.08322069 0.06138197 0.18493383 0.21261623 0.17017488 0.11479600 0.17287639 
867.00000000 0.08334608 0.06132130 0.18511766 0.21264276 0.17011530 0.11465963 0.17279727 
868.00000000 0.08347454 0.06125827 0.18530185 0.21266891 0.17004992 0.11453044 0.17271607 
869.00000000 0.08360585 0.06119308 0.18548640 0.21269480 0.16997855 0.11440852 0.17263279 
870.00000000 0.08373977 0.06112595 0.18567132 0.21272056 0.16990101 0.11429394 0.17254744 
871.00000000 0.08387608 0.06105708 0.18585662 0.21274628 0.16981716 0.11418675 0.17246003 
872.00000000 0.08401455 0.06098668 0.18604229 0.21277205 0.16972685 0.11408700 0.17237059 
873.00000000 0.08415493 0.06091495 0.18622833 0.21279794 0.16962999 0.11399471 0.17227914 
874.00000000 0.08429700 0.06084211 0.18641475 0.21282401 0.16952650 0.11390990 0.17218574 
875.00000000 0.08444051 0.06076835 0.18660153 0.21285028 0.16941631 0.11383258 0.17209043 
876.00000000 0.08458523 0.06069388 0.18678868 0.21287680 0.16929940 0.11376275 0.17199327 
877.00000000 0.08473091 0.06061889 0.18697617 0.21290356 0.16917576 0.11370037 0.17189433 
878.00000000 0.08487734 0.06054358 0.18716401 0.21293057 0.16904540 0.11364541 0.17179369 
879.00000000 0.08502428 0.06046814 0.18735217 0.21295781 0.16890836 0.11359782 0.17169142 
880.00000000 0.08517149 0.06039275 0.18754064 0.21298527 0.16876470 0.11355754 0.17158761 
881.00000000 0.08531876 0.06031760 0.18772941 0.21301290 0.16861450 0.11352447 0.17148235 
882.00000000 0.08546588 0.06024284 0.18791846 0.21304068 0.16845787 0.11349854 0.17137573 
883.00000000 0.08561263 0.06016865 0.18810777 0.21306854 0.16829493 0.11347961 0.17126786 
884.00000000 0.08575881 0.06009520 0.18829732 0.21309645 0.16812582 0.11346757 0.17115883 
885.00000000 0.08590422 0.06002262 0.18848708 0.21312435 0.16795071 0.11346228 0.17104875 
886.00000000 0.08604867 0.05995106 0.18867703 0.21315218 0.16776976 0.11346359 0.17093771 
887.00000000 0.08619199 0.05988067 0.18886715 0.21317987 0.16758317 0.11347132 0.17082583 
888.00000000 0.08633401 0.05981157 0.18905741 0.21320738 0.16739116 0.11348529 0.17071320 
889.00000000 0.08647456 0.05974387 0.18924778 0.21323463 0.16719392 0.11350530 0.17059993 
890.00000000 0.08661350 0.05967771 0.18943824 0.21326159 0.16699171 0.11353115 0.17048611 
891.00000000 0.08675068 0.05961317 0.18962876 0.21328819 0.16678475 0.11356261 0.17037185 
892.00000000 0.08688597 0.05955035 0.18981931 0.21331439 0.16657331 0.11359945 0.17025723 
893.00000000 0.08701926 0.05948934 0.19000986 0.21334014 0.16635763 0.11364141 0.17014236 
894.00000000 0.08715043 0.05943022 0.19020039 0.21336541 0.16613799 0.11368825 0.17002731 
895.00000000 0.08727940 0.05937306 0.19039086 0.21339017 0.16591465 0.11373969 0.16991217 
896.00000000 0.08740607 0.05931792 0.19058124 0.21341440 0.16568790 0.11379545 0.16979702 
897.00000000 0.08753037 0.05926485 0.19077151 0.21343807 0.16545802 0.11385525 0.16968192 
898.00000000 0.08765224 0.05921391 0.19096164 0.21346119 0.16522529 0.11391879 0.16956695 
899.00000000 0.08777162 0.05916511 0.19115159 0.21348374 0.16498999 0.11398577 0.16945217 
900.00000000 0.08788848 0.05911850 0.19134135 0.21350573 0.16475243 0.11405587 0.16933763 
901.00000000 0.08800278 0.05907410 0.19153089 0.21352718 0.16451288 0.11412877 0.16922340 
902.00000000 0.08811450 0.05903191 0.19172017 0.21354810 0.16427165 0.11420416 0.16910950 
903.00000000 0.08822364 0.05899195 0.19190918 0.21356852 0.16402902 0.11428171 0.16899599 
904.00000000 0.08833020 0.05895422 0.19209788 0.21358845 0.16378528 0.11436107 0.16888290 
905.00000000 0.08843417 0.05891870 0.19228626 0.21360795 0.16354073 0.11444193 0.16877026 
906.00000000 0.08853558 0.05888539 0.19247430 0.21362704 0.16329566 0.11452394 0.16865810 
907.00000000 0.08863446 0.05885425 0.19266197 0.21364576 0.16305036 0.11460676 0.16854644 
908.00000000 0.08873084 0.05882528 0.19284925 0.21366415 0.16280512 0.11469006 0.16843530 
909.00000000 0.08882477 0.05879843 0.19303612 0.21368227 0.16256022 0.11477350 0.16832469 
910.00000000 0.08891628 0.05877367 0.19322258 0.21370014 0.16231596 0.11485674 0.16821464 
911.00000000 0.08900544 0.05875096 0.19340860 0.21371781 0.16207261 0.11493945 0.16810514 
912.00000000 0.08909230 0.05873025 0.19359417 0.21373532 0.16183046 0.11502129 0.16799621 
913.00000000 0.08917693 0.05871150 0.19377927 0.21375271 0.16158979 0.11510194 0.16788785 
914.00000000 0.08925941 0.05869464 0.19396391 0.21377000 0.16135088 0.11518108 0.16778008 
915.00000000 0.08933979 0.05867963 0.19414806 0.21378724 0.16111401 0.11525838 0.16767289 
916.00000000 0.08941816 0.05866641 0.19433172 0.21380443 0.16087945 0.11533354 0.16756629 
917.00000000 0.08949460 0.05865491 0.19451489 0.21382161 0.16064747 0.11540624 0.16746028 
918.00000000 0.08956918 0.05864508 0.19469757 0.21383877 0.16041833 0.11547620 0.16735487 
919.00000000 0.08964199 0.05863685 0.19487974 0.21385593 0.16019231 0.11554311 0.16725006 
920.00000000 0.08971311 0.05863015 0.19506141 0.21387309 0.15996967 0.11560671 0.16714587 
921.00000000 0.08978261 0.05862492 0.19524259 0.21389022 0.15975066 0.11566671 0.16704230 
922.00000000 0.08985058 0.05862109 0.19542327 0.21390732 0.15953553 0.11572285 0.16693937 
923.00000000 0.08991709 0.05861861 0.19560346 0.21392436 0.15932453 0.11577488 0.16683707 
924.00000000 0.08998223 0.05861739 0.19578316 0.21394131 0.15911790 0.11582257 0.16673544 
925.00000000 0.09004606 0.05861739 0.19596240 0.21395812 0.15891587 0.11586567 0.16663449 
926.00000000 0.09010865 0.05861854 0.19614116 0.21397476 0.15871867 0.11590398 0.16653423 
927.00000000 0.09017008 0.05862079 0.19631947 0.21399118 0.15852652 0.11593729 0.16643469 
928.00000000 0.09023039 0.05862406 0.19649733 0.21400731 0.15833962 0.11596539 0.16633589 
929.00000000 0.09028966 0.05862832 0.19667476 0.21402310 0.15815818 0.11598812 0.16623785 
930.00000000 0.09034794 0.05863350 0.19685178 0.21403849 0.15798238 0.11600530 0.16614061 
931.00000000 0.09040527 0.05863957 0.19702840 0.21405339 0.15781241 0.11601678 0.16604419 
932.00000000 0.09046169 0.05864647 0.19720463 0.21406776 0.15764841 0.11602243 0.16594862 
933.00000000 0.09051725 0.05865416 0.19738050 0.21408151 0.15749055 0.11602210 0.16585394 
934.00000000 0.09057197 0.05866261 0.19755602 0.21409457 0.15733897 0.11601570 0.16576017 
935.00000000 0.09062588 0.05867179 0.19773120 0.21410689 0.15719377 0.11600312 0.16566735 
936.00000000 0.09067900 0.05868166 0.19790609 0.21411838 0.15705507 0.11598428 0.16557552 
937.00000000 0.09073135 0.05869221 0.19808068 0.21412900 0.15692296 0.11595911 0.16548470 
938.00000000 0.09078292 0.05870341 0.19825500 0.21413868 0.15679750 0.11592755 0.16539494 
939.00000000 0.09083373 0.05871525 0.19842907 0.21414738 0.15667875 0.11588956 0.16530626 
940.00000000 0.09088377 0.05872772 0.19860291 0.21415504 0.15656675 0.11584513 0.16521868 
941.00000000 0.09093303 0.05874081 0.19877655 0.21416163 0.15646150 0.11579422 0.16513225 
942.00000000 0.09098149 0.05875453 0.19895000 0.21416713 0.15636301 0.11573685 0.16504699 
943.00000000 0.09102913 0.05876887 0.19912328 0.21417152 0.15627125 0.11567304 0.16496292 
944.00000000 0.09107593 0.05878384 0.19929641 0.21417478 0.15618617 0.11560280 0.16488007 
945.00000000 0.09112186 0.05879946 0.19946941 0.21417693 0.15610770 0.11552620 0.16479845 
946.00000000 0.09116688 0.05881574 0.19964230 0.21417796 0.15603578 0.11544327 0.16471807 
947.00000000 0.09121096 0.05883270 0.19981509 0.21417793 0.15597028 0.11535409 0.16463895 
948.00000000 0.09125405 0.05885036 0.19998781 0.21417684 0.15591108 0.11525875 0.16456110 
949.00000000 0.09129611 0.05886875 0.20016047 0.21417477 0.15585805 0.11515733 0.16448452 
950.00000000 0.09133708 0.05888791 0.20033307 0.21417177 0.15581101 0.11504995 0.16440921 
951.00000000 0.09137693 0.05890785 0.20050564 0.21416791 0.15576979 0.11493672 0.16433516 
952.00000000 0.09141559 0.05892862 0.20067818 0.21416329 0.15573419 0.11481776 0.16426236 
953.00000000 0.09145302 0.05895025 0.20085071 0.21415799 0.15570400 0.11469323 0.16419081 
954.00000000 0.09148916 0.05897277 0.20102323 0.21415212 0.15567898 0.11456326 0.16412047 
955.00000000 0.09152395 0.05899624 0.20119575 0.21414581 0.15565890 0.11442803 0.16405133 
956.00000000 0.09155735 0.05902068 0.20136828 0.21413917 0.15564349 0.11428768 0.16398336 
957.00000000 0.09158930 0.05904613 0.20154081 0.21413235 0.15563249 0.11414240 0.16391652 
958.00000000 0.09161975 0.05907263 0.20171335 0.21412548 0.15562563 0.11399237 0.16385079 
959.00000000 0.09164865 0.05910023 0.20188590 0.21411871 0.15562261 0.11383778 0.16378613 
960.00000000 0.09167595 0.05912895 0.20205845 0.21411220 0.15562315 0.11367881 0.16372248 
961.00000000 0.09170160 0.05915885 0.20223101 0.21410611 0.15562695 0.11351568 0.16365981 
962.00000000 0.09172557 0.05918994 0.20240356 0.21410059 0.15563369 0.11334859 0.16359807 
963.00000000 0.09174782 0.05922226 0.20257609 0.21409581 0.15564310 0.11317773 0.16353720 
964.00000000 0.09176831 0.05925584 0.20274860 0.21409193 0.15565484 0.11300333 0.16347716 
965.00000000 0.09178701 0.05929071 0.20292108 0.21408911 0.15566864 0.11282558 0.16341788 
966.00000000 0.09180389 0.05932689 0.20309350 0.21408751 0.15568417 0.11264471 0.16335933 
967.00000000 0.09181894 0.05936440 0.20326586 0.21408729 0.15570116 0.11246092 0.16330143 
968.00000000 0.09183215 0.05940325 0.20343813 0.21408860 0.15571930 0.11227443 0.16324414 
969.00000000 0.09184349 0.05944346 0.20361029 0.21409159 0.15573833 0.11208545 0.16318739 
970.00000000 0.09185297 0.05948504 0.20378234 0.21409638 0.15575795 0.11189417 0.16313114 
971.00000000 0.09186059 0.05952799 0.20395423 0.21410312 0.15577792 0.11170081 0.16307533 
972.00000000 0.09186636 0.05957230 0.20412595 0.21411192 0.15579799 0.11150557 0.16301991 
973.00000000 0.09187029 0.05961797 0.20429747 0.21412290 0.15581790 0.11130863 0.16296483 
974.00000000 0.09187240 0.05966499 0.20446877 0.21413616 0.15583745 0.11111019 0.16291004 
975.00000000 0.09187271 0.05971333 0.20463982 0.21415179 0.15585642 0.11091043 0.16285549 
976.00000000 0.09187127 0.05976299 0.20481058 0.21416986 0.15587462 0.11070953 0.16280115 
977.00000000 0.09186811 0.05981393 0.20498103 0.21419044 0.15589186 0.11050765 0.16274698 
978.00000000 0.09186327 0.05986613 0.20515114 0.21421358 0.15590799 0.11030495 0.16269294 
979.00000000 0.09185680 0.05991953 0.20532087 0.21423933 0.15592287 0.11010159 0.16263900 
980.00000000 0.09184877 0.05997411 0.20549020 0.21426771 0.15593637 0.10989770 0.16258514 
981.00000000 0.09183923 0.06002981 0.20565910 0.21429874 0.15594838 0.10969341 0.16253133 
982.00000000 0.09182825 0.06008659 0.20582752 0.21433241 0.15595881 0.10948886 0.16247756 
983.00000000 0.09181590 0.06014439 0.20599544 0.21436872 0.15596759 0.10928415 0.16242381 
984.00000000 0.09180226 0.06020314 0.20616283 0.21440764 0.15597466 0.10907939 0.16237007 
985.00000000 0.09178742 0.06026279 0.20632966 0.21444914 0.15597999 0.10887466 0.16231635 
986.00000000 0.09177146 0.06032326 0.20649589 0.21449317 0.15598354 0.10867005 0.16226263 
987.00000000 0.09175448 0.06038449 0.20666149 0.21453967 0.15598532 0.10846562 0.16220893 
988.00000000 0.09173656 0.06044640 0.20682644 0.21458857 0.15598533 0.10826145 0.16215526 
989.00000000 0.09171780 0.06050890 0.20699071 0.21463979 0.15598359 0.10805758 0.16210162 
990.00000000 0.09169831 0.06057192 0.20715427 0.21469326 0.15598015 0.10785405 0.16204804 
991.00000000 0.09167819 0.06063538 0.20731710 0.21474886 0.15597505 0.10765090 0.16199453 
992.00000000 0.09165755 0.06069918 0.20747916 0.21480651 0.15596835 0.10744814 0.16194112 
993.00000000 0.09163649 0.06076324 0.20764045 0.21486609 0.15596011 0.10724579 0.16188783 
994.00000000 0.09161513 0.06082747 0.20780093 0.21492748 0.15595043 0.10704385 0.16183470 
995.00000000 0.09159358 0.06089178 0.20796059 0.21499058 0.15593939 0.10684233 0.16178175 
996.00000000 0.09157194 0.06095607 0.20811942 0.21505525 0.15592708 0.10664122 0.16172903 
997.00000000 0.09155033 0.06102025 0.20827739 0.21512137 0.15591360 0.10644050 0.16167656 
998.00000000 0.09152886 0.06108423 0.20843450 0.21518882 0.15589906 0.10624015 0.16162438 
999.00000000 0.09150764 0.06114791 0.20859074 0.21525746 0.15588356 0.10604015 0.16157254 
