0.00000000 0.00000000 0.00000000 0.00000000 0.00000000 0.00000000 1.00000000 0.00000000 
1.00000000 0.00000666 0.00000494 0.00000327 0.00001026 0.00023328 0.99968570 0.00005590 
2.00000000 0.00002660 0.00001975 0.00001307 0.00004119 0.00093219 0.99874390 0.00022331 
3.00000000 0.00005973 0.00004440 0.00002940 0.00009316 0.00209413 0.99717773 0.00050146 
4.00000000 0.00010593 0.00007886 0.00005222 0.00016683 0.00371488 0.99499221 0.00088907 
5.00000000 0.00016500 0.00012306 0.00008152 0.00026310 0.00578867 0.99219425 0.00138440 
6.00000000 0.00023670 0.00017695 0.00011725 0.00038314 0.00830815 0.98879256 0.00198524 
7.00000000 0.00032073 0.00024044 0.00015939 0.00052834 0.01126451 0.98479767 0.00268892 
8.00000000 0.00041677 0.00031345 0.00020788 0.00070029 0.01464746 0.98022178 0.00349237 
9.00000000 0.00052442 0.00039586 0.00026268 0.00090084 0.01844537 0.97507875 0.00439209 
10.00000000 0.00064326 0.00048756 0.00032372 0.00113198 0.02264526 0.96938401 0.00538421 
11.00000000 0.00077283 0.00058843 0.00039094 0.00139591 0.02723292 0.96315444 0.00646453 
12.00000000 0.00091262 0.00069834 0.00046428 0.00169495 0.03219300 0.95640831 0.00762850 
13.00000000 0.00106210 0.00081714 0.00054366 0.00203159 0.03750905 0.94916517 0.00887130 
14.00000000 0.00122068 0.00094468 0.00062900 0.00240840 0.04316365 0.94144573 0.01018785 
15.00000000 0.00138778 0.00108082 0.00072022 0.00282804 0.04913849 0.93327180 0.01157284 
16.00000000 0.00156277 0.00122540 0.00081724 0.00329323 0.05541445 0.92466610 0.01302080 
17.00000000 0.00174500 0.00137825 0.00091997 0.00380672 0.06197173 0.91565223 0.01452609 
18.00000000 0.00193381 0.00153920 0.00102831 0.00437127 0.06878994 0.90625449 0.01608298 
19.00000000 0.00212853 0.00170809 0.00114216 0.00498963 0.07584818 0.89649779 0.01768563 
20.00000000 0.00232846 0.00188474 0.00126142 0.00566449 0.08312517 0.88640753 0.01932819 
21.00000000 0.00253290 0.00206899 0.00138599 0.00639847 0.09059934 0.87600950 0.02100482 
22.00000000 0.00274117 0.00226065 0.00151575 0.00719408 0.09824895 0.86532973 0.02270967 
23.00000000 0.00295256 0.00245955 0.00165059 0.00805372 0.10605214 0.85439443 0.02443700 
24.00000000 0.00316638 0.00266553 0.00179041 0.00897964 0.11398709 0.84322982 0.02618114 
25.00000000 0.00338193 0.00287839 0.00193507 0.00997389 0.12203207 0.83186208 0.02793656 
26.00000000 0.00359854 0.00309797 0.00208447 0.01103836 0.13016555 0.82031723 0.02969790 
27.00000000 0.00381554 0.00332408 0.00223846 0.01217468 0.13836626 0.80862101 0.03145996 
28.00000000 0.00403229 0.00355655 0.00239694 0.01338426 0.14661333 0.79679883 0.03321779 
29.00000000 0.00424816 0.00379521 0.00255976 0.01466826 0.15488630 0.78487568 0.03496663 
30.00000000 0.00446253 0.00403987 0.00272680 0.01602754 0.16316523 0.77287603 0.03670201 
31.00000000 0.00467483 0.00429035 0.00289792 0.01746268 0.17143075 0.76082377 0.03841971 
32.00000000 0.00488450 0.00454646 0.00307298 0.01897395 0.17966416 0.74874214 0.04011580 
33.00000000 0.00509101 0.00480803 0.00325185 0.02056133 0.18784740 0.73665370 0.04178667 
34.00000000 0.00529386 0.00507487 0.00343440 0.02222444 0.19596320 0.72458024 0.04342899 
35.00000000 0.00549259 0.00534679 0.00362047 0.02396259 0.20399505 0.71254276 0.04503976 
36.00000000 0.00568676 0.00562358 0.00380993 0.02577477 0.21192725 0.70056142 0.04661630 
37.00000000 0.00587597 0.00590506 0.00400263 0.02765960 0.21974496 0.68865552 0.04815625 
38.00000000 0.00605986 0.00619103 0.00419844 0.02961542 0.22743420 0.67684349 0.04965757 
39.00000000 0.00623811 0.00648127 0.00439721 0.03164019 0.23498187 0.66514282 0.05111854 
40.00000000 0.00641041 0.00677558 0.00459881 0.03373157 0.24237578 0.65357011 0.05253775 
41.00000000 0.00657651 0.00707374 0.00480308 0.03588692 0.24960462 0.64214103 0.05391411 
42.00000000 0.00673619 0.00737553 0.00500990 0.03810326 0.25665798 0.63087032 0.05524681 
43.00000000 0.00688927 0.00768073 0.00521913 0.04037736 0.26352635 0.61977184 0.05653532 
44.00000000 0.00703559 0.00798912 0.00543062 0.04270569 0.27020110 0.60885849 0.05777939 
45.00000000 0.00717504 0.00830044 0.00564426 0.04508446 0.27667443 0.59814232 0.05897904 
46.00000000 0.00730753 0.00861448 0.00585991 0.04750965 0.28293942 0.58763450 0.06013452 
47.00000000 0.00743301 0.00893099 0.00607744 0.04997700 0.28898993 0.57734534 0.06124628 
48.00000000 0.00755147 0.00924972 0.00629674 0.05248207 0.29482064 0.56728434 0.06231503 
49.00000000 0.00766292 0.00957043 0.00651768 0.05502022 0.30042695 0.55746019 0.06334161 
50.00000000 0.00776739 0.00989287 0.00674016 0.05758668 0.30580501 0.54788082 0.06432708 
51.00000000 0.00786495 0.01021679 0.00696406 0.06017651 0.31095163 0.53855344 0.06527261 
52.00000000 0.00795571 0.01054193 0.00718928 0.06278471 0.31586429 0.52948455 0.06617954 
53.00000000 0.00803976 0.01086805 0.00741573 0.06540615 0.32054105 0.52067998 0.06704929 
54.00000000 0.00811726 0.01119490 0.00764331 0.06803567 0.32498055 0.51214493 0.06788338 
55.00000000 0.00818836 0.01152222 0.00787193 0.07066807 0.32918198 0.50388401 0.06868343 
56.00000000 0.00825326 0.01184976 0.00810152 0.07329813 0.33314496 0.49590129 0.06945108 
57.00000000 0.00831214 0.01217729 0.00833199 0.07592066 0.33686961 0.48820027 0.07018804 
58.00000000 0.00836523 0.01250454 0.00856329 0.07853049 0.34035642 0.48078401 0.07089602 
59.00000000 0.00841276 0.01283129 0.00879534 0.08112252 0.34360627 0.47365507 0.07157675 
60.00000000 0.00845498 0.01315728 0.00902809 0.08369173 0.34662034 0.46681561 0.07223197 
61.00000000 0.00849215 0.01348230 0.00926148 0.08623319 0.34940013 0.46026738 0.07286338 
62.00000000 0.00852455 0.01380610 0.00949547 0.08874210 0.35194739 0.45401176 0.07347264 
63.00000000 0.00855246 0.01412845 0.00973002 0.09121378 0.35426410 0.44804979 0.07406140 
64.00000000 0.00857617 0.01444915 0.00996509 0.09364374 0.35635243 0.44238220 0.07463123 
65.00000000 0.00859600 0.01476795 0.01020064 0.09602761 0.35821474 0.43700941 0.07518365 
66.00000000 0.00861226 0.01508465 0.01043665 0.09836123 0.35985351 0.43193157 0.07572013 
67.00000000 0.00862527 0.01539904 0.01067308 0.10064064 0.36127138 0.42714856 0.07624204 
68.00000000 0.00863536 0.01571090 0.01090993 0.10286206 0.36247105 0.42266002 0.07675069 
69.00000000 0.00864287 0.01602003 0.01114716 0.10502193 0.36345534 0.41846536 0.07724730 
70.00000000 0.00864816 0.01632621 0.01138477 0.10711691 0.36422715 0.41456378 0.07773302 
71.00000000 0.00865157 0.01662924 0.01162273 0.10914390 0.36478941 0.41095423 0.07820892 
72.00000000 0.00865346 0.01692893 0.01186104 0.11109999 0.36514512 0.40763550 0.07867596 
73.00000000 0.00865420 0.01722506 0.01209968 0.11298254 0.36529735 0.40460613 0.07913504 
74.00000000 0.00865417 0.01751743 0.01233863 0.11478913 0.36524916 0.40186450 0.07958698 
75.00000000 0.00865374 0.01780583 0.01257789 0.11651758 0.36500369 0.39940877 0.08003250 
76.00000000 0.00865330 0.01809005 0.01281745 0.11816592 0.36456411 0.39723689 0.08047227 
77.00000000 0.00865324 0.01836990 0.01305728 0.11973244 0.36393362 0.39534663 0.08090688 
78.00000000 0.00865396 0.01864515 0.01329738 0.12121566 0.36311546 0.39373554 0.08133685 
79.00000000 0.00865586 0.01891560 0.01353774 0.12261430 0.36211294 0.39240094 0.08176262 
80.00000000 0.00865936 0.01918101 0.01377832 0.12392733 0.36092939 0.39133998 0.08218461 
81.00000000 0.00866485 0.01944119 0.01401912 0.12515393 0.35956823 0.39054953 0.08260316 
82.00000000 0.00867276 0.01969589 0.01426010 0.12629349 0.35803293 0.39002626 0.08301856 
83.00000000 0.00868352 0.01994491 0.01450126 0.12734561 0.35632704 0.38976660 0.08343107 
84.00000000 0.00869753 0.02018801 0.01474255 0.12831010 0.35445419 0.38976671 0.08384091 
85.00000000 0.00871524 0.02042496 0.01498395 0.12918695 0.35241811 0.39002253 0.08424826 
86.00000000 0.00873707 0.02065553 0.01522542 0.12997637 0.35022262 0.39052971 0.08465329 
87.00000000 0.00876344 0.02087950 0.01546694 0.13067872 0.34787165 0.39128362 0.08505612 
88.00000000 0.00879479 0.02109665 0.01570845 0.13129456 0.34536928 0.39227939 0.08545688 
89.00000000 0.00883153 0.02130673 0.01594993 0.13182461 0.34271968 0.39351183 0.08585568 
90.00000000 0.00887410 0.02150954 0.01619132 0.13226977 0.33992718 0.39497549 0.08625260 
91.00000000 0.00892290 0.02170486 0.01643257 0.13263108 0.33699624 0.39666459 0.08664775 
92.00000000 0.00897834 0.02189249 0.01667365 0.13290976 0.33393149 0.39857309 0.08704119 
93.00000000 0.00904083 0.02207222 0.01691448 0.13310713 0.33073768 0.40069463 0.08743303 
94.00000000 0.00911075 0.02224386 0.01715503 0.13322470 0.32741976 0.40302254 0.08782336 
95.00000000 0.00918849 0.02240725 0.01739524 0.13326407 0.32398282 0.40554987 0.08821225 
96.00000000 0.00927441 0.02256223 0.01763504 0.13322700 0.32043213 0.40826936 0.08859982 
97.00000000 0.00936885 0.02270866 0.01787438 0.13311534 0.31677313 0.41117346 0.08898617 
98.00000000 0.00947215 0.02284640 0.01811321 0.13293108 0.31301142 0.41425432 0.08937142 
99.00000000 0.00958461 0.02297537 0.01835145 0.13267629 0.30915278 0.41750381 0.08975569 
100.00000000 0.00970652 0.02309548 0.01858905 0.13235316 0.30520315 0.42091352 0.09013912 
101.00000000 0.00983815 0.02320668 0.01882595 0.13196395 0.30116865 0.42447478 0.09052184 
102.00000000 0.00997972 0.02330895 0.01906209 0.13151103 0.29705555 0.42817866 0.09090401 
103.00000000 0.01013145 0.02340229 0.01929741 0.13099683 0.29287029 0.43201597 0.09128578 
104.00000000 0.01029350 0.02348672 0.01953185 0.13042385 0.28861943 0.43597732 0.09166733 
105.00000000 0.01046603 0.02356233 0.01976536 0.12979467 0.28430971 0.44005308 0.09204881 
106.00000000 0.01064915 0.02362920 0.01999788 0.12911191 0.27994800 0.44423344 0.09243042 
107.00000000 0.01084293 0.02368746 0.02022937 0.12837823 0.27554127 0.44850841 0.09281232 
108.00000000 0.01104740 0.02373728 0.02045977 0.12759636 0.27109664 0.45286784 0.09319471 
109.00000000 0.01126258 0.02377886 0.02068904 0.12676901 0.26662131 0.45730144 0.09357776 
110.00000000 0.01148842 0.02381243 0.02091714 0.12589898 0.26212259 0.46179879 0.09396166 
111.00000000 0.01172485 0.02383826 0.02114402 0.12498902 0.25760786 0.46634941 0.09434659 
112.00000000 0.01197175 0.02385664 0.02136967 0.12404192 0.25308457 0.47094274 0.09473271 
113.00000000 0.01222895 0.02386793 0.02159404 0.12306049 0.24856022 0.47556815 0.09512022 
114.00000000 0.01249628 0.02387248 0.02181712 0.12204747 0.24404237 0.48021502 0.09550925 
115.00000000 0.01277348 0.02387069 0.02203889 0.12100565 0.23953856 0.48487274 0.09589998 
116.00000000 0.01306028 0.02386300 0.02225933 0.11993776 0.23505638 0.48953070 0.09629255 
117.00000000 0.01335636 0.02384987 0.02247844 0.11884649 0.23060337 0.49417839 0.09668708 
118.00000000 0.01366137 0.02383177 0.02269622 0.11773452 0.22618707 0.49880534 0.09708370 
119.00000000 0.01397491 0.02380923 0.02291267 0.11660448 0.22181496 0.50340123 0.09748252 
120.00000000 0.01429656 0.02378276 0.02312780 0.11545894 0.21749446 0.50795586 0.09788362 
121.00000000 0.01462585 0.02375293 0.02334163 0.11430041 0.21323292 0.51245917 0.09828708 
122.00000000 0.01496230 0.02372031 0.02355419 0.11313137 0.20903756 0.51690132 0.09869296 
123.00000000 0.01530536 0.02368547 0.02376550 0.11195419 0.20491552 0.52127267 0.09910129 
124.00000000 0.01565449 0.02364902 0.02397560 0.11077123 0.20087377 0.52556379 0.09951210 
125.00000000 0.01600911 0.02361157 0.02418454 0.10958473 0.19691915 0.52976554 0.09992537 
126.00000000 0.01636861 0.02357371 0.02439237 0.10839688 0.19305831 0.53386902 0.10034110 
127.00000000 0.01673237 0.02353609 0.02459913 0.10720980 0.18929771 0.53786567 0.10075923 
128.00000000 0.01709974 0.02349929 0.02480490 0.10602553 0.18564363 0.54174720 0.10117971 
129.00000000 0.01747007 0.02346396 0.02500974 0.10484603 0.18210207 0.54550569 0.10160244 
130.00000000 0.01784267 0.02343068 0.02521372 0.10367322 0.17867885 0.54913355 0.10202731 
131.00000000 0.01821688 0.02340008 0.02541691 0.10250890 0.17537947 0.55262357 0.10245420 
132.00000000 0.01859199 0.02337273 0.02561940 0.10135483 0.17220920 0.55596890 0.10288295 
133.00000000 0.01896732 0.02334921 0.02582127 0.10021270 0.16917300 0.55916311 0.10331338 
134.00000000 0.01934218 0.02333010 0.02602262 0.09908414 0.16627553 0.56220014 0.10374529 
135.00000000 0.01971587 0.02331594 0.02622352 0.09797071 0.16352114 0.56507436 0.10417846 
136.00000000 0.02008771 0.02330725 0.02642407 0.09687391 0.16091384 0.56778057 0.10461265 
137.00000000 0.02045703 0.02330455 0.02662436 0.09579520 0.15845731 0.57031397 0.10504758 
138.00000000 0.02082315 0.02330830 0.02682450 0.09473599 0.15615487 0.57267021 0.10548298 
139.00000000 0.02118542 0.02331898 0.02702456 0.09369763 0.15400950 0.57484537 0.10591854 
140.00000000 0.02154321 0.02333702 0.02722465 0.09268145 0.15202378 0.57683596 0.10635393 
141.00000000 0.02189591 0.02336280 0.02742484 0.09168874 0.15019997 0.57863894 0.10678881 
142.00000000 0.02224291 0.02339673 0.02762523 0.09072073 0.14853990 0.58025169 0.10722281 
143.00000000 0.02258365 0.02343913 0.02782591 0.08977867 0.14704505 0.58167203 0.10765556 
144.00000000 0.02291758 0.02349032 0.02802694 0.08886373 0.14571652 0.58289822 0.10808667 
145.00000000 0.02324419 0.02355060 0.02822841 0.08797710 0.14455502 0.58392894 0.10851574 
146.00000000 0.02356298 0.02362021 0.02843037 0.08711993 0.14356089 0.58476329 0.10894234 
147.00000000 0.02387349 0.02369937 0.02863289 0.08629334 0.14273407 0.58540077 0.10936606 
148.00000000 0.02417531 0.02378828 0.02883602 0.08549846 0.14207416 0.58584130 0.10978646 
149.00000000 0.02446804 0.02388709 0.02903981 0.08473637 0.14158036 0.58608522 0.11020311 
150.00000000 0.02475132 0.02399594 0.02924429 0.08400815 0.14125154 0.58613321 0.11061556 
151.00000000 0.02502484 0.02411491 0.02944948 0.08331485 0.14108620 0.58598636 0.11102337 
152.00000000 0.02528830 0.02424407 0.02965541 0.08265750 0.14108250 0.58564613 0.11142610 
153.00000000 0.02554145 0.02438346 0.02986208 0.08203710 0.14123828 0.58511431 0.11182332 
154.00000000 0.02578409 0.02453307 0.03006948 0.08145464 0.14155105 0.58439307 0.11221460 
155.00000000 0.02601604 0.02469289 0.03027762 0.08091104 0.14201802 0.58348489 0.11259950 
156.00000000 0.02623715 0.02486286 0.03048645 0.08040723 0.14263612 0.58239256 0.11297763 
157.00000000 0.02644732 0.02504289 0.03069595 0.07994405 0.14340199 0.58111920 0.11334859 
158.00000000 0.02664650 0.02523287 0.03090608 0.07952233 0.14431203 0.57966820 0.11371198 
159.00000000 0.02683463 0.02543267 0.03111678 0.07914282 0.14536238 0.57804325 0.11406746 
160.00000000 0.02701174 0.02564212 0.03132800 0.07880622 0.14654896 0.57624828 0.11441468 
161.00000000 0.02717785 0.02586104 0.03153966 0.07851316 0.14786750 0.57428750 0.11475331 
162.00000000 0.02733303 0.02608920 0.03175169 0.07826419 0.14931351 0.57216532 0.11508306 
163.00000000 0.02747738 0.02632638 0.03196402 0.07805979 0.15088236 0.56988640 0.11540367 
164.00000000 0.02761103 0.02657231 0.03217655 0.07790035 0.15256925 0.56745561 0.11571489 
165.00000000 0.02773415 0.02682672 0.03238920 0.07778616 0.15436926 0.56487799 0.11601652 
166.00000000 0.02784692 0.02708930 0.03260186 0.07771741 0.15627734 0.56215879 0.11630837 
167.00000000 0.02794956 0.02735974 0.03281446 0.07769420 0.15828835 0.55930338 0.11659031 
168.00000000 0.02804231 0.02763769 0.03302688 0.07771651 0.16039706 0.55631734 0.11686221 
169.00000000 0.02812542 0.02792281 0.03323905 0.07778420 0.16259818 0.55320634 0.11712400 
170.00000000 0.02819919 0.02821473 0.03345087 0.07789702 0.16488637 0.54997619 0.11737563 
171.00000000 0.02826393 0.02851305 0.03366226 0.07805459 0.16725626 0.54663282 0.11761710 
172.00000000 0.02831994 0.02881738 0.03387312 0.07825642 0.16970246 0.54318225 0.11784843 
173.00000000 0.02836758 0.02912732 0.03408340 0.07850189 0.17221956 0.53963057 0.11806968 
174.00000000 0.02840720 0.02944243 0.03429303 0.07879025 0.17480218 0.53598395 0.11828095 
175.00000000 0.02843918 0.02976229 0.03450195 0.07912064 0.17744494 0.53224864 0.11848236 
176.00000000 0.02846389 0.03008646 0.03471011 0.07949207 0.18014250 0.52843090 0.11867407 
177.00000000 0.02848173 0.03041449 0.03491750 0.07990344 0.18288955 0.52453704 0.11885626 
178.00000000 0.02849310 0.03074593 0.03512408 0.08035351 0.18568083 0.52057340 0.11902916 
179.00000000 0.02849841 0.03108031 0.03532985 0.08084096 0.18851115 0.51654630 0.11919301 
180.00000000 0.02849809 0.03141719 0.03553483 0.08136435 0.19137536 0.51246210 0.11934808 
181.00000000 0.02849255 0.03175610 0.03573905 0.08192215 0.19426839 0.50832711 0.11949466 
182.00000000 0.02848221 0.03209657 0.03594254 0.08251274 0.19718525 0.50414763 0.11963306 
183.00000000 0.02846752 0.03243815 0.03614536 0.08313440 0.20012101 0.49992993 0.11976362 
184.00000000 0.02844889 0.03278037 0.03634760 0.08378537 0.20307084 0.49568024 0.11988669 
185.00000000 0.02842676 0.03312277 0.03654934 0.08446380 0.20602998 0.49140472 0.12000263 
186.00000000 0.02840155 0.03346490 0.03675069 0.08516779 0.20899378 0.48710948 0.12011181 
187.00000000 0.02837369 0.03380632 0.03695177 0.08589541 0.21195764 0.48280054 0.12021462 
188.00000000 0.02834362 0.03414659 0.03715273 0.08664467 0.21491708 0.47848387 0.12031145 
189.00000000 0.02831173 0.03448527 0.03735371 0.08741359 0.21786770 0.47416532 0.12040268 
190.00000000 0.02827846 0.03482193 0.03755488 0.08820014 0.22080519 0.46985067 0.12048872 
191.00000000 0.02824421 0.03515617 0.03775643 0.08900234 0.22372533 0.46554556 0.12056996 
192.00000000 0.02820939 0.03548759 0.03795853 0.08981816 0.22662398 0.46125557 0.12064680 
193.00000000 0.02817438 0.03581578 0.03816137 0.09064563 0.22949712 0.45698610 0.12071962 
194.00000000 0.02813959 0.03614037 0.03836517 0.09148279 0.23234078 0.45274249 0.12078880 
195.00000000 0.02810538 0.03646100 0.03857014 0.09232774 0.23515112 0.44852989 0.12085473 
196.00000000 0.02807215 0.03677731 0.03877647 0.09317859 0.23792436 0.44435337 0.12091776 
197.00000000 0.02804023 0.03708896 0.03898437 0.09403354 0.24065681 0.44021782 0.12097826 
198.00000000 0.02801001 0.03739563 0.03919407 0.09489084 0.24334490 0.43612800 0.12103656 
199.00000000 0.02798180 0.03769702 0.03940576 0.09574879 0.24598512 0.43208852 0.12109300 
200.00000000 0.02795596 0.03799281 0.03961965 0.09660580 0.24857405 0.42810384 0.12114790 
201.00000000 0.02793279 0.03828275 0.03983591 0.09746033 0.25110840 0.42417826 0.12120156 
202.00000000 0.02791263 0.03856657 0.04005474 0.09831093 0.25358493 0.42031592 0.12125429 
203.00000000 0.02789575 0.03884401 0.04027630 0.09915626 0.25600052 0.41652081 0.12130635 
204.00000000 0.02788246 0.03911485 0.04050074 0.09999504 0.25835214 0.41279675 0.12135802 
205.00000000 0.02787303 0.03937888 0.04072820 0.10082610 0.26063687 0.40914737 0.12140955 
206.00000000 0.02786773 0.03963589 0.04095880 0.10164834 0.26285189 0.40557618 0.12146118 
207.00000000 0.02786680 0.03988569 0.04119263 0.10246078 0.26499447 0.40208647 0.12151315 
208.00000000 0.02787049 0.04012813 0.04142976 0.10326251 0.26706202 0.39868140 0.12156568 
209.00000000 0.02787903 0.04036305 0.04167026 0.10405273 0.26905203 0.39536394 0.12161897 
210.00000000 0.02789262 0.04059030 0.04191414 0.10483069 0.27096214 0.39213688 0.12167322 
211.00000000 0.02791147 0.04080977 0.04216140 0.10559577 0.27279009 0.38900285 0.12172864 
212.00000000 0.02793575 0.04102135 0.04241203 0.10634739 0.27453376 0.38596431 0.12178541 
213.00000000 0.02796565 0.04122494 0.04266596 0.10708507 0.27619113 0.38302353 0.12184371 
214.00000000 0.02800132 0.04142046 0.04292313 0.10780840 0.27776035 0.38018262 0.12190372 
215.00000000 0.02804289 0.04160784 0.04318341 0.10851702 0.27923969 0.37744352 0.12196561 
216.00000000 0.02809051 0.04178704 0.04344668 0.10921066 0.28062756 0.37480799 0.12202956 
217.00000000 0.02814427 0.04195802 0.04371277 0.10988908 0.28192253 0.37227761 0.12209573 
218.00000000 0.02820427 0.04212074 0.04398151 0.11055210 0.28312330 0.36985380 0.12216429 
219.00000000 0.02827060 0.04227520 0.04425267 0.11119959 0.28422873 0.36753780 0.12223542 
220.00000000 0.02834331 0.04242140 0.04452602 0.11183146 0.28523784 0.36533069 0.12230928 
221.00000000 0.02842246 0.04255936 0.04480130 0.11244766 0.28614981 0.36323338 0.12238604 
222.00000000 0.02850808 0.04268909 0.04507823 0.11304815 0.28696398 0.36124659 0.12246588 
223.00000000 0.02860018 0.04281065 0.04535652 0.11363293 0.28767985 0.35937090 0.12254897 
224.00000000 0.02869876 0.04292408 0.04563585 0.11420202 0.28829709 0.35760670 0.12263550 
225.00000000 0.02880380 0.04302945 0.04591589 0.11475546 0.28881553 0.35595424 0.12272563 
226.00000000 0.02891527 0.04312685 0.04619630 0.11529327 0.28923518 0.35441357 0.12281956 
227.00000000 0.02903311 0.04321636 0.04647671 0.11581552 0.28955621 0.35298462 0.12291746 
228.00000000 0.02915726 0.04329809 0.04675678 0.11632226 0.28977895 0.35166712 0.12301953 
229.00000000 0.02928764 0.04337216 0.04703613 0.11681354 0.28990392 0.35046067 0.12312595 
230.00000000 0.02942413 0.04343870 0.04731440 0.11728941 0.28993178 0.34936468 0.12323690 
231.00000000 0.02956663 0.04349786 0.04759121 0.11774991 0.28986338 0.34837845 0.12335256 
232.00000000 0.02971501 0.04354979 0.04786620 0.11819508 0.28969971 0.34750108 0.12347314 
233.00000000 0.02986910 0.04359466 0.04813900 0.11862496 0.28944193 0.34673154 0.12359880 
234.00000000 0.03002875 0.04363266 0.04840926 0.11903957 0.28909137 0.34606866 0.12372972 
235.00000000 0.03019379 0.04366399 0.04867664 0.11943891 0.28864950 0.34551110 0.12386608 
236.00000000 0.03036402 0.04368884 0.04894080 0.11982298 0.28811793 0.34505740 0.12400804 
237.00000000 0.03053923 0.04370744 0.04920143 0.12019177 0.28749844 0.34470593 0.12415576 
238.00000000 0.03071921 0.04372002 0.04945822 0.12054526 0.28679293 0.34445496 0.12430940 
239.00000000 0.03090372 0.04372683 0.04971089 0.12088341 0.28600345 0.34430260 0.12446910 
240.00000000 0.03109253 0.04372811 0.04995918 0.12120620 0.28513218 0.34424683 0.12463498 
241.00000000 0.03128539 0.04372413 0.05020284 0.12151355 0.28418141 0.34428551 0.12480717 
242.00000000 0.03148203 0.04371517 0.05044167 0.12180543 0.28315357 0.34441637 0.12498577 
243.00000000 0.03168218 0.04370150 0.05067547 0.12208176 0.28205118 0.34463704 0.12517087 
244.00000000 0.03188557 0.04368342 0.05090406 0.12234249 0.28087689 0.34494501 0.12536255 
245.00000000 0.03209192 0.04366123 0.05112733 0.12258755 0.27963344 0.34533767 0.12556086 
246.00000000 0.03230093 0.04363523 0.05134514 0.12281688 0.27832367 0.34581232 0.12576585 
247.00000000 0.03251231 0.04360573 0.05155741 0.12303041 0.27695049 0.34636613 0.12597753 
248.00000000 0.03272577 0.04357306 0.05176409 0.12322808 0.27551690 0.34699620 0.12619591 
249.00000000 0.03294100 0.04353752 0.05196514 0.12340986 0.27402597 0.34769953 0.12642097 
250.00000000 0.03315772 0.04349944 0.05216057 0.12357570 0.27248085 0.34847304 0.12665268 
251.00000000 0.03337561 0.04345916 0.05235039 0.12372557 0.27088473 0.34931357 0.12689097 
252.00000000 0.03359438 0.04341699 0.05253466 0.12385946 0.26924086 0.35021789 0.12713576 
253.00000000 0.03381374 0.04337326 0.05271344 0.12397739 0.26755252 0.35118269 0.12738697 
254.00000000 0.03403338 0.04332830 0.05288685 0.12407936 0.26582305 0.35220461 0.12764445 
255.00000000 0.03425303 0.04328243 0.05305500 0.12416543 0.26405580 0.35328024 0.12790807 
256.00000000 0.03447239 0.04323597 0.05321803 0.12423567 0.26225416 0.35440612 0.12817766 
257.00000000 0.03469119 0.04318924 0.05337612 0.12429017 0.26042151 0.35557874 0.12845304 
258.00000000 0.03490916 0.04314254 0.05352944 0.12432905 0.25856125 0.35679455 0.12873400 
259.00000000 0.03512604 0.04309618 0.05367821 0.12435247 0.25667680 0.35804999 0.12902031 
260.00000000 0.03534158 0.04305047 0.05382262 0.12436060 0.25477155 0.35934145 0.12931173 
261.00000000 0.03555552 0.04300568 0.05396293 0.12435367 0.25284888 0.36066534 0.12960799 
262.00000000 0.03576763 0.04296210 0.05409937 0.12433191 0.25091217 0.36201801 0.12990881 
263.00000000 0.03597770 0.04291999 0.05423219 0.12429563 0.24896475 0.36339586 0.13021389 
264.00000000 0.03618550 0.04287962 0.05436165 0.12424513 0.24700993 0.36479524 0.13052292 
265.00000000 0.03639085 0.04284125 0.05448804 0.12418077 0.24505099 0.36621255 0.13083555 
266.00000000 0.03659354 0.04280509 0.05461161 0.12410296 0.24309116 0.36764418 0.13115146 
267.00000000 0.03679340 0.04277139 0.05473265 0.12401212 0.24113361 0.36908655 0.13147028 
268.00000000 0.03699027 0.04274036 0.05485144 0.12390872 0.23918148 0.37053609 0.13179164 
269.00000000 0.03718400 0.04271219 0.05496826 0.12379329 0.23723783 0.37198928 0.13211517 
270.00000000 0.03737444 0.04268707 0.05508337 0.12366636 0.23530566 0.37344262 0.13244046 
271.00000000 0.03756148 0.04266518 0.05519705 0.12352853 0.23338792 0.37489268 0.13276714 
272.00000000 0.03774500 0.04264669 0.05530958 0.12338043 0.23148746 0.37633605 0.13309480 
273.00000000 0.03792490 0.04263173 0.05542121 0.12322270 0.22960706 0.37776939 0.13342302 
274.00000000 0.03810108 0.04262044 0.05553219 0.12305605 0.22774943 0.37918939 0.13375141 
275.00000000 0.03827349 0.04261295 0.05564278 0.12288121 0.22591718 0.38059284 0.13407955 
276.00000000 0.03844205 0.04260937 0.05575320 0.12269893 0.22411286 0.38197658 0.13440701 
277.00000000 0.03860671 0.04260979 0.05586368 0.12251001 0.22233889 0.38333751 0.13473341 
278.00000000 0.03876744 0.04261429 0.05597443 0.12231527 0.22059764 0.38467263 0.13505831 
279.00000000 0.03892419 0.04262295 0.05608565 0.12211554 0.21889134 0.38597900 0.13538133 
280.00000000 0.03907697 0.04263582 0.05619753 0.12191169 0.21722216 0.38725378 0.13570205 
281.00000000 0.03922575 0.04265296 0.05631025 0.12170460 0.21559216 0.38849420 0.13602009 
282.00000000 0.03937055 0.04267440 0.05642396 0.12149517 0.21400329 0.38969758 0.13633505 
283.00000000 0.03951137 0.04270017 0.05653881 0.12128430 0.21245742 0.39086137 0.13664657 
284.00000000 0.03964823 0.04273028 0.05665493 0.12107292 0.21095630 0.39198307 0.13695427 
285.00000000 0.03978116 0.04276475 0.05677244 0.12086195 0.20950158 0.39306031 0.13725780 
286.00000000 0.03991021 0.04280356 0.05689145 0.12065231 0.20809484 0.39409080 0.13755683 
287.00000000 0.04003541 0.04284671 0.05701204 0.12044491 0.20673751 0.39507239 0.13785102 
288.00000000 0.04015682 0.04289418 0.05713429 0.12024068 0.20543095 0.39600300 0.13814007 
289.00000000 0.04027450 0.04294594 0.05725826 0.12004051 0.20417643 0.39688068 0.13842369 
290.00000000 0.04038851 0.04300196 0.05738400 0.11984528 0.20297509 0.39770358 0.13870158 
291.00000000 0.04049893 0.04306219 0.05751156 0.11965585 0.20182799 0.39846997 0.13897351 
292.00000000 0.04060582 0.04312658 0.05764095 0.11947308 0.20073610 0.39917824 0.13923923 
293.00000000 0.04070927 0.04319508 0.05777218 0.11929777 0.19970030 0.39982687 0.13949853 
294.00000000 0.04080938 0.04326763 0.05790528 0.11913070 0.19872134 0.40041448 0.13975120 
295.00000000 0.04090622 0.04334416 0.05804022 0.11897261 0.19779992 0.40093980 0.13999708 
296.00000000 0.04099989 0.04342460 0.05817699 0.11882421 0.19693664 0.40140167 0.14023601 
297.00000000 0.04109049 0.04350888 0.05831557 0.11868617 0.19613199 0.40179904 0.14046786 
298.00000000 0.04117812 0.04359691 0.05845592 0.11855911 0.19538641 0.40213100 0.14069252 
299.00000000 0.04126289 0.04368861 0.05859802 0.11844359 0.19470023 0.40239674 0.14090992 
300.00000000 0.04134490 0.04378389 0.05874181 0.11834013 0.19407370 0.40259557 0.14111999 
301.00000000 0.04142427 0.04388266 0.05888724 0.11824921 0.19350701 0.40272692 0.14132270 
302.00000000 0.04150109 0.04398483 0.05903427 0.11817123 0.19300024 0.40279031 0.14151802 
303.00000000 0.04157550 0.04409029 0.05918283 0.11810657 0.19255341 0.40278542 0.14170598 
304.00000000 0.04164759 0.04419895 0.05933287 0.11805551 0.19216648 0.40271199 0.14188661 
305.00000000 0.04171750 0.04431069 0.05948432 0.11801831 0.19183931 0.40256992 0.14205995 
306.00000000 0.04178534 0.04442542 0.05963712 0.11799515 0.19157170 0.40235918 0.14222609 
307.00000000 0.04185122 0.04454302 0.05979121 0.11798617 0.19136337 0.40207988 0.14238512 
308.00000000 0.04191528 0.04466339 0.05994653 0.11799145 0.19121399 0.40173221 0.14253716 
309.00000000 0.04197763 0.04478640 0.06010301 0.11801100 0.19112313 0.40131648 0.14268235 
310.00000000 0.04203839 0.04491196 0.06026060 0.11804479 0.19109032 0.40083310 0.14282084 
311.00000000 0.04209769 0.04503992 0.06041923 0.11809273 0.19111501 0.40028259 0.14295282 
312.00000000 0.04215565 0.04517019 0.06057886 0.11815470 0.19119659 0.39966555 0.14307846 
313.00000000 0.04221239 0.04530265 0.06073942 0.11823050 0.19133437 0.39898270 0.14319798 
314.00000000 0.04226804 0.04543716 0.06090087 0.11831991 0.19152760 0.39823482 0.14331160 
315.00000000 0.04232272 0.04557361 0.06106317 0.11842266 0.19177549 0.39742281 0.14341954 
316.00000000 0.04237655 0.04571188 0.06122628 0.11853842 0.19207714 0.39654767 0.14352206 
317.00000000 0.04242965 0.04585184 0.06139016 0.11866687 0.19243163 0.39561044 0.14361941 
318.00000000 0.04248215 0.04599337 0.06155478 0.11880760 0.19283794 0.39461230 0.14371186 
319.00000000 0.04253417 0.04613635 0.06172011 0.11896022 0.19329501 0.39355447 0.14379967 
320.00000000 0.04258582 0.04628065 0.06188614 0.11912428 0.19380172 0.39243828 0.14388312 
321.00000000 0.04263722 0.04642615 0.06205284 0.11929932 0.19435687 0.39126510 0.14396250 
322.00000000 0.04268849 0.04657272 0.06222021 0.11948487 0.19495920 0.39003642 0.14403809 
323.00000000 0.04273974 0.04672023 0.06238825 0.11968042 0.19560741 0.38875377 0.14411018 
324.00000000 0.04279108 0.04686858 0.06255695 0.11988548 0.19630011 0.38741875 0.14417907 
325.00000000 0.04284262 0.04701762 0.06272631 0.12009951 0.19703587 0.38603304 0.14424503 
326.00000000 0.04289447 0.04716724 0.06289634 0.12032201 0.19781320 0.38459838 0.14430835 
327.00000000 0.04294674 0.04731731 0.06306707 0.12055244 0.19863055 0.38311657 0.14436932 
328.00000000 0.04299951 0.04746772 0.06323849 0.12079029 0.19948630 0.38158947 0.14442822 
329.00000000 0.04305289 0.04761833 0.06341064 0.12103502 0.20037881 0.38001898 0.14448533 
330.00000000 0.04310698 0.04776904 0.06358353 0.12128613 0.20130634 0.37840707 0.14454090 
331.00000000 0.04316186 0.04791972 0.06375720 0.12154311 0.20226714 0.37675576 0.14459520 
332.00000000 0.04321762 0.04807026 0.06393167 0.12180546 0.20325939 0.37506711 0.14464849 
333.00000000 0.04327435 0.04822054 0.06410697 0.12207269 0.20428122 0.37334322 0.14470101 
334.00000000 0.04333212 0.04837044 0.06428312 0.12234435 0.20533073 0.37158625 0.14475300 
335.00000000 0.04339100 0.04851985 0.06446018 0.12261996 0.20640597 0.36979837 0.14480467 
336.00000000 0.04345106 0.04866866 0.06463816 0.12289910 0.20750495 0.36798180 0.14485626 
337.00000000 0.04351238 0.04881677 0.06481710 0.12318134 0.20862565 0.36613881 0.14490795 
338.00000000 0.04357501 0.04896405 0.06499704 0.12346629 0.20976600 0.36427166 0.14495996 
339.00000000 0.04363900 0.04911041 0.06517799 0.12375355 0.21092393 0.36238267 0.14501245 
340.00000000 0.04370441 0.04925574 0.06536000 0.12404278 0.21209731 0.36047415 0.14506560 
341.00000000 0.04377129 0.04939995 0.06554310 0.12433361 0.21328401 0.35854847 0.14511957 
342.00000000 0.04383967 0.04954292 0.06572729 0.12462575 0.21448189 0.35660797 0.14517451 
343.00000000 0.04390958 0.04968458 0.06591262 0.12491887 0.21568877 0.35465502 0.14523056 
344.00000000 0.04398107 0.04982481 0.06609909 0.12521270 0.21690247 0.35269202 0.14528784 
345.00000000 0.04405416 0.04996353 0.06628672 0.12550697 0.21812082 0.35072133 0.14534647 
346.00000000 0.04412886 0.05010065 0.06647553 0.12580144 0.21934162 0.34874535 0.14540654 
347.00000000 0.04420521 0.05023609 0.06666552 0.12609589 0.22056269 0.34676644 0.14546816 
348.00000000 0.04428320 0.05036976 0.06685669 0.12639010 0.22178185 0.34478699 0.14553141 
349.00000000 0.04436284 0.05050159 0.06704904 0.12668389 0.22299694 0.34280934 0.14559635 
350.00000000 0.04444415 0.05063149 0.06724257 0.12697709 0.22420580 0.34083585 0.14566306 
351.00000000 0.04452712 0.05075939 0.06743726 0.12726952 0.22540631 0.33886882 0.14573158 
352.00000000 0.04461174 0.05088524 0.06763309 0.12756106 0.22659635 0.33691057 0.14580195 
353.00000000 0.04469800 0.05100895 0.06783005 0.12785158 0.22777385 0.33496334 0.14587423 
354.00000000 0.04478590 0.05113047 0.06802810 0.12814096 0.22893675 0.33302939 0.14594842 
355.00000000 0.04487542 0.05124975 0.06822722 0.12842910 0.23008305 0.33111091 0.14602456 
356.00000000 0.04496655 0.05136672 0.06842736 0.12871592 0.23121076 0.32921006 0.14610265 
357.00000000 0.04505924 0.05148135 0.06862848 0.12900133 0.23231796 0.32732894 0.14618270 
358.00000000 0.04515350 0.05159358 0.06883054 0.12928529 0.23340277 0.32546962 0.14626470 
359.00000000 0.04524928 0.05170337 0.06903349 0.12956773 0.23446336 0.32363412 0.14634866 
360.00000000 0.04534656 0.05181070 0.06923726 0.12984860 0.23549795 0.32182437 0.14643456 
361.00000000 0.04544531 0.05191552 0.06944181 0.13012789 0.23650481 0.32004229 0.14652237 
362.00000000 0.04554549 0.05201782 0.06964706 0.13040556 0.23748230 0.31828968 0.14661208 
363.00000000 0.04564708 0.05211756 0.06985296 0.13068160 0.23842881 0.31656833 0.14670366 
364.00000000 0.04575004 0.05221474 0.07005943 0.13095600 0.23934281 0.31487991 0.14679706 
365.00000000 0.04585433 0.05230934 0.07026641 0.13122876 0.24022285 0.31322604 0.14689227 
366.00000000 0.04595991 0.05240135 0.07047382 0.13149988 0.24106754 0.31160827 0.14698922 
367.00000000 0.04606675 0.05249078 0.07068159 0.13176938 0.24187556 0.31002805 0.14708789 
368.00000000 0.04617481 0.05257761 0.07088964 0.13203728 0.24264568 0.30848677 0.14718822 
369.00000000 0.04628406 0.05266186 0.07109789 0.13230359 0.24337672 0.30698571 0.14729016 
370.00000000 0.04639446 0.05274354 0.07130628 0.13256835 0.24406762 0.30552610 0.14739365 
371.00000000 0.04650597 0.05282266 0.07151472 0.13283158 0.24471737 0.30410906 0.14749865 
372.00000000 0.04661856 0.05289925 0.07172315 0.13309331 0.24532505 0.30273561 0.14760508 
373.00000000 0.04673219 0.05297332 0.07193148 0.13335358 0.24588983 0.30140670 0.14771290 
374.00000000 0.04684682 0.05304490 0.07213966 0.13361242 0.24641097 0.30012318 0.14782204 
375.00000000 0.04696243 0.05311403 0.07234760 0.13386987 0.24688781 0.29888583 0.14793244 
376.00000000 0.04707898 0.05318074 0.07255524 0.13412596 0.24731976 0.29769529 0.14804402 
377.00000000 0.04719645 0.05324507 0.07276252 0.13438072 0.24770634 0.29655216 0.14815674 
378.00000000 0.04731479 0.05330706 0.07296938 0.13463418 0.24804716 0.29545691 0.14827051 
379.00000000 0.04743399 0.05336675 0.07317577 0.13488637 0.24834190 0.29440993 0.14838528 
380.00000000 0.04755402 0.05342420 0.07338162 0.13513730 0.24859034 0.29341154 0.14850098 
381.00000000 0.04767484 0.05347946 0.07358688 0.13538700 0.24879235 0.29246192 0.14861755 
382.00000000 0.04779644 0.05353258 0.07379153 0.13563546 0.24894788 0.29156121 0.14873491 
383.00000000 0.04791879 0.05358361 0.07399550 0.13588269 0.24905698 0.29070943 0.14885300 
384.00000000 0.04804186 0.05363262 0.07419878 0.13612868 0.24911977 0.28990653 0.14897176 
385.00000000 0.04816565 0.05367966 0.07440132 0.13637341 0.24913646 0.28915236 0.14909113 
386.00000000 0.04829011 0.05372481 0.07460311 0.13661685 0.24910737 0.28844670 0.14921105 
387.00000000 0.04841525 0.05376812 0.07480412 0.13685897 0.24903287 0.28778923 0.14933145 
388.00000000 0.04854102 0.05380965 0.07500433 0.13709971 0.24891343 0.28717957 0.14945228 
389.00000000 0.04866742 0.05384949 0.07520374 0.13733902 0.24874960 0.28661724 0.14957349 
390.00000000 0.04879443 0.05388768 0.07540234 0.13757681 0.24854201 0.28610171 0.14969503 
391.00000000 0.04892202 0.05392432 0.07560012 0.13781300 0.24829136 0.28563234 0.14981684 
392.00000000 0.04905018 0.05395946 0.07579709 0.13804749 0.24799844 0.28520847 0.14993887 
393.00000000 0.04917888 0.05399318 0.07599326 0.13828016 0.24766409 0.28482932 0.15006110 
394.00000000 0.04930812 0.05402555 0.07618864 0.13851089 0.24728926 0.28449407 0.15018347 
395.00000000 0.04943787 0.05405665 0.07638324 0.13873954 0.24687492 0.28420184 0.15030595 
396.00000000 0.04956810 0.05408654 0.07657708 0.13896595 0.24642214 0.28395168 0.15042850 
397.00000000 0.04969879 0.05411531 0.07677020 0.13918996 0.24593205 0.28374259 0.15055110 
398.00000000 0.04982993 0.05414303 0.07696260 0.13941139 0.24540582 0.28357351 0.15067371 
399.00000000 0.04996149 0.05416977 0.07715433 0.13963005 0.24484470 0.28344333 0.15079633 
400.00000000 0.05009344 0.05419561 0.07734541 0.13984575 0.24424998 0.28335088 0.15091892 
401.00000000 0.05022576 0.05422063 0.07753589 0.14005828 0.24362299 0.28329497 0.15104147 
402.00000000 0.05035841 0.05424491 0.07772579 0.14026743 0.24296514 0.28327435 0.15116397 
403.00000000 0.05049137 0.05426851 0.07791515 0.14047298 0.24227785 0.28328773 0.15128640 
404.00000000 0.05062461 0.05429151 0.07810403 0.14067471 0.24156259 0.28333379 0.15140877 
405.00000000 0.05075809 0.05431400 0.07829244 0.14087237 0.24082087 0.28341116 0.15153106 
406.00000000 0.05089178 0.05433605 0.07848045 0.14106575 0.24005422 0.28351846 0.15165328 
407.00000000 0.05102564 0.05435774 0.07866809 0.14125462 0.23926422 0.28365428 0.15177542 
408.00000000 0.05115963 0.05437914 0.07885541 0.14143873 0.23845244 0.28381716 0.15189748 
409.00000000 0.05129372 0.05440033 0.07904244 0.14161788 0.23762051 0.28400565 0.15201948 
410.00000000 0.05142785 0.05442138 0.07922923 0.14179183 0.23677003 0.28421826 0.15214142 
411.00000000 0.05156199 0.05444237 0.07941583 0.14196036 0.23590266 0.28445350 0.15226329 
412.00000000 0.05169609 0.05446337 0.07960228 0.14212329 0.23502002 0.28470984 0.15238511 
413.00000000 0.05183011 0.05448447 0.07978861 0.14228039 0.23412378 0.28498576 0.15250689 
414.00000000 0.05196399 0.05450572 0.07997487 0.14243150 0.23321557 0.28527973 0.15262863 
415.00000000 0.05209768 0.05452721 0.08016110 0.14257643 0.23229704 0.28559021 0.15275033 
416.00000000 0.05223115 0.05454901 0.08034732 0.14271504 0.23136983 0.28591566 0.15287200 
417.00000000 0.05236433 0.05457118 0.08053359 0.14284717 0.23043556 0.28625453 0.15299364 
418.00000000 0.05249717 0.05459380 0.08071993 0.14297270 0.22949585 0.28660529 0.15311526 
419.00000000 0.05262963 0.05461693 0.08090637 0.14309154 0.22855229 0.28696639 0.15323685 
420.00000000 0.05276165 0.05464064 0.08109294 0.14320359 0.22760645 0.28733632 0.15335841 
421.00000000 0.05289318 0.05466499 0.08127967 0.14330879 0.22665989 0.28771356 0.15347993 
422.00000000 0.05302416 0.05469004 0.08146660 0.14340710 0.22571412 0.28809659 0.15360140 
423.00000000 0.05315455 0.05471585 0.08165373 0.14349850 0.22477064 0.28848392 0.15372280 
424.00000000 0.05328429 0.05474249 0.08184109 0.14358299 0.22383092 0.28887409 0.15384412 
425.00000000 0.05341333 0.05477001 0.08202871 0.14366061 0.22289637 0.28926563 0.15396534 
426.00000000 0.05354163 0.05479845 0.08221661 0.14373139 0.22196839 0.28965710 0.15408643 
427.00000000 0.05366913 0.05482788 0.08240478 0.14379543 0.22104833 0.29004710 0.15420735 
428.00000000 0.05379579 0.05485833 0.08259326 0.14385281 0.22013750 0.29043423 0.15432808 
429.00000000 0.05392157 0.05488986 0.08278206 0.14390366 0.21923717 0.29081712 0.15444857 
430.00000000 0.05404642 0.05492250 0.08297117 0.14394813 0.21834855 0.29119446 0.15456877 
431.00000000 0.05417029 0.05495629 0.08316063 0.14398639 0.21747284 0.29156493 0.15468864 
432.00000000 0.05429316 0.05499128 0.08335042 0.14401863 0.21661115 0.29192725 0.15480812 
433.00000000 0.05441498 0.05502748 0.08354056 0.14404506 0.21576457 0.29228019 0.15492714 
434.00000000 0.05453572 0.05506494 0.08373105 0.14406593 0.21493414 0.29262255 0.15504566 
435.00000000 0.05465535 0.05510369 0.08392190 0.14408149 0.21412083 0.29295315 0.15516359 
436.00000000 0.05477383 0.05514373 0.08411311 0.14409201 0.21332560 0.29327086 0.15528087 
437.00000000 0.05489114 0.05518510 0.08430468 0.14409778 0.21254931 0.29357458 0.15539741 
438.00000000 0.05500725 0.05522782 0.08449661 0.14409912 0.21179280 0.29386326 0.15551314 
439.00000000 0.05512215 0.05527189 0.08468890 0.14409634 0.21105686 0.29413589 0.15562797 
440.00000000 0.05523581 0.05531734 0.08488155 0.14408979 0.21034221 0.29439149 0.15574182 
441.00000000 0.05534821 0.05536417 0.08507456 0.14407981 0.20964955 0.29462912 0.15585459 
442.00000000 0.05545934 0.05541239 0.08526792 0.14406676 0.20897949 0.29484790 0.15596620 
443.00000000 0.05556918 0.05546200 0.08546164 0.14405102 0.20833261 0.29504699 0.15607656 
444.00000000 0.05567774 0.05551301 0.08565572 0.14403295 0.20770946 0.29522557 0.15618555 
445.00000000 0.05578499 0.05556542 0.08585014 0.14401295 0.20711050 0.29538290 0.15629311 
446.00000000 0.05589094 0.05561923 0.08604491 0.14399139 0.20653617 0.29551825 0.15639912 
447.00000000 0.05599557 0.05567443 0.08624003 0.14396866 0.20598685 0.29563096 0.15650349 
448.00000000 0.05609890 0.05573102 0.08643549 0.14394517 0.20546289 0.29572040 0.15660613 
449.00000000 0.05620092 0.05578899 0.08663128 0.14392128 0.20496457 0.29578600 0.15670696 
450.00000000 0.05630163 0.05584834 0.08682741 0.14389739 0.20449213 0.29582723 0.15680587 
451.00000000 0.05640104 0.05590905 0.08702387 0.14387388 0.20404578 0.29584360 0.15690278 
452.00000000 0.05649915 0.05597111 0.08722066 0.14385112 0.20362568 0.29583467 0.15699760 
453.00000000 0.05659598 0.05603452 0.08741778 0.14382949 0.20323193 0.29580004 0.15709027 
454.00000000 0.05669152 0.05609925 0.08761522 0.14380934 0.20286461 0.29573937 0.15718069 
455.00000000 0.05678580 0.05616529 0.08781298 0.14379103 0.20252375 0.29565235 0.15726881 
456.00000000 0.05687882 0.05623264 0.08801105 0.14377489 0.20220934 0.29553872 0.15735455 
457.00000000 0.05697059 0.05630126 0.08820943 0.14376125 0.20192133 0.29539828 0.15743785 
458.00000000 0.05706113 0.05637115 0.08840813 0.14375042 0.20165965 0.29523086 0.15751866 
459.00000000 0.05715046 0.05644229 0.08860713 0.14374270 0.20142417 0.29503632 0.15759694 
460.00000000 0.05723858 0.05651465 0.08880643 0.14373837 0.20121473 0.29481461 0.15767264 
461.00000000 0.05732552 0.05658822 0.08900603 0.14373770 0.20103114 0.29456567 0.15774572 
462.00000000 0.05741130 0.05666298 0.08920592 0.14374093 0.20087318 0.29428952 0.15781617 
463.00000000 0.05749592 0.05673890 0.08940610 0.14374830 0.20074059 0.29398621 0.15788397 
464.00000000 0.05757941 0.05681597 0.08960657 0.14376002 0.20063309 0.29365584 0.15794910 
465.00000000 0.05766179 0.05689415 0.08980731 0.14377628 0.20055036 0.29329854 0.15801157 
466.00000000 0.05774307 0.05697343 0.09000833 0.14379725 0.20049204 0.29291450 0.15807138 
467.00000000 0.05782329 0.05705377 0.09020962 0.14382308 0.20045777 0.29250392 0.15812854 
468.00000000 0.05790245 0.05713515 0.09041117 0.14385392 0.20044715 0.29206707 0.15818309 
469.00000000 0.05798059 0.05721754 0.09061297 0.14388986 0.20045973 0.29160425 0.15823506 
470.00000000 0.05805772 0.05730091 0.09081501 0.14393101 0.20049507 0.29111580 0.15828448 
471.00000000 0.05813387 0.05738522 0.09101730 0.14397743 0.20055268 0.29060209 0.15833141 
472.00000000 0.05820906 0.05747044 0.09121982 0.14402918 0.20063207 0.29006353 0.15837590 
473.00000000 0.05828332 0.05755654 0.09142256 0.14408630 0.20073270 0.28950056 0.15841802 
474.00000000 0.05835667 0.05764347 0.09162551 0.14414879 0.20085403 0.28891368 0.15845784 
475.00000000 0.05842915 0.05773119 0.09182867 0.14421666 0.20099549 0.28830340 0.15849544 
476.00000000 0.05850077 0.05781967 0.09203201 0.14428987 0.20115648 0.28767027 0.15853092 
477.00000000 0.05857158 0.05790885 0.09223554 0.14436839 0.20133639 0.28701488 0.15856437 
478.00000000 0.05864160 0.05799869 0.09243924 0.14445217 0.20153460 0.28633782 0.15859588 
479.00000000 0.05871086 0.05808915 0.09264309 0.14454113 0.20175045 0.28563975 0.15862557 
480.00000000 0.05877940 0.05818016 0.09284709 0.14463519 0.20198328 0.28492133 0.15865355 
481.00000000 0.05884724 0.05827167 0.09305123 0.14473424 0.20223241 0.28418327 0.15867994 
482.00000000 0.05891444 0.05836363 0.09325549 0.14483817 0.20249713 0.28342628 0.15870486 
483.00000000 0.05898102 0.05845598 0.09345985 0.14494686 0.20277674 0.28265111 0.15872844 
484.00000000 0.05904702 0.05854866 0.09366431 0.14506016 0.20307050 0.28185854 0.15875081 
485.00000000 0.05911249 0.05864161 0.09386885 0.14517793 0.20337768 0.28104934 0.15877210 
486.00000000 0.05917747 0.05873476 0.09407346 0.14530001 0.20369751 0.28022433 0.15879246 
487.00000000 0.05924200 0.05882804 0.09427812 0.14542625 0.20402925 0.27938434 0.15881201 
488.00000000 0.05930612 0.05892138 0.09448282 0.14555646 0.20437209 0.27853021 0.15883091 
489.00000000 0.05936988 0.05901473 0.09468755 0.14569047 0.20472527 0.27766281 0.15884928 
490.00000000 0.05943334 0.05910800 0.09489229 0.14582811 0.20508798 0.27678301 0.15886728 
491.00000000 0.05949653 0.05920112 0.09509702 0.14596918 0.20545942 0.27589168 0.15888504 
492.00000000 0.05955951 0.05929402 0.09530175 0.14611350 0.20583878 0.27498974 0.15890271 
493.00000000 0.05962233 0.05938662 0.09550645 0.14626087 0.20622524 0.27407808 0.15892041 
494.00000000 0.05968505 0.05947886 0.09571110 0.14641112 0.20661798 0.27315761 0.15893829 
495.00000000 0.05974771 0.05957065 0.09591571 0.14656404 0.20701616 0.27222925 0.15895648 
496.00000000 0.05981037 0.05966191 0.09612024 0.14671946 0.20741897 0.27129393 0.15897511 
497.00000000 0.05987309 0.05975259 0.09632470 0.14687718 0.20782556 0.27035256 0.15899432 
498.00000000 0.05993593 0.05984259 0.09652907 0.14703702 0.20823511 0.26940608 0.15901421 
499.00000000 0.05999893 0.05993184 0.09673334 0.14719879 0.20864678 0.26845540 0.15903491 
500.00000000 0.06006216 0.06002028 0.09693750 0.14736233 0.20905974 0.26750144 0.15905654 
501.00000000 0.06012567 0.06010783 0.09714154 0.14752746 0.20947316 0.26654513 0.15907920 
502.00000000 0.06018953 0.06019441 0.09734545 0.14769400 0.20988623 0.26558738 0.15910300 
503.00000000 0.06025378 0.06027996 0.09754922 0.14786181 0.21029812 0.26462909 0.15912803 
504.00000000 0.06031848 0.06036441 0.09775283 0.14803071 0.21070801 0.26367117 0.15915439 
505.00000000 0.06038369 0.06044770 0.09795629 0.14820056 0.21111511 0.26271450 0.15918215 
506.00000000 0.06044947 0.06052975 0.09815959 0.14837122 0.21151862 0.26175996 0.15921139 
507.00000000 0.06051587 0.06061051 0.09836271 0.14854254 0.21191775 0.26080842 0.15924219 
508.00000000 0.06058294 0.06068992 0.09856565 0.14871440 0.21231174 0.25986074 0.15927461 
509.00000000 0.06065074 0.06076792 0.09876841 0.14888667 0.21269981 0.25891775 0.15930870 
510.00000000 0.06071931 0.06084446 0.09897097 0.14905922 0.21308123 0.25798029 0.15934451 
511.00000000 0.06078871 0.06091949 0.09917334 0.14923195 0.21345526 0.25704917 0.15938209 
512.00000000 0.06085898 0.06099296 0.09937551 0.14940475 0.21382118 0.25612516 0.15942146 
513.00000000 0.06093017 0.06106482 0.09957748 0.14957752 0.21417831 0.25520907 0.15946264 
514.00000000 0.06100232 0.06113504 0.09977923 0.14975017 0.21452595 0.25430162 0.15950567 
515.00000000 0.06107547 0.06120357 0.09998078 0.14992260 0.21486346 0.25340358 0.15955054 
516.00000000 0.06114967 0.06127038 0.10018211 0.15009474 0.21519019 0.25251564 0.15959726 
517.00000000 0.06122495 0.06133544 0.10038323 0.15026652 0.21550553 0.25163850 0.15964583 
518.00000000 0.06130134 0.06139873 0.10058413 0.15043785 0.21580889 0.25077284 0.15969623 
519.00000000 0.06137887 0.06146021 0.10078481 0.15060868 0.21609969 0.24991930 0.15974844 
520.00000000 0.06145758 0.06151987 0.10098527 0.15077894 0.21637740 0.24907851 0.15980244 
521.00000000 0.06153748 0.06157769 0.10118551 0.15094858 0.21664149 0.24825106 0.15985819 
522.00000000 0.06161860 0.06163366 0.10138554 0.15111754 0.21689148 0.24743753 0.15991565 
523.00000000 0.06170096 0.06168776 0.10158534 0.15128578 0.21712689 0.24663847 0.15997479 
524.00000000 0.06178458 0.06174000 0.10178493 0.15145325 0.21734730 0.24585439 0.16003554 
525.00000000 0.06186946 0.06179037 0.10198431 0.15161992 0.21755228 0.24508581 0.16009785 
526.00000000 0.06195562 0.06183886 0.10218346 0.15178574 0.21774148 0.24433317 0.16016166 
527.00000000 0.06204306 0.06188549 0.10238241 0.15195068 0.21791453 0.24359692 0.16022691 
528.00000000 0.06213179 0.06193027 0.10258115 0.15211470 0.21807111 0.24287748 0.16029350 
529.00000000 0.06222180 0.06197319 0.10277968 0.15227779 0.21821094 0.24217521 0.16036138 
530.00000000 0.06231310 0.06201429 0.10297800 0.15243991 0.21833375 0.24149048 0.16043047 
531.00000000 0.06240566 0.06205358 0.10317613 0.15260103 0.21843933 0.24082361 0.16050067 
532.00000000 0.06249949 0.06209107 0.10337405 0.15276114 0.21852747 0.24017488 0.16057190 
533.00000000 0.06259457 0.06212680 0.10357178 0.15292021 0.21859801 0.23954456 0.16064408 
534.00000000 0.06269087 0.06216079 0.10376933 0.15307822 0.21865081 0.23893288 0.16071710 
535.00000000 0.06278839 0.06219307 0.10396668 0.15323515 0.21868577 0.23834004 0.16079089 
536.00000000 0.06288710 0.06222368 0.10416386 0.15339099 0.21870283 0.23776621 0.16086533 
537.00000000 0.06298697 0.06225265 0.10436085 0.15354571 0.21870194 0.23721153 0.16094035 
538.00000000 0.06308797 0.06228003 0.10455767 0.15369930 0.21868310 0.23667610 0.16101583 
539.00000000 0.06319007 0.06230586 0.10475432 0.15385174 0.21864633 0.23615999 0.16109169 
540.00000000 0.06329324 0.06233017 0.10495081 0.15400302 0.21859167 0.23566326 0.16116783 
541.00000000 0.06339743 0.06235303 0.10514713 0.15415312 0.21851923 0.23518592 0.16124414 
542.00000000 0.06350261 0.06237447 0.10534330 0.15430202 0.21842911 0.23472794 0.16132055 
543.00000000 0.06360874 0.06239456 0.10553931 0.15444970 0.21832146 0.23428928 0.16139695 
544.00000000 0.06371576 0.06241335 0.10573518 0.15459616 0.21819645 0.23386986 0.16147325 
545.00000000 0.06382365 0.06243089 0.10593090 0.15474136 0.21805428 0.23346956 0.16154936 
546.00000000 0.06393233 0.06244724 0.10612648 0.15488530 0.21789519 0.23308826 0.16162519 
547.00000000 0.06404177 0.06246247 0.10632192 0.15502795 0.21771944 0.23272578 0.16170066 
548.00000000 0.06415192 0.06247664 0.10651722 0.15516929 0.21752732 0.23238192 0.16177569 
549.00000000 0.06426271 0.06248980 0.10671240 0.15530931 0.21731913 0.23205646 0.16185019 
550.00000000 0.06437410 0.06250203 0.10690744 0.15544797 0.21709521 0.23174915 0.16192409 
551.00000000 0.06448603 0.06251340 0.10710237 0.15558525 0.21685594 0.23145970 0.16199732 
552.00000000 0.06459844 0.06252396 0.10729716 0.15572114 0.21660170 0.23118780 0.16206980 
553.00000000 0.06471127 0.06253379 0.10749184 0.15585560 0.21633290 0.23093313 0.16214148 
554.00000000 0.06482446 0.06254296 0.10768640 0.15598860 0.21604997 0.23069533 0.16221228 
555.00000000 0.06493796 0.06255154 0.10788084 0.15612012 0.21575337 0.23047401 0.16228215 
556.00000000 0.06505170 0.06255960 0.10807516 0.15625012 0.21544359 0.23026878 0.16235104 
557.00000000 0.06516563 0.06256720 0.10826937 0.15637858 0.21512111 0.23007920 0.16241890 
558.00000000 0.06527968 0.06257443 0.10846347 0.15650547 0.21478644 0.22990484 0.16248567 
559.00000000 0.06539380 0.06258135 0.10865745 0.15663074 0.21444013 0.22974521 0.16255133 
560.00000000 0.06550792 0.06258803 0.10885132 0.15675436 0.21408271 0.22959985 0.16261581 
561.00000000 0.06562198 0.06259454 0.10904508 0.15687631 0.21371475 0.22946824 0.16267910 
562.00000000 0.06573593 0.06260095 0.10923872 0.15699654 0.21333683 0.22934986 0.16274117 
563.00000000 0.06584970 0.06260734 0.10943225 0.15711502 0.21294953 0.22924419 0.16280197 
564.00000000 0.06596324 0.06261376 0.10962567 0.15723172 0.21255346 0.22915066 0.16286149 
565.00000000 0.06607649 0.06262029 0.10981898 0.15734659 0.21214922 0.22906873 0.16291971 
566.00000000 0.06618939 0.06262699 0.11001217 0.15745961 0.21173744 0.22899781 0.16297660 
567.00000000 0.06630189 0.06263392 0.11020525 0.15757074 0.21131873 0.22893731 0.16303215 
568.00000000 0.06641394 0.06264116 0.11039821 0.15767995 0.21089373 0.22888665 0.16308636 
569.00000000 0.06652548 0.06264875 0.11059106 0.15778722 0.21046307 0.22884523 0.16313919 
570.00000000 0.06663646 0.06265677 0.11078379 0.15789250 0.21002740 0.22881242 0.16319066 
571.00000000 0.06674683 0.06266527 0.11097641 0.15799579 0.20958735 0.22878762 0.16324074 
572.00000000 0.06685654 0.06267430 0.11116891 0.15809704 0.20914357 0.22877020 0.16328944 
573.00000000 0.06696555 0.06268392 0.11136129 0.15819625 0.20869669 0.22875954 0.16333675 
574.00000000 0.06707381 0.06269418 0.11155356 0.15829341 0.20824736 0.22875501 0.16338267 
575.00000000 0.06718128 0.06270514 0.11174571 0.15838849 0.20779620 0.22875598 0.16342720 
576.00000000 0.06728791 0.06271684 0.11193775 0.15848149 0.20734385 0.22876183 0.16347033 
577.00000000 0.06739367 0.06272932 0.11212967 0.15857241 0.20689094 0.22877192 0.16351207 
578.00000000 0.06749852 0.06274264 0.11232148 0.15866124 0.20643807 0.22878563 0.16355241 
579.00000000 0.06760243 0.06275682 0.11251317 0.15874801 0.20598586 0.22880234 0.16359136 
580.00000000 0.06770536 0.06277192 0.11270476 0.15883272 0.20553491 0.22882142 0.16362892 
581.00000000 0.06780728 0.06278796 0.11289623 0.15891538 0.20508581 0.22884226 0.16366509 
582.00000000 0.06790816 0.06280497 0.11308759 0.15899603 0.20463912 0.22886425 0.16369987 
583.00000000 0.06800798 0.06282300 0.11327885 0.15907469 0.20419543 0.22888679 0.16373326 
584.00000000 0.06810671 0.06284207 0.11347001 0.15915140 0.20375527 0.22890927 0.16376527 
585.00000000 0.06820433 0.06286220 0.11366106 0.15922621 0.20331919 0.22893113 0.16379588 
586.00000000 0.06830083 0.06288341 0.11385202 0.15929915 0.20288771 0.22895176 0.16382511 
587.00000000 0.06839618 0.06290574 0.11404289 0.15937029 0.20246133 0.22897062 0.16385296 
588.00000000 0.06849036 0.06292919 0.11423366 0.15943969 0.20204055 0.22898713 0.16387942 
589.00000000 0.06858338 0.06295378 0.11442435 0.15950740 0.20162584 0.22900076 0.16390448 
590.00000000 0.06867521 0.06297952 0.11461495 0.15957352 0.20121766 0.22901097 0.16392817 
591.00000000 0.06876586 0.06300643 0.11480547 0.15963810 0.20081644 0.22901724 0.16395046 
592.00000000 0.06885531 0.06303451 0.11499592 0.15970123 0.20042260 0.22901906 0.16397137 
593.00000000 0.06894356 0.06306377 0.11518630 0.15976301 0.20003655 0.22901593 0.16399089 
594.00000000 0.06903061 0.06309420 0.11537662 0.15982351 0.19965866 0.22900738 0.16400901 
595.00000000 0.06911646 0.06312582 0.11556687 0.15988284 0.19928931 0.22899294 0.16402575 
596.00000000 0.06920113 0.06315861 0.11575707 0.15994110 0.19892882 0.22897217 0.16404111 
597.00000000 0.06928461 0.06319257 0.11594721 0.15999838 0.19857752 0.22894463 0.16405507 
598.00000000 0.06936691 0.06322770 0.11613731 0.16005479 0.19823572 0.22890991 0.16406766 
599.00000000 0.06944805 0.06326398 0.11632736 0.16011044 0.19790370 0.22886761 0.16407886 
600.00000000 0.06952804 0.06330140 0.11651737 0.16016543 0.19758172 0.22881735 0.16408869 
601.00000000 0.06960689 0.06333995 0.11670735 0.16021988 0.19727003 0.22875876 0.16409714 
602.00000000 0.06968463 0.06337960 0.11689730 0.16027388 0.19696884 0.22869150 0.16410424 
603.00000000 0.06976126 0.06342036 0.11708722 0.16032756 0.19667836 0.22861525 0.16410998 
604.00000000 0.06983682 0.06346218 0.11727713 0.16038102 0.19639878 0.22852970 0.16411438 
605.00000000 0.06991133 0.06350504 0.11746701 0.16043437 0.19613024 0.22843457 0.16411744 
606.00000000 0.06998481 0.06354893 0.11765687 0.16048772 0.19587291 0.22832957 0.16411919 
607.00000000 0.07005728 0.06359382 0.11784673 0.16054116 0.19562689 0.22821448 0.16411964 
608.00000000 0.07012879 0.06363966 0.11803658 0.16059481 0.19539230 0.22808905 0.16411881 
609.00000000 0.07019935 0.06368645 0.11822642 0.16064877 0.19516921 0.22795309 0.16411671 
610.00000000 0.07026901 0.06373413 0.11841625 0.16070313 0.19495770 0.22780640 0.16411338 
611.00000000 0.07033779 0.06378268 0.11860609 0.16075798 0.19475780 0.22764882 0.16410884 
612.00000000 0.07040573 0.06383206 0.11879593 0.16081342 0.19456954 0.22748020 0.16410312 
613.00000000 0.07047286 0.06388224 0.11898577 0.16086953 0.19439294 0.22730042 0.16409624 
614.00000000 0.07053923 0.06393317 0.11917562 0.16092640 0.19422797 0.22710937 0.16408824 
615.00000000 0.07060487 0.06398482 0.11936547 0.16098410 0.19407462 0.22690697 0.16407916 
616.00000000 0.07066982 0.06403714 0.11955533 0.16104271 0.19393282 0.22669315 0.16406904 
617.00000000 0.07073411 0.06409009 0.11974520 0.16110229 0.19380253 0.22646787 0.16405791 
618.00000000 0.07079780 0.06414364 0.11993508 0.16116292 0.19368364 0.22623111 0.16404581 
619.00000000 0.07086092 0.06419772 0.12012497 0.16122464 0.19357607 0.22598287 0.16403280 
620.00000000 0.07092351 0.06425231 0.12031487 0.16128753 0.19347970 0.22572316 0.16401892 
621.00000000 0.07098562 0.06430736 0.12050478 0.16135161 0.19339438 0.22545203 0.16400421 
622.00000000 0.07104729 0.06436282 0.12069470 0.16141696 0.19331998 0.22516952 0.16398874 
623.00000000 0.07110856 0.06441864 0.12088464 0.16148359 0.19325632 0.22487572 0.16397254 
624.00000000 0.07116946 0.06447478 0.12107459 0.16155156 0.19320321 0.22457071 0.16395568 
625.00000000 0.07123006 0.06453119 0.12126455 0.16162089 0.19316047 0.22425463 0.16393822 
626.00000000 0.07129038 0.06458783 0.12145452 0.16169161 0.19312786 0.22392759 0.16392020 
627.00000000 0.07135047 0.06464465 0.12164451 0.16176374 0.19310518 0.22358976 0.16390169 
628.00000000 0.07141037 0.06470161 0.12183451 0.16183732 0.19309216 0.22324129 0.16388275 
629.00000000 0.07147012 0.06475865 0.12202452 0.16191234 0.19308856 0.22288238 0.16386343 
630.00000000 0.07152977 0.06481574 0.12221454 0.16198882 0.19309410 0.22251323 0.16384380 
631.00000000 0.07158934 0.06487284 0.12240457 0.16206677 0.19310849 0.22213406 0.16382393 
632.00000000 0.07164889 0.06492989 0.12259461 0.16214620 0.19313145 0.22174510 0.16380386 
633.00000000 0.07170845 0.06498685 0.12278466 0.16222711 0.19316267 0.22134660 0.16378367 
634.00000000 0.07176805 0.06504369 0.12297472 0.16230950 0.19320181 0.22093882 0.16376342 
635.00000000 0.07182773 0.06510035 0.12316479 0.16239335 0.19324857 0.22052205 0.16374316 
636.00000000 0.07188753 0.06515681 0.12335487 0.16247867 0.19330258 0.22009658 0.16372296 
637.00000000 0.07194749 0.06521302 0.12354495 0.16256543 0.19336351 0.21966271 0.16370289 
638.00000000 0.07200763 0.06526895 0.12373504 0.16265364 0.19343100 0.21922075 0.16368299 
639.00000000 0.07206798 0.06532455 0.12392514 0.16274327 0.19350467 0.21877104 0.16366334 
640.00000000 0.07212859 0.06537979 0.12411525 0.16283430 0.19358417 0.21831392 0.16364400 
641.00000000 0.07218946 0.06543464 0.12430535 0.16292671 0.19366910 0.21784972 0.16362501 
642.00000000 0.07225065 0.06548907 0.12449547 0.16302047 0.19375909 0.21737882 0.16360644 
643.00000000 0.07231216 0.06554303 0.12468558 0.16311556 0.19385374 0.21690157 0.16358835 
644.00000000 0.07237403 0.06559651 0.12487570 0.16321196 0.19395266 0.21641836 0.16357078 
645.00000000 0.07243628 0.06564947 0.12506581 0.16330962 0.19405546 0.21592955 0.16355380 
646.00000000 0.07249893 0.06570188 0.12525593 0.16340852 0.19416173 0.21543554 0.16353746 
647.00000000 0.07256201 0.06575373 0.12544604 0.16350861 0.19427108 0.21493673 0.16352180 
648.00000000 0.07262553 0.06580497 0.12563615 0.16360986 0.19438310 0.21443350 0.16350688 
649.00000000 0.07268950 0.06585560 0.12582626 0.16371224 0.19449739 0.21392626 0.16349275 
650.00000000 0.07275396 0.06590558 0.12601636 0.16381568 0.19461355 0.21341542 0.16347944 
651.00000000 0.07281891 0.06595490 0.12620645 0.16392016 0.19473118 0.21290138 0.16346701 
652.00000000 0.07288437 0.06600354 0.12639653 0.16402562 0.19484989 0.21238455 0.16345550 
653.00000000 0.07295036 0.06605148 0.12658660 0.16413201 0.19496928 0.21186533 0.16344495 
654.00000000 0.07301687 0.06609870 0.12677665 0.16423928 0.19508897 0.21134414 0.16343539 
655.00000000 0.07308392 0.06614518 0.12696669 0.16434738 0.19520856 0.21082139 0.16342686 
656.00000000 0.07315153 0.06619092 0.12715671 0.16445626 0.19532768 0.21029749 0.16341940 
657.00000000 0.07321970 0.06623590 0.12734671 0.16456586 0.19544596 0.20977283 0.16341304 
658.00000000 0.07328843 0.06628010 0.12753669 0.16467611 0.19556302 0.20924782 0.16340782 
659.00000000 0.07335774 0.06632353 0.12772664 0.16478697 0.19567851 0.20872287 0.16340375 
660.00000000 0.07342762 0.06636616 0.12791656 0.16489837 0.19579208 0.20819835 0.16340086 
661.00000000 0.07349807 0.06640799 0.12810645 0.16501025 0.19590338 0.20767468 0.16339918 
662.00000000 0.07356911 0.06644902 0.12829631 0.16512254 0.19601207 0.20715222 0.16339873 
663.00000000 0.07364073 0.06648923 0.12848613 0.16523519 0.19611783 0.20663136 0.16339953 
664.00000000 0.07371293 0.06652863 0.12867592 0.16534813 0.19622034 0.20611246 0.16340159 
665.00000000 0.07378572 0.06656721 0.12886566 0.16546129 0.19631929 0.20559590 0.16340493 
666.00000000 0.07385907 0.06660497 0.12905535 0.16557462 0.19641440 0.20508203 0.16340956 
667.00000000 0.07393301 0.06664190 0.12924500 0.16568804 0.19650537 0.20457119 0.16341549 
668.00000000 0.07400751 0.06667801 0.12943459 0.16580150 0.19659192 0.20406374 0.16342273 
669.00000000 0.07408258 0.06671330 0.12962413 0.16591492 0.19667380 0.20355999 0.16343127 
670.00000000 0.07415821 0.06674777 0.12981362 0.16602826 0.19675076 0.20306027 0.16344112 
671.00000000 0.07423439 0.06678142 0.13000304 0.16614144 0.19682254 0.20256488 0.16345228 
672.00000000 0.07431112 0.06681425 0.13019240 0.16625441 0.19688893 0.20207414 0.16346475 
673.00000000 0.07438839 0.06684628 0.13038170 0.16636710 0.19694970 0.20158833 0.16347851 
674.00000000 0.07446618 0.06687750 0.13057092 0.16647946 0.19700466 0.20110772 0.16349356 
675.00000000 0.07454449 0.06690793 0.13076007 0.16659143 0.19705361 0.20063259 0.16350988 
676.00000000 0.07462331 0.06693757 0.13094914 0.16670295 0.19709637 0.20016318 0.16352747 
677.00000000 0.07470263 0.06696642 0.13113813 0.16681398 0.19713278 0.19969976 0.16354630 
678.00000000 0.07478243 0.06699451 0.13132704 0.16692446 0.19716267 0.19924254 0.16356635 
679.00000000 0.07486270 0.06702183 0.13151587 0.16703435 0.19718591 0.19879174 0.16358760 
680.00000000 0.07494343 0.06704841 0.13170460 0.16714359 0.19720237 0.19834758 0.16361002 
681.00000000 0.07502461 0.06707424 0.13189324 0.16725214 0.19721193 0.19791024 0.16363359 
682.00000000 0.07510622 0.06709935 0.13208178 0.16735997 0.19721449 0.19747992 0.16365827 
683.00000000 0.07518824 0.06712375 0.13227023 0.16746703 0.19720995 0.19705677 0.16368403 
684.00000000 0.07527066 0.06714745 0.13245857 0.16757328 0.19719824 0.19664097 0.16371084 
685.00000000 0.07535347 0.06717046 0.13264680 0.16767869 0.19717928 0.19623264 0.16373865 
686.00000000 0.07543665 0.06719281 0.13283492 0.16778324 0.19715302 0.19583193 0.16376743 
687.00000000 0.07552017 0.06721451 0.13302292 0.16788689 0.19711943 0.19543895 0.16379713 
688.00000000 0.07560403 0.06723557 0.13321081 0.16798961 0.19707846 0.19505381 0.16382770 
689.00000000 0.07568821 0.06725602 0.13339858 0.16809139 0.19703010 0.19467660 0.16385911 
690.00000000 0.07577268 0.06727587 0.13358622 0.16819220 0.19697434 0.19430741 0.16389129 
691.00000000 0.07585743 0.06729513 0.13377373 0.16829202 0.19691119 0.19394629 0.16392421 
692.00000000 0.07594244 0.06731384 0.13396110 0.16839083 0.19684067 0.19359332 0.16395780 
693.00000000 0.07602769 0.06733201 0.13414834 0.16848864 0.19676279 0.19324852 0.16399201 
694.00000000 0.07611316 0.06734967 0.13433544 0.16858541 0.19667761 0.19291193 0.16402678 
695.00000000 0.07619882 0.06736682 0.13452240 0.16868114 0.19658517 0.19258358 0.16406207 
696.00000000 0.07628467 0.06738350 0.13470920 0.16877583 0.19648553 0.19226346 0.16409780 
697.00000000 0.07637068 0.06739973 0.13489586 0.16886947 0.19637877 0.19195157 0.16413392 
698.00000000 0.07645683 0.06741552 0.13508235 0.16896206 0.19626496 0.19164790 0.16417037 
699.00000000 0.07654309 0.06743091 0.13526869 0.16905360 0.19614420 0.19135242 0.16420708 
700.00000000 0.07662945 0.06744592 0.13545487 0.16914409 0.19601660 0.19106508 0.16424400 
701.00000000 0.07671589 0.06746056 0.13564088 0.16923352 0.19588226 0.19078584 0.16428106 
702.00000000 0.07680238 0.06747487 0.13582672 0.16932191 0.19574130 0.19051462 0.16431819 
703.00000000 0.07688891 0.06748887 0.13601239 0.16940926 0.19559387 0.19025137 0.16435534 
704.00000000 0.07697544 0.06750259 0.13619788 0.16949557 0.19544010 0.18999599 0.16439243 
705.00000000 0.07706197 0.06751604 0.13638320 0.16958086 0.19528013 0.18974838 0.16442941 
706.00000000 0.07714847 0.06752926 0.13656833 0.16966514 0.19511413 0.18950845 0.16446621 
707.00000000 0.07723492 0.06754227 0.13675329 0.16974841 0.19494226 0.18927607 0.16450277 
708.00000000 0.07732130 0.06755510 0.13693805 0.16983069 0.19476470 0.18905113 0.16453903 
709.00000000 0.07740758 0.06756777 0.13712264 0.16991199 0.19458163 0.18883348 0.16457491 
710.00000000 0.07749376 0.06758031 0.13730703 0.16999233 0.19439323 0.18862297 0.16461037 
711.00000000 0.07757980 0.06759274 0.13749124 0.17007172 0.19419970 0.18841947 0.16464534 
712.00000000 0.07766568 0.06760509 0.13767526 0.17015017 0.19400125 0.18822279 0.16467976 
713.00000000 0.07775140 0.06761739 0.13785908 0.17022770 0.19379808 0.18803278 0.16471357 
714.00000000 0.07783692 0.06762966 0.13804272 0.17030434 0.19359040 0.18784924 0.16474671 
715.00000000 0.07792224 0.06764193 0.13822617 0.17038009 0.19337843 0.18767200 0.16477914 
716.00000000 0.07800732 0.06765423 0.13840943 0.17045498 0.19316241 0.18750085 0.16481079 
717.00000000 0.07809216 0.06766657 0.13859250 0.17052903 0.19294255 0.18733559 0.16484161 
718.00000000 0.07817673 0.06767898 0.13877539 0.17060225 0.19271909 0.18717601 0.16487155 
719.00000000 0.07826102 0.06769150 0.13895810 0.17067467 0.19249226 0.18702189 0.16490056 
720.00000000 0.07834502 0.06770413 0.13914062 0.17074631 0.19226231 0.18687301 0.16492860 
721.00000000 0.07842869 0.06771692 0.13932296 0.17081718 0.19202949 0.18672914 0.16495562 
722.00000000 0.07851204 0.06772987 0.13950513 0.17088731 0.19179403 0.18659005 0.16498157 
723.00000000 0.07859505 0.06774302 0.13968712 0.17095672 0.19155619 0.18645549 0.16500642 
724.00000000 0.07867769 0.06775638 0.13986895 0.17102543 0.19131621 0.18632522 0.16503013 
725.00000000 0.07875996 0.06776998 0.14005061 0.17109346 0.19107435 0.18619898 0.16505265 
726.00000000 0.07884185 0.06778384 0.14023212 0.17116084 0.19083086 0.18607654 0.16507396 
727.00000000 0.07892333 0.06779797 0.14041346 0.17122758 0.19058600 0.18595762 0.16509403 
728.00000000 0.07900441 0.06781241 0.14059466 0.17129371 0.19034002 0.18584198 0.16511282 
729.00000000 0.07908506 0.06782716 0.14077571 0.17135925 0.19009317 0.18572934 0.16513030 
730.00000000 0.07916529 0.06784225 0.14095663 0.17142422 0.18984571 0.18561945 0.16514646 
731.00000000 0.07924507 0.06785769 0.14113740 0.17148864 0.18959790 0.18551203 0.16516127 
732.00000000 0.07932440 0.06787350 0.14131805 0.17155253 0.18934997 0.18540683 0.16517471 
733.00000000 0.07940327 0.06788970 0.14149858 0.17161591 0.18910219 0.18530358 0.16518677 
734.00000000 0.07948167 0.06790629 0.14167899 0.17167881 0.18885480 0.18520200 0.16519743 
735.00000000 0.07955960 0.06792330 0.14185929 0.17174124 0.18860805 0.18510184 0.16520667 
736.00000000 0.07963706 0.06794074 0.14203949 0.17180322 0.18836217 0.18500282 0.16521450 
737.00000000 0.07971402 0.06795861 0.14221959 0.17186478 0.18811742 0.18490469 0.16522090 
738.00000000 0.07979050 0.06797692 0.14239960 0.17192592 0.18787402 0.18480718 0.16522587 
739.00000000 0.07986648 0.06799570 0.14257952 0.17198668 0.18763220 0.18471002 0.16522940 
740.00000000 0.07994196 0.06801494 0.14275936 0.17204706 0.18739221 0.18461298 0.16523151 
741.00000000 0.08001694 0.06803465 0.14293912 0.17210709 0.18715425 0.18451577 0.16523218 
742.00000000 0.08009141 0.06805484 0.14311882 0.17216677 0.18691855 0.18441817 0.16523143 
743.00000000 0.08016539 0.06807552 0.14329845 0.17222614 0.18668532 0.18431992 0.16522926 
744.00000000 0.08023885 0.06809669 0.14347803 0.17228520 0.18645476 0.18422079 0.16522569 
745.00000000 0.08031181 0.06811834 0.14365755 0.17234398 0.18622708 0.18412052 0.16522072 
746.00000000 0.08038426 0.06814049 0.14383703 0.17240248 0.18600248 0.18401890 0.16521436 
747.00000000 0.08045621 0.06816314 0.14401646 0.17246072 0.18578113 0.18391570 0.16520665 
748.00000000 0.08052765 0.06818628 0.14419585 0.17251873 0.18556322 0.18381070 0.16519758 
749.00000000 0.08059859 0.06820991 0.14437521 0.17257651 0.18534893 0.18370368 0.16518718 
750.00000000 0.08066902 0.06823404 0.14455454 0.17263407 0.18513841 0.18359444 0.16517548 
751.00000000 0.08073896 0.06825865 0.14473384 0.17269145 0.18493183 0.18348278 0.16516250 
752.00000000 0.08080841 0.06828375 0.14491311 0.17274864 0.18472933 0.18336850 0.16514825 
753.00000000 0.08087737 0.06830933 0.14509237 0.17280567 0.18453106 0.18325143 0.16513277 
754.00000000 0.08094584 0.06833539 0.14527160 0.17286256 0.18433715 0.18313139 0.16511608 
755.00000000 0.08101383 0.06836191 0.14545082 0.17291931 0.18414772 0.18300821 0.16509821 
756.00000000 0.08108134 0.06838889 0.14563003 0.17297594 0.18396288 0.18288172 0.16507919 
757.00000000 0.08114838 0.06841633 0.14580922 0.17303248 0.18378275 0.18275178 0.16505906 
758.00000000 0.08121496 0.06844421 0.14598840 0.17308893 0.18360741 0.18261825 0.16503784 
759.00000000 0.08128108 0.06847252 0.14616758 0.17314532 0.18343695 0.18248099 0.16501556 
760.00000000 0.08134675 0.06850126 0.14634674 0.17320166 0.18327144 0.18233988 0.16499227 
761.00000000 0.08141198 0.06853041 0.14652590 0.17325796 0.18311096 0.18219479 0.16496799 
762.00000000 0.08147677 0.06855997 0.14670505 0.17331426 0.18295556 0.18204564 0.16494275 
763.00000000 0.08154114 0.06858991 0.14688419 0.17337056 0.18280528 0.18189231 0.16491661 
764.00000000 0.08160508 0.06862022 0.14706333 0.17342689 0.18266017 0.18173472 0.16488958 
765.00000000 0.08166862 0.06865090 0.14724247 0.17348327 0.18252024 0.18157279 0.16486171 
766.00000000 0.08173175 0.06868193 0.14742159 0.17353971 0.18238552 0.18140646 0.16483304 
767.00000000 0.08179449 0.06871329 0.14760071 0.17359625 0.18225601 0.18123566 0.16480359 
768.00000000 0.08185686 0.06874496 0.14777983 0.17365289 0.18213170 0.18106035 0.16477342 
769.00000000 0.08191885 0.06877694 0.14795894 0.17370966 0.18201259 0.18088048 0.16474255 
770.00000000 0.08198048 0.06880921 0.14813803 0.17376658 0.18189865 0.18069602 0.16471103 
771.00000000 0.08204175 0.06884174 0.14831713 0.17382368 0.18178985 0.18050696 0.16467889 
772.00000000 0.08210270 0.06887453 0.14849621 0.17388098 0.18168615 0.18031327 0.16464617 
773.00000000 0.08216331 0.06890755 0.14867528 0.17393849 0.18158750 0.18011496 0.16461290 
774.00000000 0.08222361 0.06894080 0.14885434 0.17399625 0.18149383 0.17991203 0.16457914 
775.00000000 0.08228361 0.06897424 0.14903339 0.17405428 0.18140509 0.17970450 0.16454491 
776.00000000 0.08234331 0.06900786 0.14921242 0.17411259 0.18132119 0.17949238 0.16451025 
777.00000000 0.08240274 0.06904165 0.14939144 0.17417121 0.18124205 0.17927571 0.16447519 
778.00000000 0.08246190 0.06907558 0.14957045 0.17423017 0.18116757 0.17905453 0.16443979 
779.00000000 0.08252082 0.06910964 0.14974944 0.17428948 0.18109766 0.17882889 0.16440407 
780.00000000 0.08257949 0.06914380 0.14992841 0.17434917 0.18103222 0.17859884 0.16436807 
781.00000000 0.08263794 0.06917805 0.15010737 0.17440925 0.18097111 0.17836445 0.16433182 
782.00000000 0.08269619 0.06921237 0.15028630 0.17446975 0.18091423 0.17812578 0.16429537 
783.00000000 0.08275423 0.06924674 0.15046522 0.17453069 0.18086145 0.17788292 0.16425875 
784.00000000 0.08281210 0.06928113 0.15064411 0.17459207 0.18081263 0.17763595 0.16422199 
785.00000000 0.08286980 0.06931554 0.15082298 0.17465394 0.18076764 0.17738497 0.16418514 
786.00000000 0.08292735 0.06934993 0.15100182 0.17471628 0.18072633 0.17713006 0.16414822 
787.00000000 0.08298476 0.06938429 0.15118064 0.17477913 0.18068856 0.17687135 0.16411127 
788.00000000 0.08304205 0.06941860 0.15135943 0.17484250 0.18065416 0.17660893 0.16407432 
789.00000000 0.08309924 0.06945285 0.15153819 0.17490640 0.18062299 0.17634292 0.16403741 
790.00000000 0.08315634 0.06948700 0.15171692 0.17497084 0.18059488 0.17607345 0.16400057 
791.00000000 0.08321336 0.06952104 0.15189562 0.17503583 0.18056967 0.17580064 0.16396384 
792.00000000 0.08327032 0.06955495 0.15207429 0.17510138 0.18054720 0.17552463 0.16392724 
793.00000000 0.08332724 0.06958872 0.15225292 0.17516749 0.18052728 0.17524554 0.16389081 
794.00000000 0.08338413 0.06962232 0.15243151 0.17523418 0.18050976 0.17496352 0.16385458 
795.00000000 0.08344100 0.06965574 0.15261006 0.17530144 0.18049446 0.17467872 0.16381858 
796.00000000 0.08349788 0.06968895 0.15278858 0.17536927 0.18048121 0.17439128 0.16378284 
797.00000000 0.08355477 0.06972194 0.15296705 0.17543769 0.18046982 0.17410135 0.16374739 
798.00000000 0.08361170 0.06975470 0.15314547 0.17550668 0.18046013 0.17380908 0.16371225 
799.00000000 0.08366867 0.06978719 0.15332384 0.17557624 0.18045195 0.17351463 0.16367747 
800.00000000 0.08372571 0.06981942 0.15350217 0.17564637 0.18044512 0.17321816 0.16364306 
801.00000000 0.08378282 0.06985136 0.15368044 0.17571706 0.18043945 0.17291982 0.16360905 
802.00000000 0.08384002 0.06988299 0.15385865 0.17578831 0.18043477 0.17261979 0.16357546 
803.00000000 0.08389732 0.06991431 0.15403680 0.17586010 0.18043091 0.17231822 0.16354233 
804.00000000 0.08395475 0.06994529 0.15421490 0.17593242 0.18042770 0.17201528 0.16350967 
805.00000000 0.08401230 0.06997592 0.15439292 0.17600527 0.18042495 0.17171112 0.16347751 
806.00000000 0.08407000 0.07000619 0.15457088 0.17607861 0.18042251 0.17140593 0.16344588 
807.00000000 0.08412785 0.07003609 0.15474876 0.17615245 0.18042020 0.17109985 0.16341479 
808.00000000 0.08418587 0.07006560 0.15492657 0.17622676 0.18041787 0.17079306 0.16338426 
809.00000000 0.08424407 0.07009471 0.15510430 0.17630152 0.18041535 0.17048573 0.16335432 
810.00000000 0.08430246 0.07012342 0.15528195 0.17637672 0.18041248 0.17017801 0.16332498 
811.00000000 0.08436105 0.07015170 0.15545950 0.17645233 0.18040910 0.16987006 0.16329626 
812.00000000 0.08441985 0.07017955 0.15563697 0.17652832 0.18040507 0.16956206 0.16326817 
813.00000000 0.08447887 0.07020697 0.15581434 0.17660469 0.18040023 0.16925416 0.16324074 
814.00000000 0.08453812 0.07023394 0.15599161 0.17668139 0.18039444 0.16894653 0.16321397 
815.00000000 0.08459760 0.07026046 0.15616877 0.17675841 0.18038757 0.16863931 0.16318789 
816.00000000 0.08465734 0.07028651 0.15634582 0.17683572 0.18037946 0.16833266 0.16316249 
817.00000000 0.08471732 0.07031210 0.15652276 0.17691329 0.18037000 0.16802674 0.16313779 
818.00000000 0.08477756 0.07033722 0.15669959 0.17699108 0.18035905 0.16772170 0.16311380 
819.00000000 0.08483807 0.07036186 0.15687628 0.17706909 0.18034649 0.16741768 0.16309054 
820.00000000 0.08489884 0.07038602 0.15705286 0.17714726 0.18033220 0.16711484 0.16306799 
821.00000000 0.08495989 0.07040969 0.15722930 0.17722558 0.18031607 0.16681330 0.16304618 
822.00000000 0.08502122 0.07043288 0.15740560 0.17730401 0.18029799 0.16651321 0.16302510 
823.00000000 0.08508283 0.07045559 0.15758176 0.17738252 0.18027785 0.16621471 0.16300475 
824.00000000 0.08514472 0.07047780 0.15775777 0.17746108 0.18025557 0.16591792 0.16298514 
825.00000000 0.08520689 0.07049952 0.15793364 0.17753965 0.18023104 0.16562298 0.16296627 
826.00000000 0.08526936 0.07052076 0.15810935 0.17761821 0.18020418 0.16533000 0.16294814 
827.00000000 0.08533211 0.07054151 0.15828490 0.17769673 0.18017491 0.16503911 0.16293074 
828.00000000 0.08539515 0.07056177 0.15846028 0.17777516 0.18014314 0.16475043 0.16291407 
829.00000000 0.08545847 0.07058155 0.15863550 0.17785348 0.18010881 0.16446405 0.16289813 
830.00000000 0.08552208 0.07060085 0.15881055 0.17793167 0.18007186 0.16418010 0.16288290 
831.00000000 0.08558598 0.07061966 0.15898542 0.17800967 0.18003221 0.16389868 0.16286838 
832.00000000 0.08565015 0.07063801 0.15916011 0.17808748 0.17998982 0.16361987 0.16285456 
833.00000000 0.08571460 0.07065589 0.15933462 0.17816505 0.17994464 0.16334378 0.16284143 
834.00000000 0.08577932 0.07067331 0.15950894 0.17824235 0.17989662 0.16307048 0.16282898 
835.00000000 0.08584432 0.07069027 0.15968308 0.17831936 0.17984572 0.16280008 0.16281719 
836.00000000 0.08590957 0.07070678 0.15985702 0.17839604 0.17979191 0.16253264 0.16280605 
837.00000000 0.08597509 0.07072285 0.16003076 0.17847238 0.17973516 0.16226823 0.16279554 
838.00000000 0.08604085 0.07073848 0.16020431 0.17854834 0.17967545 0.16200693 0.16278565 
839.00000000 0.08610686 0.07075369 0.16037765 0.17862389 0.17961276 0.16174879 0.16277636 
840.00000000 0.08617311 0.07076848 0.16055080 0.17869901 0.17954707 0.16149388 0.16276765 
841.00000000 0.08623959 0.07078286 0.16072373 0.17877368 0.17947839 0.16124225 0.16275950 
842.00000000 0.08630629 0.07079685 0.16089647 0.17884788 0.17940670 0.16099394 0.16275189 
843.00000000 0.08637320 0.07081045 0.16106899 0.17892157 0.17933201 0.16074899 0.16274479 
844.00000000 0.08644032 0.07082367 0.16124130 0.17899475 0.17925432 0.16050745 0.16273819 
845.00000000 0.08650763 0.07083653 0.16141341 0.17906739 0.17917365 0.16026934 0.16273206 
846.00000000 0.08657512 0.07084903 0.16158530 0.17913947 0.17909002 0.16003469 0.16272637 
847.00000000 0.08664278 0.07086120 0.16175698 0.17921098 0.17900343 0.15980353 0.16272110 
848.00000000 0.08671061 0.07087303 0.16192844 0.17928190 0.17891393 0.15957585 0.16271623 
849.00000000 0.08677858 0.07088456 0.16209970 0.17935222 0.17882154 0.15935168 0.16271172 
850.00000000 0.08684670 0.07089578 0.16227074 0.17942192 0.17872629 0.15913102 0.16270755 
851.00000000 0.08691494 0.07090671 0.16244157 0.17949100 0.17862821 0.15891387 0.16270370 
852.00000000 0.08698329 0.07091737 0.16261219 0.17955943 0.17852736 0.15870023 0.16270012 
853.00000000 0.08705175 0.07092777 0.16278259 0.17962723 0.17842378 0.15849008 0.16269680 
854.00000000 0.08712029 0.07093793 0.16295279 0.17969436 0.17831752 0.15828341 0.16269370 
855.00000000 0.08718891 0.07094786 0.16312278 0.17976084 0.17820862 0.15808020 0.16269079 
856.00000000 0.08725759 0.07095757 0.16329256 0.17982666 0.17809715 0.15788042 0.16268805 
857.00000000 0.08732632 0.07096709 0.16346213 0.17989180 0.17798317 0.15768405 0.16268544 
858.00000000 0.08739508 0.07097642 0.16363150 0.17995628 0.17786674 0.15749104 0.16268293 
859.00000000 0.08746387 0.07098559 0.16380067 0.18002008 0.17774793 0.15730137 0.16268049 
860.00000000 0.08753265 0.07099461 0.16396964 0.18008322 0.17762680 0.15711499 0.16267810 
861.00000000 0.08760143 0.07100349 0.16413841 0.18014568 0.17750343 0.15693185 0.16267571 
862.00000000 0.08767019 0.07101225 0.16430698 0.18020748 0.17737789 0.15675190 0.16267330 
863.00000000 0.08773891 0.07102092 0.16447536 0.18026861 0.17725026 0.15657509 0.16267085 
864.00000000 0.08780758 0.07102949 0.16464355 0.18032908 0.17712063 0.15640135 0.16266831 
865.00000000 0.08787619 0.07103800 0.16481156 0.18038890 0.17698907 0.15623063 0.16266566 
866.00000000 0.08794472 0.07104645 0.16497938 0.18044807 0.17685566 0.15606286 0.16266287 
867.00000000 0.08801315 0.07105486 0.16514701 0.18050660 0.17672051 0.15589796 0.16265991 
868.00000000 0.08808147 0.07106325 0.16531447 0.18056450 0.17658369 0.15573587 0.16265675 
869.00000000 0.08814967 0.07107163 0.16548175 0.18062177 0.17644529 0.15557651 0.16265336 
870.00000000 0.08821774 0.07108003 0.16564887 0.18067843 0.17630542 0.15541980 0.16264972 
871.00000000 0.08828566 0.07108845 0.16581581 0.18073448 0.17616416 0.15526566 0.16264579 
872.00000000 0.08835341 0.07109690 0.16598259 0.18078993 0.17602160 0.15511401 0.16264156 
873.00000000 0.08842099 0.07110542 0.16614920 0.18084480 0.17587785 0.15496475 0.16263698 
874.00000000 0.08848838 0.07111400 0.16631566 0.18089910 0.17573300 0.15481781 0.16263205 
875.00000000 0.08855557 0.07112266 0.16648196 0.18095283 0.17558716 0.15467308 0.16262673 
876.00000000 0.08862254 0.07113142 0.16664812 0.18100602 0.17544041 0.15453048 0.16262100 
877.00000000 0.08868929 0.07114030 0.16681412 0.18105867 0.17529287 0.15438991 0.16261484 
878.00000000 0.08875580 0.07114929 0.16697998 0.18111080 0.17514462 0.15425127 0.16260823 
879.00000000 0.08882206 0.07115843 0.16714570 0.18116242 0.17499578 0.15411447 0.16260114 
880.00000000 0.08888805 0.07116771 0.16731128 0.18121354 0.17484645 0.15397941 0.16259355 
881.00000000 0.08895378 0.07117716 0.16747673 0.18126418 0.17469672 0.15384599 0.16258545 
882.00000000 0.08901922 0.07118678 0.16764205 0.18131435 0.17454669 0.15371410 0.16257681 
883.00000000 0.08908437 0.07119658 0.16780724 0.18136406 0.17439647 0.15358365 0.16256762 
884.00000000 0.08914922 0.07120658 0.16797231 0.18141333 0.17424616 0.15345453 0.16255786 
885.00000000 0.08921376 0.07121679 0.16813726 0.18146218 0.17409585 0.15332664 0.16254752 
886.00000000 0.08927798 0.07122720 0.16830209 0.18151062 0.17394565 0.15319987 0.16253658 
887.00000000 0.08934187 0.07123785 0.16846681 0.18155866 0.17379565 0.15307412 0.16252504 
888.00000000 0.08940543 0.07124872 0.16863142 0.18160632 0.17364595 0.15294929 0.16251287 
889.00000000 0.08946865 0.07125984 0.16879592 0.18165361 0.17349665 0.15282528 0.16250006 
890.00000000 0.08953152 0.07127120 0.16896031 0.18170055 0.17334783 0.15270198 0.16248662 
891.00000000 0.08959403 0.07128281 0.16912460 0.18174715 0.17319960 0.15257928 0.16247252 
892.00000000 0.08965618 0.07129469 0.16928880 0.18179344 0.17305204 0.15245709 0.16245776 
893.00000000 0.08971797 0.07130684 0.16945289 0.18183942 0.17290524 0.15233531 0.16244233 
894.00000000 0.08977940 0.07131925 0.16961689 0.18188510 0.17275929 0.15221383 0.16242624 
895.00000000 0.08984045 0.07133194 0.16978080 0.18193052 0.17261428 0.15209255 0.16240946 
896.00000000 0.08990112 0.07134492 0.16994461 0.18197567 0.17247028 0.15197138 0.16239201 
897.00000000 0.08996142 0.07135817 0.17010834 0.18202058 0.17232738 0.15185023 0.16237388 
898.00000000 0.09002134 0.07137171 0.17027198 0.18206526 0.17218565 0.15172899 0.16235506 
899.00000000 0.09008087 0.07138554 0.17043554 0.18210974 0.17204518 0.15160757 0.16233556 
900.00000000 0.09014003 0.07139966 0.17059901 0.18215401 0.17190602 0.15148588 0.16231538 
901.00000000 0.09019880 0.07141407 0.17076240 0.18219811 0.17176826 0.15136383 0.16229452 
902.00000000 0.09025719 0.07142878 0.17092571 0.18224203 0.17163196 0.15124134 0.16227299 
903.00000000 0.09031520 0.07144377 0.17108894 0.18228581 0.17149718 0.15111831 0.16225078 
904.00000000 0.09037284 0.07145905 0.17125209 0.18232946 0.17136399 0.15099467 0.16222790 
905.00000000 0.09043009 0.07147463 0.17141517 0.18237299 0.17123244 0.15087032 0.16220436 
906.00000000 0.09048697 0.07149049 0.17157816 0.18241641 0.17110258 0.15074521 0.16218017 
907.00000000 0.09054348 0.07150663 0.17174108 0.18245975 0.17097448 0.15061924 0.16215534 
908.00000000 0.09059962 0.07152305 0.17190393 0.18250302 0.17084816 0.15049235 0.16212986 
909.00000000 0.09065540 0.07153976 0.17206669 0.18254623 0.17072369 0.15036447 0.16210376 
910.00000000 0.09071082 0.07155673 0.17222939 0.18258940 0.17060110 0.15023552 0.16207704 
911.00000000 0.09076588 0.07157398 0.17239200 0.18263254 0.17048043 0.15010545 0.16204971 
912.00000000 0.09082060 0.07159149 0.17255454 0.18267567 0.17036171 0.14997420 0.16202179 
913.00000000 0.09087498 0.07160925 0.17271701 0.18271880 0.17024497 0.14984170 0.16199329 
914.00000000 0.09092902 0.07162727 0.17287940 0.18276195 0.17013024 0.14970790 0.16196422 
915.00000000 0.09098274 0.07164553 0.17304171 0.18280513 0.17001754 0.14957275 0.16193460 
916.00000000 0.09103613 0.07166403 0.17320395 0.18284836 0.16990689 0.14943620 0.16190444 
917.00000000 0.09108921 0.07168276 0.17336611 0.18289164 0.16979832 0.14929821 0.16187376 
918.00000000 0.09114199 0.07170171 0.17352819 0.18293499 0.16969182 0.14915873 0.16184257 
919.00000000 0.09119447 0.07172088 0.17369020 0.18297843 0.16958741 0.14901773 0.16181089 
920.00000000 0.09124667 0.07174025 0.17385212 0.18302197 0.16948509 0.14887518 0.16177873 
921.00000000 0.09129858 0.07175981 0.17401397 0.18306561 0.16938487 0.14873104 0.16174612 
922.00000000 0.09135023 0.07177956 0.17417573 0.18310937 0.16928675 0.14858528 0.16171307 
923.00000000 0.09140163 0.07179948 0.17433742 0.18315327 0.16919071 0.14843789 0.16167961 
924.00000000 0.09145277 0.07181957 0.17449902 0.18319731 0.16909675 0.14828884 0.16164574 
925.00000000 0.09150368 0.07183981 0.17466054 0.18324150 0.16900487 0.14813811 0.16161149 
926.00000000 0.09155436 0.07186020 0.17482198 0.18328586 0.16891503 0.14798570 0.16157687 
927.00000000 0.09160483 0.07188072 0.17498333 0.18333039 0.16882723 0.14783159 0.16154192 
928.00000000 0.09165509 0.07190135 0.17514460 0.18337511 0.16874144 0.14767578 0.16150664 
929.00000000 0.09170515 0.07192210 0.17530578 0.18342001 0.16865764 0.14751827 0.16147105 
930.00000000 0.09175504 0.07194294 0.17546687 0.18346512 0.16857580 0.14735905 0.16143519 
931.00000000 0.09180475 0.07196387 0.17562787 0.18351043 0.16849588 0.14719813 0.16139906 
932.00000000 0.09185431 0.07198488 0.17578879 0.18355596 0.16841787 0.14703552 0.16136269 
933.00000000 0.09190371 0.07200594 0.17594962 0.18360170 0.16834171 0.14687123 0.16132609 
934.00000000 0.09195298 0.07202705 0.17611035 0.18364768 0.16826737 0.14670527 0.16128929 
935.00000000 0.09200213 0.07204820 0.17627100 0.18369389 0.16819480 0.14653767 0.16125231 
936.00000000 0.09205116 0.07206937 0.17643155 0.18374034 0.16812398 0.14636844 0.16121517 
937.00000000 0.09210009 0.07209055 0.17659201 0.18378703 0.16805484 0.14619760 0.16117789 
938.00000000 0.09214894 0.07211173 0.17675237 0.18383397 0.16798733 0.14602519 0.16114048 
939.00000000 0.09219770 0.07213289 0.17691264 0.18388115 0.16792142 0.14585123 0.16110297 
940.00000000 0.09224639 0.07215403 0.17707282 0.18392859 0.16785703 0.14567576 0.16106538 
941.00000000 0.09229503 0.07217513 0.17723290 0.18397629 0.16779413 0.14549880 0.16102772 
942.00000000 0.09234363 0.07219618 0.17739288 0.18402424 0.16773265 0.14532040 0.16099001 
943.00000000 0.09239219 0.07221716 0.17755276 0.18407246 0.16767253 0.14514061 0.16095228 
944.00000000 0.09244073 0.07223807 0.17771255 0.18412093 0.16761372 0.14495945 0.16091455 
945.00000000 0.09248926 0.07225889 0.17787224 0.18416965 0.16755615 0.14477698 0.16087682 
946.00000000 0.09253779 0.07227962 0.17803183 0.18421864 0.16749976 0.14459324 0.16083911 
947.00000000 0.09258633 0.07230023 0.17819132 0.18426788 0.16744449 0.14440829 0.16080145 
948.00000000 0.09263489 0.07232072 0.17835071 0.18431738 0.16739026 0.14422218 0.16076386 
949.00000000 0.09268348 0.07234108 0.17851000 0.18436713 0.16733703 0.14403495 0.16072633 
950.00000000 0.09273210 0.07236129 0.17866919 0.18441713 0.16728471 0.14384667 0.16068891 
951.00000000 0.09278078 0.07238135 0.17882828 0.18446738 0.16723324 0.14365739 0.16065158 
952.00000000 0.09282951 0.07240125 0.17898727 0.18451787 0.16718255 0.14346717 0.16061439 
953.00000000 0.09287831 0.07242097 0.17914615 0.18456859 0.16713258 0.14327607 0.16057732 
954.00000000 0.09292719 0.07244051 0.17930494 0.18461955 0.16708325 0.14308415 0.16054041 
955.00000000 0.09297615 0.07245985 0.17946361 0.18467073 0.16703450 0.14289148 0.16050366 
956.00000000 0.09302520 0.07247900 0.17962219 0.18472213 0.16698626 0.14269812 0.16046709 
957.00000000 0.09307435 0.07249793 0.17978066 0.18477375 0.16693846 0.14250414 0.16043071 
958.00000000 0.09312360 0.07251664 0.17993903 0.18482557 0.16689103 0.14230959 0.16039452 
959.00000000 0.09317297 0.07253513 0.18009729 0.18487759 0.16684390 0.14211456 0.16035855 
960.00000000 0.09322246 0.07255338 0.18025545 0.18492981 0.16679701 0.14191910 0.16032280 
961.00000000 0.09327208 0.07257139 0.18041350 0.18498220 0.16675028 0.14172328 0.16028727 
962.00000000 0.09332182 0.07258915 0.18057145 0.18503476 0.16670366 0.14152717 0.16025199 
963.00000000 0.09337171 0.07260666 0.18072929 0.18508749 0.16665706 0.14133084 0.16021695 
964.00000000 0.09342173 0.07262391 0.18088703 0.18514037 0.16661044 0.14113436 0.16018216 
965.00000000 0.09347190 0.07264089 0.18104465 0.18519340 0.16656372 0.14093779 0.16014764 
966.00000000 0.09352222 0.07265761 0.18120217 0.18524656 0.16651684 0.14074121 0.16011339 
967.00000000 0.09357269 0.07267405 0.18135959 0.18529984 0.16646974 0.14054469 0.16007940 
968.00000000 0.09362332 0.07269021 0.18151689 0.18535323 0.16642236 0.14034828 0.16004570 
969.00000000 0.09367411 0.07270610 0.18167409 0.18540672 0.16637464 0.14015207 0.16001228 
970.00000000 0.09372506 0.07272169 0.18183117 0.18546030 0.16632652 0.13995611 0.15997915 
971.00000000 0.09377617 0.07273701 0.18198815 0.18551396 0.16627794 0.13976047 0.15994630 
972.00000000 0.09382745 0.07275203 0.18214502 0.18556768 0.16622885 0.13956522 0.15991375 
973.00000000 0.09387889 0.07276677 0.18230178 0.18562146 0.16617920 0.13937042 0.15988150 
974.00000000 0.09393050 0.07278121 0.18245842 0.18567528 0.16612892 0.13917613 0.15984954 
975.00000000 0.09398228 0.07279536 0.18261495 0.18572912 0.16607799 0.13898243 0.15981787 
976.00000000 0.09403422 0.07280922 0.18277138 0.18578299 0.16602634 0.13878936 0.15978650 
977.00000000 0.09408632 0.07282280 0.18292769 0.18583685 0.16597392 0.13859699 0.15975543 
978.00000000 0.09413859 0.07283608 0.18308388 0.18589071 0.16592071 0.13840537 0.15972466 
979.00000000 0.09419102 0.07284907 0.18323996 0.18594455 0.16586664 0.13821457 0.15969417 
980.00000000 0.09424362 0.07286178 0.18339593 0.18599836 0.16581169 0.13802463 0.15966398 
981.00000000 0.09429636 0.07287421 0.18355179 0.18605212 0.16575582 0.13783562 0.15963408 
982.00000000 0.09434927 0.07288635 0.18370752 0.18610583 0.16569898 0.13764758 0.15960447 
983.00000000 0.09440232 0.07289822 0.18386314 0.18615946 0.16564115 0.13746057 0.15957513 
984.00000000 0.09445552 0.07290982 0.18401865 0.18621302 0.16558229 0.13727462 0.15954608 
985.00000000 0.09450887 0.07292114 0.18417404 0.18626648 0.16552238 0.13708980 0.15951730 
986.00000000 0.09456235 0.07293220 0.18432930 0.18631983 0.16546139 0.13690613 0.15948879 
987.00000000 0.09461597 0.07294301 0.18448445 0.18637307 0.16539930 0.13672367 0.15946054 
988.00000000 0.09466971 0.07295356 0.18463948 0.18642618 0.16533607 0.13654245 0.15943255 
989.00000000 0.09472358 0.07296386 0.18479439 0.18647915 0.16527170 0.13636251 0.15940481 
990.00000000 0.09477757 0.07297391 0.18494918 0.18653196 0.16520617 0.13618389 0.15937732 
991.00000000 0.09483167 0.07298374 0.18510385 0.18658462 0.16513946 0.13600661 0.15935006 
992.00000000 0.09488587 0.07299333 0.18525839 0.18663709 0.16507156 0.13583072 0.15932304 
993.00000000 0.09494017 0.07300270 0.18541282 0.18668939 0.16500246 0.13565624 0.15929623 
994.00000000 0.09499457 0.07301186 0.18556711 0.18674149 0.16493214 0.13548319 0.15926965 
995.00000000 0.09504905 0.07302081 0.18572128 0.18679338 0.16486062 0.13531160 0.15924327 
996.00000000 0.09510360 0.07302956 0.18587533 0.18684505 0.16478788 0.13514149 0.15921709 
997.00000000 0.09515823 0.07303811 0.18602925 0.18689650 0.16471392 0.13497289 0.15919109 
998.00000000 0.09521292 0.07304649 0.18618305 0.18694771 0.16463875 0.13480580 0.15916528 
999.00000000 0.09526766 0.07305469 0.18633671 0.18699868 0.16456237 0.13464024 0.15913964 
