0.00000000 0.00000000 0.00000000 0.00000000 0.00000000 0.00000000 1.00000000 0.00000000 
1.00000000 0.00000666 0.00000494 0.00000327 0.00001026 0.00023328 0.99968570 0.00005590 
2.00000000 0.00002660 0.00001975 0.00001307 0.00004119 0.00093219 0.99874390 0.00022331 
3.00000000 0.00005973 0.00004440 0.00002940 0.00009316 0.00209413 0.99717773 0.00050146 
4.00000000 0.00010593 0.00007886 0.00005222 0.00016683 0.00371488 0.99499221 0.00088907 
5.00000000 0.00016500 0.00012306 0.00008152 0.00026310 0.00578867 0.99219425 0.00138440 
6.00000000 0.00023670 0.00017695 0.00011725 0.00038314 0.00830815 0.98879256 0.00198524 
7.00000000 0.00032073 0.00024044 0.00015939 0.00052834 0.01126451 0.98479767 0.00268892 
8.00000000 0.00041677 0.00031345 0.00020788 0.00070029 0.01464746 0.98022178 0.00349237 
9.00000000 0.00052442 0.00039586 0.00026268 0.00090084 0.01844537 0.97507876 0.00439208 
10.00000000 0.00064326 0.00048756 0.00032372 0.00113198 0.02264525 0.96938402 0.00538421 
11.00000000 0.00077283 0.00058843 0.00039094 0.00139590 0.02723291 0.96315446 0.00646453 
12.00000000 0.00091262 0.00069833 0.00046428 0.00169495 0.03219297 0.95640835 0.00762849 
13.00000000 0.00106210 0.00081713 0.00054365 0.00203159 0.03750900 0.94916524 0.00887129 
14.00000000 0.00122068 0.00094468 0.00062900 0.00240840 0.04316356 0.94144586 0.01018783 
15.00000000 0.00138778 0.00108082 0.00072022 0.00282803 0.04913833 0.93327201 0.01157281 
16.00000000 0.00156276 0.00122539 0.00081724 0.00329321 0.05541420 0.92466645 0.01302074 
17.00000000 0.00174499 0.00137824 0.00091997 0.00380670 0.06197133 0.91565277 0.01452600 
18.00000000 0.00193380 0.00153919 0.00102830 0.00437124 0.06878931 0.90625532 0.01608284 
19.00000000 0.00212850 0.00170807 0.00114215 0.00498959 0.07584723 0.89649904 0.01768542 
20.00000000 0.00232842 0.00188471 0.00126141 0.00566443 0.08312378 0.88640936 0.01932789 
21.00000000 0.00253286 0.00206894 0.00138597 0.00639837 0.09059734 0.87601213 0.02100438 
22.00000000 0.00274111 0.00226058 0.00151573 0.00719394 0.09824613 0.86533344 0.02270907 
23.00000000 0.00295247 0.00245946 0.00165058 0.00805353 0.10604823 0.85439956 0.02443617 
24.00000000 0.00316626 0.00266539 0.00179039 0.00897938 0.11398176 0.84323681 0.02618002 
25.00000000 0.00338177 0.00287820 0.00193505 0.00997354 0.12202490 0.83187146 0.02793508 
26.00000000 0.00359834 0.00309771 0.00208445 0.01103789 0.13015603 0.82032962 0.02969596 
27.00000000 0.00381529 0.00332374 0.00223845 0.01217406 0.13835381 0.80863719 0.03145747 
28.00000000 0.00403198 0.00355610 0.00239694 0.01338345 0.14659722 0.79681970 0.03321461 
29.00000000 0.00424778 0.00379461 0.00255978 0.01466721 0.15486570 0.78490230 0.03496263 
30.00000000 0.00446208 0.00403910 0.00272684 0.01602619 0.16313916 0.77290961 0.03669704 
31.00000000 0.00467429 0.00428935 0.00289800 0.01746096 0.17139809 0.76086570 0.03841360 
32.00000000 0.00488386 0.00454520 0.00307313 0.01897179 0.17962362 0.74879401 0.04010838 
33.00000000 0.00509028 0.00480644 0.00325209 0.02055862 0.18779755 0.73671729 0.04177775 
34.00000000 0.00529303 0.00507287 0.00343475 0.02222107 0.19590240 0.72465752 0.04341837 
35.00000000 0.00549166 0.00534429 0.00362097 0.02395844 0.20392150 0.71263590 0.04502724 
36.00000000 0.00568575 0.00562048 0.00381063 0.02576968 0.21183896 0.70067280 0.04660169 
37.00000000 0.00587490 0.00590125 0.00400359 0.02765342 0.21963976 0.68878771 0.04813936 
38.00000000 0.00605876 0.00618636 0.00419973 0.02960793 0.22730974 0.67699924 0.04963825 
39.00000000 0.00623702 0.00647558 0.00439890 0.03163117 0.23483564 0.66532504 0.05109665 
40.00000000 0.00640939 0.00676869 0.00460100 0.03372077 0.24220508 0.65378187 0.05251320 
41.00000000 0.00657563 0.00706544 0.00480589 0.03587405 0.24940664 0.64238551 0.05388685 
42.00000000 0.00673556 0.00736558 0.00501345 0.03808801 0.25642976 0.63115078 0.05521687 
43.00000000 0.00688900 0.00766885 0.00522356 0.04035936 0.26326485 0.62009156 0.05650281 
44.00000000 0.00703583 0.00797500 0.00543611 0.04268454 0.26990320 0.60922078 0.05774453 
45.00000000 0.00717598 0.00828375 0.00565099 0.04505972 0.27633700 0.59855040 0.05894216 
46.00000000 0.00730939 0.00859481 0.00586810 0.04748082 0.28255933 0.58809147 0.06009608 
47.00000000 0.00743606 0.00890791 0.00608732 0.04994356 0.28856412 0.57785410 0.06120694 
48.00000000 0.00755601 0.00922275 0.00630857 0.05244342 0.29434615 0.56784751 0.06227560 
49.00000000 0.00766929 0.00953904 0.00653175 0.05497573 0.29990101 0.55808004 0.06330313 
50.00000000 0.00777602 0.00985646 0.00675678 0.05753566 0.30522509 0.54855917 0.06429081 
51.00000000 0.00787631 0.01017472 0.00698358 0.06011824 0.31031552 0.53929156 0.06524009 
52.00000000 0.00797031 0.01049349 0.00721206 0.06271838 0.31517015 0.53028305 0.06615257 
53.00000000 0.00805821 0.01081247 0.00744217 0.06533094 0.31978751 0.52153872 0.06702999 
54.00000000 0.00814022 0.01113134 0.00767382 0.06795070 0.32416679 0.51306291 0.06787421 
55.00000000 0.00821658 0.01144978 0.00790698 0.07057242 0.32830779 0.50485925 0.06868720 
56.00000000 0.00828755 0.01176748 0.00814157 0.07319084 0.33221088 0.49693069 0.06947099 
57.00000000 0.00835339 0.01208412 0.00837755 0.07580075 0.33587697 0.48927953 0.07022769 
58.00000000 0.00841442 0.01239938 0.00861488 0.07839696 0.33930744 0.48190748 0.07095944 
59.00000000 0.00847095 0.01271296 0.00885351 0.08097437 0.34250415 0.47481566 0.07166841 
60.00000000 0.00852330 0.01302455 0.00909340 0.08352794 0.34546937 0.46800465 0.07235679 
61.00000000 0.00857182 0.01333386 0.00933452 0.08605278 0.34820574 0.46147451 0.07302676 
62.00000000 0.00861686 0.01364060 0.00957684 0.08854411 0.35071626 0.45522485 0.07368048 
63.00000000 0.00865878 0.01394448 0.00982033 0.09099733 0.35300421 0.44925480 0.07432007 
64.00000000 0.00869795 0.01424523 0.01006496 0.09340798 0.35507317 0.44356310 0.07494760 
65.00000000 0.00873475 0.01454258 0.01031072 0.09577182 0.35692692 0.43814810 0.07556510 
66.00000000 0.00876955 0.01483629 0.01055757 0.09808480 0.35856948 0.43300779 0.07617452 
67.00000000 0.00880273 0.01512612 0.01080549 0.10034309 0.36000502 0.42813983 0.07677771 
68.00000000 0.00883467 0.01541183 0.01105446 0.10254309 0.36123788 0.42354159 0.07737647 
69.00000000 0.00886574 0.01569322 0.01130447 0.10468145 0.36227250 0.41921015 0.07797248 
70.00000000 0.00889632 0.01597008 0.01155548 0.10675504 0.36311342 0.41514234 0.07856732 
71.00000000 0.00892677 0.01624223 0.01180747 0.10876103 0.36376524 0.41133479 0.07916247 
72.00000000 0.00895746 0.01650949 0.01206043 0.11069681 0.36423265 0.40778388 0.07975929 
73.00000000 0.00898873 0.01677172 0.01231432 0.11256005 0.36452033 0.40448583 0.08035903 
74.00000000 0.00902094 0.01702876 0.01256911 0.11434869 0.36463298 0.40143668 0.08096284 
75.00000000 0.00905442 0.01728049 0.01282479 0.11606093 0.36457532 0.39863233 0.08157172 
76.00000000 0.00908949 0.01752681 0.01308130 0.11769522 0.36435205 0.39606855 0.08218658 
77.00000000 0.00912648 0.01776760 0.01333863 0.11925031 0.36396783 0.39374096 0.08280819 
78.00000000 0.00916568 0.01800280 0.01359672 0.12072517 0.36342729 0.39164511 0.08343723 
79.00000000 0.00920739 0.01823233 0.01385555 0.12211903 0.36273502 0.38977643 0.08407425 
80.00000000 0.00925187 0.01845615 0.01411506 0.12343137 0.36189557 0.38813028 0.08471970 
81.00000000 0.00929941 0.01867420 0.01437522 0.12466193 0.36091341 0.38670194 0.08537390 
82.00000000 0.00935024 0.01888647 0.01463597 0.12581063 0.35979297 0.38548663 0.08603711 
83.00000000 0.00940460 0.01909293 0.01489725 0.12687765 0.35853861 0.38447950 0.08670945 
84.00000000 0.00946273 0.01929359 0.01515902 0.12786338 0.35715464 0.38367567 0.08739097 
85.00000000 0.00952482 0.01948846 0.01542121 0.12876839 0.35564529 0.38307020 0.08808164 
86.00000000 0.00959108 0.01967755 0.01568377 0.12959344 0.35401473 0.38265810 0.08878133 
87.00000000 0.00966168 0.01986090 0.01594662 0.13033949 0.35226710 0.38243436 0.08948986 
88.00000000 0.00973679 0.02003854 0.01620970 0.13100764 0.35040645 0.38239393 0.09020695 
89.00000000 0.00981657 0.02021053 0.01647294 0.13159916 0.34843679 0.38253172 0.09093229 
90.00000000 0.00990116 0.02037693 0.01673626 0.13211547 0.34636208 0.38284261 0.09166549 
91.00000000 0.00999069 0.02053779 0.01699960 0.13255808 0.34418624 0.38332144 0.09240614 
92.00000000 0.01008528 0.02069319 0.01726288 0.13292868 0.34191316 0.38396304 0.09315377 
93.00000000 0.01018501 0.02084322 0.01752602 0.13322900 0.33954667 0.38476219 0.09390788 
94.00000000 0.01029000 0.02098795 0.01778894 0.13346092 0.33709061 0.38571364 0.09466794 
95.00000000 0.01040031 0.02112749 0.01805156 0.13362637 0.33454876 0.38681210 0.09543340 
96.00000000 0.01051602 0.02126193 0.01831380 0.13372737 0.33192492 0.38805226 0.09620370 
97.00000000 0.01063718 0.02139138 0.01857557 0.13376600 0.32922287 0.38942875 0.09697826 
98.00000000 0.01076383 0.02151594 0.01883680 0.13374438 0.32644637 0.39093618 0.09775650 
99.00000000 0.01089601 0.02163574 0.01909741 0.13366468 0.32359921 0.39256910 0.09853785 
100.00000000 0.01103374 0.02175089 0.01935731 0.13352911 0.32068517 0.39432204 0.09932173 
101.00000000 0.01117704 0.02186153 0.01961642 0.13333991 0.31770806 0.39618946 0.10010759 
102.00000000 0.01132591 0.02196777 0.01987467 0.13309931 0.31467169 0.39816577 0.10089488 
103.00000000 0.01148034 0.02206977 0.02013197 0.13280958 0.31157991 0.40024536 0.10168307 
104.00000000 0.01164032 0.02216765 0.02038825 0.13247297 0.30843660 0.40242254 0.10247167 
105.00000000 0.01180582 0.02226157 0.02064344 0.13209174 0.30524565 0.40469159 0.10326019 
106.00000000 0.01197681 0.02235168 0.02089746 0.13166812 0.30201102 0.40704670 0.10404819 
107.00000000 0.01215324 0.02243814 0.02115026 0.13120436 0.29873668 0.40948206 0.10483525 
108.00000000 0.01233506 0.02252111 0.02140175 0.13070265 0.29542666 0.41199178 0.10562099 
109.00000000 0.01252220 0.02260076 0.02165189 0.13016517 0.29208502 0.41456991 0.10640504 
110.00000000 0.01271460 0.02267727 0.02190062 0.12959408 0.28871587 0.41721046 0.10718710 
111.00000000 0.01291216 0.02275082 0.02214788 0.12899150 0.28532336 0.41990741 0.10796689 
112.00000000 0.01311480 0.02282159 0.02239362 0.12835949 0.28191169 0.42265467 0.10874415 
113.00000000 0.01332241 0.02288978 0.02263780 0.12770010 0.27848510 0.42544612 0.10951869 
114.00000000 0.01353490 0.02295560 0.02288039 0.12701532 0.27504788 0.42827560 0.11029032 
115.00000000 0.01375212 0.02301924 0.02312135 0.12630710 0.27160435 0.43113693 0.11105890 
116.00000000 0.01397397 0.02308093 0.02336066 0.12557735 0.26815886 0.43402389 0.11182434 
117.00000000 0.01420029 0.02314088 0.02359828 0.12482792 0.26471582 0.43693024 0.11258656 
118.00000000 0.01443095 0.02319932 0.02383422 0.12406061 0.26127965 0.43984975 0.11334551 
119.00000000 0.01466577 0.02325648 0.02406845 0.12327716 0.25785479 0.44277617 0.11410117 
120.00000000 0.01490461 0.02331260 0.02430098 0.12247929 0.25444572 0.44570323 0.11485357 
121.00000000 0.01514727 0.02336792 0.02453181 0.12166863 0.25105691 0.44862472 0.11560273 
122.00000000 0.01539357 0.02342270 0.02476095 0.12084677 0.24769287 0.45153442 0.11634872 
123.00000000 0.01564332 0.02347718 0.02498841 0.12001524 0.24435809 0.45442615 0.11709160 
124.00000000 0.01589632 0.02353161 0.02521422 0.11917554 0.24105704 0.45729379 0.11783147 
125.00000000 0.01615236 0.02358627 0.02543841 0.11832909 0.23779420 0.46013124 0.11856844 
126.00000000 0.01641120 0.02364142 0.02566100 0.11747725 0.23457402 0.46293250 0.11930260 
127.00000000 0.01667264 0.02369731 0.02588204 0.11662137 0.23140091 0.46569163 0.12003410 
128.00000000 0.01693642 0.02375422 0.02610158 0.11576270 0.22827925 0.46840279 0.12076304 
129.00000000 0.01720231 0.02381241 0.02631966 0.11490247 0.22521335 0.47106023 0.12148956 
130.00000000 0.01747006 0.02387215 0.02653634 0.11404185 0.22220749 0.47365834 0.12221377 
131.00000000 0.01773941 0.02393371 0.02675168 0.11318196 0.21926584 0.47619160 0.12293580 
132.00000000 0.01801011 0.02399734 0.02696575 0.11232389 0.21639252 0.47865466 0.12365574 
133.00000000 0.01828188 0.02406332 0.02717861 0.11146867 0.21359154 0.48104230 0.12437369 
134.00000000 0.01855445 0.02413188 0.02739033 0.11061729 0.21086681 0.48334949 0.12508974 
135.00000000 0.01882755 0.02420330 0.02760099 0.10977073 0.20822214 0.48557136 0.12580394 
136.00000000 0.01910091 0.02427781 0.02781066 0.10892989 0.20566118 0.48770322 0.12651634 
137.00000000 0.01937425 0.02435565 0.02801943 0.10809566 0.20318748 0.48974058 0.12722695 
138.00000000 0.01964728 0.02443705 0.02822737 0.10726892 0.20080443 0.49167917 0.12793578 
139.00000000 0.01991972 0.02452224 0.02843456 0.10645049 0.19851526 0.49351494 0.12864280 
140.00000000 0.02019129 0.02461144 0.02864109 0.10564118 0.19632303 0.49524404 0.12934793 
141.00000000 0.02046172 0.02470484 0.02884703 0.10484178 0.19423064 0.49686289 0.13005110 
142.00000000 0.02073073 0.02480263 0.02905247 0.10405308 0.19224078 0.49836813 0.13075217 
143.00000000 0.02099803 0.02490502 0.02925748 0.10327584 0.19035596 0.49975667 0.13145100 
144.00000000 0.02126337 0.02501215 0.02946214 0.10251081 0.18857848 0.50102565 0.13214739 
145.00000000 0.02152648 0.02512420 0.02966653 0.10175873 0.18691043 0.50217251 0.13284112 
146.00000000 0.02178708 0.02524130 0.02987070 0.10102037 0.18535368 0.50319492 0.13353194 
147.00000000 0.02204494 0.02536359 0.03007474 0.10029647 0.18390986 0.50409085 0.13421955 
148.00000000 0.02229981 0.02549118 0.03027870 0.09958778 0.18258038 0.50485853 0.13490361 
149.00000000 0.02255144 0.02562419 0.03048264 0.09889507 0.18136642 0.50549647 0.13558377 
150.00000000 0.02279960 0.02576269 0.03068662 0.09821911 0.18026889 0.50600346 0.13625964 
151.00000000 0.02304408 0.02590677 0.03089067 0.09756068 0.17928847 0.50637856 0.13693077 
152.00000000 0.02328466 0.02605648 0.03109485 0.09692059 0.17842559 0.50662112 0.13759671 
153.00000000 0.02352114 0.02621188 0.03129919 0.09629965 0.17768044 0.50673074 0.13825696 
154.00000000 0.02375334 0.02637299 0.03150372 0.09569869 0.17705292 0.50670733 0.13891101 
155.00000000 0.02398107 0.02653983 0.03170846 0.09511858 0.17654271 0.50655103 0.13955831 
156.00000000 0.02420418 0.02671241 0.03191343 0.09456017 0.17614922 0.50626229 0.14019829 
157.00000000 0.02442251 0.02689072 0.03211863 0.09402437 0.17587163 0.50584178 0.14083035 
158.00000000 0.02463593 0.02707473 0.03232407 0.09351209 0.17570886 0.50529046 0.14145387 
159.00000000 0.02484430 0.02726441 0.03252973 0.09302425 0.17565956 0.50460950 0.14206824 
160.00000000 0.02504752 0.02745971 0.03273562 0.09256180 0.17572220 0.50380036 0.14267280 
161.00000000 0.02524549 0.02766056 0.03294169 0.09212569 0.17589495 0.50286469 0.14326691 
162.00000000 0.02543814 0.02786689 0.03314794 0.09171691 0.17617581 0.50180441 0.14384990 
163.00000000 0.02562538 0.02807862 0.03335431 0.09133642 0.17656253 0.50062162 0.14442111 
164.00000000 0.02580718 0.02829564 0.03356078 0.09098522 0.17705265 0.49931866 0.14497987 
165.00000000 0.02598349 0.02851785 0.03376729 0.09066428 0.17764352 0.49789806 0.14552552 
166.00000000 0.02615428 0.02874513 0.03397378 0.09037458 0.17833228 0.49636253 0.14605741 
167.00000000 0.02631955 0.02897735 0.03418021 0.09011711 0.17911591 0.49471498 0.14657489 
168.00000000 0.02647930 0.02921436 0.03438649 0.08989280 0.17999121 0.49295849 0.14707734 
169.00000000 0.02663356 0.02945603 0.03459256 0.08970262 0.18095481 0.49109628 0.14756415 
170.00000000 0.02678234 0.02970219 0.03479834 0.08954745 0.18200322 0.48913174 0.14803472 
171.00000000 0.02692570 0.02995269 0.03500376 0.08942819 0.18313278 0.48706839 0.14848849 
172.00000000 0.02706370 0.03020734 0.03520873 0.08934568 0.18433975 0.48490988 0.14892492 
173.00000000 0.02719640 0.03046597 0.03541316 0.08930072 0.18562025 0.48265998 0.14934352 
174.00000000 0.02732389 0.03072839 0.03561697 0.08929404 0.18697033 0.48032257 0.14974381 
175.00000000 0.02744627 0.03099441 0.03582007 0.08932634 0.18838594 0.47790160 0.15012536 
176.00000000 0.02756364 0.03126383 0.03602237 0.08939824 0.18986298 0.47540114 0.15048779 
177.00000000 0.02767613 0.03153645 0.03622379 0.08951030 0.19139728 0.47282531 0.15083075 
178.00000000 0.02778384 0.03181205 0.03642422 0.08966298 0.19298466 0.47017830 0.15115394 
179.00000000 0.02788694 0.03209042 0.03662359 0.08985670 0.19462089 0.46746435 0.15145711 
180.00000000 0.02798556 0.03237135 0.03682182 0.09009174 0.19630173 0.46468774 0.15174007 
181.00000000 0.02807985 0.03265461 0.03701881 0.09036832 0.19802296 0.46185280 0.15200266 
182.00000000 0.02816998 0.03293997 0.03721450 0.09068655 0.19978035 0.45896385 0.15224479 
183.00000000 0.02825612 0.03322721 0.03740882 0.09104645 0.20156972 0.45602525 0.15246643 
184.00000000 0.02833844 0.03351610 0.03760170 0.09144793 0.20338690 0.45304134 0.15266759 
185.00000000 0.02841714 0.03380640 0.03779307 0.09189077 0.20522780 0.45001648 0.15284834 
186.00000000 0.02849239 0.03409788 0.03798289 0.09237466 0.20708837 0.44695499 0.15300883 
187.00000000 0.02856439 0.03439030 0.03817111 0.09289917 0.20896462 0.44386118 0.15314922 
188.00000000 0.02863333 0.03468343 0.03835770 0.09346376 0.21085268 0.44073932 0.15326978 
189.00000000 0.02869942 0.03497702 0.03854263 0.09406777 0.21274872 0.43759365 0.15337079 
190.00000000 0.02876286 0.03527084 0.03872587 0.09471041 0.21464904 0.43442836 0.15345262 
191.00000000 0.02882385 0.03556466 0.03890742 0.09539080 0.21655002 0.43124758 0.15351567 
192.00000000 0.02888260 0.03585824 0.03908728 0.09610794 0.21844817 0.42805539 0.15356040 
193.00000000 0.02893931 0.03615134 0.03926546 0.09686070 0.22034009 0.42485578 0.15358732 
194.00000000 0.02899420 0.03644372 0.03944198 0.09764787 0.22222254 0.42165269 0.15359700 
195.00000000 0.02904748 0.03673517 0.03961688 0.09846812 0.22409235 0.41844997 0.15359003 
196.00000000 0.02909934 0.03702545 0.03979020 0.09932002 0.22594653 0.41525139 0.15356707 
197.00000000 0.02915000 0.03731434 0.03996199 0.10020205 0.22778219 0.41206063 0.15352880 
198.00000000 0.02919966 0.03760161 0.04013232 0.10111259 0.22959658 0.40888128 0.15347596 
199.00000000 0.02924852 0.03788706 0.04030126 0.10204995 0.23138708 0.40571682 0.15340931 
200.00000000 0.02929679 0.03817046 0.04046890 0.10301234 0.23315123 0.40257064 0.15332963 
201.00000000 0.02934466 0.03845161 0.04063534 0.10399793 0.23488666 0.39944603 0.15323777 
202.00000000 0.02939233 0.03873031 0.04080068 0.10500480 0.23659119 0.39634615 0.15313455 
203.00000000 0.02943998 0.03900635 0.04096504 0.10603099 0.23826272 0.39327406 0.15302086 
204.00000000 0.02948780 0.03927956 0.04112854 0.10707447 0.23989931 0.39023273 0.15289759 
205.00000000 0.02953598 0.03954974 0.04129131 0.10813320 0.24149915 0.38722499 0.15276562 
206.00000000 0.02958470 0.03981672 0.04145349 0.10920509 0.24306056 0.38425354 0.15262588 
207.00000000 0.02963413 0.04008033 0.04161524 0.11028803 0.24458198 0.38132101 0.15247929 
208.00000000 0.02968443 0.04034040 0.04177669 0.11137989 0.24606196 0.37842987 0.15232676 
209.00000000 0.02973577 0.04059678 0.04193802 0.11247853 0.24749919 0.37558249 0.15216923 
210.00000000 0.02978832 0.04084931 0.04209937 0.11358183 0.24889245 0.37278110 0.15200760 
211.00000000 0.02984223 0.04109787 0.04226093 0.11468767 0.25024067 0.37002784 0.15184280 
212.00000000 0.02989764 0.04134231 0.04242285 0.11579393 0.25154284 0.36732472 0.15167571 
213.00000000 0.02995469 0.04158251 0.04258531 0.11689855 0.25279809 0.36467360 0.15150724 
214.00000000 0.03001354 0.04181835 0.04274848 0.11799948 0.25400564 0.36207627 0.15133825 
215.00000000 0.03007430 0.04204974 0.04291253 0.11909470 0.25516478 0.35953438 0.15116958 
216.00000000 0.03013711 0.04227656 0.04307763 0.12018227 0.25627491 0.35704944 0.15100208 
217.00000000 0.03020209 0.04249872 0.04324395 0.12126028 0.25733553 0.35462289 0.15083654 
218.00000000 0.03026935 0.04271615 0.04341166 0.12232689 0.25834620 0.35225602 0.15067373 
219.00000000 0.03033901 0.04292877 0.04358091 0.12338031 0.25930656 0.34995002 0.15051441 
220.00000000 0.03041116 0.04313651 0.04375187 0.12441885 0.26021633 0.34770598 0.15035930 
221.00000000 0.03048592 0.04333931 0.04392469 0.12544087 0.26107530 0.34552485 0.15020906 
222.00000000 0.03056337 0.04353712 0.04409951 0.12644483 0.26188331 0.34340750 0.15006436 
223.00000000 0.03064361 0.04372990 0.04427647 0.12742924 0.26264029 0.34135469 0.14992580 
224.00000000 0.03072671 0.04391761 0.04445571 0.12839274 0.26334621 0.33936707 0.14979396 
225.00000000 0.03081276 0.04410022 0.04463734 0.12933403 0.26400110 0.33744519 0.14966937 
226.00000000 0.03090182 0.04427772 0.04482148 0.13025191 0.26460504 0.33558950 0.14955254 
227.00000000 0.03099398 0.04445008 0.04500823 0.13114528 0.26515816 0.33380036 0.14944391 
228.00000000 0.03108928 0.04461731 0.04519768 0.13201313 0.26566066 0.33207803 0.14934391 
229.00000000 0.03118779 0.04477940 0.04538993 0.13285454 0.26611274 0.33042267 0.14925293 
230.00000000 0.03128956 0.04493635 0.04558504 0.13366869 0.26651469 0.32883438 0.14917130 
231.00000000 0.03139464 0.04508818 0.04578307 0.13445485 0.26686681 0.32731313 0.14909932 
232.00000000 0.03150307 0.04523491 0.04598407 0.13521241 0.26716945 0.32585884 0.14903726 
233.00000000 0.03161489 0.04537656 0.04618808 0.13594081 0.26742300 0.32447132 0.14898534 
234.00000000 0.03173013 0.04551315 0.04639512 0.13663963 0.26762789 0.32315033 0.14894375 
235.00000000 0.03184882 0.04564473 0.04660522 0.13730850 0.26778457 0.32189552 0.14891265 
236.00000000 0.03197098 0.04577133 0.04681837 0.13794716 0.26789354 0.32070648 0.14889216 
237.00000000 0.03209662 0.04589300 0.04703456 0.13855543 0.26795533 0.31958272 0.14888235 
238.00000000 0.03222577 0.04600978 0.04725378 0.13913322 0.26797049 0.31852368 0.14888328 
239.00000000 0.03235842 0.04612174 0.04747599 0.13968050 0.26793963 0.31752875 0.14889497 
240.00000000 0.03249457 0.04622893 0.04770115 0.14019736 0.26786337 0.31659720 0.14891741 
241.00000000 0.03263424 0.04633142 0.04792921 0.14068391 0.26774236 0.31572830 0.14895057 
242.00000000 0.03277739 0.04642927 0.04816011 0.14114036 0.26757729 0.31492120 0.14899437 
243.00000000 0.03292403 0.04652256 0.04839378 0.14156699 0.26736888 0.31417502 0.14904874 
244.00000000 0.03307413 0.04661137 0.04863013 0.14196414 0.26711788 0.31348881 0.14911355 
245.00000000 0.03322767 0.04669577 0.04886907 0.14233219 0.26682507 0.31286156 0.14918868 
246.00000000 0.03338461 0.04677586 0.04911051 0.14267160 0.26649125 0.31229220 0.14927397 
247.00000000 0.03354491 0.04685173 0.04935435 0.14298287 0.26611728 0.31177962 0.14936924 
248.00000000 0.03370855 0.04692346 0.04960047 0.14326654 0.26570402 0.31132264 0.14947432 
249.00000000 0.03387546 0.04699117 0.04984876 0.14352321 0.26525237 0.31092004 0.14958898 
250.00000000 0.03404560 0.04705495 0.05009909 0.14375352 0.26476327 0.31057055 0.14971302 
251.00000000 0.03421891 0.04711491 0.05035134 0.14395812 0.26423767 0.31027284 0.14984621 
252.00000000 0.03439532 0.04717117 0.05060538 0.14413773 0.26367657 0.31002555 0.14998829 
253.00000000 0.03457476 0.04722384 0.05086107 0.14429306 0.26308099 0.30982726 0.15013903 
254.00000000 0.03475716 0.04727304 0.05111828 0.14442487 0.26245197 0.30967652 0.15029816 
255.00000000 0.03494244 0.04731890 0.05137687 0.14453393 0.26179059 0.30957184 0.15046542 
256.00000000 0.03513050 0.04736155 0.05163671 0.14462105 0.26109797 0.30951168 0.15064054 
257.00000000 0.03532126 0.04740112 0.05189765 0.14468702 0.26037524 0.30949448 0.15082324 
258.00000000 0.03551462 0.04743775 0.05215955 0.14473266 0.25962356 0.30951861 0.15101325 
259.00000000 0.03571048 0.04747158 0.05242228 0.14475880 0.25884412 0.30958246 0.15121028 
260.00000000 0.03590872 0.04750276 0.05268571 0.14476628 0.25803813 0.30968434 0.15141406 
261.00000000 0.03610924 0.04753144 0.05294969 0.14475594 0.25720684 0.30982255 0.15162431 
262.00000000 0.03631192 0.04755776 0.05321410 0.14472860 0.25635152 0.30999538 0.15184074 
263.00000000 0.03651663 0.04758189 0.05347880 0.14468511 0.25547344 0.31020106 0.15206307 
264.00000000 0.03672325 0.04760399 0.05374368 0.14462629 0.25457393 0.31043782 0.15229104 
265.00000000 0.03693165 0.04762422 0.05400861 0.14455299 0.25365431 0.31070387 0.15252436 
266.00000000 0.03714170 0.04764274 0.05427347 0.14446600 0.25271594 0.31099739 0.15276276 
267.00000000 0.03735326 0.04765972 0.05453815 0.14436614 0.25176019 0.31131656 0.15300598 
268.00000000 0.03756618 0.04767534 0.05480255 0.14425421 0.25078844 0.31165952 0.15325375 
269.00000000 0.03778032 0.04768976 0.05506657 0.14413099 0.24980210 0.31202443 0.15350582 
270.00000000 0.03799555 0.04770317 0.05533010 0.14399725 0.24880259 0.31240943 0.15376192 
271.00000000 0.03821170 0.04771573 0.05559305 0.14385375 0.24779134 0.31281263 0.15402181 
272.00000000 0.03842862 0.04772762 0.05585535 0.14370123 0.24676978 0.31323218 0.15428523 
273.00000000 0.03864618 0.04773901 0.05611690 0.14354040 0.24573937 0.31366619 0.15455196 
274.00000000 0.03886420 0.04775010 0.05637764 0.14337197 0.24470155 0.31411280 0.15482175 
275.00000000 0.03908255 0.04776104 0.05663749 0.14319662 0.24365780 0.31457013 0.15509436 
276.00000000 0.03930106 0.04777202 0.05689640 0.14301503 0.24260956 0.31503633 0.15536959 
277.00000000 0.03951958 0.04778322 0.05715431 0.14282784 0.24155831 0.31550954 0.15564719 
278.00000000 0.03973796 0.04779480 0.05741117 0.14263568 0.24050551 0.31598792 0.15592696 
279.00000000 0.03995604 0.04780695 0.05766693 0.14243916 0.23945259 0.31646965 0.15620868 
280.00000000 0.04017368 0.04781982 0.05792154 0.14223886 0.23840103 0.31695293 0.15649214 
281.00000000 0.04039072 0.04783359 0.05817499 0.14203536 0.23735225 0.31743596 0.15677714 
282.00000000 0.04060701 0.04784841 0.05842723 0.14182920 0.23630769 0.31791699 0.15706348 
283.00000000 0.04082241 0.04786446 0.05867824 0.14162092 0.23526875 0.31839427 0.15735095 
284.00000000 0.04103677 0.04788189 0.05892800 0.14141104 0.23423684 0.31886610 0.15763937 
285.00000000 0.04124996 0.04790084 0.05917650 0.14120004 0.23321333 0.31933079 0.15792855 
286.00000000 0.04146183 0.04792147 0.05942372 0.14098841 0.23219958 0.31978671 0.15821829 
287.00000000 0.04167226 0.04794393 0.05966965 0.14077660 0.23119692 0.32023223 0.15850841 
288.00000000 0.04188112 0.04796834 0.05991430 0.14056507 0.23020666 0.32066578 0.15879873 
289.00000000 0.04208828 0.04799484 0.06015766 0.14035424 0.22923007 0.32108584 0.15908907 
290.00000000 0.04229361 0.04802355 0.06039974 0.14014454 0.22826841 0.32149090 0.15937925 
291.00000000 0.04249701 0.04805461 0.06064053 0.13993635 0.22732288 0.32187952 0.15966910 
292.00000000 0.04269836 0.04808812 0.06088006 0.13973007 0.22639466 0.32225031 0.15995843 
293.00000000 0.04289756 0.04812418 0.06111832 0.13952608 0.22548488 0.32260190 0.16024708 
294.00000000 0.04309451 0.04816291 0.06135534 0.13932473 0.22459465 0.32293299 0.16053488 
295.00000000 0.04328911 0.04820439 0.06159113 0.13912639 0.22372501 0.32324233 0.16082164 
296.00000000 0.04348127 0.04824871 0.06182571 0.13893140 0.22287698 0.32352873 0.16110721 
297.00000000 0.04367091 0.04829595 0.06205909 0.13874008 0.22205151 0.32379103 0.16139142 
298.00000000 0.04385796 0.04834619 0.06229130 0.13855278 0.22124954 0.32402816 0.16167409 
299.00000000 0.04404233 0.04839948 0.06252236 0.13836979 0.22047190 0.32423907 0.16195506 
300.00000000 0.04422398 0.04845590 0.06275229 0.13819144 0.21971943 0.32442280 0.16223417 
301.00000000 0.04440282 0.04851549 0.06298112 0.13801803 0.21899288 0.32457843 0.16251124 
302.00000000 0.04457883 0.04857829 0.06320886 0.13784985 0.21829295 0.32470511 0.16278612 
303.00000000 0.04475194 0.04864434 0.06343556 0.13768719 0.21762029 0.32480205 0.16305864 
304.00000000 0.04492211 0.04871367 0.06366122 0.13753034 0.21697550 0.32486852 0.16332865 
305.00000000 0.04508931 0.04878630 0.06388588 0.13737957 0.21635911 0.32490385 0.16359598 
306.00000000 0.04525352 0.04886225 0.06410956 0.13723517 0.21577159 0.32490745 0.16386047 
307.00000000 0.04541470 0.04894152 0.06433229 0.13709739 0.21521337 0.32487875 0.16412196 
308.00000000 0.04557285 0.04902413 0.06455410 0.13696651 0.21468481 0.32481730 0.16438031 
309.00000000 0.04572794 0.04911005 0.06477500 0.13684277 0.21418620 0.32472268 0.16463536 
310.00000000 0.04587998 0.04919929 0.06499504 0.13672644 0.21371778 0.32459452 0.16488695 
311.00000000 0.04602896 0.04929182 0.06521422 0.13661776 0.21327974 0.32443256 0.16513495 
312.00000000 0.04617489 0.04938761 0.06543259 0.13651696 0.21287220 0.32423655 0.16537920 
313.00000000 0.04631777 0.04948664 0.06565016 0.13642429 0.21249522 0.32400635 0.16561957 
314.00000000 0.04645764 0.04958887 0.06586695 0.13633998 0.21214881 0.32374184 0.16585592 
315.00000000 0.04659449 0.04969426 0.06608300 0.13626424 0.21183291 0.32344299 0.16608811 
316.00000000 0.04672837 0.04980276 0.06629832 0.13619729 0.21154743 0.32310982 0.16631601 
317.00000000 0.04685929 0.04991432 0.06651294 0.13613933 0.21129219 0.32274242 0.16653951 
318.00000000 0.04698730 0.05002888 0.06672689 0.13609057 0.21106697 0.32234091 0.16675848 
319.00000000 0.04711243 0.05014638 0.06694018 0.13605119 0.21087152 0.32190551 0.16697280 
320.00000000 0.04723473 0.05026674 0.06715283 0.13602137 0.21070550 0.32143646 0.16718237 
321.00000000 0.04735424 0.05038990 0.06736488 0.13600128 0.21056854 0.32093408 0.16738708 
322.00000000 0.04747101 0.05051578 0.06757634 0.13599107 0.21046023 0.32039872 0.16758685 
323.00000000 0.04758510 0.05064430 0.06778723 0.13599090 0.21038010 0.31983081 0.16778157 
324.00000000 0.04769656 0.05077537 0.06799758 0.13600088 0.21032763 0.31923081 0.16797116 
325.00000000 0.04780546 0.05090892 0.06820740 0.13602115 0.21030227 0.31859924 0.16815556 
326.00000000 0.04791186 0.05104484 0.06841671 0.13605182 0.21030343 0.31793666 0.16833469 
327.00000000 0.04801583 0.05118304 0.06862555 0.13609296 0.21033046 0.31724368 0.16850848 
328.00000000 0.04811743 0.05132343 0.06883391 0.13614466 0.21038271 0.31652096 0.16867690 
329.00000000 0.04821674 0.05146590 0.06904183 0.13620699 0.21045945 0.31576920 0.16883989 
330.00000000 0.04831384 0.05161036 0.06924933 0.13627998 0.21055995 0.31498913 0.16899741 
331.00000000 0.04840879 0.05175670 0.06945642 0.13636367 0.21068344 0.31418153 0.16914945 
332.00000000 0.04850168 0.05190481 0.06966313 0.13645808 0.21082912 0.31334721 0.16929597 
333.00000000 0.04859260 0.05205459 0.06986947 0.13656319 0.21099617 0.31248702 0.16943697 
334.00000000 0.04868161 0.05220592 0.07007547 0.13667900 0.21118373 0.31160183 0.16957244 
335.00000000 0.04876881 0.05235869 0.07028115 0.13680545 0.21139093 0.31069257 0.16970240 
336.00000000 0.04885428 0.05251280 0.07048652 0.13694251 0.21161688 0.30976015 0.16982685 
337.00000000 0.04893812 0.05266813 0.07069161 0.13709009 0.21186068 0.30880555 0.16994582 
338.00000000 0.04902040 0.05282456 0.07089644 0.13724810 0.21212139 0.30782976 0.17005935 
339.00000000 0.04910121 0.05298198 0.07110103 0.13741645 0.21239808 0.30683378 0.17016747 
340.00000000 0.04918065 0.05314028 0.07130540 0.13759501 0.21268980 0.30581863 0.17027023 
341.00000000 0.04925881 0.05329934 0.07150957 0.13778363 0.21299559 0.30478537 0.17036769 
342.00000000 0.04933578 0.05345904 0.07171358 0.13798216 0.21331449 0.30373505 0.17045991 
343.00000000 0.04941165 0.05361927 0.07191743 0.13819042 0.21364552 0.30266875 0.17054696 
344.00000000 0.04948651 0.05377992 0.07212115 0.13840822 0.21398771 0.30158754 0.17062894 
345.00000000 0.04956046 0.05394087 0.07232477 0.13863537 0.21434009 0.30049252 0.17070592 
346.00000000 0.04963359 0.05410201 0.07252832 0.13887163 0.21470167 0.29938479 0.17077799 
347.00000000 0.04970598 0.05426323 0.07273181 0.13911678 0.21507150 0.29826545 0.17084527 
348.00000000 0.04977774 0.05442441 0.07293527 0.13937055 0.21544858 0.29713560 0.17090785 
349.00000000 0.04984896 0.05458544 0.07313873 0.13963270 0.21583197 0.29599634 0.17096585 
350.00000000 0.04991973 0.05474622 0.07334222 0.13990295 0.21622071 0.29484879 0.17101939 
351.00000000 0.04999013 0.05490664 0.07354575 0.14018099 0.21661384 0.29369404 0.17106860 
352.00000000 0.05006027 0.05506658 0.07374937 0.14046655 0.21701044 0.29253319 0.17111360 
353.00000000 0.05013022 0.05522596 0.07395310 0.14075930 0.21740957 0.29136732 0.17115453 
354.00000000 0.05020009 0.05538465 0.07415696 0.14105893 0.21781032 0.29019752 0.17119152 
355.00000000 0.05026996 0.05554257 0.07436099 0.14136510 0.21821179 0.28902485 0.17122473 
356.00000000 0.05033992 0.05569961 0.07456521 0.14167748 0.21861311 0.28785038 0.17125429 
357.00000000 0.05041005 0.05585568 0.07476965 0.14199573 0.21901339 0.28667514 0.17128035 
358.00000000 0.05048045 0.05601068 0.07497435 0.14231948 0.21941181 0.28550016 0.17130307 
359.00000000 0.05055119 0.05616452 0.07517934 0.14264838 0.21980751 0.28432647 0.17132260 
360.00000000 0.05062236 0.05631711 0.07538463 0.14298206 0.22019970 0.28315504 0.17133909 
361.00000000 0.05069404 0.05646835 0.07559027 0.14332015 0.22058759 0.28198688 0.17135271 
362.00000000 0.05076631 0.05661818 0.07579629 0.14366229 0.22097041 0.28082292 0.17136361 
363.00000000 0.05083926 0.05676649 0.07600271 0.14400808 0.22134742 0.27966411 0.17137194 
364.00000000 0.05091295 0.05691321 0.07620956 0.14435716 0.22171789 0.27851135 0.17137788 
365.00000000 0.05098746 0.05705827 0.07641688 0.14470913 0.22208113 0.27736555 0.17138157 
366.00000000 0.05106287 0.05720159 0.07662470 0.14506362 0.22243647 0.27622757 0.17138319 
367.00000000 0.05113925 0.05734309 0.07683304 0.14542024 0.22278325 0.27509826 0.17138288 
368.00000000 0.05121666 0.05748270 0.07704193 0.14577861 0.22312087 0.27397842 0.17138080 
369.00000000 0.05129518 0.05762037 0.07725141 0.14613835 0.22344872 0.27286885 0.17137712 
370.00000000 0.05137486 0.05775603 0.07746149 0.14649907 0.22376624 0.27177032 0.17137199 
371.00000000 0.05145578 0.05788961 0.07767222 0.14686040 0.22407288 0.27068355 0.17136555 
372.00000000 0.05153799 0.05802105 0.07788360 0.14722197 0.22436814 0.26960927 0.17135797 
373.00000000 0.05162155 0.05815031 0.07809568 0.14758339 0.22465153 0.26854814 0.17134940 
374.00000000 0.05170651 0.05827733 0.07830847 0.14794431 0.22492259 0.26750082 0.17133997 
375.00000000 0.05179293 0.05840206 0.07852201 0.14830435 0.22518089 0.26646792 0.17132983 
376.00000000 0.05188086 0.05852446 0.07873630 0.14866317 0.22542603 0.26545005 0.17131913 
377.00000000 0.05197034 0.05864449 0.07895137 0.14902041 0.22565764 0.26444775 0.17130800 
378.00000000 0.05206142 0.05876210 0.07916725 0.14937572 0.22587537 0.26346156 0.17129657 
379.00000000 0.05215414 0.05887726 0.07938396 0.14972878 0.22607890 0.26249198 0.17128499 
380.00000000 0.05224854 0.05898994 0.07960150 0.15007924 0.22626794 0.26153947 0.17127337 
381.00000000 0.05234464 0.05910012 0.07981990 0.15042679 0.22644223 0.26060448 0.17126183 
382.00000000 0.05244250 0.05920775 0.08003917 0.15077112 0.22660155 0.25968741 0.17125051 
383.00000000 0.05254212 0.05931283 0.08025933 0.15111191 0.22674567 0.25878862 0.17123951 
384.00000000 0.05264355 0.05941533 0.08048039 0.15144889 0.22687442 0.25790848 0.17122895 
385.00000000 0.05274680 0.05951523 0.08070235 0.15178176 0.22698765 0.25704728 0.17121893 
386.00000000 0.05285189 0.05961254 0.08092523 0.15211025 0.22708523 0.25620532 0.17120955 
387.00000000 0.05295884 0.05970723 0.08114903 0.15243410 0.22716705 0.25538283 0.17120092 
388.00000000 0.05306765 0.05979931 0.08137376 0.15275306 0.22723304 0.25458004 0.17119313 
389.00000000 0.05317835 0.05988877 0.08159942 0.15306689 0.22728316 0.25379714 0.17118627 
390.00000000 0.05329093 0.05997561 0.08182602 0.15337536 0.22731737 0.25303429 0.17118043 
391.00000000 0.05340540 0.06005984 0.08205355 0.15367827 0.22733566 0.25229160 0.17117567 
392.00000000 0.05352176 0.06014148 0.08228201 0.15397541 0.22733807 0.25156919 0.17117208 
393.00000000 0.05364000 0.06022053 0.08251140 0.15426659 0.22732464 0.25086711 0.17116974 
394.00000000 0.05376012 0.06029700 0.08274171 0.15455164 0.22729543 0.25018540 0.17116870 
395.00000000 0.05388210 0.06037093 0.08297294 0.15483039 0.22725053 0.24952408 0.17116903 
396.00000000 0.05400594 0.06044233 0.08320508 0.15510271 0.22719004 0.24888311 0.17117078 
397.00000000 0.05413161 0.06051124 0.08343811 0.15536846 0.22711411 0.24826246 0.17117401 
398.00000000 0.05425909 0.06057767 0.08367203 0.15562752 0.22702288 0.24766205 0.17117877 
399.00000000 0.05438837 0.06064167 0.08390682 0.15587978 0.22691651 0.24708176 0.17118509 
400.00000000 0.05451941 0.06070326 0.08414247 0.15612516 0.22679520 0.24652148 0.17119301 
401.00000000 0.05465219 0.06076250 0.08437896 0.15636357 0.22665916 0.24598104 0.17120258 
402.00000000 0.05478667 0.06081943 0.08461628 0.15659495 0.22650860 0.24546025 0.17121382 
403.00000000 0.05492282 0.06087409 0.08485440 0.15681925 0.22634378 0.24495891 0.17122675 
404.00000000 0.05506060 0.06092653 0.08509330 0.15703645 0.22616494 0.24447679 0.17124140 
405.00000000 0.05519997 0.06097680 0.08533297 0.15724651 0.22597236 0.24401363 0.17125777 
406.00000000 0.05534088 0.06102496 0.08557338 0.15744942 0.22576633 0.24356914 0.17127590 
407.00000000 0.05548330 0.06107107 0.08581450 0.15764519 0.22554715 0.24314302 0.17129577 
408.00000000 0.05562716 0.06111518 0.08605631 0.15783385 0.22531514 0.24273495 0.17131740 
409.00000000 0.05577243 0.06115737 0.08629879 0.15801540 0.22507064 0.24234458 0.17134079 
410.00000000 0.05591904 0.06119769 0.08654191 0.15818991 0.22481397 0.24197154 0.17136593 
411.00000000 0.05606695 0.06123621 0.08678565 0.15835742 0.22454551 0.24161545 0.17139282 
412.00000000 0.05621610 0.06127301 0.08702996 0.15851799 0.22426561 0.24127589 0.17142144 
413.00000000 0.05636642 0.06130815 0.08727483 0.15867170 0.22397465 0.24095245 0.17145179 
414.00000000 0.05651786 0.06134171 0.08752023 0.15881864 0.22367302 0.24064468 0.17148385 
415.00000000 0.05667036 0.06137377 0.08776612 0.15895891 0.22336113 0.24035213 0.17151758 
416.00000000 0.05682385 0.06140440 0.08801248 0.15909260 0.22303937 0.24007432 0.17155298 
417.00000000 0.05697826 0.06143367 0.08825927 0.15921983 0.22270817 0.23981077 0.17159002 
418.00000000 0.05713354 0.06146168 0.08850647 0.15934073 0.22236794 0.23956097 0.17162866 
419.00000000 0.05728961 0.06148849 0.08875404 0.15945543 0.22201913 0.23932442 0.17166888 
420.00000000 0.05744641 0.06151420 0.08900196 0.15956406 0.22166215 0.23910059 0.17171063 
421.00000000 0.05760386 0.06153888 0.08925019 0.15966677 0.22129747 0.23888894 0.17175389 
422.00000000 0.05776190 0.06156262 0.08949870 0.15976371 0.22092553 0.23868893 0.17179861 
423.00000000 0.05792046 0.06158549 0.08974746 0.15985504 0.22054679 0.23850000 0.17184476 
424.00000000 0.05807946 0.06160760 0.08999644 0.15994092 0.22016170 0.23832160 0.17189228 
425.00000000 0.05823884 0.06162900 0.09024562 0.16002153 0.21977072 0.23815315 0.17194114 
426.00000000 0.05839852 0.06164981 0.09049495 0.16009702 0.21937433 0.23799408 0.17199129 
427.00000000 0.05855844 0.06167008 0.09074441 0.16016759 0.21897300 0.23784381 0.17204267 
428.00000000 0.05871851 0.06168992 0.09099398 0.16023340 0.21856718 0.23770176 0.17209525 
429.00000000 0.05887868 0.06170941 0.09124361 0.16029465 0.21815735 0.23756735 0.17214896 
430.00000000 0.05903887 0.06172861 0.09149329 0.16035151 0.21774399 0.23743998 0.17220375 
431.00000000 0.05919900 0.06174763 0.09174299 0.16040417 0.21732757 0.23731906 0.17225958 
432.00000000 0.05935902 0.06176654 0.09199268 0.16045282 0.21690855 0.23720402 0.17231638 
433.00000000 0.05951884 0.06178541 0.09224232 0.16049766 0.21648741 0.23709425 0.17237409 
434.00000000 0.05967841 0.06180434 0.09249191 0.16053887 0.21606462 0.23698918 0.17243267 
435.00000000 0.05983766 0.06182340 0.09274140 0.16057665 0.21564063 0.23688821 0.17249206 
436.00000000 0.05999651 0.06184266 0.09299078 0.16061118 0.21521590 0.23679078 0.17255219 
437.00000000 0.06015490 0.06186220 0.09324003 0.16064266 0.21479091 0.23669630 0.17261300 
438.00000000 0.06031277 0.06188209 0.09348911 0.16067128 0.21436609 0.23660421 0.17267445 
439.00000000 0.06047005 0.06190241 0.09373802 0.16069723 0.21394189 0.23651394 0.17273646 
440.00000000 0.06062669 0.06192323 0.09398672 0.16072070 0.21351876 0.23642493 0.17279898 
441.00000000 0.06078262 0.06194461 0.09423519 0.16074188 0.21309713 0.23633663 0.17286194 
442.00000000 0.06093778 0.06196662 0.09448342 0.16076095 0.21267742 0.23624851 0.17292529 
443.00000000 0.06109212 0.06198934 0.09473139 0.16077810 0.21226005 0.23616004 0.17298897 
444.00000000 0.06124558 0.06201281 0.09497908 0.16079352 0.21184543 0.23607068 0.17305291 
445.00000000 0.06139810 0.06203710 0.09522647 0.16080738 0.21143397 0.23597993 0.17311705 
446.00000000 0.06154964 0.06206227 0.09547354 0.16081987 0.21102604 0.23588730 0.17318134 
447.00000000 0.06170014 0.06208837 0.09572029 0.16083116 0.21062204 0.23579229 0.17324572 
448.00000000 0.06184955 0.06211546 0.09596669 0.16084143 0.21022234 0.23569443 0.17331011 
449.00000000 0.06199783 0.06214359 0.09621273 0.16085084 0.20982728 0.23559326 0.17337447 
450.00000000 0.06214494 0.06217281 0.09645840 0.16085957 0.20943721 0.23548833 0.17343874 
451.00000000 0.06229082 0.06220316 0.09670369 0.16086779 0.20905248 0.23537920 0.17350286 
452.00000000 0.06243545 0.06223468 0.09694859 0.16087565 0.20867340 0.23526547 0.17356676 
453.00000000 0.06257878 0.06226742 0.09719308 0.16088332 0.20830028 0.23514673 0.17363039 
454.00000000 0.06272077 0.06230141 0.09743716 0.16089095 0.20793341 0.23502259 0.17369370 
455.00000000 0.06286140 0.06233670 0.09768082 0.16089870 0.20757307 0.23489268 0.17375663 
456.00000000 0.06300063 0.06237330 0.09792405 0.16090672 0.20721953 0.23475664 0.17381913 
457.00000000 0.06313844 0.06241125 0.09816684 0.16091514 0.20687304 0.23461415 0.17388113 
458.00000000 0.06327479 0.06245058 0.09840919 0.16092413 0.20653384 0.23446488 0.17394259 
459.00000000 0.06340966 0.06249131 0.09865110 0.16093381 0.20620214 0.23430852 0.17400346 
460.00000000 0.06354303 0.06253346 0.09889255 0.16094432 0.20587816 0.23414480 0.17406368 
461.00000000 0.06367488 0.06257704 0.09913355 0.16095580 0.20556208 0.23397344 0.17412320 
462.00000000 0.06380520 0.06262208 0.09937409 0.16096836 0.20525408 0.23379421 0.17418198 
463.00000000 0.06393397 0.06266859 0.09961416 0.16098214 0.20495431 0.23360686 0.17423997 
464.00000000 0.06406117 0.06271657 0.09985378 0.16099726 0.20466293 0.23341119 0.17429711 
465.00000000 0.06418680 0.06276602 0.10009293 0.16101382 0.20438005 0.23320700 0.17435337 
466.00000000 0.06431085 0.06281696 0.10033162 0.16103194 0.20410579 0.23299413 0.17440871 
467.00000000 0.06443332 0.06286938 0.10056984 0.16105173 0.20384025 0.23277241 0.17446307 
468.00000000 0.06455420 0.06292328 0.10080760 0.16107329 0.20358350 0.23254171 0.17451643 
469.00000000 0.06467349 0.06297866 0.10104490 0.16109672 0.20333561 0.23230190 0.17456873 
470.00000000 0.06479120 0.06303550 0.10128174 0.16112211 0.20309662 0.23205289 0.17461994 
471.00000000 0.06490733 0.06309380 0.10151812 0.16114955 0.20286657 0.23179460 0.17467003 
472.00000000 0.06502189 0.06315354 0.10175405 0.16117913 0.20264547 0.23152695 0.17471897 
473.00000000 0.06513489 0.06321471 0.10198953 0.16121093 0.20243333 0.23124991 0.17476671 
474.00000000 0.06524634 0.06327728 0.10222456 0.16124502 0.20223014 0.23096345 0.17481323 
475.00000000 0.06535625 0.06334124 0.10245915 0.16128147 0.20203586 0.23066754 0.17485849 
476.00000000 0.06546464 0.06340656 0.10269330 0.16132036 0.20185045 0.23036221 0.17490248 
477.00000000 0.06557153 0.06347321 0.10292702 0.16136174 0.20167387 0.23004747 0.17494516 
478.00000000 0.06567694 0.06354117 0.10316031 0.16140567 0.20150603 0.22972336 0.17498651 
479.00000000 0.06578090 0.06361041 0.10339319 0.16145221 0.20134685 0.22938993 0.17502651 
480.00000000 0.06588342 0.06368089 0.10362564 0.16150140 0.20119624 0.22904727 0.17506514 
481.00000000 0.06598453 0.06375258 0.10385769 0.16155329 0.20105409 0.22869544 0.17510238 
482.00000000 0.06608426 0.06382544 0.10408934 0.16160791 0.20092028 0.22833456 0.17513821 
483.00000000 0.06618265 0.06389944 0.10432059 0.16166530 0.20079466 0.22796474 0.17517262 
484.00000000 0.06627972 0.06397453 0.10455146 0.16172549 0.20067710 0.22758611 0.17520559 
485.00000000 0.06637551 0.06405066 0.10478194 0.16178851 0.20056744 0.22719882 0.17523712 
486.00000000 0.06647005 0.06412781 0.10501205 0.16185437 0.20046551 0.22680301 0.17526719 
487.00000000 0.06656339 0.06420592 0.10524180 0.16192310 0.20037113 0.22639887 0.17529579 
488.00000000 0.06665555 0.06428494 0.10547119 0.16199470 0.20028412 0.22598657 0.17532293 
489.00000000 0.06674658 0.06436483 0.10570023 0.16206918 0.20020428 0.22556630 0.17534860 
490.00000000 0.06683652 0.06444553 0.10592893 0.16214655 0.20013141 0.22513828 0.17537279 
491.00000000 0.06692540 0.06452701 0.10615730 0.16222681 0.20006528 0.22470270 0.17539550 
492.00000000 0.06701329 0.06460920 0.10638534 0.16230994 0.20000568 0.22425981 0.17541675 
493.00000000 0.06710021 0.06469205 0.10661307 0.16239594 0.19995238 0.22380984 0.17543652 
494.00000000 0.06718622 0.06477552 0.10684049 0.16248479 0.19990514 0.22335302 0.17545483 
495.00000000 0.06727135 0.06485955 0.10706761 0.16257648 0.19986373 0.22288961 0.17547168 
496.00000000 0.06735566 0.06494408 0.10729444 0.16267099 0.19982789 0.22241987 0.17548707 
497.00000000 0.06743920 0.06502906 0.10752099 0.16276829 0.19979737 0.22194406 0.17550103 
498.00000000 0.06752201 0.06511443 0.10774727 0.16286834 0.19977192 0.22146247 0.17551356 
499.00000000 0.06760413 0.06520015 0.10797328 0.16297112 0.19975127 0.22097536 0.17552467 
500.00000000 0.06768563 0.06528615 0.10819904 0.16307659 0.19973516 0.22048303 0.17553438 
501.00000000 0.06776655 0.06537238 0.10842456 0.16318471 0.19972333 0.21998577 0.17554271 
502.00000000 0.06784693 0.06545879 0.10864983 0.16329543 0.19971549 0.21948387 0.17554966 
503.00000000 0.06792683 0.06554531 0.10887488 0.16340870 0.19971138 0.21897763 0.17555527 
504.00000000 0.06800630 0.06563190 0.10909970 0.16352447 0.19971072 0.21846735 0.17555955 
505.00000000 0.06808539 0.06571850 0.10932432 0.16364270 0.19971325 0.21795334 0.17556251 
506.00000000 0.06816414 0.06580505 0.10954873 0.16376331 0.19971868 0.21743590 0.17556419 
507.00000000 0.06824261 0.06589150 0.10977295 0.16388625 0.19972673 0.21691535 0.17556461 
508.00000000 0.06832085 0.06597780 0.10999698 0.16401145 0.19973714 0.21639199 0.17556378 
509.00000000 0.06839890 0.06606390 0.11022084 0.16413885 0.19974963 0.21586614 0.17556175 
510.00000000 0.06847681 0.06614974 0.11044452 0.16426837 0.19976392 0.21533811 0.17555852 
511.00000000 0.06855463 0.06623526 0.11066805 0.16439995 0.19977975 0.21480822 0.17555414 
512.00000000 0.06863241 0.06632043 0.11089143 0.16453350 0.19979685 0.21427676 0.17554862 
513.00000000 0.06871019 0.06640519 0.11111466 0.16466895 0.19981495 0.21374406 0.17554201 
514.00000000 0.06878802 0.06648948 0.11133777 0.16480621 0.19983378 0.21321041 0.17553432 
515.00000000 0.06886595 0.06657327 0.11156074 0.16494522 0.19985309 0.21267614 0.17552559 
516.00000000 0.06894401 0.06665651 0.11178360 0.16508587 0.19987263 0.21214154 0.17551584 
517.00000000 0.06902226 0.06673915 0.11200635 0.16522808 0.19989213 0.21160691 0.17550512 
518.00000000 0.06910074 0.06682114 0.11222899 0.16537177 0.19991136 0.21107254 0.17549345 
519.00000000 0.06917948 0.06690244 0.11245155 0.16551685 0.19993007 0.21053875 0.17548087 
520.00000000 0.06925852 0.06698301 0.11267402 0.16566321 0.19994803 0.21000581 0.17546741 
521.00000000 0.06933791 0.06706281 0.11289641 0.16581077 0.19996499 0.20947401 0.17545309 
522.00000000 0.06941769 0.06714180 0.11311873 0.16595944 0.19998074 0.20894363 0.17543797 
523.00000000 0.06949789 0.06721994 0.11334100 0.16610912 0.19999506 0.20841494 0.17542206 
524.00000000 0.06957854 0.06729719 0.11356320 0.16625970 0.20000774 0.20788823 0.17540540 
525.00000000 0.06965968 0.06737352 0.11378537 0.16641110 0.20001856 0.20736374 0.17538804 
526.00000000 0.06974135 0.06744889 0.11400749 0.16656322 0.20002732 0.20684174 0.17536999 
527.00000000 0.06982357 0.06752328 0.11422958 0.16671595 0.20003384 0.20632248 0.17535130 
528.00000000 0.06990637 0.06759665 0.11445165 0.16686921 0.20003792 0.20580620 0.17533200 
529.00000000 0.06998979 0.06766897 0.11467370 0.16702288 0.20003939 0.20529315 0.17531212 
530.00000000 0.07007384 0.06774021 0.11489574 0.16717688 0.20003808 0.20478355 0.17529170 
531.00000000 0.07015857 0.06781036 0.11511777 0.16733110 0.20003382 0.20427762 0.17527078 
532.00000000 0.07024398 0.06787937 0.11533981 0.16748545 0.20002644 0.20377557 0.17524937 
533.00000000 0.07033010 0.06794725 0.11556185 0.16763983 0.20001582 0.20327763 0.17522753 
534.00000000 0.07041696 0.06801395 0.11578391 0.16779414 0.20000180 0.20278398 0.17520527 
535.00000000 0.07050457 0.06807946 0.11600599 0.16794829 0.19998425 0.20229481 0.17518264 
536.00000000 0.07059295 0.06814377 0.11622810 0.16810218 0.19996304 0.20181030 0.17515966 
537.00000000 0.07068211 0.06820686 0.11645024 0.16825573 0.19993806 0.20133063 0.17513636 
538.00000000 0.07077208 0.06826871 0.11667241 0.16840884 0.19990920 0.20085597 0.17511279 
539.00000000 0.07086286 0.06832932 0.11689463 0.16856142 0.19987636 0.20038645 0.17508895 
540.00000000 0.07095447 0.06838868 0.11711689 0.16871338 0.19983945 0.19992224 0.17506490 
541.00000000 0.07104691 0.06844677 0.11733920 0.16886463 0.19979838 0.19946347 0.17504065 
542.00000000 0.07114019 0.06850359 0.11756157 0.16901511 0.19975306 0.19901025 0.17501623 
543.00000000 0.07123432 0.06855913 0.11778399 0.16916471 0.19970345 0.19856272 0.17499167 
544.00000000 0.07132931 0.06861340 0.11800648 0.16931336 0.19964946 0.19812098 0.17496700 
545.00000000 0.07142515 0.06866639 0.11822904 0.16946099 0.19959106 0.19768512 0.17494225 
546.00000000 0.07152186 0.06871810 0.11845166 0.16960752 0.19952819 0.19725524 0.17491743 
547.00000000 0.07161942 0.06876853 0.11867435 0.16975287 0.19946083 0.19683141 0.17489258 
548.00000000 0.07171784 0.06881770 0.11889712 0.16989698 0.19938893 0.19641371 0.17486772 
549.00000000 0.07181712 0.06886559 0.11911996 0.17003979 0.19931248 0.19600220 0.17484286 
550.00000000 0.07191725 0.06891223 0.11934288 0.17018122 0.19923146 0.19559692 0.17481804 
551.00000000 0.07201822 0.06895762 0.11956588 0.17032122 0.19914587 0.19519792 0.17479327 
552.00000000 0.07212003 0.06900177 0.11978896 0.17045973 0.19905570 0.19480523 0.17476857 
553.00000000 0.07222267 0.06904469 0.12001212 0.17059669 0.19896097 0.19441888 0.17474397 
554.00000000 0.07232612 0.06908641 0.12023536 0.17073206 0.19886170 0.19403887 0.17471948 
555.00000000 0.07243039 0.06912692 0.12045869 0.17086578 0.19875789 0.19366522 0.17469511 
556.00000000 0.07253545 0.06916626 0.12068209 0.17099781 0.19864958 0.19329792 0.17467089 
557.00000000 0.07264128 0.06920443 0.12090558 0.17112810 0.19853681 0.19293696 0.17464683 
558.00000000 0.07274788 0.06924147 0.12112915 0.17125663 0.19841962 0.19258231 0.17462294 
559.00000000 0.07285523 0.06927738 0.12135279 0.17138334 0.19829806 0.19223395 0.17459925 
560.00000000 0.07296331 0.06931220 0.12157652 0.17150821 0.19817217 0.19189185 0.17457575 
561.00000000 0.07307209 0.06934594 0.12180032 0.17163120 0.19804203 0.19155595 0.17455246 
562.00000000 0.07318157 0.06937864 0.12202420 0.17175230 0.19790769 0.19122620 0.17452940 
563.00000000 0.07329172 0.06941031 0.12224815 0.17187148 0.19776924 0.19090254 0.17450657 
564.00000000 0.07340251 0.06944099 0.12247217 0.17198872 0.19762674 0.19058490 0.17448397 
565.00000000 0.07351392 0.06947070 0.12269625 0.17210400 0.19748028 0.19027322 0.17446163 
566.00000000 0.07362593 0.06949948 0.12292041 0.17221730 0.19732994 0.18996739 0.17443954 
567.00000000 0.07373851 0.06952735 0.12314462 0.17232863 0.19717583 0.18966735 0.17441772 
568.00000000 0.07385164 0.06955434 0.12336889 0.17243796 0.19701803 0.18937298 0.17439616 
569.00000000 0.07396529 0.06958049 0.12359321 0.17254529 0.19685665 0.18908420 0.17437486 
570.00000000 0.07407943 0.06960583 0.12381759 0.17265063 0.19669180 0.18880088 0.17435384 
571.00000000 0.07419403 0.06963039 0.12404201 0.17275397 0.19652357 0.18852292 0.17433310 
572.00000000 0.07430907 0.06965421 0.12426648 0.17285532 0.19635210 0.18825020 0.17431263 
573.00000000 0.07442451 0.06967733 0.12449098 0.17295468 0.19617748 0.18798259 0.17429243 
574.00000000 0.07454032 0.06969977 0.12471551 0.17305206 0.19599985 0.18771997 0.17427251 
575.00000000 0.07465648 0.06972157 0.12494008 0.17314748 0.19581933 0.18746220 0.17425287 
576.00000000 0.07477294 0.06974278 0.12516466 0.17324095 0.19563603 0.18720914 0.17423349 
577.00000000 0.07488969 0.06976342 0.12538927 0.17333249 0.19545010 0.18696065 0.17421439 
578.00000000 0.07500668 0.06978354 0.12561389 0.17342211 0.19526166 0.18671659 0.17419554 
579.00000000 0.07512388 0.06980317 0.12583851 0.17350985 0.19507084 0.18647680 0.17417696 
580.00000000 0.07524127 0.06982235 0.12606314 0.17359571 0.19487778 0.18624113 0.17415862 
581.00000000 0.07535880 0.06984111 0.12628777 0.17367974 0.19468261 0.18600943 0.17414054 
582.00000000 0.07547645 0.06985950 0.12651238 0.17376196 0.19448547 0.18578154 0.17412269 
583.00000000 0.07559418 0.06987755 0.12673698 0.17384240 0.19428651 0.18555729 0.17410508 
584.00000000 0.07571196 0.06989530 0.12696157 0.17392109 0.19408586 0.18533653 0.17408769 
585.00000000 0.07582976 0.06991279 0.12718612 0.17399808 0.19388365 0.18511908 0.17407052 
586.00000000 0.07594753 0.06993006 0.12741064 0.17407339 0.19368004 0.18490479 0.17405355 
587.00000000 0.07606526 0.06994714 0.12763513 0.17414706 0.19347516 0.18469349 0.17403677 
588.00000000 0.07618289 0.06996406 0.12785957 0.17421914 0.19326915 0.18448500 0.17402018 
589.00000000 0.07630041 0.06998088 0.12808397 0.17428967 0.19306216 0.18427915 0.17400375 
590.00000000 0.07641778 0.06999761 0.12830830 0.17435869 0.19285432 0.18407579 0.17398749 
591.00000000 0.07653497 0.07001431 0.12853258 0.17442625 0.19264578 0.18387473 0.17397138 
592.00000000 0.07665194 0.07003100 0.12875679 0.17449239 0.19243667 0.18367581 0.17395540 
593.00000000 0.07676867 0.07004771 0.12898093 0.17455717 0.19222713 0.18347885 0.17393954 
594.00000000 0.07688512 0.07006449 0.12920498 0.17462062 0.19201730 0.18328370 0.17392379 
595.00000000 0.07700126 0.07008137 0.12942896 0.17468280 0.19180731 0.18309017 0.17390813 
596.00000000 0.07711706 0.07009838 0.12965284 0.17474376 0.19159730 0.18289811 0.17389255 
597.00000000 0.07723250 0.07011554 0.12987663 0.17480355 0.19138740 0.18270734 0.17387704 
598.00000000 0.07734754 0.07013291 0.13010031 0.17486223 0.19117773 0.18251771 0.17386157 
599.00000000 0.07746215 0.07015049 0.13032389 0.17491985 0.19096843 0.18232905 0.17384614 
600.00000000 0.07757631 0.07016833 0.13054736 0.17497645 0.19075962 0.18214120 0.17383073 
601.00000000 0.07768999 0.07018646 0.13077071 0.17503210 0.19055143 0.18195400 0.17381531 
602.00000000 0.07780317 0.07020489 0.13099394 0.17508685 0.19034397 0.18176730 0.17379989 
603.00000000 0.07791582 0.07022366 0.13121704 0.17514075 0.19013736 0.18158094 0.17378444 
604.00000000 0.07802791 0.07024280 0.13144000 0.17519386 0.18993172 0.18139477 0.17376894 
605.00000000 0.07813943 0.07026233 0.13166283 0.17524623 0.18972715 0.18120865 0.17375338 
606.00000000 0.07825034 0.07028227 0.13188552 0.17529792 0.18952377 0.18102243 0.17373774 
607.00000000 0.07836064 0.07030264 0.13210805 0.17534899 0.18932169 0.18083598 0.17372201 
608.00000000 0.07847029 0.07032348 0.13233044 0.17539947 0.18912100 0.18064915 0.17370618 
609.00000000 0.07857928 0.07034479 0.13255267 0.17544944 0.18892180 0.18046181 0.17369022 
610.00000000 0.07868759 0.07036660 0.13277474 0.17549894 0.18872418 0.18027383 0.17367411 
611.00000000 0.07879521 0.07038893 0.13299664 0.17554803 0.18852825 0.18008508 0.17365786 
612.00000000 0.07890211 0.07041179 0.13321838 0.17559676 0.18833408 0.17989546 0.17364143 
613.00000000 0.07900828 0.07043520 0.13343994 0.17564518 0.18814176 0.17970483 0.17362482 
614.00000000 0.07911372 0.07045917 0.13366133 0.17569334 0.18795136 0.17951309 0.17360800 
615.00000000 0.07921839 0.07048372 0.13388253 0.17574129 0.18776297 0.17932012 0.17359097 
616.00000000 0.07932230 0.07050886 0.13410355 0.17578909 0.18757665 0.17912583 0.17357371 
617.00000000 0.07942544 0.07053460 0.13432439 0.17583677 0.18739248 0.17893012 0.17355620 
618.00000000 0.07952778 0.07056095 0.13454503 0.17588440 0.18721051 0.17873289 0.17353844 
619.00000000 0.07962933 0.07058792 0.13476548 0.17593201 0.18703080 0.17853405 0.17352041 
620.00000000 0.07973008 0.07061550 0.13498574 0.17597965 0.18685341 0.17833352 0.17350209 
621.00000000 0.07983003 0.07064372 0.13520580 0.17602737 0.18667839 0.17813122 0.17348347 
622.00000000 0.07992916 0.07067258 0.13542565 0.17607521 0.18650578 0.17792708 0.17346454 
623.00000000 0.08002747 0.07070207 0.13564530 0.17612320 0.18633563 0.17772102 0.17344530 
624.00000000 0.08012497 0.07073220 0.13586475 0.17617140 0.18616798 0.17751299 0.17342571 
625.00000000 0.08022164 0.07076297 0.13608399 0.17621984 0.18600285 0.17730292 0.17340579 
626.00000000 0.08031750 0.07079438 0.13630302 0.17626856 0.18584027 0.17709076 0.17338551 
627.00000000 0.08041254 0.07082643 0.13652184 0.17631760 0.18568028 0.17687647 0.17336486 
628.00000000 0.08050676 0.07085911 0.13674044 0.17636698 0.18552288 0.17665999 0.17334384 
629.00000000 0.08060016 0.07089242 0.13695883 0.17641676 0.18536810 0.17644129 0.17332244 
630.00000000 0.08069276 0.07092635 0.13717700 0.17646695 0.18521595 0.17622034 0.17330064 
631.00000000 0.08078456 0.07096090 0.13739496 0.17651758 0.18506644 0.17599711 0.17327844 
632.00000000 0.08087556 0.07099606 0.13761270 0.17656870 0.18491956 0.17577158 0.17325583 
633.00000000 0.08096577 0.07103183 0.13783022 0.17662032 0.18477533 0.17554372 0.17323281 
634.00000000 0.08105520 0.07106818 0.13804753 0.17667248 0.18463372 0.17531353 0.17320937 
635.00000000 0.08114386 0.07110511 0.13826461 0.17672520 0.18449474 0.17508099 0.17318549 
636.00000000 0.08123176 0.07114261 0.13848147 0.17677849 0.18435837 0.17484611 0.17316119 
637.00000000 0.08131891 0.07118067 0.13869812 0.17683239 0.18422460 0.17460888 0.17313644 
638.00000000 0.08140532 0.07121926 0.13891454 0.17688691 0.18409341 0.17436930 0.17311125 
639.00000000 0.08149102 0.07125839 0.13913074 0.17694208 0.18396476 0.17412740 0.17308561 
640.00000000 0.08157600 0.07129802 0.13934673 0.17699790 0.18383864 0.17388319 0.17305952 
641.00000000 0.08166028 0.07133815 0.13956249 0.17705440 0.18371502 0.17363668 0.17303298 
642.00000000 0.08174389 0.07137875 0.13977804 0.17711159 0.18359385 0.17338790 0.17300598 
643.00000000 0.08182684 0.07141981 0.13999337 0.17716949 0.18347511 0.17313687 0.17297852 
644.00000000 0.08190914 0.07146131 0.14020848 0.17722809 0.18335875 0.17288363 0.17295060 
645.00000000 0.08199081 0.07150323 0.14042337 0.17728742 0.18324473 0.17262821 0.17292223 
646.00000000 0.08207187 0.07154555 0.14063805 0.17734748 0.18313300 0.17237066 0.17289339 
647.00000000 0.08215235 0.07158825 0.14085252 0.17740827 0.18302351 0.17211101 0.17286409 
648.00000000 0.08223225 0.07163131 0.14106677 0.17746980 0.18291621 0.17184932 0.17283433 
649.00000000 0.08231160 0.07167470 0.14128081 0.17753208 0.18281105 0.17158563 0.17280411 
650.00000000 0.08239043 0.07171841 0.14149464 0.17759511 0.18270797 0.17132000 0.17277344 
651.00000000 0.08246874 0.07176240 0.14170827 0.17765888 0.18260692 0.17105248 0.17274231 
652.00000000 0.08254657 0.07180666 0.14192168 0.17772340 0.18250782 0.17078314 0.17271073 
653.00000000 0.08262393 0.07185117 0.14213490 0.17778867 0.18241061 0.17051203 0.17267869 
654.00000000 0.08270085 0.07189589 0.14234790 0.17785467 0.18231524 0.17023923 0.17264622 
655.00000000 0.08277735 0.07194081 0.14256071 0.17792140 0.18222163 0.16996479 0.17261330 
656.00000000 0.08285345 0.07198590 0.14277332 0.17798886 0.18212972 0.16968880 0.17257995 
657.00000000 0.08292917 0.07203114 0.14298573 0.17805705 0.18203944 0.16941132 0.17254616 
658.00000000 0.08300454 0.07207649 0.14319794 0.17812594 0.18195071 0.16913244 0.17251194 
659.00000000 0.08307959 0.07212194 0.14340996 0.17819553 0.18186346 0.16885221 0.17247731 
660.00000000 0.08315433 0.07216747 0.14362179 0.17826580 0.18177762 0.16857074 0.17244225 
661.00000000 0.08322878 0.07221304 0.14383344 0.17833675 0.18169312 0.16828809 0.17240679 
662.00000000 0.08330298 0.07225863 0.14404489 0.17840836 0.18160987 0.16800434 0.17237093 
663.00000000 0.08337694 0.07230421 0.14425616 0.17848062 0.18152781 0.16771959 0.17233467 
664.00000000 0.08345069 0.07234977 0.14446725 0.17855350 0.18144686 0.16743391 0.17229802 
665.00000000 0.08352425 0.07239528 0.14467816 0.17862699 0.18136694 0.16714740 0.17226099 
666.00000000 0.08359764 0.07244070 0.14488889 0.17870108 0.18128797 0.16686013 0.17222358 
667.00000000 0.08367089 0.07248603 0.14509945 0.17877573 0.18120988 0.16657220 0.17218582 
668.00000000 0.08374402 0.07253123 0.14530984 0.17885094 0.18113259 0.16628370 0.17214769 
669.00000000 0.08381705 0.07257627 0.14552005 0.17892668 0.18105602 0.16599470 0.17210922 
670.00000000 0.08389001 0.07262115 0.14573010 0.17900293 0.18098010 0.16570531 0.17207040 
671.00000000 0.08396291 0.07266583 0.14593999 0.17907967 0.18090475 0.16541560 0.17203126 
672.00000000 0.08403579 0.07271028 0.14614971 0.17915687 0.18082989 0.16512567 0.17199179 
673.00000000 0.08410865 0.07275450 0.14635927 0.17923450 0.18075546 0.16483561 0.17195201 
674.00000000 0.08418152 0.07279845 0.14656867 0.17931255 0.18068137 0.16454551 0.17191193 
675.00000000 0.08425442 0.07284212 0.14677792 0.17939099 0.18060755 0.16425545 0.17187155 
676.00000000 0.08432737 0.07288548 0.14698701 0.17946980 0.18053393 0.16396552 0.17183089 
677.00000000 0.08440039 0.07292852 0.14719595 0.17954894 0.18046044 0.16367581 0.17178996 
678.00000000 0.08447350 0.07297121 0.14740475 0.17962839 0.18038700 0.16338640 0.17174876 
679.00000000 0.08454672 0.07301354 0.14761340 0.17970812 0.18031355 0.16309738 0.17170730 
680.00000000 0.08462006 0.07305548 0.14782190 0.17978811 0.18024002 0.16280883 0.17166560 
681.00000000 0.08469355 0.07309702 0.14803026 0.17986833 0.18016635 0.16252083 0.17162366 
682.00000000 0.08476719 0.07313814 0.14823848 0.17994875 0.18009245 0.16223347 0.17158150 
683.00000000 0.08484101 0.07317883 0.14844657 0.18002935 0.18001829 0.16194683 0.17153912 
684.00000000 0.08491503 0.07321907 0.14865451 0.18011009 0.17994378 0.16166098 0.17149654 
685.00000000 0.08498924 0.07325884 0.14886233 0.18019095 0.17986888 0.16137601 0.17145375 
686.00000000 0.08506368 0.07329814 0.14907001 0.18027190 0.17979351 0.16109197 0.17141079 
687.00000000 0.08513835 0.07333693 0.14927756 0.18035292 0.17971763 0.16080896 0.17136764 
688.00000000 0.08521327 0.07337523 0.14948498 0.18043397 0.17964118 0.16052704 0.17132433 
689.00000000 0.08528845 0.07341300 0.14969228 0.18051503 0.17956411 0.16024628 0.17128085 
690.00000000 0.08536389 0.07345025 0.14989945 0.18059607 0.17948637 0.15996674 0.17123723 
691.00000000 0.08543962 0.07348695 0.15010650 0.18067706 0.17940790 0.15968850 0.17119347 
692.00000000 0.08551564 0.07352311 0.15031342 0.18075799 0.17932866 0.15941161 0.17114957 
693.00000000 0.08559195 0.07355871 0.15052023 0.18083881 0.17924860 0.15913614 0.17110556 
694.00000000 0.08566857 0.07359374 0.15072692 0.18091951 0.17916769 0.15886213 0.17106143 
695.00000000 0.08574551 0.07362820 0.15093348 0.18100006 0.17908588 0.15858966 0.17101719 
696.00000000 0.08582277 0.07366209 0.15113993 0.18108043 0.17900314 0.15831877 0.17097286 
697.00000000 0.08590036 0.07369538 0.15134627 0.18116061 0.17891942 0.15804952 0.17092844 
698.00000000 0.08597828 0.07372809 0.15155249 0.18124056 0.17883470 0.15778194 0.17088394 
699.00000000 0.08605654 0.07376021 0.15175860 0.18132026 0.17874894 0.15751609 0.17083937 
700.00000000 0.08613514 0.07379173 0.15196460 0.18139969 0.17866211 0.15725201 0.17079474 
701.00000000 0.08621408 0.07382265 0.15217048 0.18147882 0.17857419 0.15698974 0.17075004 
702.00000000 0.08629337 0.07385297 0.15237625 0.18155764 0.17848516 0.15672931 0.17070530 
703.00000000 0.08637300 0.07388270 0.15258192 0.18163612 0.17839498 0.15647077 0.17066051 
704.00000000 0.08645299 0.07391182 0.15278747 0.18171423 0.17830365 0.15621414 0.17061569 
705.00000000 0.08653332 0.07394035 0.15299291 0.18179197 0.17821114 0.15595946 0.17057084 
706.00000000 0.08661400 0.07396829 0.15319825 0.18186931 0.17811744 0.15570674 0.17052597 
707.00000000 0.08669503 0.07399563 0.15340348 0.18194623 0.17802254 0.15545602 0.17048108 
708.00000000 0.08677639 0.07402238 0.15360860 0.18202272 0.17792642 0.15520732 0.17043618 
709.00000000 0.08685810 0.07404854 0.15381361 0.18209874 0.17782908 0.15496065 0.17039127 
710.00000000 0.08694015 0.07407413 0.15401852 0.18217430 0.17773051 0.15471603 0.17034636 
711.00000000 0.08702252 0.07409914 0.15422332 0.18224937 0.17763071 0.15447347 0.17030146 
712.00000000 0.08710522 0.07412359 0.15442801 0.18232393 0.17752968 0.15423299 0.17025658 
713.00000000 0.08718824 0.07414747 0.15463260 0.18239798 0.17742742 0.15399459 0.17021170 
714.00000000 0.08727158 0.07417081 0.15483708 0.18247149 0.17732393 0.15375827 0.17016685 
715.00000000 0.08735522 0.07419359 0.15504145 0.18254446 0.17721921 0.15352404 0.17012202 
716.00000000 0.08743916 0.07421585 0.15524571 0.18261687 0.17711328 0.15329191 0.17007722 
717.00000000 0.08752340 0.07423758 0.15544987 0.18268871 0.17700614 0.15306186 0.17003246 
718.00000000 0.08760791 0.07425879 0.15565391 0.18275996 0.17689781 0.15283389 0.16998772 
719.00000000 0.08769270 0.07427950 0.15585785 0.18283063 0.17678830 0.15260800 0.16994303 
720.00000000 0.08777774 0.07429972 0.15606168 0.18290069 0.17667761 0.15238417 0.16989838 
721.00000000 0.08786304 0.07431945 0.15626540 0.18297015 0.17656578 0.15216240 0.16985377 
722.00000000 0.08794859 0.07433872 0.15646901 0.18303899 0.17645282 0.15194266 0.16980921 
723.00000000 0.08803436 0.07435753 0.15667251 0.18310721 0.17633874 0.15172495 0.16976470 
724.00000000 0.08812034 0.07437591 0.15687589 0.18317480 0.17622357 0.15150924 0.16972025 
725.00000000 0.08820654 0.07439385 0.15707916 0.18324175 0.17610734 0.15129552 0.16967584 
726.00000000 0.08829292 0.07441138 0.15728232 0.18330806 0.17599007 0.15108375 0.16963149 
727.00000000 0.08837949 0.07442851 0.15748537 0.18337373 0.17587178 0.15087392 0.16958719 
728.00000000 0.08846622 0.07444526 0.15768830 0.18343876 0.17575251 0.15066599 0.16954296 
729.00000000 0.08855310 0.07446164 0.15789111 0.18350314 0.17563228 0.15045995 0.16949878 
730.00000000 0.08864012 0.07447766 0.15809381 0.18356687 0.17551113 0.15025575 0.16945465 
731.00000000 0.08872727 0.07449335 0.15829639 0.18362995 0.17538908 0.15005338 0.16941059 
732.00000000 0.08881452 0.07450872 0.15849885 0.18369238 0.17526617 0.14985278 0.16936658 
733.00000000 0.08890187 0.07452378 0.15870118 0.18375417 0.17514243 0.14965394 0.16932263 
734.00000000 0.08898929 0.07453855 0.15890340 0.18381531 0.17501790 0.14945681 0.16927874 
735.00000000 0.08907679 0.07455305 0.15910549 0.18387581 0.17489261 0.14926135 0.16923491 
736.00000000 0.08916433 0.07456730 0.15930746 0.18393567 0.17476660 0.14906752 0.16919113 
737.00000000 0.08925190 0.07458131 0.15950930 0.18399489 0.17463991 0.14887529 0.16914740 
738.00000000 0.08933949 0.07459509 0.15971101 0.18405349 0.17451257 0.14868461 0.16910373 
739.00000000 0.08942709 0.07460867 0.15991260 0.18411146 0.17438463 0.14849544 0.16906011 
740.00000000 0.08951467 0.07462206 0.16011406 0.18416882 0.17425612 0.14830773 0.16901654 
741.00000000 0.08960222 0.07463529 0.16031538 0.18422556 0.17412708 0.14812145 0.16897302 
742.00000000 0.08968973 0.07464836 0.16051657 0.18428170 0.17399755 0.14793654 0.16892955 
743.00000000 0.08977718 0.07466129 0.16071763 0.18433725 0.17386758 0.14775296 0.16888611 
744.00000000 0.08986455 0.07467410 0.16091855 0.18439222 0.17373720 0.14757066 0.16884272 
745.00000000 0.08995184 0.07468681 0.16111933 0.18444661 0.17360646 0.14738960 0.16879937 
746.00000000 0.09003902 0.07469943 0.16131997 0.18450043 0.17347539 0.14720972 0.16875605 
747.00000000 0.09012607 0.07471198 0.16152048 0.18455370 0.17334404 0.14703098 0.16871276 
748.00000000 0.09021299 0.07472447 0.16172084 0.18460642 0.17321244 0.14685333 0.16866950 
749.00000000 0.09029977 0.07473693 0.16192106 0.18465861 0.17308065 0.14667672 0.16862627 
750.00000000 0.09038637 0.07474936 0.16212113 0.18471029 0.17294869 0.14650110 0.16858306 
751.00000000 0.09047280 0.07476179 0.16232106 0.18476145 0.17281661 0.14632642 0.16853987 
752.00000000 0.09055903 0.07477422 0.16252083 0.18481213 0.17268446 0.14615264 0.16849669 
753.00000000 0.09064506 0.07478668 0.16272046 0.18486232 0.17255227 0.14597970 0.16845352 
754.00000000 0.09073086 0.07479917 0.16291994 0.18491204 0.17242007 0.14580755 0.16841036 
755.00000000 0.09081643 0.07481172 0.16311926 0.18496132 0.17228792 0.14563615 0.16836720 
756.00000000 0.09090175 0.07482433 0.16331843 0.18501015 0.17215584 0.14546545 0.16832404 
757.00000000 0.09098682 0.07483702 0.16351744 0.18505856 0.17202389 0.14529539 0.16828088 
758.00000000 0.09107161 0.07484980 0.16371630 0.18510656 0.17189209 0.14512594 0.16823771 
759.00000000 0.09115612 0.07486269 0.16391499 0.18515417 0.17176048 0.14495704 0.16819452 
760.00000000 0.09124033 0.07487569 0.16411353 0.18520140 0.17162909 0.14478864 0.16815131 
761.00000000 0.09132424 0.07488882 0.16431190 0.18524826 0.17149798 0.14462071 0.16810809 
762.00000000 0.09140783 0.07490209 0.16451011 0.18529478 0.17136716 0.14445319 0.16806483 
763.00000000 0.09149110 0.07491552 0.16470815 0.18534097 0.17123667 0.14428604 0.16802154 
764.00000000 0.09157402 0.07492910 0.16490603 0.18538684 0.17110656 0.14411922 0.16797822 
765.00000000 0.09165660 0.07494286 0.16510374 0.18543241 0.17097684 0.14395269 0.16793486 
766.00000000 0.09173883 0.07495679 0.16530128 0.18547770 0.17084755 0.14378639 0.16789145 
767.00000000 0.09182070 0.07497092 0.16549865 0.18552272 0.17071872 0.14362030 0.16784800 
768.00000000 0.09190219 0.07498524 0.16569585 0.18556748 0.17059039 0.14345436 0.16780449 
769.00000000 0.09198330 0.07499977 0.16589288 0.18561201 0.17046257 0.14328854 0.16776092 
770.00000000 0.09206403 0.07501452 0.16608973 0.18565632 0.17033530 0.14312281 0.16771729 
771.00000000 0.09214437 0.07502948 0.16628641 0.18570042 0.17020860 0.14295712 0.16767359 
772.00000000 0.09222431 0.07504467 0.16648291 0.18574433 0.17008251 0.14279145 0.16762982 
773.00000000 0.09230385 0.07506010 0.16667923 0.18578807 0.16995703 0.14262574 0.16758598 
774.00000000 0.09238298 0.07507576 0.16687537 0.18583165 0.16983220 0.14245998 0.16754206 
775.00000000 0.09246170 0.07509166 0.16707133 0.18587508 0.16970804 0.14229413 0.16749806 
776.00000000 0.09254000 0.07510781 0.16726712 0.18591838 0.16958456 0.14212816 0.16745397 
777.00000000 0.09261788 0.07512421 0.16746272 0.18596157 0.16946179 0.14196204 0.16740979 
778.00000000 0.09269534 0.07514086 0.16765813 0.18600466 0.16933975 0.14179574 0.16736552 
779.00000000 0.09277238 0.07515777 0.16785337 0.18604765 0.16921845 0.14162923 0.16732115 
780.00000000 0.09284899 0.07517493 0.16804842 0.18609058 0.16909791 0.14146249 0.16727667 
781.00000000 0.09292518 0.07519236 0.16824328 0.18613344 0.16897814 0.14129550 0.16723210 
782.00000000 0.09300093 0.07521004 0.16843796 0.18617626 0.16885916 0.14112823 0.16718741 
783.00000000 0.09307626 0.07522798 0.16863246 0.18621905 0.16874098 0.14096066 0.16714261 
784.00000000 0.09315116 0.07524619 0.16882676 0.18626181 0.16862360 0.14079278 0.16709770 
785.00000000 0.09322564 0.07526465 0.16902088 0.18630456 0.16850705 0.14062455 0.16705268 
786.00000000 0.09329969 0.07528336 0.16921481 0.18634731 0.16839132 0.14045598 0.16700753 
787.00000000 0.09337331 0.07530234 0.16940855 0.18639008 0.16827643 0.14028703 0.16696226 
788.00000000 0.09344651 0.07532157 0.16960210 0.18643287 0.16816237 0.14011770 0.16691687 
789.00000000 0.09351930 0.07534105 0.16979547 0.18647569 0.16804917 0.13994798 0.16687135 
790.00000000 0.09359167 0.07536077 0.16998864 0.18651856 0.16793681 0.13977785 0.16682570 
791.00000000 0.09366363 0.07538074 0.17018162 0.18656148 0.16782530 0.13960731 0.16677992 
792.00000000 0.09373518 0.07540095 0.17037441 0.18660447 0.16771464 0.13943634 0.16673401 
793.00000000 0.09380632 0.07542139 0.17056702 0.18664752 0.16760484 0.13926495 0.16668796 
794.00000000 0.09387707 0.07544207 0.17075943 0.18669066 0.16749588 0.13909311 0.16664178 
795.00000000 0.09394743 0.07546297 0.17095165 0.18673388 0.16738777 0.13892084 0.16659546 
796.00000000 0.09401740 0.07548408 0.17114368 0.18677720 0.16728051 0.13874813 0.16654900 
797.00000000 0.09408699 0.07550541 0.17133552 0.18682062 0.16717409 0.13857498 0.16650240 
798.00000000 0.09415620 0.07552694 0.17152717 0.18686414 0.16706851 0.13840138 0.16645566 
799.00000000 0.09422505 0.07554868 0.17171863 0.18690778 0.16696375 0.13822734 0.16640877 
800.00000000 0.09429354 0.07557060 0.17190989 0.18695154 0.16685981 0.13805286 0.16636175 
801.00000000 0.09436167 0.07559270 0.17210097 0.18699543 0.16675669 0.13787795 0.16631458 
802.00000000 0.09442947 0.07561498 0.17229186 0.18703944 0.16665437 0.13770261 0.16626727 
803.00000000 0.09449692 0.07563743 0.17248256 0.18708358 0.16655284 0.13752685 0.16621982 
804.00000000 0.09456405 0.07566003 0.17267307 0.18712786 0.16645209 0.13735067 0.16617223 
805.00000000 0.09463085 0.07568279 0.17286339 0.18717228 0.16635211 0.13717409 0.16612449 
806.00000000 0.09469735 0.07570568 0.17305352 0.18721683 0.16625289 0.13699712 0.16607661 
807.00000000 0.09476355 0.07572870 0.17324346 0.18726154 0.16615441 0.13681976 0.16602858 
808.00000000 0.09482945 0.07575185 0.17343321 0.18730638 0.16605666 0.13664203 0.16598042 
809.00000000 0.09489507 0.07577510 0.17362278 0.18735137 0.16595962 0.13646393 0.16593212 
810.00000000 0.09496042 0.07579846 0.17381216 0.18739651 0.16586328 0.13628550 0.16588367 
811.00000000 0.09502551 0.07582190 0.17400135 0.18744180 0.16576761 0.13610673 0.16583509 
812.00000000 0.09509035 0.07584543 0.17419036 0.18748723 0.16567261 0.13592766 0.16578637 
813.00000000 0.09515494 0.07586902 0.17437918 0.18753281 0.16557825 0.13574828 0.16573751 
814.00000000 0.09521930 0.07589268 0.17456782 0.18757853 0.16548452 0.13556863 0.16568852 
815.00000000 0.09528345 0.07591638 0.17475627 0.18762440 0.16539140 0.13538871 0.16563940 
816.00000000 0.09534738 0.07594012 0.17494454 0.18767040 0.16529887 0.13520856 0.16559014 
817.00000000 0.09541111 0.07596388 0.17513262 0.18771655 0.16520690 0.13502818 0.16554075 
818.00000000 0.09547465 0.07598766 0.17532053 0.18776283 0.16511548 0.13484760 0.16549124 
819.00000000 0.09553802 0.07601145 0.17550825 0.18780925 0.16502460 0.13466684 0.16544160 
820.00000000 0.09560121 0.07603523 0.17569579 0.18785580 0.16493421 0.13448593 0.16539183 
821.00000000 0.09566425 0.07605900 0.17588314 0.18790247 0.16484431 0.13430487 0.16534194 
822.00000000 0.09572715 0.07608273 0.17607032 0.18794927 0.16475488 0.13412371 0.16529194 
823.00000000 0.09578990 0.07610643 0.17625732 0.18799619 0.16466589 0.13394245 0.16524181 
824.00000000 0.09585254 0.07613008 0.17644414 0.18804322 0.16457732 0.13376113 0.16519157 
825.00000000 0.09591505 0.07615367 0.17663079 0.18809036 0.16448915 0.13357976 0.16514122 
826.00000000 0.09597746 0.07617719 0.17681725 0.18813760 0.16440136 0.13339838 0.16509076 
827.00000000 0.09603978 0.07620063 0.17700354 0.18818495 0.16431392 0.13321700 0.16504019 
828.00000000 0.09610201 0.07622398 0.17718966 0.18823238 0.16422681 0.13303565 0.16498951 
829.00000000 0.09616417 0.07624722 0.17737560 0.18827990 0.16414002 0.13285435 0.16493874 
830.00000000 0.09622627 0.07627036 0.17756136 0.18832751 0.16405351 0.13267313 0.16488786 
831.00000000 0.09628830 0.07629338 0.17774695 0.18837519 0.16396727 0.13249202 0.16483689 
832.00000000 0.09635030 0.07631626 0.17793237 0.18842293 0.16388127 0.13231104 0.16478582 
833.00000000 0.09641226 0.07633901 0.17811762 0.18847074 0.16379550 0.13213021 0.16473467 
834.00000000 0.09647419 0.07636161 0.17830269 0.18851861 0.16370992 0.13194956 0.16468343 
835.00000000 0.09653610 0.07638405 0.17848759 0.18856652 0.16362453 0.13176911 0.16463210 
836.00000000 0.09659800 0.07640633 0.17867233 0.18861447 0.16353930 0.13158889 0.16458069 
837.00000000 0.09665990 0.07642843 0.17885689 0.18866245 0.16345420 0.13140892 0.16452920 
838.00000000 0.09672181 0.07645036 0.17904128 0.18871047 0.16336922 0.13122923 0.16447764 
839.00000000 0.09678373 0.07647209 0.17922551 0.18875850 0.16328434 0.13104984 0.16442600 
840.00000000 0.09684567 0.07649362 0.17940956 0.18880654 0.16319953 0.13087078 0.16437430 
841.00000000 0.09690764 0.07651495 0.17959345 0.18885458 0.16311478 0.13069206 0.16432253 
842.00000000 0.09696965 0.07653607 0.17977718 0.18890262 0.16303007 0.13051371 0.16427070 
843.00000000 0.09703170 0.07655697 0.17996073 0.18895065 0.16294538 0.13033576 0.16421880 
844.00000000 0.09709380 0.07657765 0.18014413 0.18899865 0.16286069 0.13015822 0.16416685 
845.00000000 0.09715596 0.07659810 0.18032735 0.18904663 0.16277599 0.12998112 0.16411485 
846.00000000 0.09721818 0.07661831 0.18051041 0.18909458 0.16269125 0.12980448 0.16406279 
847.00000000 0.09728046 0.07663829 0.18069331 0.18914248 0.16260646 0.12962832 0.16401069 
848.00000000 0.09734282 0.07665801 0.18087604 0.18919033 0.16252160 0.12945266 0.16395854 
849.00000000 0.09740525 0.07667749 0.18105861 0.18923812 0.16243666 0.12927751 0.16390636 
850.00000000 0.09746776 0.07669671 0.18124102 0.18928584 0.16235163 0.12910291 0.16385413 
851.00000000 0.09753036 0.07671568 0.18142327 0.18933349 0.16226648 0.12892887 0.16380187 
852.00000000 0.09759304 0.07673438 0.18160535 0.18938105 0.16218120 0.12875540 0.16374957 
853.00000000 0.09765582 0.07675282 0.18178727 0.18942853 0.16209579 0.12858252 0.16369724 
854.00000000 0.09771869 0.07677099 0.18196903 0.18947591 0.16201022 0.12841025 0.16364489 
855.00000000 0.09778166 0.07678890 0.18215063 0.18952319 0.16192450 0.12823861 0.16359251 
856.00000000 0.09784473 0.07680653 0.18233207 0.18957035 0.16183859 0.12806761 0.16354012 
857.00000000 0.09790790 0.07682389 0.18251335 0.18961739 0.16175250 0.12789727 0.16348770 
858.00000000 0.09797117 0.07684098 0.18269447 0.18966431 0.16166621 0.12772759 0.16343527 
859.00000000 0.09803455 0.07685779 0.18287543 0.18971110 0.16157972 0.12755860 0.16338282 
860.00000000 0.09809803 0.07687432 0.18305623 0.18975774 0.16149301 0.12739030 0.16333036 
861.00000000 0.09816162 0.07689058 0.18323687 0.18980424 0.16140608 0.12722271 0.16327790 
862.00000000 0.09822531 0.07690657 0.18341735 0.18985059 0.16131892 0.12705584 0.16322542 
863.00000000 0.09828911 0.07692228 0.18359768 0.18989677 0.16123153 0.12688969 0.16317295 
864.00000000 0.09835301 0.07693771 0.18377784 0.18994279 0.16114389 0.12672428 0.16312047 
865.00000000 0.09841702 0.07695287 0.18395785 0.18998864 0.16105600 0.12655962 0.16306799 
866.00000000 0.09848114 0.07696777 0.18413769 0.19003432 0.16096786 0.12639571 0.16301552 
867.00000000 0.09854535 0.07698239 0.18431738 0.19007981 0.16087947 0.12623256 0.16296305 
868.00000000 0.09860966 0.07699675 0.18449691 0.19012511 0.16079081 0.12607017 0.16291059 
869.00000000 0.09867408 0.07701084 0.18467628 0.19017022 0.16070189 0.12590856 0.16285814 
870.00000000 0.09873858 0.07702467 0.18485550 0.19021513 0.16061270 0.12574772 0.16280569 
871.00000000 0.09880318 0.07703824 0.18503455 0.19025983 0.16052325 0.12558767 0.16275327 
872.00000000 0.09886788 0.07705156 0.18521345 0.19030433 0.16043353 0.12542840 0.16270085 
873.00000000 0.09893265 0.07706462 0.18539219 0.19034862 0.16034355 0.12526991 0.16264845 
874.00000000 0.09899751 0.07707744 0.18557077 0.19039269 0.16025329 0.12511221 0.16259607 
875.00000000 0.09906245 0.07709002 0.18574920 0.19043655 0.16016277 0.12495530 0.16254371 
876.00000000 0.09912747 0.07710236 0.18592746 0.19048018 0.16007199 0.12479918 0.16249137 
877.00000000 0.09919256 0.07711446 0.18610557 0.19052358 0.15998094 0.12464385 0.16243905 
878.00000000 0.09925771 0.07712634 0.18628351 0.19056675 0.15988963 0.12448930 0.16238675 
879.00000000 0.09932293 0.07713799 0.18646130 0.19060969 0.15979807 0.12433554 0.16233448 
880.00000000 0.09938820 0.07714942 0.18663893 0.19065240 0.15970626 0.12418255 0.16228223 
881.00000000 0.09945353 0.07716065 0.18681640 0.19069487 0.15961420 0.12403035 0.16223001 
882.00000000 0.09951890 0.07717166 0.18699371 0.19073710 0.15952189 0.12387892 0.16217782 
883.00000000 0.09958431 0.07718248 0.18717086 0.19077909 0.15942935 0.12372825 0.16212565 
884.00000000 0.09964976 0.07719310 0.18734785 0.19082084 0.15933657 0.12357835 0.16207352 
885.00000000 0.09971524 0.07720354 0.18752469 0.19086234 0.15924357 0.12342921 0.16202141 
886.00000000 0.09978074 0.07721379 0.18770136 0.19090360 0.15915036 0.12328082 0.16196933 
887.00000000 0.09984626 0.07722387 0.18787787 0.19094461 0.15905693 0.12313317 0.16191729 
888.00000000 0.09991179 0.07723379 0.18805422 0.19098538 0.15896330 0.12298626 0.16186527 
889.00000000 0.09997732 0.07724354 0.18823041 0.19102590 0.15886947 0.12284007 0.16181329 
890.00000000 0.10004286 0.07725314 0.18840643 0.19106617 0.15877546 0.12269461 0.16176133 
891.00000000 0.10010839 0.07726259 0.18858230 0.19110620 0.15868126 0.12254985 0.16170941 
892.00000000 0.10017390 0.07727190 0.18875801 0.19114598 0.15858690 0.12240579 0.16165752 
893.00000000 0.10023939 0.07728109 0.18893355 0.19118551 0.15849238 0.12226242 0.16160567 
894.00000000 0.10030485 0.07729014 0.18910893 0.19122480 0.15839771 0.12211972 0.16155384 
895.00000000 0.10037028 0.07729908 0.18928414 0.19126385 0.15830290 0.12197770 0.16150205 
896.00000000 0.10043566 0.07730791 0.18945920 0.19130265 0.15820796 0.12183633 0.16145029 
897.00000000 0.10050100 0.07731664 0.18963408 0.19134121 0.15811290 0.12169560 0.16139856 
898.00000000 0.10056628 0.07732527 0.18980881 0.19137954 0.15801773 0.12155550 0.16134686 
899.00000000 0.10063150 0.07733381 0.18998337 0.19141762 0.15792247 0.12141603 0.16129520 
900.00000000 0.10069665 0.07734228 0.19015777 0.19145547 0.15782711 0.12127716 0.16124356 
901.00000000 0.10076173 0.07735067 0.19033200 0.19149309 0.15773169 0.12113888 0.16119196 
902.00000000 0.10082672 0.07735900 0.19050606 0.19153047 0.15763619 0.12100118 0.16114038 
903.00000000 0.10089162 0.07736726 0.19067996 0.19156763 0.15754065 0.12086404 0.16108883 
904.00000000 0.10095643 0.07737548 0.19085369 0.19160456 0.15744506 0.12072746 0.16103731 
905.00000000 0.10102113 0.07738365 0.19102726 0.19164127 0.15734945 0.12059141 0.16098582 
906.00000000 0.10108573 0.07739179 0.19120066 0.19167776 0.15725381 0.12045589 0.16093436 
907.00000000 0.10115021 0.07739989 0.19137389 0.19171403 0.15715817 0.12032088 0.16088292 
908.00000000 0.10121456 0.07740797 0.19154695 0.19175009 0.15706254 0.12018636 0.16083151 
909.00000000 0.10127879 0.07741604 0.19171985 0.19178594 0.15696692 0.12005233 0.16078013 
910.00000000 0.10134289 0.07742410 0.19189257 0.19182159 0.15687134 0.11991876 0.16072876 
911.00000000 0.10140684 0.07743215 0.19206513 0.19185703 0.15677579 0.11978564 0.16067742 
912.00000000 0.10147065 0.07744020 0.19223752 0.19189228 0.15668029 0.11965295 0.16062610 
913.00000000 0.10153430 0.07744827 0.19240974 0.19192733 0.15658486 0.11952070 0.16057481 
914.00000000 0.10159780 0.07745635 0.19258178 0.19196219 0.15648951 0.11938884 0.16052353 
915.00000000 0.10166113 0.07746445 0.19275366 0.19199686 0.15639424 0.11925738 0.16047227 
916.00000000 0.10172430 0.07747258 0.19292537 0.19203135 0.15629907 0.11912631 0.16042103 
917.00000000 0.10178729 0.07748074 0.19309690 0.19206567 0.15620400 0.11899559 0.16036981 
918.00000000 0.10185010 0.07748894 0.19326826 0.19209981 0.15610906 0.11886523 0.16031860 
919.00000000 0.10191274 0.07749718 0.19343945 0.19213378 0.15601424 0.11873520 0.16026741 
920.00000000 0.10197518 0.07750547 0.19361047 0.19216759 0.15591957 0.11860549 0.16021623 
921.00000000 0.10203743 0.07751381 0.19378132 0.19220124 0.15582505 0.11847609 0.16016507 
922.00000000 0.10209948 0.07752221 0.19395199 0.19223473 0.15573069 0.11834699 0.16011391 
923.00000000 0.10216133 0.07753067 0.19412249 0.19226807 0.15563650 0.11821817 0.16006277 
924.00000000 0.10222298 0.07753919 0.19429281 0.19230127 0.15554249 0.11808962 0.16001163 
925.00000000 0.10228443 0.07754779 0.19446296 0.19233433 0.15544867 0.11796132 0.15996050 
926.00000000 0.10234566 0.07755646 0.19463294 0.19236725 0.15535505 0.11783327 0.15990938 
927.00000000 0.10240667 0.07756520 0.19480274 0.19240004 0.15526163 0.11770545 0.15985827 
928.00000000 0.10246747 0.07757403 0.19497237 0.19243270 0.15516844 0.11757784 0.15980716 
929.00000000 0.10252805 0.07758294 0.19514182 0.19246523 0.15507546 0.11745045 0.15975605 
930.00000000 0.10258841 0.07759193 0.19531109 0.19249765 0.15498273 0.11732325 0.15970494 
931.00000000 0.10264854 0.07760101 0.19548020 0.19252996 0.15489023 0.11719623 0.15965384 
932.00000000 0.10270845 0.07761019 0.19564912 0.19256216 0.15479798 0.11706938 0.15960273 
933.00000000 0.10276812 0.07761945 0.19581787 0.19259425 0.15470598 0.11694270 0.15955162 
934.00000000 0.10282757 0.07762881 0.19598644 0.19262624 0.15461424 0.11681617 0.15950052 
935.00000000 0.10288679 0.07763827 0.19615484 0.19265814 0.15452278 0.11668978 0.15944940 
936.00000000 0.10294577 0.07764782 0.19632306 0.19268995 0.15443158 0.11656352 0.15939829 
937.00000000 0.10300452 0.07765747 0.19649110 0.19272167 0.15434067 0.11643739 0.15934717 
938.00000000 0.10306304 0.07766722 0.19665897 0.19275331 0.15425004 0.11631138 0.15929604 
939.00000000 0.10312133 0.07767707 0.19682666 0.19278487 0.15415970 0.11618547 0.15924490 
940.00000000 0.10317938 0.07768702 0.19699417 0.19281636 0.15406965 0.11605966 0.15919376 
941.00000000 0.10323719 0.07769707 0.19716150 0.19284777 0.15397991 0.11593394 0.15914261 
942.00000000 0.10329477 0.07770723 0.19732866 0.19287912 0.15389046 0.11580831 0.15909145 
943.00000000 0.10335212 0.07771748 0.19749564 0.19291041 0.15380133 0.11568275 0.15904027 
944.00000000 0.10340924 0.07772783 0.19766244 0.19294164 0.15371250 0.11555727 0.15898909 
945.00000000 0.10346612 0.07773828 0.19782907 0.19297281 0.15362398 0.11543185 0.15893789 
946.00000000 0.10352278 0.07774882 0.19799551 0.19300393 0.15353578 0.11530649 0.15888668 
947.00000000 0.10357920 0.07775947 0.19816178 0.19303501 0.15344789 0.11518119 0.15883546 
948.00000000 0.10363540 0.07777020 0.19832788 0.19306604 0.15336033 0.11505593 0.15878422 
949.00000000 0.10369137 0.07778104 0.19849379 0.19309703 0.15327308 0.11493073 0.15873297 
950.00000000 0.10374712 0.07779196 0.19865953 0.19312797 0.15318615 0.11480556 0.15868170 
951.00000000 0.10380265 0.07780297 0.19882509 0.19315889 0.15309955 0.11468044 0.15863042 
952.00000000 0.10385795 0.07781407 0.19899047 0.19318977 0.15301327 0.11455535 0.15857912 
953.00000000 0.10391304 0.07782526 0.19915567 0.19322062 0.15292731 0.11443030 0.15852780 
954.00000000 0.10396792 0.07783653 0.19932070 0.19325144 0.15284167 0.11430528 0.15847646 
955.00000000 0.10402258 0.07784788 0.19948554 0.19328224 0.15275636 0.11418029 0.15842511 
956.00000000 0.10407704 0.07785930 0.19965022 0.19331302 0.15267136 0.11405532 0.15837374 
957.00000000 0.10413129 0.07787080 0.19981471 0.19334377 0.15258669 0.11393039 0.15832235 
958.00000000 0.10418534 0.07788238 0.19997903 0.19337451 0.15250233 0.11380548 0.15827094 
959.00000000 0.10423919 0.07789401 0.20014317 0.19340523 0.15241829 0.11368060 0.15821951 
960.00000000 0.10429284 0.07790572 0.20030713 0.19343593 0.15233456 0.11355575 0.15816807 
961.00000000 0.10434631 0.07791748 0.20047091 0.19346662 0.15225114 0.11343093 0.15811660 
962.00000000 0.10439958 0.07792930 0.20063452 0.19349730 0.15216803 0.11330613 0.15806512 
963.00000000 0.10445268 0.07794117 0.20079795 0.19352797 0.15208523 0.11318137 0.15801362 
964.00000000 0.10450559 0.07795310 0.20096121 0.19355863 0.15200273 0.11305664 0.15796210 
965.00000000 0.10455833 0.07796506 0.20112429 0.19358929 0.15192053 0.11293194 0.15791055 
966.00000000 0.10461090 0.07797707 0.20128719 0.19361993 0.15183863 0.11280728 0.15785899 
967.00000000 0.10466330 0.07798912 0.20144992 0.19365057 0.15175702 0.11268266 0.15780742 
968.00000000 0.10471554 0.07800120 0.20161247 0.19368120 0.15167569 0.11255808 0.15775582 
969.00000000 0.10476762 0.07801330 0.20177485 0.19371183 0.15159465 0.11243355 0.15770420 
970.00000000 0.10481955 0.07802543 0.20193705 0.19374245 0.15151389 0.11230906 0.15765257 
971.00000000 0.10487133 0.07803758 0.20209907 0.19377307 0.15143340 0.11218463 0.15760092 
972.00000000 0.10492297 0.07804975 0.20226092 0.19380369 0.15135317 0.11206026 0.15754925 
973.00000000 0.10497446 0.07806192 0.20242260 0.19383430 0.15127322 0.11193594 0.15749756 
974.00000000 0.10502582 0.07807410 0.20258410 0.19386490 0.15119352 0.11181170 0.15744586 
975.00000000 0.10507705 0.07808628 0.20274542 0.19389551 0.15111407 0.11168752 0.15739414 
976.00000000 0.10512816 0.07809846 0.20290658 0.19392610 0.15103487 0.11156342 0.15734240 
977.00000000 0.10517914 0.07811063 0.20306755 0.19395670 0.15095592 0.11143940 0.15729065 
978.00000000 0.10523001 0.07812279 0.20322836 0.19398729 0.15087720 0.11131547 0.15723889 
979.00000000 0.10528077 0.07813492 0.20338899 0.19401787 0.15079870 0.11119163 0.15718711 
980.00000000 0.10533142 0.07814704 0.20354945 0.19404844 0.15072044 0.11106789 0.15713532 
981.00000000 0.10538197 0.07815913 0.20370973 0.19407901 0.15064239 0.11094425 0.15708351 
982.00000000 0.10543243 0.07817119 0.20386984 0.19410957 0.15056455 0.11082073 0.15703169 
983.00000000 0.10548278 0.07818322 0.20402978 0.19414012 0.15048692 0.11069732 0.15697986 
984.00000000 0.10553306 0.07819520 0.20418955 0.19417066 0.15040948 0.11057403 0.15692802 
985.00000000 0.10558325 0.07820714 0.20434915 0.19420118 0.15033224 0.11045087 0.15687617 
986.00000000 0.10563335 0.07821903 0.20450857 0.19423170 0.15025519 0.11032784 0.15682431 
987.00000000 0.10568339 0.07823087 0.20466782 0.19426220 0.15017831 0.11020496 0.15677245 
988.00000000 0.10573335 0.07824265 0.20482690 0.19429268 0.15010161 0.11008223 0.15672057 
989.00000000 0.10578325 0.07825437 0.20498581 0.19432315 0.15002507 0.10995965 0.15666869 
990.00000000 0.10583309 0.07826603 0.20514455 0.19435359 0.14994870 0.10983724 0.15661680 
991.00000000 0.10588287 0.07827761 0.20530312 0.19438402 0.14987248 0.10971499 0.15656490 
992.00000000 0.10593259 0.07828913 0.20546152 0.19441443 0.14979641 0.10959292 0.15651301 
993.00000000 0.10598227 0.07830056 0.20561975 0.19444481 0.14972048 0.10947104 0.15646110 
994.00000000 0.10603190 0.07831192 0.20577781 0.19447516 0.14964468 0.10934934 0.15640920 
995.00000000 0.10608148 0.07832319 0.20593569 0.19450549 0.14956901 0.10922784 0.15635729 
996.00000000 0.10613103 0.07833437 0.20609341 0.19453578 0.14949347 0.10910654 0.15630539 
997.00000000 0.10618054 0.07834547 0.20625097 0.19456605 0.14941804 0.10898546 0.15625348 
998.00000000 0.10623002 0.07835647 0.20640835 0.19459628 0.14934272 0.10886459 0.15620157 
999.00000000 0.10627947 0.07836737 0.20656556 0.19462647 0.14926751 0.10874394 0.15614967 
