0.00000000 1.00000000 0.00000000 0.00000000 0.00000000 0.00000000 0.00000000 0.00000000 
1.00000000 0.99971316 0.00027280 0.00000108 0.00000124 0.00000159 0.00000666 0.00000348 
2.00000000 0.99885356 0.00109029 0.00000433 0.00000495 0.00000638 0.00002660 0.00001388 
3.00000000 0.99742381 0.00244989 0.00000987 0.00001114 0.00001438 0.00005973 0.00003117 
4.00000000 0.99542806 0.00434744 0.00001782 0.00001985 0.00002564 0.00010593 0.00005526 
5.00000000 0.99287206 0.00677721 0.00002842 0.00003110 0.00004020 0.00016499 0.00008602 
6.00000000 0.98976308 0.00973195 0.00004193 0.00004492 0.00005813 0.00023668 0.00012331 
7.00000000 0.98610992 0.01320289 0.00005866 0.00006137 0.00007951 0.00032070 0.00016694 
8.00000000 0.98192283 0.01717980 0.00007900 0.00008050 0.00010444 0.00041671 0.00021671 
9.00000000 0.97721353 0.02165102 0.00010337 0.00010238 0.00013301 0.00052432 0.00027238 
10.00000000 0.97199509 0.02660351 0.00013222 0.00012706 0.00016535 0.00064309 0.00033368 
11.00000000 0.96628193 0.03202292 0.00016607 0.00015464 0.00020156 0.00077255 0.00040033 
12.00000000 0.96008977 0.03789363 0.00020544 0.00018517 0.00024179 0.00091218 0.00047202 
13.00000000 0.95343551 0.04419882 0.00025089 0.00021876 0.00028617 0.00106143 0.00054841 
14.00000000 0.94633724 0.05092054 0.00030302 0.00025548 0.00033484 0.00121972 0.00062916 
15.00000000 0.93881410 0.05803978 0.00036242 0.00029544 0.00038794 0.00138641 0.00071390 
16.00000000 0.93088629 0.06553655 0.00042970 0.00033871 0.00044562 0.00156087 0.00080226 
17.00000000 0.92257489 0.07338994 0.00050547 0.00038540 0.00050802 0.00174242 0.00089385 
18.00000000 0.91390189 0.08157823 0.00059035 0.00043560 0.00057529 0.00193038 0.00098827 
19.00000000 0.90489001 0.09007896 0.00068494 0.00048940 0.00064754 0.00212403 0.00108512 
20.00000000 0.89556270 0.09886901 0.00078982 0.00054688 0.00072493 0.00232266 0.00118400 
21.00000000 0.88594400 0.10792470 0.00090557 0.00060813 0.00080757 0.00252553 0.00128450 
22.00000000 0.87605846 0.11722185 0.00103272 0.00067324 0.00089557 0.00273193 0.00138623 
23.00000000 0.86593109 0.12673593 0.00117179 0.00074226 0.00098904 0.00294110 0.00148879 
24.00000000 0.85558722 0.13644206 0.00132326 0.00081528 0.00108806 0.00315232 0.00159179 
25.00000000 0.84505246 0.14631520 0.00148755 0.00089235 0.00119272 0.00336487 0.00169486 
26.00000000 0.83435255 0.15633015 0.00166506 0.00097351 0.00130307 0.00357803 0.00179762 
27.00000000 0.82351334 0.16646170 0.00185614 0.00105880 0.00141915 0.00379112 0.00189974 
28.00000000 0.81256067 0.17668468 0.00206107 0.00114825 0.00154100 0.00400345 0.00200088 
29.00000000 0.80152027 0.18697406 0.00228009 0.00124187 0.00166861 0.00421438 0.00210072 
30.00000000 0.79041770 0.19730504 0.00251338 0.00133965 0.00180198 0.00442327 0.00219898 
31.00000000 0.77927824 0.20765310 0.00276106 0.00144159 0.00194107 0.00462955 0.00229539 
32.00000000 0.76812686 0.21799414 0.00302320 0.00154764 0.00208583 0.00483263 0.00238971 
33.00000000 0.75698807 0.22830447 0.00329980 0.00165776 0.00223618 0.00503201 0.00248171 
34.00000000 0.74588590 0.23856097 0.00359082 0.00177189 0.00239202 0.00522720 0.00257120 
35.00000000 0.73484383 0.24874108 0.00389613 0.00188995 0.00255323 0.00541776 0.00265803 
36.00000000 0.72388467 0.25882291 0.00421557 0.00201183 0.00271967 0.00560329 0.00274205 
37.00000000 0.71303053 0.26878532 0.00454893 0.00213743 0.00289118 0.00578344 0.00282317 
38.00000000 0.70230276 0.27860792 0.00489591 0.00226662 0.00306757 0.00595793 0.00290130 
39.00000000 0.69172190 0.28827115 0.00525621 0.00239925 0.00324862 0.00612648 0.00297639 
40.00000000 0.68130759 0.29775635 0.00562944 0.00253516 0.00343411 0.00628892 0.00304843 
41.00000000 0.67107855 0.30704579 0.00601520 0.00267417 0.00362378 0.00644509 0.00311743 
42.00000000 0.66105252 0.31612267 0.00641302 0.00281610 0.00381737 0.00659489 0.00318343 
43.00000000 0.65124624 0.32497122 0.00682244 0.00296075 0.00401458 0.00673829 0.00324648 
44.00000000 0.64167539 0.33357669 0.00724292 0.00310789 0.00421511 0.00687530 0.00330670 
45.00000000 0.63235458 0.34192539 0.00767393 0.00325732 0.00441862 0.00700598 0.00336418 
46.00000000 0.62329731 0.35000470 0.00811491 0.00340880 0.00462477 0.00713043 0.00341908 
47.00000000 0.61451593 0.35780310 0.00856528 0.00356210 0.00483321 0.00724883 0.00347155 
48.00000000 0.60602168 0.36531019 0.00902446 0.00371696 0.00504357 0.00736137 0.00352178 
49.00000000 0.59782461 0.37251665 0.00949185 0.00387317 0.00525545 0.00746830 0.00356997 
50.00000000 0.58993363 0.37941430 0.00996688 0.00403046 0.00546846 0.00756993 0.00361635 
51.00000000 0.58235646 0.38599608 0.01044895 0.00418860 0.00568220 0.00766657 0.00366114 
52.00000000 0.57509966 0.39225604 0.01093749 0.00434736 0.00589626 0.00775860 0.00370460 
53.00000000 0.56816865 0.39818931 0.01143195 0.00450650 0.00611021 0.00784641 0.00374697 
54.00000000 0.56156766 0.40379214 0.01193178 0.00466580 0.00632364 0.00793044 0.00378854 
55.00000000 0.55529982 0.40906184 0.01243647 0.00482506 0.00653612 0.00801113 0.00382956 
56.00000000 0.54936713 0.41399677 0.01294553 0.00498407 0.00674721 0.00808896 0.00387033 
57.00000000 0.54377049 0.41859633 0.01345850 0.00514266 0.00695651 0.00816441 0.00391110 
58.00000000 0.53850974 0.42286091 0.01397495 0.00530067 0.00716357 0.00823798 0.00395217 
59.00000000 0.53358369 0.42679187 0.01449449 0.00545793 0.00736800 0.00831019 0.00399381 
60.00000000 0.52899013 0.43039154 0.01501677 0.00561434 0.00756938 0.00838154 0.00403629 
61.00000000 0.52472590 0.43366313 0.01554147 0.00576978 0.00776731 0.00845253 0.00407988 
62.00000000 0.52078689 0.43661072 0.01606831 0.00592417 0.00796141 0.00852367 0.00412482 
63.00000000 0.51716814 0.43923923 0.01659705 0.00607747 0.00815129 0.00859545 0.00417138 
64.00000000 0.51386381 0.44155435 0.01712750 0.00622962 0.00833661 0.00866833 0.00421977 
65.00000000 0.51086730 0.44356255 0.01765950 0.00638064 0.00851702 0.00874276 0.00427024 
66.00000000 0.50817125 0.44527095 0.01819292 0.00653052 0.00869220 0.00881918 0.00432297 
67.00000000 0.50576761 0.44668737 0.01872769 0.00667932 0.00886185 0.00889798 0.00437817 
68.00000000 0.50364768 0.44782021 0.01926375 0.00682711 0.00902571 0.00897953 0.00443601 
69.00000000 0.50180220 0.44867843 0.01980110 0.00697396 0.00918351 0.00906416 0.00449666 
70.00000000 0.50022135 0.44927149 0.02033973 0.00711999 0.00933506 0.00915214 0.00456025 
71.00000000 0.49889484 0.44960934 0.02087970 0.00726533 0.00948014 0.00924374 0.00462690 
72.00000000 0.49781198 0.44970232 0.02142106 0.00741014 0.00961862 0.00933916 0.00469673 
73.00000000 0.49696170 0.44956111 0.02196390 0.00755457 0.00975035 0.00943855 0.00476983 
74.00000000 0.49633261 0.44919672 0.02250832 0.00769882 0.00987527 0.00954201 0.00484625 
75.00000000 0.49591309 0.44862042 0.02305443 0.00784308 0.00999330 0.00964960 0.00492607 
76.00000000 0.49569133 0.44784368 0.02360235 0.00798755 0.01010445 0.00976133 0.00500930 
77.00000000 0.49565535 0.44687813 0.02415221 0.00813245 0.01020872 0.00987715 0.00509598 
78.00000000 0.49579312 0.44573551 0.02470412 0.00827798 0.01030619 0.00999696 0.00518611 
79.00000000 0.49609256 0.44442763 0.02525820 0.00842436 0.01039696 0.01012061 0.00527967 
80.00000000 0.49654160 0.44296628 0.02581457 0.00857181 0.01048118 0.01024790 0.00537665 
81.00000000 0.49712828 0.44136327 0.02637331 0.00872053 0.01055902 0.01037858 0.00547701 
82.00000000 0.49784071 0.43963030 0.02693450 0.00887071 0.01063072 0.01051234 0.00558071 
83.00000000 0.49866722 0.43777895 0.02749821 0.00902255 0.01069655 0.01064885 0.00568768 
84.00000000 0.49959631 0.43582065 0.02806446 0.00917620 0.01075680 0.01078771 0.00579787 
85.00000000 0.50061678 0.43376662 0.02863325 0.00933181 0.01081184 0.01092849 0.00591121 
86.00000000 0.50171769 0.43162783 0.02920458 0.00948952 0.01086203 0.01107074 0.00602761 
87.00000000 0.50288846 0.42941499 0.02977836 0.00964943 0.01090781 0.01121394 0.00614701 
88.00000000 0.50411888 0.42713848 0.03035452 0.00981161 0.01094962 0.01135757 0.00626931 
89.00000000 0.50539916 0.42480832 0.03093292 0.00997611 0.01098796 0.01150107 0.00639445 
90.00000000 0.50671994 0.42243417 0.03151340 0.01014295 0.01102334 0.01164386 0.00652233 
91.00000000 0.50807232 0.42002527 0.03209574 0.01031211 0.01105631 0.01178536 0.00665289 
92.00000000 0.50944793 0.41759042 0.03267970 0.01048354 0.01108744 0.01192495 0.00678603 
93.00000000 0.51083887 0.41513795 0.03326500 0.01065716 0.01111731 0.01206201 0.00692169 
94.00000000 0.51223782 0.41267573 0.03385130 0.01083287 0.01114654 0.01219595 0.00705980 
95.00000000 0.51363801 0.41021108 0.03443824 0.01101049 0.01117574 0.01232613 0.00720031 
96.00000000 0.51503322 0.40775083 0.03502543 0.01118987 0.01120554 0.01245196 0.00734315 
97.00000000 0.51641784 0.40530125 0.03561242 0.01137077 0.01123659 0.01257285 0.00748828 
98.00000000 0.51778683 0.40286806 0.03619875 0.01155295 0.01126952 0.01268822 0.00763566 
99.00000000 0.51913578 0.40045642 0.03678391 0.01173615 0.01130495 0.01279752 0.00778526 
100.00000000 0.52046083 0.39807091 0.03736738 0.01192006 0.01134352 0.01290023 0.00793706 
101.00000000 0.52175878 0.39571552 0.03794861 0.01210435 0.01138583 0.01299586 0.00809104 
102.00000000 0.52302698 0.39339367 0.03852702 0.01228869 0.01143247 0.01308396 0.00824720 
103.00000000 0.52426340 0.39110820 0.03910202 0.01247272 0.01148402 0.01316411 0.00840554 
104.00000000 0.52546659 0.38886133 0.03967301 0.01265605 0.01154101 0.01323594 0.00856606 
105.00000000 0.52663568 0.38665476 0.04023938 0.01283831 0.01160394 0.01329913 0.00872878 
106.00000000 0.52777036 0.38448957 0.04080050 0.01301912 0.01167330 0.01335342 0.00889374 
107.00000000 0.52887085 0.38236629 0.04135577 0.01319808 0.01174949 0.01339859 0.00906094 
108.00000000 0.52993792 0.38028490 0.04190455 0.01337481 0.01183291 0.01343447 0.00923043 
109.00000000 0.53097284 0.37824485 0.04244626 0.01354894 0.01192388 0.01346098 0.00940224 
110.00000000 0.53197738 0.37624507 0.04298029 0.01372011 0.01202268 0.01347807 0.00957641 
111.00000000 0.53295374 0.37428396 0.04350607 0.01388798 0.01212952 0.01348575 0.00975298 
112.00000000 0.53390460 0.37235946 0.04402305 0.01405223 0.01224455 0.01348413 0.00993198 
113.00000000 0.53483302 0.37046906 0.04453069 0.01421257 0.01236788 0.01347333 0.01011345 
114.00000000 0.53574245 0.36860979 0.04502850 0.01436874 0.01249952 0.01345357 0.01029742 
115.00000000 0.53663670 0.36677829 0.04551600 0.01452052 0.01263943 0.01342513 0.01048393 
116.00000000 0.53751987 0.36497081 0.04599277 0.01466773 0.01278750 0.01338832 0.01067300 
117.00000000 0.53839637 0.36318326 0.04645841 0.01481022 0.01294355 0.01334354 0.01086465 
118.00000000 0.53927086 0.36141121 0.04691258 0.01494791 0.01310732 0.01329125 0.01105888 
119.00000000 0.54014820 0.35964997 0.04735496 0.01508074 0.01327850 0.01323194 0.01125569 
120.00000000 0.54103345 0.35789460 0.04778531 0.01520871 0.01345669 0.01316616 0.01145509 
121.00000000 0.54193180 0.35613991 0.04820339 0.01533189 0.01364144 0.01309454 0.01165704 
122.00000000 0.54284855 0.35438058 0.04860906 0.01545037 0.01383221 0.01301771 0.01186151 
123.00000000 0.54378909 0.35261110 0.04900221 0.01556433 0.01402843 0.01293639 0.01206846 
124.00000000 0.54475882 0.35082590 0.04938275 0.01567397 0.01422944 0.01285129 0.01227783 
125.00000000 0.54576314 0.34901932 0.04975070 0.01577955 0.01443455 0.01276320 0.01248954 
126.00000000 0.54680743 0.34718566 0.05010607 0.01588141 0.01464300 0.01267291 0.01270351 
127.00000000 0.54789699 0.34531927 0.05044897 0.01597989 0.01485399 0.01258126 0.01291963 
128.00000000 0.54903699 0.34341451 0.05077952 0.01607541 0.01506668 0.01248909 0.01313780 
129.00000000 0.55023247 0.34146587 0.05109791 0.01616843 0.01528018 0.01239728 0.01335786 
130.00000000 0.55148830 0.33946792 0.05140436 0.01625944 0.01549360 0.01230669 0.01357970 
131.00000000 0.55280913 0.33741543 0.05169913 0.01634896 0.01570599 0.01221823 0.01380313 
132.00000000 0.55419936 0.33530337 0.05198255 0.01643756 0.01591640 0.01213277 0.01402799 
133.00000000 0.55566312 0.33312693 0.05225496 0.01652583 0.01612388 0.01205120 0.01425409 
134.00000000 0.55720423 0.33088158 0.05251673 0.01661437 0.01632745 0.01197440 0.01448124 
135.00000000 0.55882620 0.32856309 0.05276828 0.01670381 0.01652617 0.01190323 0.01470923 
136.00000000 0.56053215 0.32616757 0.05301005 0.01679477 0.01671908 0.01183854 0.01493783 
137.00000000 0.56232483 0.32369151 0.05324250 0.01688791 0.01690526 0.01178116 0.01516683 
138.00000000 0.56420660 0.32113178 0.05346612 0.01698384 0.01708379 0.01173188 0.01539599 
139.00000000 0.56617938 0.31848566 0.05368141 0.01708320 0.01725380 0.01169147 0.01562507 
140.00000000 0.56824463 0.31575092 0.05388889 0.01718659 0.01741446 0.01166067 0.01585383 
141.00000000 0.57040336 0.31292575 0.05408909 0.01729461 0.01756499 0.01164016 0.01608202 
142.00000000 0.57265612 0.31000887 0.05428254 0.01740782 0.01770465 0.01163060 0.01630939 
143.00000000 0.57500293 0.30699948 0.05446977 0.01752675 0.01783277 0.01163260 0.01653570 
144.00000000 0.57744334 0.30389730 0.05465133 0.01765189 0.01794873 0.01164670 0.01676071 
145.00000000 0.57997638 0.30070261 0.05482775 0.01778369 0.01805200 0.01167341 0.01698416 
146.00000000 0.58260056 0.29741622 0.05499956 0.01792254 0.01814209 0.01171318 0.01720584 
147.00000000 0.58531388 0.29403949 0.05516728 0.01806881 0.01821863 0.01176641 0.01742551 
148.00000000 0.58811381 0.29057433 0.05533141 0.01822277 0.01828130 0.01183343 0.01764295 
149.00000000 0.59099730 0.28702324 0.05549246 0.01838466 0.01832988 0.01191451 0.01785795 
150.00000000 0.59396080 0.28338923 0.05565089 0.01855465 0.01836424 0.01200987 0.01807032 
151.00000000 0.59700023 0.27967590 0.05580719 0.01873285 0.01838431 0.01211966 0.01827987 
152.00000000 0.60011101 0.27588739 0.05596177 0.01891929 0.01839014 0.01224398 0.01848643 
153.00000000 0.60328808 0.27202836 0.05611508 0.01911394 0.01838185 0.01238284 0.01868985 
154.00000000 0.60652589 0.26810401 0.05626751 0.01931671 0.01835967 0.01253622 0.01888999 
155.00000000 0.60981842 0.26412006 0.05641944 0.01952743 0.01832389 0.01270403 0.01908673 
156.00000000 0.61315922 0.26008270 0.05657123 0.01974588 0.01827491 0.01288610 0.01927997 
157.00000000 0.61654139 0.25599860 0.05672321 0.01997176 0.01821320 0.01308222 0.01946962 
158.00000000 0.61995763 0.25187490 0.05687571 0.02020471 0.01813930 0.01329213 0.01965561 
159.00000000 0.62340025 0.24771914 0.05702902 0.02044432 0.01805386 0.01351549 0.01983791 
160.00000000 0.62686121 0.24353928 0.05718340 0.02069013 0.01795757 0.01375193 0.02001648 
161.00000000 0.63033213 0.23934363 0.05733913 0.02094159 0.01785120 0.01400100 0.02019133 
162.00000000 0.63380431 0.23514086 0.05749643 0.02119816 0.01773558 0.01426222 0.02036245 
163.00000000 0.63726878 0.23093993 0.05765552 0.02145921 0.01761160 0.01453507 0.02052988 
164.00000000 0.64071635 0.22675009 0.05781662 0.02172410 0.01748020 0.01481897 0.02069368 
165.00000000 0.64413757 0.22258080 0.05797991 0.02199214 0.01734236 0.01511331 0.02085391 
166.00000000 0.64752284 0.21844175 0.05814558 0.02226264 0.01719909 0.01541743 0.02101066 
167.00000000 0.65086241 0.21434277 0.05831380 0.02253487 0.01705146 0.01573066 0.02116403 
168.00000000 0.65414640 0.21029382 0.05848474 0.02280810 0.01690052 0.01605227 0.02131414 
169.00000000 0.65736489 0.20630495 0.05865856 0.02308157 0.01674738 0.01638153 0.02146112 
170.00000000 0.66050789 0.20238625 0.05883541 0.02335456 0.01659312 0.01671766 0.02160512 
171.00000000 0.66356541 0.19854778 0.05901545 0.02362632 0.01643885 0.01705988 0.02174630 
172.00000000 0.66652752 0.19479961 0.05919884 0.02389614 0.01628567 0.01740739 0.02188483 
173.00000000 0.66938435 0.19115169 0.05938573 0.02416331 0.01613465 0.01775938 0.02202089 
174.00000000 0.67212613 0.18761387 0.05957629 0.02442716 0.01598686 0.01811502 0.02215467 
175.00000000 0.67474326 0.18419583 0.05977069 0.02468704 0.01584334 0.01847348 0.02228636 
176.00000000 0.67722631 0.18090705 0.05996911 0.02494233 0.01570509 0.01883393 0.02241617 
177.00000000 0.67956608 0.17775676 0.06017171 0.02519248 0.01557310 0.01919555 0.02254431 
178.00000000 0.68175363 0.17475393 0.06037871 0.02543697 0.01544828 0.01955751 0.02267097 
179.00000000 0.68378030 0.17190720 0.06059030 0.02567531 0.01533151 0.01991900 0.02279638 
180.00000000 0.68563778 0.16922486 0.06080669 0.02590709 0.01522363 0.02027921 0.02292075 
181.00000000 0.68731810 0.16671481 0.06102811 0.02613194 0.01512541 0.02063736 0.02304427 
182.00000000 0.68881370 0.16438454 0.06125480 0.02634957 0.01503756 0.02099266 0.02316717 
183.00000000 0.69011744 0.16224108 0.06148699 0.02655973 0.01496073 0.02134438 0.02328965 
184.00000000 0.69122264 0.16029100 0.06172495 0.02676223 0.01489551 0.02169177 0.02341190 
185.00000000 0.69212308 0.15854034 0.06196894 0.02695697 0.01484242 0.02203414 0.02353411 
186.00000000 0.69281308 0.15699463 0.06221923 0.02714388 0.01480191 0.02237079 0.02365648 
187.00000000 0.69328747 0.15565881 0.06247611 0.02732296 0.01477437 0.02270109 0.02377919 
188.00000000 0.69354166 0.15453729 0.06273987 0.02749430 0.01476010 0.02302440 0.02390239 
189.00000000 0.69357160 0.15363386 0.06301079 0.02765801 0.01475937 0.02334013 0.02402625 
190.00000000 0.69337386 0.15295170 0.06328917 0.02781427 0.01477234 0.02364774 0.02415092 
191.00000000 0.69294563 0.15249338 0.06357532 0.02796334 0.01479913 0.02394668 0.02427654 
192.00000000 0.69228470 0.15226082 0.06386952 0.02810549 0.01483978 0.02423647 0.02440323 
193.00000000 0.69138951 0.15225530 0.06417207 0.02824107 0.01489429 0.02451664 0.02453111 
194.00000000 0.69025916 0.15247747 0.06448327 0.02837046 0.01496258 0.02478679 0.02466028 
195.00000000 0.68889338 0.15292730 0.06480338 0.02849409 0.01504452 0.02504651 0.02479082 
196.00000000 0.68729258 0.15360413 0.06513268 0.02861242 0.01513992 0.02529545 0.02492283 
197.00000000 0.68545781 0.15450662 0.06547144 0.02872594 0.01524854 0.02553329 0.02505635 
198.00000000 0.68339081 0.15563282 0.06581988 0.02883516 0.01537012 0.02575975 0.02519145 
199.00000000 0.68109395 0.15698011 0.06617825 0.02894063 0.01550432 0.02597458 0.02532815 
200.00000000 0.67857028 0.15854524 0.06654675 0.02904291 0.01565079 0.02617755 0.02546649 
201.00000000 0.67582348 0.16032435 0.06692556 0.02914255 0.01580912 0.02636847 0.02560647 
202.00000000 0.67285786 0.16231297 0.06731484 0.02924014 0.01597889 0.02654720 0.02574810 
203.00000000 0.66967838 0.16450602 0.06771475 0.02933624 0.01615965 0.02671359 0.02589137 
204.00000000 0.66629060 0.16689787 0.06812537 0.02943144 0.01635092 0.02686756 0.02603624 
205.00000000 0.66270065 0.16948232 0.06854680 0.02952629 0.01655222 0.02700903 0.02618269 
206.00000000 0.65891527 0.17225264 0.06897909 0.02962135 0.01676304 0.02713795 0.02633067 
207.00000000 0.65494173 0.17520160 0.06942225 0.02971714 0.01698286 0.02725430 0.02648011 
208.00000000 0.65078784 0.17832147 0.06987628 0.02981419 0.01721117 0.02735808 0.02663097 
209.00000000 0.64646192 0.18160407 0.07034113 0.02991297 0.01744744 0.02744932 0.02678315 
210.00000000 0.64197276 0.18504079 0.07081671 0.03001396 0.01769115 0.02752806 0.02693657 
211.00000000 0.63732960 0.18862261 0.07130292 0.03011759 0.01794178 0.02759435 0.02709115 
212.00000000 0.63254210 0.19234017 0.07179962 0.03022424 0.01819881 0.02764828 0.02724677 
213.00000000 0.62762032 0.19618373 0.07230661 0.03033429 0.01846176 0.02768995 0.02740334 
214.00000000 0.62257465 0.20014328 0.07282370 0.03044806 0.01873012 0.02771947 0.02756073 
215.00000000 0.61741583 0.20420852 0.07335063 0.03056584 0.01900341 0.02773695 0.02771882 
216.00000000 0.61215485 0.20836893 0.07388714 0.03068787 0.01928118 0.02774255 0.02787749 
217.00000000 0.60680299 0.21261376 0.07443292 0.03081436 0.01956297 0.02773639 0.02803661 
218.00000000 0.60137170 0.21693212 0.07498764 0.03094548 0.01984835 0.02771866 0.02819605 
219.00000000 0.59587263 0.22131298 0.07555095 0.03108136 0.02013691 0.02768951 0.02835566 
220.00000000 0.59031755 0.22574520 0.07612248 0.03122209 0.02042825 0.02764913 0.02851530 
221.00000000 0.58471833 0.23021760 0.07670181 0.03136771 0.02072200 0.02759770 0.02867484 
222.00000000 0.57908690 0.23471897 0.07728854 0.03151824 0.02101780 0.02753543 0.02883412 
223.00000000 0.57343519 0.23923809 0.07788223 0.03167366 0.02131530 0.02746251 0.02899301 
224.00000000 0.56777513 0.24376383 0.07848244 0.03183390 0.02161418 0.02737917 0.02915136 
225.00000000 0.56211858 0.24828508 0.07908870 0.03199889 0.02191413 0.02728561 0.02930902 
226.00000000 0.55647728 0.25279091 0.07970055 0.03216848 0.02221486 0.02718208 0.02946585 
227.00000000 0.55086287 0.25727048 0.08031752 0.03234255 0.02251608 0.02706880 0.02962170 
228.00000000 0.54528678 0.26171315 0.08093914 0.03252090 0.02281754 0.02694603 0.02977645 
229.00000000 0.53976025 0.26610851 0.08156494 0.03270336 0.02311897 0.02681402 0.02992995 
230.00000000 0.53429425 0.27044638 0.08219445 0.03288969 0.02342014 0.02667303 0.03008207 
231.00000000 0.52889949 0.27471682 0.08282720 0.03307967 0.02372081 0.02652334 0.03023268 
232.00000000 0.52358635 0.27891024 0.08346275 0.03327304 0.02402074 0.02636523 0.03038165 
233.00000000 0.51836487 0.28301734 0.08410066 0.03346954 0.02431973 0.02619898 0.03052887 
234.00000000 0.51324471 0.28702919 0.08474050 0.03366890 0.02461756 0.02602492 0.03067422 
235.00000000 0.50823513 0.29093723 0.08538185 0.03387083 0.02491400 0.02584335 0.03081760 
236.00000000 0.50334495 0.29473330 0.08602433 0.03407506 0.02520886 0.02565461 0.03095890 
237.00000000 0.49858251 0.29840966 0.08666756 0.03428129 0.02550191 0.02545904 0.03109804 
238.00000000 0.49395572 0.30195901 0.08731118 0.03448924 0.02579295 0.02525699 0.03123491 
239.00000000 0.48947193 0.30537450 0.08795488 0.03469863 0.02608177 0.02504884 0.03136946 
240.00000000 0.48513801 0.30864978 0.08859835 0.03490916 0.02636814 0.02483496 0.03150160 
241.00000000 0.48096026 0.31177896 0.08924131 0.03512056 0.02665187 0.02461578 0.03163128 
242.00000000 0.47694445 0.31475666 0.08988349 0.03533256 0.02693271 0.02439169 0.03175844 
243.00000000 0.47309575 0.31757803 0.09052468 0.03554490 0.02721046 0.02416313 0.03188304 
244.00000000 0.46941879 0.32023872 0.09116467 0.03575733 0.02748488 0.02393056 0.03200504 
245.00000000 0.46591759 0.32273492 0.09180329 0.03596960 0.02775573 0.02369443 0.03212443 
246.00000000 0.46259558 0.32506336 0.09244037 0.03618149 0.02802278 0.02345523 0.03224119 
247.00000000 0.45945558 0.32722129 0.09307580 0.03639277 0.02828580 0.02321344 0.03235532 
248.00000000 0.45649985 0.32920652 0.09370947 0.03660324 0.02854452 0.02296959 0.03246681 
249.00000000 0.45373002 0.33101739 0.09434129 0.03681271 0.02879872 0.02272419 0.03257569 
250.00000000 0.45114713 0.33265278 0.09497121 0.03702099 0.02904813 0.02247778 0.03268198 
251.00000000 0.44875164 0.33411211 0.09559918 0.03722793 0.02929251 0.02223092 0.03278571 
252.00000000 0.44654343 0.33539532 0.09622519 0.03743335 0.02953160 0.02198417 0.03288693 
253.00000000 0.44452181 0.33650288 0.09684922 0.03763713 0.02976516 0.02173810 0.03298570 
254.00000000 0.44268552 0.33743578 0.09747128 0.03783913 0.02999292 0.02149329 0.03308207 
255.00000000 0.44103277 0.33819548 0.09809139 0.03803924 0.03021466 0.02125033 0.03317612 
256.00000000 0.43956123 0.33878397 0.09870958 0.03823735 0.03043012 0.02100982 0.03326792 
257.00000000 0.43826807 0.33920369 0.09932588 0.03843337 0.03063907 0.02077236 0.03335757 
258.00000000 0.43714994 0.33945755 0.09994033 0.03862720 0.03084128 0.02053855 0.03344515 
259.00000000 0.43620307 0.33954889 0.10055299 0.03881877 0.03103653 0.02030898 0.03353077 
260.00000000 0.43542319 0.33948149 0.10116389 0.03900802 0.03122461 0.02008426 0.03361454 
261.00000000 0.43480564 0.33925952 0.10177308 0.03919489 0.03140532 0.01986499 0.03369656 
262.00000000 0.43434536 0.33888754 0.10238061 0.03937932 0.03157848 0.01965174 0.03377695 
263.00000000 0.43403690 0.33837047 0.10298650 0.03956127 0.03174392 0.01944510 0.03385584 
264.00000000 0.43387449 0.33771356 0.10359079 0.03974070 0.03190148 0.01924563 0.03393335 
265.00000000 0.43385203 0.33692239 0.10419350 0.03991757 0.03205102 0.01905389 0.03400961 
266.00000000 0.43396315 0.33600279 0.10479464 0.04009184 0.03219243 0.01887040 0.03408474 
267.00000000 0.43420122 0.33496089 0.10539421 0.04026350 0.03232562 0.01869569 0.03415888 
268.00000000 0.43455939 0.33380302 0.10599219 0.04043252 0.03245049 0.01853025 0.03423215 
269.00000000 0.43503061 0.33253573 0.10658856 0.04059886 0.03256701 0.01837454 0.03430469 
270.00000000 0.43560770 0.33116574 0.10718328 0.04076252 0.03267513 0.01822901 0.03437662 
271.00000000 0.43628332 0.32969993 0.10777628 0.04092347 0.03277485 0.01809407 0.03444808 
272.00000000 0.43705005 0.32814528 0.10836750 0.04108168 0.03286618 0.01797011 0.03451919 
273.00000000 0.43790042 0.32650887 0.10895686 0.04123715 0.03294917 0.01785748 0.03459006 
274.00000000 0.43882691 0.32479782 0.10954424 0.04138984 0.03302389 0.01775649 0.03466081 
275.00000000 0.43982202 0.32301931 0.11012953 0.04153973 0.03309042 0.01766742 0.03473157 
276.00000000 0.44087826 0.32118050 0.11071260 0.04168681 0.03314889 0.01759052 0.03480242 
277.00000000 0.44198822 0.31928853 0.11129330 0.04183105 0.03319944 0.01752598 0.03487348 
278.00000000 0.44314457 0.31735047 0.11187149 0.04197242 0.03324223 0.01747397 0.03494484 
279.00000000 0.44434011 0.31537333 0.11244698 0.04211090 0.03327747 0.01743462 0.03501659 
280.00000000 0.44556778 0.31336398 0.11301960 0.04224646 0.03330538 0.01740800 0.03508880 
281.00000000 0.44682069 0.31132918 0.11358918 0.04237907 0.03332618 0.01739415 0.03516155 
282.00000000 0.44809215 0.30927551 0.11415550 0.04250869 0.03334017 0.01739307 0.03523491 
283.00000000 0.44937571 0.30720936 0.11471839 0.04263529 0.03334761 0.01740471 0.03530893 
284.00000000 0.45066513 0.30513691 0.11527763 0.04275884 0.03334883 0.01742899 0.03538366 
285.00000000 0.45195447 0.30306413 0.11583303 0.04287930 0.03334415 0.01746578 0.03545914 
286.00000000 0.45323804 0.30099670 0.11638440 0.04299662 0.03333392 0.01751490 0.03553541 
287.00000000 0.45451049 0.29894005 0.11693153 0.04311077 0.03331851 0.01757616 0.03561249 
288.00000000 0.45576676 0.29689931 0.11747425 0.04322170 0.03329830 0.01764930 0.03569039 
289.00000000 0.45700212 0.29487930 0.11801236 0.04332937 0.03327368 0.01773405 0.03576913 
290.00000000 0.45821221 0.29288452 0.11854570 0.04343373 0.03324506 0.01783009 0.03584870 
291.00000000 0.45939299 0.29091914 0.11907410 0.04353474 0.03321286 0.01793706 0.03592910 
292.00000000 0.46054082 0.28898698 0.11959743 0.04363235 0.03317751 0.01805460 0.03601031 
293.00000000 0.46165240 0.28709150 0.12011555 0.04372651 0.03313944 0.01818229 0.03609231 
294.00000000 0.46272482 0.28523579 0.12062836 0.04381718 0.03309908 0.01831970 0.03617508 
295.00000000 0.46375555 0.28342258 0.12113575 0.04390431 0.03305687 0.01846637 0.03625857 
296.00000000 0.46474242 0.28165423 0.12163765 0.04398785 0.03301325 0.01862184 0.03634276 
297.00000000 0.46568366 0.27993271 0.12213402 0.04406776 0.03296866 0.01878559 0.03642760 
298.00000000 0.46657787 0.27825962 0.12262481 0.04414400 0.03292352 0.01895714 0.03651304 
299.00000000 0.46742401 0.27663620 0.12311003 0.04421653 0.03287825 0.01913595 0.03659903 
300.00000000 0.46822142 0.27506329 0.12358969 0.04428531 0.03283328 0.01932150 0.03668551 
301.00000000 0.46896979 0.27354139 0.12406383 0.04435031 0.03278900 0.01951325 0.03677243 
302.00000000 0.46966917 0.27207062 0.12453251 0.04441149 0.03274580 0.01971068 0.03685973 
303.00000000 0.47031992 0.27065079 0.12499582 0.04446885 0.03270404 0.01991325 0.03694733 
304.00000000 0.47092276 0.26928132 0.12545388 0.04452235 0.03266409 0.02012042 0.03703519 
305.00000000 0.47147871 0.26796133 0.12590680 0.04457198 0.03262627 0.02033167 0.03712324 
306.00000000 0.47198907 0.26668964 0.12635476 0.04461774 0.03259088 0.02054650 0.03721141 
307.00000000 0.47245543 0.26546475 0.12679791 0.04465964 0.03255822 0.02076440 0.03729964 
308.00000000 0.47287966 0.26428489 0.12723647 0.04469769 0.03252855 0.02098488 0.03738786 
309.00000000 0.47326386 0.26314803 0.12767063 0.04473190 0.03250208 0.02120748 0.03747602 
310.00000000 0.47361035 0.26205188 0.12810063 0.04476231 0.03247902 0.02143175 0.03756406 
311.00000000 0.47392165 0.26099394 0.12852671 0.04478896 0.03245953 0.02165727 0.03765192 
312.00000000 0.47420050 0.25997152 0.12894912 0.04481192 0.03244376 0.02188365 0.03773954 
313.00000000 0.47444977 0.25898171 0.12936812 0.04483123 0.03243180 0.02211049 0.03782687 
314.00000000 0.47467248 0.25802148 0.12978400 0.04484700 0.03242371 0.02233747 0.03791386 
315.00000000 0.47487177 0.25708764 0.13019702 0.04485930 0.03241953 0.02256427 0.03800046 
316.00000000 0.47505088 0.25617690 0.13060747 0.04486826 0.03241925 0.02279061 0.03808664 
317.00000000 0.47521311 0.25528589 0.13101562 0.04487399 0.03242283 0.02301622 0.03817233 
318.00000000 0.47536183 0.25441115 0.13142176 0.04487664 0.03243019 0.02324091 0.03825752 
319.00000000 0.47550044 0.25354920 0.13182616 0.04487636 0.03244121 0.02346447 0.03834217 
320.00000000 0.47563232 0.25269653 0.13222908 0.04487333 0.03245575 0.02368677 0.03842623 
321.00000000 0.47576086 0.25184965 0.13263079 0.04486774 0.03247361 0.02390767 0.03850969 
322.00000000 0.47588940 0.25100509 0.13303153 0.04485978 0.03249457 0.02412711 0.03859253 
323.00000000 0.47602123 0.25015944 0.13343154 0.04484970 0.03251837 0.02434502 0.03867471 
324.00000000 0.47615957 0.24930935 0.13383103 0.04483771 0.03254473 0.02456139 0.03875622 
325.00000000 0.47630751 0.24845160 0.13423021 0.04482409 0.03257331 0.02477624 0.03883704 
326.00000000 0.47646805 0.24758305 0.13462925 0.04480910 0.03260378 0.02498960 0.03891717 
327.00000000 0.47664404 0.24670071 0.13502833 0.04479303 0.03263575 0.02520156 0.03899658 
328.00000000 0.47683819 0.24580176 0.13542757 0.04477618 0.03266882 0.02541222 0.03907527 
329.00000000 0.47705304 0.24488354 0.13582709 0.04475886 0.03270255 0.02562169 0.03915323 
330.00000000 0.47729093 0.24394357 0.13622700 0.04474141 0.03273650 0.02583014 0.03923046 
331.00000000 0.47755401 0.24297959 0.13662734 0.04472415 0.03277021 0.02603775 0.03930695 
332.00000000 0.47784423 0.24198957 0.13702818 0.04470745 0.03280318 0.02624469 0.03938270 
333.00000000 0.47816330 0.24097167 0.13742952 0.04469166 0.03283492 0.02645120 0.03945772 
334.00000000 0.47851271 0.23992435 0.13783136 0.04467715 0.03286494 0.02665750 0.03953199 
335.00000000 0.47889372 0.23884627 0.13823367 0.04466429 0.03289272 0.02686382 0.03960552 
336.00000000 0.47930730 0.23773638 0.13863639 0.04465345 0.03291774 0.02707043 0.03967831 
337.00000000 0.47975420 0.23659388 0.13903945 0.04464502 0.03293950 0.02727758 0.03975037 
338.00000000 0.48023491 0.23541826 0.13944275 0.04463937 0.03295749 0.02748553 0.03982169 
339.00000000 0.48074963 0.23420927 0.13984615 0.04463689 0.03297120 0.02769456 0.03989229 
340.00000000 0.48129833 0.23296695 0.14024953 0.04463795 0.03298017 0.02790492 0.03996216 
341.00000000 0.48188068 0.23169160 0.14065273 0.04464292 0.03298390 0.02811688 0.04003130 
342.00000000 0.48249609 0.23038381 0.14105557 0.04465216 0.03298195 0.02833070 0.04009972 
343.00000000 0.48314374 0.22904444 0.14145786 0.04466602 0.03297389 0.02854662 0.04016743 
344.00000000 0.48382250 0.22767463 0.14185941 0.04468485 0.03295931 0.02876487 0.04023442 
345.00000000 0.48453101 0.22627578 0.14226001 0.04470897 0.03293784 0.02898568 0.04030071 
346.00000000 0.48526767 0.22484953 0.14265944 0.04473870 0.03290913 0.02920924 0.04036630 
347.00000000 0.48603060 0.22339780 0.14305747 0.04477433 0.03287288 0.02943574 0.04043119 
348.00000000 0.48681771 0.22192273 0.14345390 0.04481613 0.03282880 0.02966534 0.04049539 
349.00000000 0.48762669 0.22042671 0.14384850 0.04486436 0.03277669 0.02989816 0.04055890 
350.00000000 0.48845499 0.21891232 0.14424104 0.04491925 0.03271634 0.03013432 0.04062174 
351.00000000 0.48929987 0.21738240 0.14463132 0.04498100 0.03264761 0.03037390 0.04068390 
352.00000000 0.49015839 0.21583992 0.14501912 0.04504980 0.03257042 0.03061693 0.04074541 
353.00000000 0.49102743 0.21428808 0.14540426 0.04512580 0.03248471 0.03086345 0.04080628 
354.00000000 0.49190370 0.21273023 0.14578654 0.04520912 0.03239049 0.03111341 0.04086650 
355.00000000 0.49278376 0.21116986 0.14616580 0.04529987 0.03228782 0.03136677 0.04092611 
356.00000000 0.49366404 0.20961062 0.14654188 0.04539810 0.03217681 0.03162344 0.04098512 
357.00000000 0.49454082 0.20805624 0.14691465 0.04550386 0.03205761 0.03188328 0.04104353 
358.00000000 0.49541032 0.20651060 0.14728400 0.04561714 0.03193045 0.03214612 0.04110139 
359.00000000 0.49626861 0.20497761 0.14764981 0.04573792 0.03179559 0.03241175 0.04115870 
360.00000000 0.49711174 0.20346130 0.14801203 0.04586615 0.03165334 0.03267993 0.04121550 
361.00000000 0.49793568 0.20196571 0.14837061 0.04600173 0.03150409 0.03295037 0.04127181 
362.00000000 0.49873635 0.20049493 0.14872551 0.04614456 0.03134826 0.03322274 0.04132767 
363.00000000 0.49950966 0.19905306 0.14907673 0.04629447 0.03118631 0.03349667 0.04138311 
364.00000000 0.50025152 0.19764419 0.14942431 0.04645129 0.03101876 0.03377175 0.04143817 
365.00000000 0.50095785 0.19627240 0.14976829 0.04661482 0.03084619 0.03404755 0.04149289 
366.00000000 0.50162459 0.19494174 0.15010874 0.04678483 0.03066920 0.03432359 0.04154732 
367.00000000 0.50224773 0.19365618 0.15044576 0.04696105 0.03048843 0.03459934 0.04160151 
368.00000000 0.50282333 0.19241965 0.15077948 0.04714320 0.03030458 0.03487427 0.04165550 
369.00000000 0.50334751 0.19123596 0.15111004 0.04733098 0.03011836 0.03514779 0.04170936 
370.00000000 0.50381652 0.19010884 0.15143760 0.04752406 0.02993053 0.03541930 0.04176315 
371.00000000 0.50422669 0.18904191 0.15176236 0.04772209 0.02974188 0.03568815 0.04181692 
372.00000000 0.50457447 0.18803865 0.15208453 0.04792472 0.02955320 0.03595368 0.04187074 
373.00000000 0.50485649 0.18710239 0.15240432 0.04813156 0.02936534 0.03621522 0.04192469 
374.00000000 0.50506950 0.18623631 0.15272198 0.04834222 0.02917912 0.03647204 0.04197883 
375.00000000 0.50521043 0.18544341 0.15303777 0.04855630 0.02899541 0.03672343 0.04203325 
376.00000000 0.50527639 0.18472653 0.15335194 0.04877338 0.02881508 0.03696865 0.04208801 
377.00000000 0.50526468 0.18408831 0.15366479 0.04899305 0.02863900 0.03720696 0.04214321 
378.00000000 0.50517280 0.18353118 0.15397660 0.04921488 0.02846804 0.03743760 0.04219892 
379.00000000 0.50499846 0.18305736 0.15428765 0.04943844 0.02830306 0.03765980 0.04225522 
380.00000000 0.50473962 0.18266887 0.15459824 0.04966332 0.02814493 0.03787280 0.04231222 
381.00000000 0.50439444 0.18236748 0.15490866 0.04988908 0.02799450 0.03807586 0.04236998 
382.00000000 0.50396133 0.18215474 0.15521921 0.05011530 0.02785260 0.03826821 0.04242861 
383.00000000 0.50343896 0.18203196 0.15553018 0.05034157 0.02772004 0.03844911 0.04248819 
384.00000000 0.50282622 0.18200021 0.15584184 0.05056748 0.02759761 0.03861783 0.04254881 
385.00000000 0.50212230 0.18206031 0.15615449 0.05079263 0.02748607 0.03877366 0.04261056 
386.00000000 0.50132661 0.18221281 0.15646837 0.05101663 0.02738614 0.03891590 0.04267353 
387.00000000 0.50043885 0.18245805 0.15678375 0.05123912 0.02729853 0.03904389 0.04273781 
388.00000000 0.49945898 0.18279607 0.15710087 0.05145973 0.02722388 0.03915699 0.04280348 
389.00000000 0.49838722 0.18322668 0.15741995 0.05167812 0.02716281 0.03925459 0.04287063 
390.00000000 0.49722408 0.18374943 0.15774119 0.05189397 0.02711589 0.03933610 0.04293934 
391.00000000 0.49597032 0.18436362 0.15806479 0.05210697 0.02708364 0.03940099 0.04300969 
392.00000000 0.49462695 0.18506828 0.15839092 0.05231683 0.02706652 0.03944876 0.04308175 
393.00000000 0.49319529 0.18586220 0.15871972 0.05252329 0.02706497 0.03947894 0.04315559 
394.00000000 0.49167687 0.18674393 0.15905133 0.05272611 0.02707934 0.03949114 0.04323129 
395.00000000 0.49007352 0.18771176 0.15938584 0.05292506 0.02710994 0.03948498 0.04330890 
396.00000000 0.48838728 0.18876376 0.15972335 0.05311995 0.02715704 0.03946015 0.04338848 
397.00000000 0.48662046 0.18989775 0.16006391 0.05331061 0.02722082 0.03941638 0.04347008 
398.00000000 0.48477560 0.19111132 0.16040757 0.05349688 0.02730141 0.03935347 0.04355375 
399.00000000 0.48285548 0.19240186 0.16075434 0.05367865 0.02739890 0.03927125 0.04363952 
400.00000000 0.48086308 0.19376653 0.16110421 0.05385581 0.02751330 0.03916964 0.04372742 
401.00000000 0.47880162 0.19520228 0.16145717 0.05402829 0.02764456 0.03904858 0.04381749 
402.00000000 0.47667451 0.19670588 0.16181316 0.05419604 0.02779258 0.03890810 0.04390972 
403.00000000 0.47448535 0.19827389 0.16217212 0.05435903 0.02795720 0.03874827 0.04400414 
404.00000000 0.47223793 0.19990270 0.16253397 0.05451726 0.02813819 0.03856922 0.04410074 
405.00000000 0.46993620 0.20158854 0.16289860 0.05467076 0.02833527 0.03837114 0.04419951 
406.00000000 0.46758427 0.20332747 0.16326590 0.05481957 0.02854810 0.03815427 0.04430042 
407.00000000 0.46518641 0.20511541 0.16363573 0.05496376 0.02877628 0.03791893 0.04440347 
408.00000000 0.46274701 0.20694815 0.16400795 0.05510343 0.02901938 0.03766548 0.04450859 
409.00000000 0.46027058 0.20882134 0.16438242 0.05523869 0.02927689 0.03739432 0.04461576 
410.00000000 0.45776174 0.21073052 0.16475895 0.05536968 0.02954827 0.03710593 0.04472491 
411.00000000 0.45522519 0.21267116 0.16513738 0.05549655 0.02983291 0.03680084 0.04483598 
412.00000000 0.45266572 0.21463860 0.16551753 0.05561948 0.03013018 0.03647960 0.04494888 
413.00000000 0.45008818 0.21662815 0.16589922 0.05573867 0.03043940 0.03614283 0.04506355 
414.00000000 0.44749745 0.21863504 0.16628226 0.05585433 0.03075984 0.03579121 0.04517987 
415.00000000 0.44489847 0.22065446 0.16666646 0.05596668 0.03109075 0.03542543 0.04529775 
416.00000000 0.44229618 0.22268156 0.16705165 0.05607597 0.03143134 0.03504623 0.04541707 
417.00000000 0.43969552 0.22471149 0.16743762 0.05618247 0.03178078 0.03465440 0.04553771 
418.00000000 0.43710143 0.22673939 0.16782421 0.05628643 0.03213824 0.03425075 0.04565954 
419.00000000 0.43451880 0.22876040 0.16821124 0.05638815 0.03250285 0.03383613 0.04578243 
420.00000000 0.43195250 0.23076972 0.16859854 0.05648792 0.03287370 0.03341140 0.04590622 
421.00000000 0.42940734 0.23276256 0.16898594 0.05658603 0.03324991 0.03297746 0.04603076 
422.00000000 0.42688804 0.23473419 0.16937330 0.05668280 0.03363056 0.03253522 0.04615589 
423.00000000 0.42439925 0.23667995 0.16976048 0.05677854 0.03401472 0.03208562 0.04628144 
424.00000000 0.42194552 0.23859529 0.17014733 0.05687357 0.03440146 0.03162959 0.04640724 
425.00000000 0.41953127 0.24047571 0.17053374 0.05696822 0.03478985 0.03116810 0.04653312 
426.00000000 0.41716082 0.24231686 0.17091959 0.05706279 0.03517897 0.03070209 0.04665888 
427.00000000 0.41483833 0.24411449 0.17130479 0.05715762 0.03556790 0.03023253 0.04678434 
428.00000000 0.41256781 0.24586449 0.17168925 0.05725302 0.03595572 0.02976038 0.04690932 
429.00000000 0.41035312 0.24756292 0.17207290 0.05734931 0.03634154 0.02928659 0.04703362 
430.00000000 0.40819794 0.24920598 0.17245566 0.05744679 0.03672448 0.02881211 0.04715704 
431.00000000 0.40610575 0.25079004 0.17283750 0.05754577 0.03710367 0.02833787 0.04727941 
432.00000000 0.40407985 0.25231166 0.17321835 0.05764654 0.03747829 0.02786480 0.04740051 
433.00000000 0.40212334 0.25376760 0.17359821 0.05774937 0.03784751 0.02739380 0.04752017 
434.00000000 0.40023911 0.25515482 0.17397703 0.05785455 0.03821056 0.02692575 0.04763819 
435.00000000 0.39842981 0.25647048 0.17435482 0.05796231 0.03856669 0.02646151 0.04775438 
436.00000000 0.39669789 0.25771198 0.17473156 0.05807290 0.03891519 0.02600193 0.04786856 
437.00000000 0.39504554 0.25887693 0.17510727 0.05818654 0.03925537 0.02554780 0.04798056 
438.00000000 0.39347473 0.25996319 0.17548194 0.05830343 0.03958660 0.02509991 0.04809019 
439.00000000 0.39198719 0.26096885 0.17585560 0.05842376 0.03990829 0.02465901 0.04819730 
440.00000000 0.39058440 0.26189226 0.17622826 0.05854768 0.04021988 0.02422582 0.04830172 
441.00000000 0.38926759 0.26273199 0.17659994 0.05867533 0.04052086 0.02380100 0.04840330 
442.00000000 0.38803772 0.26348690 0.17697067 0.05880683 0.04081077 0.02338521 0.04850190 
443.00000000 0.38689554 0.26415608 0.17734047 0.05894226 0.04108920 0.02297906 0.04859738 
444.00000000 0.38584152 0.26473889 0.17770937 0.05908170 0.04135578 0.02258311 0.04868963 
445.00000000 0.38487588 0.26523494 0.17807738 0.05922518 0.04161019 0.02219791 0.04877852 
446.00000000 0.38399860 0.26564411 0.17844452 0.05937272 0.04185216 0.02182393 0.04886396 
447.00000000 0.38320940 0.26596650 0.17881082 0.05952430 0.04208149 0.02146163 0.04894586 
448.00000000 0.38250778 0.26620251 0.17917627 0.05967989 0.04229799 0.02111144 0.04902413 
449.00000000 0.38189297 0.26635276 0.17954088 0.05983941 0.04250154 0.02077371 0.04909872 
450.00000000 0.38136399 0.26641813 0.17990466 0.06000277 0.04269208 0.02044880 0.04916957 
451.00000000 0.38091963 0.26639971 0.18026758 0.06016986 0.04286958 0.02013700 0.04923663 
452.00000000 0.38055845 0.26629886 0.18062964 0.06034052 0.04303407 0.01983857 0.04929990 
453.00000000 0.38027878 0.26611714 0.18099081 0.06051460 0.04318560 0.01955373 0.04935934 
454.00000000 0.38007878 0.26585635 0.18135106 0.06069189 0.04332429 0.01928267 0.04941497 
455.00000000 0.37995639 0.26551848 0.18171033 0.06087218 0.04345029 0.01902554 0.04946679 
456.00000000 0.37990936 0.26510574 0.18206858 0.06105523 0.04356380 0.01878245 0.04951484 
457.00000000 0.37993527 0.26462050 0.18242576 0.06124079 0.04366504 0.01855350 0.04955915 
458.00000000 0.38003153 0.26406533 0.18278178 0.06142857 0.04375428 0.01833873 0.04959978 
459.00000000 0.38019539 0.26344296 0.18313657 0.06161829 0.04383183 0.01813817 0.04963679 
460.00000000 0.38042397 0.26275628 0.18349004 0.06180964 0.04389800 0.01795181 0.04967026 
461.00000000 0.38071424 0.26200832 0.18384210 0.06200229 0.04395317 0.01777960 0.04970028 
462.00000000 0.38106305 0.26120224 0.18419264 0.06219592 0.04399771 0.01762150 0.04972695 
463.00000000 0.38146716 0.26034129 0.18454156 0.06239017 0.04403202 0.01747741 0.04975038 
464.00000000 0.38192321 0.25942886 0.18488874 0.06258472 0.04405654 0.01734723 0.04977069 
465.00000000 0.38242780 0.25846840 0.18523407 0.06277920 0.04407171 0.01723082 0.04978802 
466.00000000 0.38297741 0.25746343 0.18557740 0.06297326 0.04407797 0.01712803 0.04980249 
467.00000000 0.38356852 0.25641755 0.18591863 0.06316654 0.04407581 0.01703869 0.04981427 
468.00000000 0.38419752 0.25533437 0.18625762 0.06335871 0.04406568 0.01696261 0.04982349 
469.00000000 0.38486081 0.25421754 0.18659424 0.06354942 0.04404808 0.01689958 0.04983033 
470.00000000 0.38555476 0.25307074 0.18692836 0.06373832 0.04402348 0.01684940 0.04983494 
471.00000000 0.38627576 0.25189763 0.18725985 0.06392509 0.04399235 0.01681182 0.04983750 
472.00000000 0.38702018 0.25070185 0.18758859 0.06410942 0.04395519 0.01678660 0.04983818 
473.00000000 0.38778445 0.24948701 0.18791444 0.06429101 0.04391245 0.01677349 0.04983715 
474.00000000 0.38856503 0.24825668 0.18823731 0.06446956 0.04386460 0.01677221 0.04983460 
475.00000000 0.38935843 0.24701438 0.18855706 0.06464482 0.04381209 0.01678251 0.04983071 
476.00000000 0.39016123 0.24576354 0.18887360 0.06481652 0.04375536 0.01680410 0.04982564 
477.00000000 0.39097009 0.24450751 0.18918683 0.06498446 0.04369483 0.01683668 0.04981960 
478.00000000 0.39178174 0.24324955 0.18949666 0.06514841 0.04363091 0.01687998 0.04981275 
479.00000000 0.39259303 0.24199282 0.18980301 0.06530820 0.04356399 0.01693368 0.04980527 
480.00000000 0.39340092 0.24074034 0.19010581 0.06546367 0.04349444 0.01699749 0.04979733 
481.00000000 0.39420247 0.23949502 0.19040501 0.06561468 0.04342259 0.01707111 0.04978911 
482.00000000 0.39499489 0.23825963 0.19070055 0.06576113 0.04334879 0.01715423 0.04978078 
483.00000000 0.39577552 0.23703677 0.19099241 0.06590294 0.04327333 0.01724654 0.04977249 
484.00000000 0.39654184 0.23582893 0.19128056 0.06604004 0.04319650 0.01734772 0.04976441 
485.00000000 0.39729149 0.23463841 0.19156499 0.06617240 0.04311854 0.01745748 0.04975668 
486.00000000 0.39802225 0.23346735 0.19184572 0.06630003 0.04303970 0.01757549 0.04974946 
487.00000000 0.39873209 0.23231771 0.19212274 0.06642293 0.04296018 0.01770146 0.04974288 
488.00000000 0.39941912 0.23119130 0.19239611 0.06654116 0.04288016 0.01783506 0.04973709 
489.00000000 0.40008165 0.23008972 0.19266585 0.06665477 0.04279981 0.01797599 0.04973220 
490.00000000 0.40071814 0.22901442 0.19293203 0.06676385 0.04271928 0.01812395 0.04972834 
491.00000000 0.40132724 0.22796664 0.19319471 0.06686852 0.04263866 0.01827861 0.04972562 
492.00000000 0.40190778 0.22694746 0.19345397 0.06696889 0.04255807 0.01843970 0.04972414 
493.00000000 0.40245876 0.22595776 0.19370990 0.06706511 0.04247758 0.01860689 0.04972400 
494.00000000 0.40297937 0.22499825 0.19396261 0.06715734 0.04239724 0.01877989 0.04972530 
495.00000000 0.40346897 0.22406946 0.19421219 0.06724576 0.04231709 0.01895840 0.04972812 
496.00000000 0.40392710 0.22317174 0.19445878 0.06733056 0.04223716 0.01914214 0.04973253 
497.00000000 0.40435346 0.22230527 0.19470249 0.06741192 0.04215746 0.01933080 0.04973861 
498.00000000 0.40474795 0.22147006 0.19494346 0.06749006 0.04207797 0.01952410 0.04974640 
499.00000000 0.40511060 0.22066597 0.19518183 0.06756519 0.04199868 0.01972176 0.04975597 
500.00000000 0.40544163 0.21989269 0.19541775 0.06763752 0.04191955 0.01992349 0.04976737 
501.00000000 0.40574139 0.21914976 0.19565135 0.06770728 0.04184056 0.02012903 0.04978063 
502.00000000 0.40601041 0.21843660 0.19588279 0.06777467 0.04176165 0.02033809 0.04979579 
503.00000000 0.40624934 0.21775245 0.19611222 0.06783993 0.04168277 0.02055041 0.04981287 
504.00000000 0.40645897 0.21709648 0.19633979 0.06790327 0.04160386 0.02076572 0.04983191 
505.00000000 0.40664022 0.21646770 0.19656565 0.06796489 0.04152486 0.02098377 0.04985290 
506.00000000 0.40679412 0.21586503 0.19678996 0.06802501 0.04144570 0.02120431 0.04987587 
507.00000000 0.40692183 0.21528728 0.19701285 0.06808382 0.04136633 0.02142708 0.04990082 
508.00000000 0.40702460 0.21473319 0.19723447 0.06814150 0.04128666 0.02165184 0.04992774 
509.00000000 0.40710375 0.21420140 0.19745496 0.06819824 0.04120665 0.02187835 0.04995664 
510.00000000 0.40716073 0.21369050 0.19767444 0.06825421 0.04112622 0.02210639 0.04998750 
511.00000000 0.40719701 0.21319901 0.19789306 0.06830955 0.04104533 0.02233573 0.05002030 
512.00000000 0.40721416 0.21272540 0.19811092 0.06836442 0.04096390 0.02256615 0.05005504 
513.00000000 0.40721378 0.21226812 0.19832813 0.06841895 0.04088189 0.02279744 0.05009169 
514.00000000 0.40719751 0.21182556 0.19854481 0.06847324 0.04079926 0.02302940 0.05013021 
515.00000000 0.40716703 0.21139614 0.19876105 0.06852741 0.04071597 0.02326182 0.05017059 
516.00000000 0.40712404 0.21097822 0.19897693 0.06858155 0.04063196 0.02349452 0.05021278 
517.00000000 0.40707024 0.21057021 0.19919252 0.06863573 0.04054723 0.02372731 0.05025676 
518.00000000 0.40700731 0.21017052 0.19940791 0.06869002 0.04046174 0.02396002 0.05030248 
519.00000000 0.40693697 0.20977756 0.19962315 0.06874447 0.04037547 0.02419249 0.05034989 
520.00000000 0.40686085 0.20938980 0.19983828 0.06879913 0.04028842 0.02442455 0.05039897 
521.00000000 0.40678061 0.20900575 0.20005335 0.06885403 0.04020057 0.02465605 0.05044965 
522.00000000 0.40669783 0.20862394 0.20026840 0.06890918 0.04011192 0.02488684 0.05050188 
523.00000000 0.40661404 0.20824301 0.20048344 0.06896460 0.04002249 0.02511681 0.05055561 
524.00000000 0.40653073 0.20786161 0.20069849 0.06902030 0.03993227 0.02534581 0.05061079 
525.00000000 0.40644931 0.20747849 0.20091356 0.06907627 0.03984128 0.02557372 0.05066736 
526.00000000 0.40637110 0.20709249 0.20112864 0.06913251 0.03974954 0.02580045 0.05072526 
527.00000000 0.40629737 0.20670251 0.20134374 0.06918901 0.03965707 0.02602588 0.05078442 
528.00000000 0.40622925 0.20630756 0.20155885 0.06924575 0.03956390 0.02624992 0.05084478 
529.00000000 0.40616783 0.20590674 0.20177393 0.06930271 0.03947004 0.02647248 0.05090627 
530.00000000 0.40611405 0.20549924 0.20198898 0.06935989 0.03937553 0.02669348 0.05096882 
531.00000000 0.40606877 0.20508437 0.20220397 0.06941726 0.03928041 0.02691285 0.05103236 
532.00000000 0.40603272 0.20466154 0.20241887 0.06947482 0.03918471 0.02713052 0.05109683 
533.00000000 0.40600652 0.20423027 0.20263364 0.06953255 0.03908845 0.02734643 0.05116214 
534.00000000 0.40599067 0.20379019 0.20284827 0.06959044 0.03899169 0.02756052 0.05122821 
535.00000000 0.40598555 0.20334105 0.20306270 0.06964851 0.03889445 0.02777276 0.05129498 
536.00000000 0.40599141 0.20288271 0.20327692 0.06970674 0.03879677 0.02798308 0.05136236 
537.00000000 0.40600837 0.20241515 0.20349089 0.06976516 0.03869870 0.02819146 0.05143028 
538.00000000 0.40603643 0.20193846 0.20370458 0.06982377 0.03860027 0.02839785 0.05149865 
539.00000000 0.40607547 0.20145283 0.20391795 0.06988261 0.03850152 0.02860222 0.05156738 
540.00000000 0.40612523 0.20095860 0.20413099 0.06994171 0.03840251 0.02880455 0.05163641 
541.00000000 0.40618533 0.20045617 0.20434368 0.07000111 0.03830326 0.02900480 0.05170565 
542.00000000 0.40625527 0.19994610 0.20455598 0.07006085 0.03820383 0.02920295 0.05177501 
543.00000000 0.40633444 0.19942902 0.20476789 0.07012100 0.03810426 0.02939897 0.05184442 
544.00000000 0.40642208 0.19890568 0.20497940 0.07018161 0.03800461 0.02959283 0.05191379 
545.00000000 0.40651736 0.19837691 0.20519050 0.07024277 0.03790492 0.02978451 0.05198304 
546.00000000 0.40661930 0.19784364 0.20540119 0.07030454 0.03780526 0.02997398 0.05205209 
547.00000000 0.40672685 0.19730692 0.20561147 0.07036701 0.03770568 0.03016119 0.05212088 
548.00000000 0.40683885 0.19676783 0.20582136 0.07043027 0.03760626 0.03034613 0.05218931 
549.00000000 0.40695404 0.19622758 0.20603086 0.07049441 0.03750705 0.03052874 0.05225732 
550.00000000 0.40707108 0.19568741 0.20624001 0.07055953 0.03740815 0.03070899 0.05232483 
551.00000000 0.40718855 0.19514866 0.20644881 0.07062574 0.03730963 0.03088682 0.05239178 
552.00000000 0.40730497 0.19461272 0.20665731 0.07069313 0.03721158 0.03106219 0.05245810 
553.00000000 0.40741877 0.19408103 0.20686554 0.07076180 0.03711411 0.03123501 0.05252373 
554.00000000 0.40752835 0.19355509 0.20707353 0.07083186 0.03701733 0.03140524 0.05258861 
555.00000000 0.40763204 0.19303642 0.20728133 0.07090340 0.03692136 0.03157278 0.05265267 
556.00000000 0.40772815 0.19252659 0.20748898 0.07097653 0.03682632 0.03173755 0.05271588 
557.00000000 0.40781494 0.19202720 0.20769653 0.07105134 0.03673236 0.03189945 0.05277818 
558.00000000 0.40789066 0.19153986 0.20790404 0.07112791 0.03663962 0.03205838 0.05283953 
559.00000000 0.40795353 0.19106620 0.20811155 0.07120632 0.03654827 0.03221423 0.05289990 
560.00000000 0.40800179 0.19060784 0.20831912 0.07128666 0.03645848 0.03236686 0.05295925 
561.00000000 0.40803366 0.19016642 0.20852681 0.07136898 0.03637045 0.03251613 0.05301754 
562.00000000 0.40804738 0.18974356 0.20873468 0.07145334 0.03628437 0.03266191 0.05307477 
563.00000000 0.40804121 0.18934085 0.20894277 0.07153979 0.03620044 0.03280403 0.05313091 
564.00000000 0.40801344 0.18895988 0.20915114 0.07162836 0.03611890 0.03294233 0.05318594 
565.00000000 0.40796241 0.18860219 0.20935985 0.07171908 0.03603998 0.03307661 0.05323987 
566.00000000 0.40788649 0.18826929 0.20956895 0.07181195 0.03596393 0.03320670 0.05329269 
567.00000000 0.40778410 0.18796265 0.20977849 0.07190699 0.03589099 0.03333239 0.05334440 
568.00000000 0.40765374 0.18768366 0.20998851 0.07200417 0.03582144 0.03345346 0.05339501 
569.00000000 0.40749397 0.18743369 0.21019906 0.07210347 0.03575556 0.03356970 0.05344454 
570.00000000 0.40730343 0.18721402 0.21041019 0.07220484 0.03569363 0.03368088 0.05349301 
571.00000000 0.40708085 0.18702586 0.21062191 0.07230825 0.03563594 0.03378676 0.05354043 
572.00000000 0.40682503 0.18687037 0.21083427 0.07241362 0.03558278 0.03388709 0.05358684 
573.00000000 0.40653488 0.18674858 0.21104730 0.07252087 0.03553448 0.03398162 0.05363227 
574.00000000 0.40620942 0.18666146 0.21126102 0.07262993 0.03549132 0.03407009 0.05367675 
575.00000000 0.40584777 0.18660991 0.21147544 0.07274068 0.03545363 0.03415224 0.05372033 
576.00000000 0.40544916 0.18659468 0.21169058 0.07285302 0.03542171 0.03422779 0.05376306 
577.00000000 0.40501294 0.18661646 0.21190646 0.07296682 0.03539587 0.03429648 0.05380497 
578.00000000 0.40453858 0.18667581 0.21212307 0.07308197 0.03537642 0.03435804 0.05384612 
579.00000000 0.40402566 0.18677320 0.21234041 0.07319831 0.03536366 0.03441219 0.05388657 
580.00000000 0.40347391 0.18690897 0.21255848 0.07331572 0.03535789 0.03445866 0.05392636 
581.00000000 0.40288318 0.18708336 0.21277728 0.07343403 0.03535940 0.03449718 0.05396557 
582.00000000 0.40225344 0.18729648 0.21299679 0.07355309 0.03536846 0.03452749 0.05400424 
583.00000000 0.40158480 0.18754832 0.21321700 0.07367276 0.03538535 0.03454934 0.05404244 
584.00000000 0.40087749 0.18783877 0.21343788 0.07379285 0.03541031 0.03456246 0.05408023 
585.00000000 0.40013190 0.18816756 0.21365943 0.07391323 0.03544359 0.03456662 0.05411767 
586.00000000 0.39934852 0.18853434 0.21388160 0.07403372 0.03548540 0.03456159 0.05415482 
587.00000000 0.39852798 0.18893860 0.21410439 0.07415416 0.03553596 0.03454715 0.05419175 
588.00000000 0.39767105 0.18937974 0.21432776 0.07427441 0.03559543 0.03452309 0.05422852 
589.00000000 0.39677860 0.18985701 0.21455169 0.07439431 0.03566398 0.03448922 0.05426518 
590.00000000 0.39585166 0.19036956 0.21477615 0.07451371 0.03574175 0.03444536 0.05430180 
591.00000000 0.39489134 0.19091641 0.21500111 0.07463248 0.03582884 0.03439138 0.05433844 
592.00000000 0.39389890 0.19149647 0.21522655 0.07475048 0.03592535 0.03432712 0.05437514 
593.00000000 0.39287569 0.19210853 0.21545244 0.07486759 0.03603131 0.03425247 0.05441196 
594.00000000 0.39182318 0.19275128 0.21567876 0.07498370 0.03614677 0.03416736 0.05444896 
595.00000000 0.39074293 0.19342330 0.21590548 0.07509870 0.03627172 0.03407170 0.05448618 
596.00000000 0.38963661 0.19412305 0.21613259 0.07521250 0.03640613 0.03396546 0.05452366 
597.00000000 0.38850598 0.19484892 0.21636008 0.07532502 0.03654993 0.03384863 0.05456145 
598.00000000 0.38735289 0.19559919 0.21658792 0.07543619 0.03670302 0.03372122 0.05459958 
599.00000000 0.38617924 0.19637204 0.21681610 0.07554597 0.03686528 0.03358326 0.05463810 
600.00000000 0.38498704 0.19716561 0.21704463 0.07565431 0.03703656 0.03343484 0.05467702 
601.00000000 0.38377835 0.19797790 0.21727349 0.07576118 0.03721664 0.03327606 0.05471638 
602.00000000 0.38255527 0.19880691 0.21750269 0.07586657 0.03740532 0.03310704 0.05475621 
603.00000000 0.38131999 0.19965051 0.21773222 0.07597048 0.03760234 0.03292794 0.05479651 
604.00000000 0.38007471 0.20050657 0.21796210 0.07607294 0.03780740 0.03273897 0.05483731 
605.00000000 0.37882168 0.20137286 0.21819234 0.07617396 0.03802020 0.03254035 0.05487861 
606.00000000 0.37756317 0.20224715 0.21842295 0.07627360 0.03824037 0.03233233 0.05492043 
607.00000000 0.37630148 0.20312715 0.21865395 0.07637191 0.03846756 0.03211519 0.05496276 
608.00000000 0.37503891 0.20401056 0.21888535 0.07646896 0.03870134 0.03188927 0.05500561 
609.00000000 0.37377777 0.20489503 0.21911718 0.07656485 0.03894130 0.03165489 0.05504897 
610.00000000 0.37252038 0.20577825 0.21934947 0.07665965 0.03918698 0.03141245 0.05509282 
611.00000000 0.37126902 0.20665785 0.21958223 0.07675349 0.03943789 0.03116235 0.05513716 
612.00000000 0.37002597 0.20753151 0.21981550 0.07684649 0.03969354 0.03090501 0.05518197 
613.00000000 0.36879349 0.20839691 0.22004930 0.07693876 0.03995341 0.03064090 0.05522723 
614.00000000 0.36757378 0.20925173 0.22028366 0.07703046 0.04021696 0.03037050 0.05527291 
615.00000000 0.36636901 0.21009371 0.22051860 0.07712173 0.04048364 0.03009433 0.05531899 
616.00000000 0.36518132 0.21092061 0.22075416 0.07721272 0.04075287 0.02981290 0.05536543 
617.00000000 0.36401277 0.21173024 0.22099035 0.07730360 0.04102408 0.02952677 0.05541220 
618.00000000 0.36286536 0.21252046 0.22122720 0.07739454 0.04129667 0.02923651 0.05545926 
619.00000000 0.36174104 0.21328920 0.22146471 0.07748570 0.04157006 0.02894271 0.05550658 
620.00000000 0.36064167 0.21403444 0.22170292 0.07757727 0.04184363 0.02864596 0.05555410 
621.00000000 0.35956904 0.21475426 0.22194182 0.07766943 0.04211678 0.02834688 0.05560179 
622.00000000 0.35852483 0.21544679 0.22218143 0.07776236 0.04238891 0.02804609 0.05564960 
623.00000000 0.35751067 0.21611026 0.22242173 0.07785623 0.04265941 0.02774423 0.05569747 
624.00000000 0.35652807 0.21674300 0.22266274 0.07795123 0.04292768 0.02744193 0.05574536 
625.00000000 0.35557843 0.21734344 0.22290442 0.07804754 0.04319313 0.02713983 0.05579321 
626.00000000 0.35466307 0.21791009 0.22314677 0.07814534 0.04345517 0.02683859 0.05584096 
627.00000000 0.35378321 0.21844160 0.22338975 0.07824480 0.04371324 0.02653883 0.05588858 
628.00000000 0.35293992 0.21893670 0.22363333 0.07834609 0.04396677 0.02624121 0.05593598 
629.00000000 0.35213421 0.21939427 0.22387747 0.07844937 0.04421521 0.02594635 0.05598313 
630.00000000 0.35136693 0.21981327 0.22412211 0.07855480 0.04445804 0.02565488 0.05602996 
631.00000000 0.35063885 0.22019282 0.22436721 0.07866254 0.04469475 0.02536742 0.05607641 
632.00000000 0.34995061 0.22053214 0.22461269 0.07877271 0.04492486 0.02508457 0.05612243 
633.00000000 0.34930272 0.22083058 0.22485847 0.07888545 0.04514790 0.02480691 0.05616796 
634.00000000 0.34869560 0.22108762 0.22510448 0.07900089 0.04536344 0.02453503 0.05621294 
635.00000000 0.34812952 0.22130287 0.22535063 0.07911914 0.04557105 0.02426948 0.05625732 
636.00000000 0.34760466 0.22147605 0.22559681 0.07924029 0.04577037 0.02401079 0.05630104 
637.00000000 0.34712106 0.22160704 0.22584292 0.07936443 0.04596103 0.02375947 0.05634404 
638.00000000 0.34667868 0.22169582 0.22608885 0.07949165 0.04614272 0.02351601 0.05638628 
639.00000000 0.34627733 0.22174250 0.22633448 0.07962199 0.04631513 0.02328087 0.05642771 
640.00000000 0.34591672 0.22174731 0.22657968 0.07975552 0.04647801 0.02305448 0.05646827 
641.00000000 0.34559647 0.22171061 0.22682434 0.07989226 0.04663114 0.02283726 0.05650792 
642.00000000 0.34531607 0.22163286 0.22706831 0.08003223 0.04677432 0.02262958 0.05654662 
643.00000000 0.34507491 0.22151466 0.22731145 0.08017545 0.04690740 0.02243179 0.05658433 
644.00000000 0.34487230 0.22135671 0.22755364 0.08032189 0.04703026 0.02224420 0.05662100 
645.00000000 0.34470744 0.22115979 0.22779472 0.08047154 0.04714280 0.02206710 0.05665661 
646.00000000 0.34457944 0.22092482 0.22803455 0.08062436 0.04724499 0.02190074 0.05669111 
647.00000000 0.34448731 0.22065279 0.22827299 0.08078029 0.04733679 0.02174533 0.05672450 
648.00000000 0.34443002 0.22034480 0.22850990 0.08093927 0.04741823 0.02160106 0.05675673 
649.00000000 0.34440641 0.22000203 0.22874513 0.08110120 0.04748937 0.02146808 0.05678779 
650.00000000 0.34441528 0.21962573 0.22897855 0.08126599 0.04755029 0.02134650 0.05681767 
651.00000000 0.34445535 0.21921723 0.22921001 0.08143353 0.04760111 0.02123642 0.05684635 
652.00000000 0.34452529 0.21877793 0.22943940 0.08160369 0.04764199 0.02113788 0.05687382 
653.00000000 0.34462370 0.21830930 0.22966658 0.08177633 0.04767310 0.02105091 0.05690008 
654.00000000 0.34474914 0.21781285 0.22989143 0.08195129 0.04769467 0.02097548 0.05692514 
655.00000000 0.34490011 0.21729014 0.23011383 0.08212842 0.04770694 0.02091155 0.05694900 
656.00000000 0.34507509 0.21674279 0.23033369 0.08230753 0.04771018 0.02085905 0.05697167 
657.00000000 0.34527250 0.21617244 0.23055089 0.08248844 0.04770468 0.02081787 0.05699317 
658.00000000 0.34549077 0.21558075 0.23076536 0.08267095 0.04769078 0.02078788 0.05701352 
659.00000000 0.34572827 0.21496942 0.23097700 0.08285484 0.04766881 0.02076892 0.05703274 
660.00000000 0.34598337 0.21434016 0.23118576 0.08303991 0.04763914 0.02076081 0.05705086 
661.00000000 0.34625443 0.21369468 0.23139156 0.08322594 0.04760215 0.02076332 0.05706792 
662.00000000 0.34653981 0.21303471 0.23159435 0.08341268 0.04755826 0.02077624 0.05708396 
663.00000000 0.34683785 0.21236195 0.23179411 0.08359991 0.04750787 0.02079929 0.05709902 
664.00000000 0.34714692 0.21167812 0.23199079 0.08378739 0.04745142 0.02083222 0.05711315 
665.00000000 0.34746539 0.21098490 0.23218438 0.08397488 0.04738935 0.02087471 0.05712640 
666.00000000 0.34779164 0.21028396 0.23237487 0.08416213 0.04732211 0.02092646 0.05713883 
667.00000000 0.34812408 0.20957695 0.23256227 0.08434889 0.04725016 0.02098715 0.05715050 
668.00000000 0.34846115 0.20886547 0.23274659 0.08453492 0.04717396 0.02105642 0.05716148 
669.00000000 0.34880131 0.20815109 0.23292787 0.08471998 0.04709399 0.02113394 0.05717182 
670.00000000 0.34914307 0.20743534 0.23310612 0.08490383 0.04701069 0.02121933 0.05718161 
671.00000000 0.34948496 0.20671971 0.23328141 0.08508623 0.04692454 0.02131223 0.05719091 
672.00000000 0.34982557 0.20600564 0.23345378 0.08526695 0.04683600 0.02141225 0.05719981 
673.00000000 0.35016353 0.20529449 0.23362330 0.08544576 0.04674552 0.02151902 0.05720837 
674.00000000 0.35049753 0.20458761 0.23379005 0.08562245 0.04665354 0.02163214 0.05721668 
675.00000000 0.35082630 0.20388624 0.23395410 0.08579680 0.04656051 0.02175122 0.05722483 
676.00000000 0.35114864 0.20319158 0.23411555 0.08596861 0.04646685 0.02187588 0.05723289 
677.00000000 0.35146340 0.20250478 0.23427448 0.08613771 0.04637296 0.02200573 0.05724095 
678.00000000 0.35176950 0.20182690 0.23443100 0.08630389 0.04627925 0.02214037 0.05724909 
679.00000000 0.35206593 0.20115894 0.23458521 0.08646701 0.04618609 0.02227943 0.05725740 
680.00000000 0.35235173 0.20050181 0.23473722 0.08662690 0.04609385 0.02242253 0.05726597 
681.00000000 0.35262602 0.19985639 0.23488714 0.08678342 0.04600286 0.02256930 0.05727487 
682.00000000 0.35288799 0.19922344 0.23503509 0.08693645 0.04591346 0.02271937 0.05728420 
683.00000000 0.35313691 0.19860369 0.23518118 0.08708588 0.04582593 0.02287239 0.05729402 
684.00000000 0.35337209 0.19799775 0.23532554 0.08723161 0.04574056 0.02302801 0.05730444 
685.00000000 0.35359296 0.19740621 0.23546827 0.08737355 0.04565761 0.02318589 0.05731551 
686.00000000 0.35379898 0.19682953 0.23560949 0.08751166 0.04557729 0.02334572 0.05732733 
687.00000000 0.35398970 0.19626815 0.23574933 0.08764586 0.04549983 0.02350718 0.05733996 
688.00000000 0.35416474 0.19572241 0.23588788 0.08777614 0.04542539 0.02366997 0.05735347 
689.00000000 0.35432380 0.19519258 0.23602527 0.08790248 0.04535414 0.02383380 0.05736793 
690.00000000 0.35446665 0.19467886 0.23616159 0.08802487 0.04528621 0.02399841 0.05738341 
691.00000000 0.35459311 0.19418140 0.23629695 0.08814333 0.04522171 0.02416353 0.05739997 
692.00000000 0.35470309 0.19370027 0.23643144 0.08825788 0.04516072 0.02432893 0.05741767 
693.00000000 0.35479657 0.19323547 0.23656517 0.08836858 0.04510329 0.02449437 0.05743655 
694.00000000 0.35487358 0.19278696 0.23669821 0.08847548 0.04504946 0.02465964 0.05745667 
695.00000000 0.35493421 0.19235462 0.23683066 0.08857866 0.04499925 0.02482454 0.05747806 
696.00000000 0.35497863 0.19193828 0.23696258 0.08867820 0.04495264 0.02498889 0.05750078 
697.00000000 0.35500706 0.19153771 0.23709405 0.08877421 0.04490961 0.02515252 0.05752485 
698.00000000 0.35501978 0.19115265 0.23722513 0.08886678 0.04487009 0.02531527 0.05755030 
699.00000000 0.35501712 0.19078277 0.23735588 0.08895605 0.04483401 0.02547701 0.05757716 
700.00000000 0.35499945 0.19042769 0.23748636 0.08904215 0.04480130 0.02563760 0.05760545 
701.00000000 0.35496721 0.19008700 0.23761660 0.08912522 0.04477183 0.02579694 0.05763519 
702.00000000 0.35492086 0.18976026 0.23774666 0.08920541 0.04474549 0.02595494 0.05766637 
703.00000000 0.35486093 0.18944696 0.23787657 0.08928288 0.04472214 0.02611149 0.05769902 
704.00000000 0.35478797 0.18914660 0.23800635 0.08935779 0.04470164 0.02626653 0.05773313 
705.00000000 0.35470256 0.18885860 0.23813604 0.08943030 0.04468381 0.02642000 0.05776869 
706.00000000 0.35460532 0.18858239 0.23826566 0.08950060 0.04466850 0.02657184 0.05780569 
707.00000000 0.35449689 0.18831737 0.23839522 0.08956886 0.04465552 0.02672201 0.05784413 
708.00000000 0.35437795 0.18806290 0.23852474 0.08963526 0.04464468 0.02687049 0.05788398 
709.00000000 0.35424917 0.18781836 0.23865423 0.08969998 0.04463580 0.02701725 0.05792521 
710.00000000 0.35411126 0.18758307 0.23878370 0.08976319 0.04462868 0.02716227 0.05796782 
711.00000000 0.35396494 0.18735638 0.23891316 0.08982509 0.04462313 0.02730555 0.05801175 
712.00000000 0.35381093 0.18713761 0.23904261 0.08988584 0.04461894 0.02744709 0.05805698 
713.00000000 0.35364996 0.18692608 0.23917205 0.08994562 0.04461593 0.02758689 0.05810346 
714.00000000 0.35348274 0.18672112 0.23930150 0.09000461 0.04461390 0.02772496 0.05815116 
715.00000000 0.35331002 0.18652204 0.23943095 0.09006298 0.04461266 0.02786132 0.05820004 
716.00000000 0.35313249 0.18632818 0.23956041 0.09012088 0.04461203 0.02799598 0.05825003 
717.00000000 0.35295088 0.18613888 0.23968989 0.09017848 0.04461182 0.02812896 0.05830109 
718.00000000 0.35276587 0.18595349 0.23981939 0.09023593 0.04461187 0.02826028 0.05835317 
719.00000000 0.35257814 0.18577137 0.23994892 0.09029337 0.04461201 0.02838997 0.05840622 
720.00000000 0.35238834 0.18559190 0.24007850 0.09035095 0.04461209 0.02851805 0.05846016 
721.00000000 0.35219711 0.18541450 0.24020814 0.09040879 0.04461196 0.02864454 0.05851495 
722.00000000 0.35200504 0.18523859 0.24033786 0.09046703 0.04461151 0.02876946 0.05857052 
723.00000000 0.35181271 0.18506361 0.24046768 0.09052577 0.04461059 0.02889282 0.05862681 
724.00000000 0.35162066 0.18488906 0.24059761 0.09058512 0.04460912 0.02901465 0.05868376 
725.00000000 0.35142940 0.18471445 0.24072770 0.09064518 0.04460700 0.02913496 0.05874130 
726.00000000 0.35123939 0.18453932 0.24085797 0.09070605 0.04460414 0.02925376 0.05879936 
727.00000000 0.35105106 0.18436325 0.24098845 0.09076780 0.04460049 0.02937106 0.05885789 
728.00000000 0.35086480 0.18418586 0.24111919 0.09083051 0.04459599 0.02948684 0.05891681 
729.00000000 0.35068095 0.18400681 0.24125022 0.09089423 0.04459061 0.02960113 0.05897606 
730.00000000 0.35049980 0.18382579 0.24138158 0.09095904 0.04458432 0.02971389 0.05903558 
731.00000000 0.35032161 0.18364254 0.24151334 0.09102496 0.04457711 0.02982513 0.05909530 
732.00000000 0.35014658 0.18345686 0.24164552 0.09109205 0.04456901 0.02993482 0.05915516 
733.00000000 0.34997487 0.18326855 0.24177820 0.09116034 0.04456002 0.03004294 0.05921509 
734.00000000 0.34980657 0.18307750 0.24191141 0.09122984 0.04455020 0.03014945 0.05927504 
735.00000000 0.34964174 0.18288363 0.24204523 0.09130057 0.04453958 0.03025432 0.05933494 
736.00000000 0.34948039 0.18268689 0.24217969 0.09137254 0.04452824 0.03035751 0.05939473 
737.00000000 0.34932248 0.18248731 0.24231487 0.09144575 0.04451624 0.03045897 0.05945437 
738.00000000 0.34916790 0.18228494 0.24245082 0.09152020 0.04450370 0.03055865 0.05951379 
739.00000000 0.34901651 0.18207989 0.24258759 0.09159588 0.04449070 0.03065649 0.05957294 
740.00000000 0.34886813 0.18187231 0.24272525 0.09167276 0.04447736 0.03075242 0.05963177 
741.00000000 0.34872250 0.18166241 0.24286384 0.09175083 0.04446381 0.03084637 0.05969024 
742.00000000 0.34857935 0.18145043 0.24300343 0.09183005 0.04445018 0.03093827 0.05974829 
743.00000000 0.34843835 0.18123665 0.24314406 0.09191040 0.04443663 0.03102804 0.05980588 
744.00000000 0.34829911 0.18102141 0.24328577 0.09199183 0.04442329 0.03111561 0.05986298 
745.00000000 0.34816124 0.18080509 0.24342862 0.09207430 0.04441034 0.03120087 0.05991954 
746.00000000 0.34802426 0.18058809 0.24357264 0.09215777 0.04439795 0.03128375 0.05997553 
747.00000000 0.34788770 0.18037089 0.24371787 0.09224219 0.04438629 0.03136414 0.06003092 
748.00000000 0.34775103 0.18015395 0.24386433 0.09232751 0.04437554 0.03144197 0.06008568 
749.00000000 0.34761369 0.17993781 0.24401206 0.09241367 0.04436588 0.03151712 0.06013977 
750.00000000 0.34747510 0.17972302 0.24416107 0.09250061 0.04435750 0.03158950 0.06019319 
751.00000000 0.34733465 0.17951017 0.24431138 0.09258828 0.04435060 0.03165901 0.06024590 
752.00000000 0.34719171 0.17929986 0.24446299 0.09267662 0.04434536 0.03172556 0.06029789 
753.00000000 0.34704563 0.17909274 0.24461590 0.09276556 0.04434198 0.03178905 0.06034915 
754.00000000 0.34689574 0.17888944 0.24477011 0.09285504 0.04434066 0.03184936 0.06039966 
755.00000000 0.34674135 0.17869064 0.24492560 0.09294500 0.04434157 0.03190642 0.06044941 
756.00000000 0.34658180 0.17849703 0.24508236 0.09303537 0.04434492 0.03196013 0.06049840 
757.00000000 0.34641637 0.17830929 0.24524035 0.09312609 0.04435089 0.03201038 0.06054664 
758.00000000 0.34624437 0.17812812 0.24539955 0.09321710 0.04435966 0.03205710 0.06059410 
759.00000000 0.34606513 0.17795422 0.24555992 0.09330832 0.04437141 0.03210019 0.06064081 
760.00000000 0.34587793 0.17778830 0.24572141 0.09339971 0.04438631 0.03213957 0.06068677 
761.00000000 0.34568213 0.17763104 0.24588396 0.09349120 0.04440453 0.03217516 0.06073198 
762.00000000 0.34547703 0.17748313 0.24604753 0.09358272 0.04442624 0.03220689 0.06077646 
763.00000000 0.34526201 0.17734525 0.24621204 0.09367422 0.04445157 0.03223469 0.06082022 
764.00000000 0.34503644 0.17721803 0.24637743 0.09376565 0.04448069 0.03225849 0.06086327 
765.00000000 0.34479972 0.17710213 0.24654363 0.09385694 0.04451371 0.03227823 0.06090564 
766.00000000 0.34455126 0.17699814 0.24671055 0.09394806 0.04455078 0.03229387 0.06094734 
767.00000000 0.34429054 0.17690666 0.24687813 0.09403894 0.04459199 0.03230534 0.06098840 
768.00000000 0.34401703 0.17682822 0.24704628 0.09412955 0.04463747 0.03231262 0.06102884 
769.00000000 0.34373028 0.17676334 0.24721490 0.09421983 0.04468729 0.03231566 0.06106869 
770.00000000 0.34342984 0.17671251 0.24738392 0.09430977 0.04474155 0.03231444 0.06110797 
771.00000000 0.34311533 0.17667615 0.24755324 0.09439930 0.04480031 0.03230894 0.06114672 
772.00000000 0.34278641 0.17665466 0.24772278 0.09448842 0.04486363 0.03229914 0.06118496 
773.00000000 0.34244278 0.17664837 0.24789245 0.09457709 0.04493155 0.03228503 0.06122273 
774.00000000 0.34208419 0.17665759 0.24806215 0.09466528 0.04500411 0.03226662 0.06126006 
775.00000000 0.34171045 0.17668256 0.24823180 0.09475298 0.04508133 0.03224391 0.06129697 
776.00000000 0.34132142 0.17672345 0.24840132 0.09484018 0.04516320 0.03221692 0.06133351 
777.00000000 0.34091701 0.17678040 0.24857062 0.09492687 0.04524972 0.03218566 0.06136972 
778.00000000 0.34049719 0.17685349 0.24873963 0.09501304 0.04534086 0.03215017 0.06140561 
779.00000000 0.34006199 0.17694273 0.24890826 0.09509871 0.04543660 0.03211048 0.06144124 
780.00000000 0.33961149 0.17704806 0.24907644 0.09518386 0.04553688 0.03206663 0.06147662 
781.00000000 0.33914585 0.17716940 0.24924411 0.09526853 0.04564164 0.03201867 0.06151181 
782.00000000 0.33866524 0.17730655 0.24941120 0.09535271 0.04575080 0.03196666 0.06154683 
783.00000000 0.33816995 0.17745930 0.24957766 0.09543645 0.04586427 0.03191065 0.06158172 
784.00000000 0.33766028 0.17762735 0.24974342 0.09551975 0.04598196 0.03185072 0.06161651 
785.00000000 0.33713661 0.17781036 0.24990846 0.09560267 0.04610373 0.03178694 0.06165123 
786.00000000 0.33659937 0.17800789 0.25007271 0.09568523 0.04622948 0.03171940 0.06168592 
787.00000000 0.33604905 0.17821949 0.25023616 0.09576747 0.04635905 0.03164818 0.06172061 
788.00000000 0.33548619 0.17844462 0.25039877 0.09584944 0.04649229 0.03157337 0.06175532 
789.00000000 0.33491137 0.17868269 0.25056052 0.09593120 0.04662905 0.03149508 0.06179009 
790.00000000 0.33432525 0.17893305 0.25072139 0.09601279 0.04676915 0.03141341 0.06182495 
791.00000000 0.33372851 0.17919503 0.25088138 0.09609428 0.04691242 0.03132847 0.06185991 
792.00000000 0.33312190 0.17946786 0.25104048 0.09617573 0.04705864 0.03124037 0.06189501 
793.00000000 0.33250619 0.17975076 0.25119868 0.09625720 0.04720764 0.03114925 0.06193028 
794.00000000 0.33188221 0.18004289 0.25135601 0.09633875 0.04735919 0.03105523 0.06196572 
795.00000000 0.33125081 0.18034337 0.25151247 0.09642047 0.04751308 0.03095844 0.06200137 
796.00000000 0.33061289 0.18065128 0.25166808 0.09650241 0.04766910 0.03085901 0.06203724 
797.00000000 0.32996937 0.18096567 0.25182286 0.09658465 0.04782700 0.03075710 0.06207334 
798.00000000 0.32932122 0.18128556 0.25197683 0.09666727 0.04798655 0.03065285 0.06210970 
799.00000000 0.32866941 0.18160994 0.25213004 0.09675034 0.04814753 0.03054641 0.06214634 
800.00000000 0.32801493 0.18193777 0.25228250 0.09683393 0.04830967 0.03043794 0.06218325 
801.00000000 0.32735882 0.18226801 0.25243427 0.09691812 0.04847274 0.03032760 0.06222045 
802.00000000 0.32670209 0.18259957 0.25258537 0.09700298 0.04863650 0.03021556 0.06225794 
803.00000000 0.32604579 0.18293138 0.25273584 0.09708858 0.04880068 0.03010198 0.06229575 
804.00000000 0.32539097 0.18326236 0.25288574 0.09717498 0.04896504 0.02998705 0.06233386 
805.00000000 0.32473867 0.18359141 0.25303509 0.09726227 0.04912932 0.02987094 0.06237229 
806.00000000 0.32408995 0.18391745 0.25318394 0.09735050 0.04929329 0.02975383 0.06241103 
807.00000000 0.32344585 0.18423939 0.25333234 0.09743974 0.04945668 0.02963591 0.06245009 
808.00000000 0.32280739 0.18455617 0.25348032 0.09753004 0.04961926 0.02951737 0.06248945 
809.00000000 0.32217559 0.18486672 0.25362792 0.09762146 0.04978078 0.02939840 0.06252912 
810.00000000 0.32155146 0.18517000 0.25377519 0.09771406 0.04994100 0.02927920 0.06256909 
811.00000000 0.32093598 0.18546499 0.25392215 0.09780787 0.05009968 0.02915997 0.06260935 
812.00000000 0.32033010 0.18575071 0.25406885 0.09790294 0.05025660 0.02904091 0.06264990 
813.00000000 0.31973476 0.18602618 0.25421530 0.09799931 0.05041152 0.02892222 0.06269071 
814.00000000 0.31915084 0.18629048 0.25436154 0.09809701 0.05056423 0.02880412 0.06273178 
815.00000000 0.31857921 0.18654271 0.25450759 0.09819608 0.05071451 0.02868680 0.06277310 
816.00000000 0.31802070 0.18678202 0.25465347 0.09829653 0.05086216 0.02857048 0.06281464 
817.00000000 0.31747609 0.18700760 0.25479920 0.09839838 0.05100697 0.02845537 0.06285639 
818.00000000 0.31694613 0.18721867 0.25494477 0.09850166 0.05114876 0.02834168 0.06289833 
819.00000000 0.31643151 0.18741452 0.25509021 0.09860636 0.05128734 0.02822963 0.06294044 
820.00000000 0.31593288 0.18759447 0.25523551 0.09871249 0.05142253 0.02811943 0.06298269 
821.00000000 0.31545085 0.18775791 0.25538067 0.09882006 0.05155417 0.02801128 0.06302507 
822.00000000 0.31498595 0.18790428 0.25552568 0.09892906 0.05168210 0.02790540 0.06306754 
823.00000000 0.31453869 0.18803306 0.25567053 0.09903947 0.05180617 0.02780200 0.06311009 
824.00000000 0.31410950 0.18814380 0.25581520 0.09915129 0.05192624 0.02770128 0.06315267 
825.00000000 0.31369877 0.18823611 0.25595968 0.09926451 0.05204219 0.02760345 0.06319528 
826.00000000 0.31330683 0.18830965 0.25610394 0.09937909 0.05215390 0.02750872 0.06323787 
827.00000000 0.31293395 0.18836414 0.25624796 0.09949502 0.05226125 0.02741728 0.06328041 
828.00000000 0.31258035 0.18839936 0.25639169 0.09961226 0.05236415 0.02732931 0.06332287 
829.00000000 0.31224616 0.18841516 0.25653512 0.09973080 0.05246251 0.02724503 0.06336523 
830.00000000 0.31193150 0.18841143 0.25667819 0.09985059 0.05255624 0.02716459 0.06340744 
831.00000000 0.31163640 0.18838813 0.25682088 0.09997161 0.05264529 0.02708820 0.06344948 
832.00000000 0.31136084 0.18834528 0.25696314 0.10009381 0.05272960 0.02701600 0.06349131 
833.00000000 0.31110475 0.18828296 0.25710493 0.10021717 0.05280912 0.02694818 0.06353289 
834.00000000 0.31086800 0.18820128 0.25724620 0.10034163 0.05288381 0.02688488 0.06357420 
835.00000000 0.31065039 0.18810044 0.25738690 0.10046717 0.05295364 0.02682626 0.06361519 
836.00000000 0.31045169 0.18798068 0.25752700 0.10059373 0.05301861 0.02677245 0.06365584 
837.00000000 0.31027161 0.18784227 0.25766645 0.10072129 0.05307871 0.02672358 0.06369610 
838.00000000 0.31010980 0.18768556 0.25780521 0.10084978 0.05313394 0.02667976 0.06373594 
839.00000000 0.30996588 0.18751094 0.25794322 0.10097918 0.05318431 0.02664112 0.06377534 
840.00000000 0.30983941 0.18731883 0.25808045 0.10110944 0.05322986 0.02660775 0.06381426 
841.00000000 0.30972991 0.18710971 0.25821685 0.10124051 0.05327062 0.02657973 0.06385266 
842.00000000 0.30963686 0.18688410 0.25835239 0.10137236 0.05330664 0.02655714 0.06389051 
843.00000000 0.30955970 0.18664254 0.25848703 0.10150493 0.05333797 0.02654004 0.06392779 
844.00000000 0.30949782 0.18638562 0.25862073 0.10163819 0.05336469 0.02652848 0.06396447 
845.00000000 0.30945060 0.18611397 0.25875347 0.10177209 0.05338685 0.02652250 0.06400052 
846.00000000 0.30941738 0.18582823 0.25888522 0.10190659 0.05340456 0.02652212 0.06403591 
847.00000000 0.30939745 0.18552908 0.25901594 0.10204164 0.05341790 0.02652735 0.06407063 
848.00000000 0.30939012 0.18521723 0.25914563 0.10217721 0.05342699 0.02653819 0.06410464 
849.00000000 0.30939463 0.18489339 0.25927427 0.10231323 0.05343192 0.02655462 0.06413794 
850.00000000 0.30941023 0.18455832 0.25940183 0.10244968 0.05343284 0.02657661 0.06417049 
851.00000000 0.30943614 0.18421276 0.25952832 0.10258651 0.05342985 0.02660412 0.06420230 
852.00000000 0.30947158 0.18385748 0.25965372 0.10272366 0.05342311 0.02663709 0.06423335 
853.00000000 0.30951575 0.18349327 0.25977804 0.10286110 0.05341277 0.02667545 0.06426363 
854.00000000 0.30956784 0.18312091 0.25990128 0.10299876 0.05339896 0.02671912 0.06429312 
855.00000000 0.30962705 0.18274120 0.26002344 0.10313661 0.05338187 0.02676799 0.06432184 
856.00000000 0.30969255 0.18235492 0.26014454 0.10327459 0.05336165 0.02682196 0.06434978 
857.00000000 0.30976355 0.18196288 0.26026460 0.10341264 0.05333848 0.02688091 0.06437694 
858.00000000 0.30983924 0.18156585 0.26038362 0.10355072 0.05331255 0.02694470 0.06440333 
859.00000000 0.30991882 0.18116463 0.26050163 0.10368876 0.05328403 0.02701318 0.06442895 
860.00000000 0.31000151 0.18075997 0.26061865 0.10382671 0.05325313 0.02708620 0.06445383 
861.00000000 0.31008652 0.18035266 0.26073472 0.10396450 0.05322005 0.02716359 0.06447797 
862.00000000 0.31017311 0.17994343 0.26084986 0.10410207 0.05318497 0.02724517 0.06450139 
863.00000000 0.31026052 0.17953303 0.26096410 0.10423936 0.05314811 0.02733076 0.06452413 
864.00000000 0.31034803 0.17912217 0.26107748 0.10437629 0.05310967 0.02742016 0.06454619 
865.00000000 0.31043495 0.17871155 0.26119004 0.10451280 0.05306987 0.02751317 0.06456762 
866.00000000 0.31052060 0.17830185 0.26130181 0.10464881 0.05302892 0.02760956 0.06458844 
867.00000000 0.31060433 0.17789372 0.26141284 0.10478426 0.05298703 0.02770914 0.06460869 
868.00000000 0.31068550 0.17748780 0.26152316 0.10491905 0.05294442 0.02781167 0.06462840 
869.00000000 0.31076354 0.17708470 0.26163281 0.10505313 0.05290129 0.02791692 0.06464762 
870.00000000 0.31083786 0.17668499 0.26174184 0.10518640 0.05285786 0.02802467 0.06466639 
871.00000000 0.31090795 0.17628923 0.26185028 0.10531878 0.05281434 0.02813467 0.06468475 
872.00000000 0.31097330 0.17589794 0.26195818 0.10545021 0.05277093 0.02824670 0.06470275 
873.00000000 0.31103344 0.17551162 0.26206557 0.10558058 0.05272784 0.02836051 0.06472044 
874.00000000 0.31108795 0.17513072 0.26217250 0.10570983 0.05268528 0.02847585 0.06473787 
875.00000000 0.31113642 0.17475569 0.26227901 0.10583786 0.05264342 0.02859250 0.06475509 
876.00000000 0.31117849 0.17438693 0.26238513 0.10596461 0.05260247 0.02871021 0.06477217 
877.00000000 0.31121384 0.17402479 0.26249090 0.10608999 0.05256260 0.02882874 0.06478914 
878.00000000 0.31124219 0.17366962 0.26259635 0.10621392 0.05252398 0.02894786 0.06480608 
879.00000000 0.31126327 0.17332173 0.26270151 0.10633633 0.05248680 0.02906735 0.06482302 
880.00000000 0.31127687 0.17298137 0.26280642 0.10645714 0.05245119 0.02918697 0.06484004 
881.00000000 0.31128281 0.17264880 0.26291111 0.10657628 0.05241732 0.02930649 0.06485719 
882.00000000 0.31128094 0.17232421 0.26301560 0.10669370 0.05238531 0.02942572 0.06487452 
883.00000000 0.31127115 0.17200777 0.26311991 0.10680932 0.05235531 0.02954443 0.06489210 
884.00000000 0.31125337 0.17169964 0.26322408 0.10692310 0.05232741 0.02966243 0.06490997 
885.00000000 0.31122755 0.17139991 0.26332812 0.10703497 0.05230174 0.02977951 0.06492819 
886.00000000 0.31119368 0.17110867 0.26343205 0.10714489 0.05227838 0.02989550 0.06494682 
887.00000000 0.31115178 0.17082595 0.26353589 0.10725283 0.05225742 0.03001022 0.06496590 
888.00000000 0.31110191 0.17055178 0.26363965 0.10735875 0.05223892 0.03012350 0.06498549 
889.00000000 0.31104413 0.17028615 0.26374335 0.10746262 0.05222294 0.03023517 0.06500563 
890.00000000 0.31097856 0.17002901 0.26384701 0.10756442 0.05220953 0.03034510 0.06502638 
891.00000000 0.31090533 0.16978030 0.26395062 0.10766414 0.05219871 0.03045313 0.06504776 
892.00000000 0.31082460 0.16953991 0.26405421 0.10776179 0.05219050 0.03055916 0.06506984 
893.00000000 0.31073655 0.16930774 0.26415778 0.10785735 0.05218490 0.03066305 0.06509263 
894.00000000 0.31064139 0.16908363 0.26426134 0.10795085 0.05218191 0.03076470 0.06511619 
895.00000000 0.31053933 0.16886742 0.26436489 0.10804230 0.05218150 0.03086403 0.06514053 
896.00000000 0.31043063 0.16865891 0.26446845 0.10813174 0.05218364 0.03096093 0.06516570 
897.00000000 0.31031554 0.16845791 0.26457201 0.10821919 0.05218828 0.03105535 0.06519171 
898.00000000 0.31019433 0.16826418 0.26467559 0.10830470 0.05219538 0.03114722 0.06521860 
899.00000000 0.31006730 0.16807747 0.26477919 0.10838833 0.05220485 0.03123649 0.06524637 
900.00000000 0.30993473 0.16789753 0.26488282 0.10847014 0.05221662 0.03132312 0.06527505 
901.00000000 0.30979694 0.16772407 0.26498648 0.10855018 0.05223060 0.03140708 0.06530466 
902.00000000 0.30965425 0.16755681 0.26509017 0.10862854 0.05224669 0.03148835 0.06533519 
903.00000000 0.30950697 0.16739544 0.26519392 0.10870530 0.05226479 0.03156692 0.06536666 
904.00000000 0.30935543 0.16723966 0.26529771 0.10878055 0.05228478 0.03164280 0.06539907 
905.00000000 0.30919996 0.16708914 0.26540157 0.10885437 0.05230654 0.03171599 0.06543242 
906.00000000 0.30904090 0.16694357 0.26550550 0.10892687 0.05232994 0.03178651 0.06546671 
907.00000000 0.30887856 0.16680260 0.26560951 0.10899816 0.05235486 0.03185439 0.06550192 
908.00000000 0.30871327 0.16666592 0.26571362 0.10906832 0.05238116 0.03191965 0.06553806 
909.00000000 0.30854536 0.16653317 0.26581783 0.10913749 0.05240869 0.03198235 0.06557510 
910.00000000 0.30837514 0.16640403 0.26592215 0.10920578 0.05243732 0.03204254 0.06561304 
911.00000000 0.30820292 0.16627817 0.26602661 0.10927329 0.05246691 0.03210025 0.06565185 
912.00000000 0.30802900 0.16615526 0.26613121 0.10934015 0.05249731 0.03215556 0.06569152 
913.00000000 0.30785367 0.16603497 0.26623597 0.10940648 0.05252838 0.03220853 0.06573201 
914.00000000 0.30767721 0.16591698 0.26634091 0.10947239 0.05255998 0.03225922 0.06577332 
915.00000000 0.30749988 0.16580099 0.26644605 0.10953801 0.05259197 0.03230770 0.06581540 
916.00000000 0.30732194 0.16568669 0.26655139 0.10960345 0.05262423 0.03235406 0.06585823 
917.00000000 0.30714363 0.16557381 0.26665697 0.10966883 0.05265662 0.03239836 0.06590178 
918.00000000 0.30696516 0.16546205 0.26676279 0.10973427 0.05268901 0.03244069 0.06594602 
919.00000000 0.30678674 0.16535117 0.26686888 0.10979986 0.05272130 0.03248112 0.06599091 
920.00000000 0.30660857 0.16524092 0.26697525 0.10986573 0.05275337 0.03251973 0.06603642 
921.00000000 0.30643081 0.16513106 0.26708193 0.10993197 0.05278512 0.03255660 0.06608251 
922.00000000 0.30625360 0.16502138 0.26718892 0.10999868 0.05281645 0.03259181 0.06612915 
923.00000000 0.30607710 0.16491169 0.26729625 0.11006596 0.05284729 0.03262543 0.06617629 
924.00000000 0.30590140 0.16480181 0.26740393 0.11013389 0.05287755 0.03265753 0.06622389 
925.00000000 0.30572660 0.16469159 0.26751197 0.11020255 0.05290717 0.03268819 0.06627193 
926.00000000 0.30555277 0.16458090 0.26762040 0.11027202 0.05293609 0.03271747 0.06632035 
927.00000000 0.30537998 0.16446961 0.26772921 0.11034237 0.05296427 0.03274543 0.06636913 
928.00000000 0.30520823 0.16435765 0.26783843 0.11041366 0.05299167 0.03277214 0.06641821 
929.00000000 0.30503756 0.16424493 0.26794806 0.11048594 0.05301828 0.03279765 0.06646757 
930.00000000 0.30486796 0.16413143 0.26805811 0.11055926 0.05304408 0.03282202 0.06651715 
931.00000000 0.30469939 0.16401710 0.26816859 0.11063365 0.05306907 0.03284527 0.06656693 
932.00000000 0.30453180 0.16390195 0.26827949 0.11070916 0.05309326 0.03286746 0.06661687 
933.00000000 0.30436514 0.16378601 0.26839083 0.11078581 0.05311668 0.03288862 0.06666692 
934.00000000 0.30419932 0.16366931 0.26850258 0.11086361 0.05313935 0.03290878 0.06671705 
935.00000000 0.30403423 0.16355193 0.26861477 0.11094257 0.05316132 0.03292796 0.06676722 
936.00000000 0.30386975 0.16343395 0.26872737 0.11102270 0.05318265 0.03294618 0.06681741 
937.00000000 0.30370576 0.16331547 0.26884038 0.11110399 0.05320340 0.03296344 0.06686756 
938.00000000 0.30354209 0.16319664 0.26895379 0.11118643 0.05322364 0.03297976 0.06691766 
939.00000000 0.30337859 0.16307758 0.26906758 0.11127000 0.05324345 0.03299513 0.06696767 
940.00000000 0.30321507 0.16295848 0.26918174 0.11135468 0.05326293 0.03300955 0.06701755 
941.00000000 0.30305133 0.16283952 0.26929625 0.11144045 0.05328217 0.03302300 0.06706729 
942.00000000 0.30288718 0.16272089 0.26941109 0.11152726 0.05330127 0.03303547 0.06711684 
943.00000000 0.30272240 0.16260282 0.26952624 0.11161507 0.05332036 0.03304694 0.06716618 
944.00000000 0.30255676 0.16248553 0.26964167 0.11170384 0.05333954 0.03305737 0.06721529 
945.00000000 0.30239004 0.16236926 0.26975735 0.11179353 0.05335895 0.03306675 0.06726414 
946.00000000 0.30222198 0.16225426 0.26987327 0.11188407 0.05337870 0.03307502 0.06731270 
947.00000000 0.30205236 0.16214080 0.26998938 0.11197541 0.05339892 0.03308216 0.06736097 
948.00000000 0.30188091 0.16202915 0.27010566 0.11206748 0.05341976 0.03308813 0.06740891 
949.00000000 0.30170739 0.16191958 0.27022207 0.11216024 0.05344134 0.03309287 0.06745651 
950.00000000 0.30153154 0.16181238 0.27033859 0.11225361 0.05346379 0.03309635 0.06750375 
951.00000000 0.30135311 0.16170782 0.27045517 0.11234753 0.05348726 0.03309850 0.06755061 
952.00000000 0.30117184 0.16160619 0.27057179 0.11244192 0.05351188 0.03309929 0.06759709 
953.00000000 0.30098748 0.16150778 0.27068841 0.11253673 0.05353778 0.03309867 0.06764316 
954.00000000 0.30079979 0.16141286 0.27080499 0.11263188 0.05356510 0.03309657 0.06768882 
955.00000000 0.30060852 0.16132172 0.27092150 0.11272730 0.05359395 0.03309296 0.06773406 
956.00000000 0.30041344 0.16123462 0.27103790 0.11282293 0.05362446 0.03308778 0.06777886 
957.00000000 0.30021432 0.16115183 0.27115417 0.11291870 0.05365676 0.03308098 0.06782324 
958.00000000 0.30001094 0.16107361 0.27127027 0.11301455 0.05369096 0.03307252 0.06786717 
959.00000000 0.29980308 0.16100019 0.27138616 0.11311040 0.05372715 0.03306235 0.06791065 
960.00000000 0.29959057 0.16093182 0.27150183 0.11320621 0.05376546 0.03305043 0.06795369 
961.00000000 0.29937320 0.16086870 0.27161724 0.11330190 0.05380596 0.03303673 0.06799628 
962.00000000 0.29915080 0.16081105 0.27173236 0.11339742 0.05384874 0.03302120 0.06803843 
963.00000000 0.29892322 0.16075904 0.27184717 0.11349272 0.05389389 0.03300382 0.06808014 
964.00000000 0.29869032 0.16071285 0.27196164 0.11358775 0.05394146 0.03298456 0.06812140 
965.00000000 0.29845197 0.16067263 0.27207576 0.11368246 0.05399153 0.03296341 0.06816223 
966.00000000 0.29820806 0.16063851 0.27218951 0.11377681 0.05404414 0.03294034 0.06820264 
967.00000000 0.29795850 0.16061059 0.27230286 0.11387074 0.05409933 0.03291534 0.06824263 
968.00000000 0.29770322 0.16058897 0.27241581 0.11396424 0.05415713 0.03288842 0.06828220 
969.00000000 0.29744217 0.16057371 0.27252834 0.11405727 0.05421757 0.03285957 0.06832138 
970.00000000 0.29717530 0.16056485 0.27264045 0.11414979 0.05428064 0.03282879 0.06836018 
971.00000000 0.29690262 0.16056240 0.27275212 0.11424178 0.05434635 0.03279612 0.06839859 
972.00000000 0.29662413 0.16056638 0.27286336 0.11433324 0.05441470 0.03276156 0.06843665 
973.00000000 0.29633986 0.16057673 0.27297415 0.11442413 0.05448564 0.03272514 0.06847436 
974.00000000 0.29604986 0.16059341 0.27308450 0.11451444 0.05455916 0.03268690 0.06851174 
975.00000000 0.29575419 0.16061635 0.27319441 0.11460418 0.05463520 0.03264687 0.06854880 
976.00000000 0.29545296 0.16064543 0.27330388 0.11469334 0.05471371 0.03260511 0.06858556 
977.00000000 0.29514628 0.16068053 0.27341291 0.11478192 0.05479463 0.03256167 0.06862205 
978.00000000 0.29483428 0.16072150 0.27352152 0.11486993 0.05487789 0.03251661 0.06865827 
979.00000000 0.29451712 0.16076817 0.27362972 0.11495737 0.05496339 0.03246999 0.06869424 
980.00000000 0.29419498 0.16082033 0.27373750 0.11504427 0.05505104 0.03242188 0.06872999 
981.00000000 0.29386805 0.16087777 0.27384489 0.11513063 0.05514075 0.03237238 0.06876554 
982.00000000 0.29353656 0.16094024 0.27395189 0.11521648 0.05523239 0.03232155 0.06880089 
983.00000000 0.29320073 0.16100749 0.27405852 0.11530185 0.05532585 0.03226948 0.06883608 
984.00000000 0.29286082 0.16107923 0.27416479 0.11538676 0.05542100 0.03221628 0.06887111 
985.00000000 0.29251712 0.16115516 0.27427071 0.11547125 0.05551770 0.03216204 0.06890602 
986.00000000 0.29216990 0.16123497 0.27437630 0.11555534 0.05561581 0.03210687 0.06894082 
987.00000000 0.29181947 0.16131831 0.27448157 0.11563908 0.05571519 0.03205086 0.06897552 
988.00000000 0.29146616 0.16140484 0.27458653 0.11572251 0.05581568 0.03199413 0.06901014 
989.00000000 0.29111030 0.16149420 0.27469120 0.11580567 0.05591711 0.03193680 0.06904471 
990.00000000 0.29075224 0.16158601 0.27479559 0.11588860 0.05601933 0.03187898 0.06907924 
991.00000000 0.29039235 0.16167988 0.27489971 0.11597135 0.05612217 0.03182079 0.06911374 
992.00000000 0.29003100 0.16177541 0.27500358 0.11605396 0.05622546 0.03176236 0.06914823 
993.00000000 0.28966856 0.16187221 0.27510719 0.11613649 0.05632903 0.03170380 0.06918273 
994.00000000 0.28930545 0.16196984 0.27521057 0.11621898 0.05643269 0.03164523 0.06921725 
995.00000000 0.28894204 0.16206790 0.27531372 0.11630148 0.05653628 0.03158679 0.06925179 
996.00000000 0.28857876 0.16216596 0.27541664 0.11638405 0.05663961 0.03152860 0.06928639 
997.00000000 0.28821601 0.16226359 0.27551934 0.11646673 0.05674252 0.03147078 0.06932104 
998.00000000 0.28785421 0.16236038 0.27562182 0.11654957 0.05684482 0.03141345 0.06935575 
999.00000000 0.28749376 0.16245588 0.27572409 0.11663263 0.05694635 0.03135674 0.06939054 
