0.000000 0.000078 -0.000002 0.000078 -0.000002 
1.000000 0.000078 -0.000002 0.000078 -0.000002 
2.000000 0.000078 -0.000002 0.000078 -0.000002 
3.000000 0.000078 -0.000002 0.000078 -0.000002 
4.000000 0.000078 -0.000002 0.000078 -0.000002 
5.000000 0.000078 -0.000002 0.000078 -0.000002 
6.000000 0.000077 -0.000002 0.000077 -0.000002 
7.000000 0.000077 -0.000002 0.000077 -0.000002 
8.000000 0.000077 -0.000002 0.000077 -0.000002 
9.000000 0.000077 -0.000002 0.000077 -0.000002 
10.000000 0.000077 -0.000002 0.000077 -0.000002 
11.000000 0.000077 -0.000002 0.000077 -0.000002 
12.000000 0.000077 -0.000002 0.000077 -0.000002 
13.000000 0.000076 -0.000002 0.000076 -0.000002 
14.000000 0.000076 -0.000002 0.000076 -0.000002 
15.000000 0.000076 -0.000002 0.000076 -0.000002 
16.000000 0.000076 -0.000002 0.000076 -0.000002 
17.000000 0.000076 -0.000002 0.000076 -0.000002 
18.000000 0.000076 -0.000002 0.000076 -0.000002 
19.000000 0.000075 -0.000002 0.000075 -0.000002 
20.000000 0.000075 -0.000002 0.000075 -0.000002 
21.000000 0.000075 -0.000002 0.000075 -0.000002 
22.000000 0.000075 -0.000002 0.000075 -0.000002 
23.000000 0.000075 -0.000002 0.000075 -0.000002 
24.000000 0.000075 -0.000002 0.000075 -0.000002 
25.000000 0.000075 -0.000002 0.000075 -0.000002 
26.000000 0.000074 -0.000002 0.000074 -0.000002 
27.000000 0.000074 -0.000002 0.000074 -0.000002 
28.000000 0.000074 -0.000002 0.000074 -0.000002 
29.000000 0.000074 -0.000002 0.000074 -0.000002 
30.000000 0.000074 -0.000002 0.000074 -0.000002 
31.000000 0.000074 -0.000002 0.000074 -0.000002 
32.000000 0.000074 -0.000002 0.000074 -0.000002 
33.000000 0.000073 -0.000002 0.000073 -0.000002 
34.000000 0.000073 -0.000002 0.000073 -0.000002 
35.000000 0.000073 -0.000002 0.000073 -0.000002 
36.000000 0.000073 -0.000002 0.000073 -0.000002 
37.000000 0.000073 -0.000002 0.000073 -0.000002 
38.000000 0.000073 -0.000002 0.000073 -0.000002 
39.000000 0.000072 -0.000002 0.000072 -0.000002 
40.000000 0.000072 -0.000002 0.000072 -0.000002 
41.000000 0.000072 -0.000002 0.000072 -0.000002 
42.000000 0.000072 -0.000002 0.000072 -0.000002 
43.000000 0.000072 -0.000002 0.000072 -0.000002 
44.000000 0.000072 -0.000002 0.000072 -0.000002 
45.000000 0.000072 -0.000002 0.000072 -0.000002 
46.000000 0.000071 -0.000002 0.000071 -0.000002 
47.000000 0.000071 -0.000002 0.000071 -0.000002 
48.000000 0.000071 -0.000002 0.000071 -0.000002 
49.000000 0.000071 -0.000002 0.000071 -0.000002 
50.000000 0.000071 -0.000002 0.000071 -0.000002 
51.000000 0.000071 -0.000002 0.000071 -0.000002 
52.000000 0.000071 -0.000002 0.000071 -0.000002 
53.000000 0.000070 -0.000002 0.000070 -0.000002 
54.000000 0.000070 -0.000002 0.000070 -0.000002 
55.000000 0.000070 -0.000002 0.000070 -0.000002 
56.000000 0.000070 -0.000002 0.000070 -0.000002 
57.000000 0.000070 -0.000002 0.000070 -0.000002 
58.000000 0.000070 -0.000002 0.000070 -0.000002 
59.000000 0.000070 -0.000002 0.000070 -0.000002 
60.000000 0.000070 -0.000002 0.000070 -0.000002 
61.000000 0.000069 -0.000002 0.000069 -0.000002 
62.000000 0.000069 -0.000002 0.000069 -0.000002 
63.000000 0.000069 -0.000002 0.000069 -0.000002 
64.000000 0.000069 -0.000002 0.000069 -0.000002 
65.000000 0.000069 -0.000002 0.000069 -0.000002 
66.000000 0.000069 -0.000002 0.000069 -0.000002 
67.000000 0.000069 -0.000002 0.000069 -0.000002 
68.000000 0.000068 -0.000002 0.000068 -0.000002 
69.000000 0.000068 -0.000002 0.000068 -0.000002 
70.000000 0.000068 -0.000002 0.000068 -0.000002 
71.000000 0.000068 -0.000002 0.000068 -0.000002 
72.000000 0.000068 -0.000002 0.000068 -0.000002 
73.000000 0.000068 -0.000002 0.000068 -0.000002 
74.000000 0.000068 -0.000002 0.000068 -0.000002 
75.000000 0.000067 -0.000002 0.000067 -0.000002 
76.000000 0.000067 -0.000002 0.000067 -0.000002 
77.000000 0.000067 -0.000002 0.000067 -0.000002 
78.000000 0.000067 -0.000002 0.000067 -0.000002 
79.000000 0.000067 -0.000002 0.000067 -0.000002 
80.000000 0.000067 -0.000002 0.000067 -0.000002 
81.000000 0.000067 -0.000002 0.000067 -0.000002 
82.000000 0.000067 -0.000002 0.000067 -0.000002 
83.000000 0.000066 -0.000002 0.000066 -0.000002 
84.000000 0.000066 -0.000002 0.000066 -0.000002 
85.000000 0.000066 -0.000002 0.000066 -0.000002 
86.000000 0.000066 -0.000002 0.000066 -0.000002 
87.000000 0.000066 -0.000002 0.000066 -0.000002 
88.000000 0.000066 -0.000002 0.000066 -0.000002 
89.000000 0.000066 -0.000002 0.000066 -0.000002 
90.000000 0.000065 -0.000002 0.000065 -0.000002 
91.000000 0.000065 -0.000002 0.000065 -0.000002 
92.000000 0.000065 -0.000002 0.000065 -0.000002 
93.000000 0.000065 -0.000002 0.000065 -0.000002 
94.000000 0.000065 -0.000002 0.000065 -0.000002 
95.000000 0.000065 -0.000002 0.000065 -0.000002 
96.000000 0.000065 -0.000002 0.000065 -0.000002 
97.000000 0.000065 -0.000002 0.000065 -0.000002 
98.000000 0.000064 -0.000002 0.000064 -0.000002 
99.000000 0.000064 -0.000002 0.000064 -0.000002 
100.000000 0.000064 -0.000002 0.000064 -0.000002 
101.000000 0.000064 -0.000002 0.000064 -0.000002 
102.000000 0.000064 -0.000002 0.000064 -0.000002 
103.000000 0.000064 -0.000002 0.000064 -0.000002 
104.000000 0.000064 -0.000002 0.000064 -0.000002 
105.000000 0.000064 -0.000002 0.000064 -0.000002 
106.000000 0.000063 -0.000002 0.000063 -0.000002 
107.000000 0.000063 -0.000002 0.000063 -0.000002 
108.000000 0.000063 -0.000002 0.000063 -0.000002 
109.000000 0.000063 -0.000002 0.000063 -0.000002 
110.000000 0.000063 -0.000002 0.000063 -0.000002 
111.000000 0.000063 -0.000002 0.000063 -0.000002 
112.000000 0.000063 -0.000002 0.000063 -0.000002 
113.000000 0.000063 -0.000002 0.000063 -0.000002 
114.000000 0.000062 -0.000002 0.000062 -0.000002 
115.000000 0.000062 -0.000002 0.000062 -0.000002 
116.000000 0.000062 -0.000002 0.000062 -0.000002 
117.000000 0.000062 -0.000002 0.000062 -0.000002 
118.000000 0.000062 -0.000002 0.000062 -0.000002 
119.000000 0.000062 -0.000002 0.000062 -0.000002 
120.000000 0.000062 -0.000002 0.000062 -0.000002 
121.000000 0.000062 -0.000002 0.000062 -0.000002 
122.000000 0.000061 -0.000002 0.000061 -0.000002 
123.000000 0.000061 -0.000002 0.000061 -0.000002 
124.000000 0.000061 -0.000002 0.000061 -0.000002 
125.000000 0.000061 -0.000002 0.000061 -0.000002 
126.000000 0.000061 -0.000002 0.000061 -0.000002 
127.000000 0.000061 -0.000002 0.000061 -0.000002 
128.000000 0.000061 -0.000002 0.000061 -0.000002 
129.000000 0.000061 -0.000002 0.000061 -0.000002 
130.000000 0.000060 -0.000002 0.000060 -0.000002 
131.000000 0.000060 -0.000002 0.000060 -0.000002 
132.000000 0.000060 -0.000002 0.000060 -0.000002 
133.000000 0.000060 -0.000002 0.000060 -0.000002 
134.000000 0.000060 -0.000002 0.000060 -0.000002 
135.000000 0.000060 -0.000002 0.000060 -0.000002 
136.000000 0.000060 -0.000002 0.000060 -0.000002 
137.000000 0.000060 -0.000002 0.000060 -0.000002 
138.000000 0.000059 -0.000002 0.000059 -0.000002 
139.000000 0.000059 -0.000002 0.000059 -0.000002 
140.000000 0.000059 -0.000002 0.000059 -0.000002 
141.000000 0.000059 -0.000002 0.000059 -0.000002 
142.000000 0.000059 -0.000002 0.000059 -0.000002 
143.000000 0.000059 -0.000002 0.000059 -0.000002 
144.000000 0.000059 -0.000001 0.000059 -0.000001 
145.000000 0.000059 -0.000001 0.000059 -0.000001 
146.000000 0.000059 -0.000001 0.000059 -0.000001 
147.000000 0.000058 -0.000001 0.000058 -0.000001 
148.000000 0.000058 -0.000001 0.000058 -0.000001 
149.000000 0.000058 -0.000001 0.000058 -0.000001 
150.000000 0.000058 -0.000001 0.000058 -0.000001 
151.000000 0.000058 -0.000001 0.000058 -0.000001 
152.000000 0.000058 -0.000001 0.000058 -0.000001 
153.000000 0.000058 -0.000001 0.000058 -0.000001 
154.000000 0.000058 -0.000001 0.000058 -0.000001 
155.000000 0.000057 -0.000001 0.000057 -0.000001 
156.000000 0.000057 -0.000001 0.000057 -0.000001 
157.000000 0.000057 -0.000001 0.000057 -0.000001 
158.000000 0.000057 -0.000001 0.000057 -0.000001 
159.000000 0.000057 -0.000001 0.000057 -0.000001 
160.000000 0.000057 -0.000001 0.000057 -0.000001 
161.000000 0.000057 -0.000001 0.000057 -0.000001 
162.000000 0.000057 -0.000001 0.000057 -0.000001 
163.000000 0.000057 -0.000001 0.000057 -0.000001 
164.000000 0.000056 -0.000001 0.000056 -0.000001 
165.000000 0.000056 -0.000001 0.000056 -0.000001 
166.000000 0.000056 -0.000001 0.000056 -0.000001 
167.000000 0.000056 -0.000001 0.000056 -0.000001 
168.000000 0.000056 -0.000001 0.000056 -0.000001 
169.000000 0.000056 -0.000001 0.000056 -0.000001 
170.000000 0.000056 -0.000001 0.000056 -0.000001 
171.000000 0.000056 -0.000001 0.000056 -0.000001 
172.000000 0.000056 -0.000001 0.000056 -0.000001 
173.000000 0.000055 -0.000001 0.000055 -0.000001 
174.000000 0.000055 -0.000001 0.000055 -0.000001 
175.000000 0.000055 -0.000001 0.000055 -0.000001 
176.000000 0.000055 -0.000001 0.000055 -0.000001 
177.000000 0.000055 -0.000001 0.000055 -0.000001 
178.000000 0.000055 -0.000001 0.000055 -0.000001 
179.000000 0.000055 -0.000001 0.000055 -0.000001 
180.000000 0.000055 -0.000001 0.000055 -0.000001 
181.000000 0.000055 -0.000001 0.000055 -0.000001 
182.000000 0.000054 -0.000001 0.000054 -0.000001 
183.000000 0.000054 -0.000001 0.000054 -0.000001 
184.000000 0.000054 -0.000001 0.000054 -0.000001 
185.000000 0.000054 -0.000001 0.000054 -0.000001 
186.000000 0.000054 -0.000001 0.000054 -0.000001 
187.000000 0.000054 -0.000001 0.000054 -0.000001 
188.000000 0.000054 -0.000001 0.000054 -0.000001 
189.000000 0.000054 -0.000001 0.000054 -0.000001 
190.000000 0.000054 -0.000001 0.000054 -0.000001 
191.000000 0.000053 -0.000001 0.000053 -0.000001 
192.000000 0.000053 -0.000001 0.000053 -0.000001 
193.000000 0.000053 -0.000001 0.000053 -0.000001 
194.000000 0.000053 -0.000001 0.000053 -0.000001 
195.000000 0.000053 -0.000001 0.000053 -0.000001 
196.000000 0.000053 -0.000001 0.000053 -0.000001 
197.000000 0.000053 -0.000001 0.000053 -0.000001 
198.000000 0.000053 -0.000001 0.000053 -0.000001 
199.000000 0.000053 -0.000001 0.000053 -0.000001 
200.000000 0.000053 -0.000001 0.000053 -0.000001 
201.000000 0.000052 -0.000001 0.000052 -0.000001 
202.000000 0.000052 -0.000001 0.000052 -0.000001 
203.000000 0.000052 -0.000001 0.000052 -0.000001 
204.000000 0.000052 -0.000001 0.000052 -0.000001 
205.000000 0.000052 -0.000001 0.000052 -0.000001 
206.000000 0.000052 -0.000001 0.000052 -0.000001 
207.000000 0.000052 -0.000001 0.000052 -0.000001 
208.000000 0.000052 -0.000001 0.000052 -0.000001 
209.000000 0.000052 -0.000001 0.000052 -0.000001 
210.000000 0.000051 -0.000001 0.000051 -0.000001 
211.000000 0.000051 -0.000001 0.000051 -0.000001 
212.000000 0.000051 -0.000001 0.000051 -0.000001 
213.000000 0.000051 -0.000001 0.000051 -0.000001 
214.000000 0.000051 -0.000001 0.000051 -0.000001 
215.000000 0.000051 -0.000001 0.000051 -0.000001 
216.000000 0.000051 -0.000001 0.000051 -0.000001 
217.000000 0.000051 -0.000001 0.000051 -0.000001 
218.000000 0.000051 -0.000001 0.000051 -0.000001 
219.000000 0.000051 -0.000001 0.000051 -0.000001 
220.000000 0.000050 -0.000001 0.000050 -0.000001 
221.000000 0.000050 -0.000001 0.000050 -0.000001 
222.000000 0.000050 -0.000001 0.000050 -0.000001 
223.000000 0.000050 -0.000001 0.000050 -0.000001 
224.000000 0.000050 -0.000001 0.000050 -0.000001 
225.000000 0.000050 -0.000001 0.000050 -0.000001 
226.000000 0.000050 -0.000001 0.000050 -0.000001 
227.000000 0.000050 -0.000001 0.000050 -0.000001 
228.000000 0.000050 -0.000001 0.000050 -0.000001 
229.000000 0.000050 -0.000001 0.000050 -0.000001 
230.000000 0.000049 -0.000001 0.000049 -0.000001 
231.000000 0.000049 -0.000001 0.000049 -0.000001 
232.000000 0.000049 -0.000001 0.000049 -0.000001 
233.000000 0.000049 -0.000001 0.000049 -0.000001 
234.000000 0.000049 -0.000001 0.000049 -0.000001 
235.000000 0.000049 -0.000001 0.000049 -0.000001 
236.000000 0.000049 -0.000001 0.000049 -0.000001 
237.000000 0.000049 -0.000001 0.000049 -0.000001 
238.000000 0.000049 -0.000001 0.000049 -0.000001 
239.000000 0.000049 -0.000001 0.000049 -0.000001 
240.000000 0.000048 -0.000001 0.000048 -0.000001 
241.000000 0.000048 -0.000001 0.000048 -0.000001 
242.000000 0.000048 -0.000001 0.000048 -0.000001 
243.000000 0.000048 -0.000001 0.000048 -0.000001 
244.000000 0.000048 -0.000001 0.000048 -0.000001 
245.000000 0.000048 -0.000001 0.000048 -0.000001 
246.000000 0.000048 -0.000001 0.000048 -0.000001 
247.000000 0.000048 -0.000001 0.000048 -0.000001 
248.000000 0.000048 -0.000001 0.000048 -0.000001 
249.000000 0.000048 -0.000001 0.000048 -0.000001 
250.000000 0.000048 -0.000001 0.000048 -0.000001 
251.000000 0.000047 -0.000001 0.000047 -0.000001 
252.000000 0.000047 -0.000001 0.000047 -0.000001 
253.000000 0.000047 -0.000001 0.000047 -0.000001 
254.000000 0.000047 -0.000001 0.000047 -0.000001 
255.000000 0.000047 -0.000001 0.000047 -0.000001 
256.000000 0.000047 -0.000001 0.000047 -0.000001 
257.000000 0.000047 -0.000001 0.000047 -0.000001 
258.000000 0.000047 -0.000001 0.000047 -0.000001 
259.000000 0.000047 -0.000001 0.000047 -0.000001 
260.000000 0.000047 -0.000001 0.000047 -0.000001 
261.000000 0.000046 -0.000001 0.000046 -0.000001 
262.000000 0.000046 -0.000001 0.000046 -0.000001 
263.000000 0.000046 -0.000001 0.000046 -0.000001 
264.000000 0.000046 -0.000001 0.000046 -0.000001 
265.000000 0.000046 -0.000001 0.000046 -0.000001 
266.000000 0.000046 -0.000001 0.000046 -0.000001 
267.000000 0.000046 -0.000001 0.000046 -0.000001 
268.000000 0.000046 -0.000001 0.000046 -0.000001 
269.000000 0.000046 -0.000001 0.000046 -0.000001 
270.000000 0.000046 -0.000001 0.000046 -0.000001 
271.000000 0.000046 -0.000001 0.000046 -0.000001 
272.000000 0.000045 -0.000001 0.000045 -0.000001 
273.000000 0.000045 -0.000001 0.000045 -0.000001 
274.000000 0.000045 -0.000001 0.000045 -0.000001 
275.000000 0.000045 -0.000001 0.000045 -0.000001 
276.000000 0.000045 -0.000001 0.000045 -0.000001 
277.000000 0.000045 -0.000001 0.000045 -0.000001 
278.000000 0.000045 -0.000001 0.000045 -0.000001 
279.000000 0.000045 -0.000001 0.000045 -0.000001 
280.000000 0.000045 -0.000001 0.000045 -0.000001 
281.000000 0.000045 -0.000001 0.000045 -0.000001 
282.000000 0.000045 -0.000001 0.000045 -0.000001 
283.000000 0.000044 -0.000001 0.000044 -0.000001 
284.000000 0.000044 -0.000001 0.000044 -0.000001 
285.000000 0.000044 -0.000001 0.000044 -0.000001 
286.000000 0.000044 -0.000001 0.000044 -0.000001 
287.000000 0.000044 -0.000001 0.000044 -0.000001 
288.000000 0.000044 -0.000001 0.000044 -0.000001 
289.000000 0.000044 -0.000001 0.000044 -0.000001 
290.000000 0.000044 -0.000001 0.000044 -0.000001 
291.000000 0.000044 -0.000001 0.000044 -0.000001 
292.000000 0.000044 -0.000001 0.000044 -0.000001 
293.000000 0.000044 -0.000001 0.000044 -0.000001 
294.000000 0.000044 -0.000001 0.000044 -0.000001 
295.000000 0.000043 -0.000001 0.000043 -0.000001 
296.000000 0.000043 -0.000001 0.000043 -0.000001 
297.000000 0.000043 -0.000001 0.000043 -0.000001 
298.000000 0.000043 -0.000001 0.000043 -0.000001 
299.000000 0.000043 -0.000001 0.000043 -0.000001 
300.000000 0.000043 -0.000001 0.000043 -0.000001 
301.000000 0.000043 -0.000001 0.000043 -0.000001 
302.000000 0.000043 -0.000001 0.000043 -0.000001 
303.000000 0.000043 -0.000001 0.000043 -0.000001 
304.000000 0.000043 -0.000001 0.000043 -0.000001 
305.000000 0.000043 -0.000001 0.000043 -0.000001 
306.000000 0.000042 -0.000001 0.000042 -0.000001 
307.000000 0.000042 -0.000001 0.000042 -0.000001 
308.000000 0.000042 -0.000001 0.000042 -0.000001 
309.000000 0.000042 -0.000001 0.000042 -0.000001 
310.000000 0.000042 -0.000001 0.000042 -0.000001 
311.000000 0.000042 -0.000001 0.000042 -0.000001 
312.000000 0.000042 -0.000001 0.000042 -0.000001 
313.000000 0.000042 -0.000001 0.000042 -0.000001 
314.000000 0.000042 -0.000001 0.000042 -0.000001 
315.000000 0.000042 -0.000001 0.000042 -0.000001 
316.000000 0.000042 -0.000001 0.000042 -0.000001 
317.000000 0.000042 -0.000001 0.000042 -0.000001 
318.000000 0.000041 -0.000001 0.000041 -0.000001 
319.000000 0.000041 -0.000001 0.000041 -0.000001 
320.000000 0.000041 -0.000001 0.000041 -0.000001 
321.000000 0.000041 -0.000001 0.000041 -0.000001 
322.000000 0.000041 -0.000001 0.000041 -0.000001 
323.000000 0.000041 -0.000001 0.000041 -0.000001 
324.000000 0.000041 -0.000001 0.000041 -0.000001 
325.000000 0.000041 -0.000001 0.000041 -0.000001 
326.000000 0.000041 -0.000001 0.000041 -0.000001 
327.000000 0.000041 -0.000001 0.000041 -0.000001 
328.000000 0.000041 -0.000001 0.000041 -0.000001 
329.000000 0.000041 -0.000001 0.000041 -0.000001 
330.000000 0.000041 -0.000001 0.000041 -0.000001 
331.000000 0.000040 -0.000001 0.000040 -0.000001 
332.000000 0.000040 -0.000001 0.000040 -0.000001 
333.000000 0.000040 -0.000001 0.000040 -0.000001 
334.000000 0.000040 -0.000001 0.000040 -0.000001 
335.000000 0.000040 -0.000001 0.000040 -0.000001 
336.000000 0.000040 -0.000001 0.000040 -0.000001 
337.000000 0.000040 -0.000001 0.000040 -0.000001 
338.000000 0.000040 -0.000001 0.000040 -0.000001 
339.000000 0.000040 -0.000001 0.000040 -0.000001 
340.000000 0.000040 -0.000001 0.000040 -0.000001 
341.000000 0.000040 -0.000001 0.000040 -0.000001 
342.000000 0.000040 -0.000001 0.000040 -0.000001 
343.000000 0.000039 -0.000001 0.000039 -0.000001 
344.000000 0.000039 -0.000001 0.000039 -0.000001 
345.000000 0.000039 -0.000001 0.000039 -0.000001 
346.000000 0.000039 -0.000001 0.000039 -0.000001 
347.000000 0.000039 -0.000001 0.000039 -0.000001 
348.000000 0.000039 -0.000001 0.000039 -0.000001 
349.000000 0.000039 -0.000001 0.000039 -0.000001 
350.000000 0.000039 -0.000001 0.000039 -0.000001 
351.000000 0.000039 -0.000001 0.000039 -0.000001 
352.000000 0.000039 -0.000001 0.000039 -0.000001 
353.000000 0.000039 -0.000001 0.000039 -0.000001 
354.000000 0.000039 -0.000001 0.000039 -0.000001 
355.000000 0.000039 -0.000001 0.000039 -0.000001 
356.000000 0.000038 -0.000001 0.000038 -0.000001 
357.000000 0.000038 -0.000001 0.000038 -0.000001 
358.000000 0.000038 -0.000001 0.000038 -0.000001 
359.000000 0.000038 -0.000001 0.000038 -0.000001 
360.000000 0.000038 -0.000001 0.000038 -0.000001 
361.000000 0.000038 -0.000001 0.000038 -0.000001 
362.000000 0.000038 -0.000001 0.000038 -0.000001 
363.000000 0.000038 -0.000001 0.000038 -0.000001 
364.000000 0.000038 -0.000001 0.000038 -0.000001 
365.000000 0.000038 -0.000001 0.000038 -0.000001 
366.000000 0.000038 -0.000001 0.000038 -0.000001 
367.000000 0.000038 -0.000001 0.000038 -0.000001 
368.000000 0.000038 -0.000001 0.000038 -0.000001 
369.000000 0.000037 -0.000001 0.000037 -0.000001 
370.000000 0.000037 -0.000001 0.000037 -0.000001 
371.000000 0.000037 -0.000001 0.000037 -0.000001 
372.000000 0.000037 -0.000001 0.000037 -0.000001 
373.000000 0.000037 -0.000001 0.000037 -0.000001 
374.000000 0.000037 -0.000001 0.000037 -0.000001 
375.000000 0.000037 -0.000001 0.000037 -0.000001 
376.000000 0.000037 -0.000001 0.000037 -0.000001 
377.000000 0.000037 -0.000001 0.000037 -0.000001 
378.000000 0.000037 -0.000001 0.000037 -0.000001 
379.000000 0.000037 -0.000001 0.000037 -0.000001 
380.000000 0.000037 -0.000001 0.000037 -0.000001 
381.000000 0.000037 -0.000001 0.000037 -0.000001 
382.000000 0.000037 -0.000001 0.000037 -0.000001 
383.000000 0.000036 -0.000001 0.000036 -0.000001 
384.000000 0.000036 -0.000001 0.000036 -0.000001 
385.000000 0.000036 -0.000001 0.000036 -0.000001 
386.000000 0.000036 -0.000001 0.000036 -0.000001 
387.000000 0.000036 -0.000001 0.000036 -0.000001 
388.000000 0.000036 -0.000001 0.000036 -0.000001 
389.000000 0.000036 -0.000001 0.000036 -0.000001 
390.000000 0.000036 -0.000001 0.000036 -0.000001 
391.000000 0.000036 -0.000001 0.000036 -0.000001 
392.000000 0.000036 -0.000001 0.000036 -0.000001 
393.000000 0.000036 -0.000001 0.000036 -0.000001 
394.000000 0.000036 -0.000001 0.000036 -0.000001 
395.000000 0.000036 -0.000001 0.000036 -0.000001 
396.000000 0.000035 -0.000001 0.000035 -0.000001 
397.000000 0.000035 -0.000001 0.000035 -0.000001 
398.000000 0.000035 -0.000001 0.000035 -0.000001 
399.000000 0.000035 -0.000001 0.000035 -0.000001 
400.000000 0.000035 -0.000001 0.000035 -0.000001 
401.000000 0.000035 -0.000001 0.000035 -0.000001 
402.000000 0.000035 -0.000001 0.000035 -0.000001 
403.000000 0.000035 -0.000001 0.000035 -0.000001 
404.000000 0.000035 -0.000001 0.000035 -0.000001 
405.000000 0.000035 -0.000001 0.000035 -0.000001 
406.000000 0.000035 -0.000001 0.000035 -0.000001 
407.000000 0.000035 -0.000001 0.000035 -0.000001 
408.000000 0.000035 -0.000001 0.000035 -0.000001 
409.000000 0.000035 -0.000001 0.000035 -0.000001 
410.000000 0.000035 -0.000001 0.000035 -0.000001 
411.000000 0.000034 -0.000001 0.000034 -0.000001 
412.000000 0.000034 -0.000001 0.000034 -0.000001 
413.000000 0.000034 -0.000001 0.000034 -0.000001 
414.000000 0.000034 -0.000001 0.000034 -0.000001 
415.000000 0.000034 -0.000001 0.000034 -0.000001 
416.000000 0.000034 -0.000001 0.000034 -0.000001 
417.000000 0.000034 -0.000001 0.000034 -0.000001 
418.000000 0.000034 -0.000001 0.000034 -0.000001 
419.000000 0.000034 -0.000001 0.000034 -0.000001 
420.000000 0.000034 -0.000001 0.000034 -0.000001 
421.000000 0.000034 -0.000001 0.000034 -0.000001 
422.000000 0.000034 -0.000001 0.000034 -0.000001 
423.000000 0.000034 -0.000001 0.000034 -0.000001 
424.000000 0.000034 -0.000001 0.000034 -0.000001 
425.000000 0.000033 -0.000001 0.000033 -0.000001 
426.000000 0.000033 -0.000001 0.000033 -0.000001 
427.000000 0.000033 -0.000001 0.000033 -0.000001 
428.000000 0.000033 -0.000001 0.000033 -0.000001 
429.000000 0.000033 -0.000001 0.000033 -0.000001 
430.000000 0.000033 -0.000001 0.000033 -0.000001 
431.000000 0.000033 -0.000001 0.000033 -0.000001 
432.000000 0.000033 -0.000001 0.000033 -0.000001 
433.000000 0.000033 -0.000001 0.000033 -0.000001 
434.000000 0.000033 -0.000001 0.000033 -0.000001 
435.000000 0.000033 -0.000001 0.000033 -0.000001 
436.000000 0.000033 -0.000001 0.000033 -0.000001 
437.000000 0.000033 -0.000001 0.000033 -0.000001 
438.000000 0.000033 -0.000001 0.000033 -0.000001 
439.000000 0.000033 -0.000001 0.000033 -0.000001 
440.000000 0.000033 -0.000001 0.000033 -0.000001 
441.000000 0.000032 -0.000001 0.000032 -0.000001 
442.000000 0.000032 -0.000001 0.000032 -0.000001 
443.000000 0.000032 -0.000001 0.000032 -0.000001 
444.000000 0.000032 -0.000001 0.000032 -0.000001 
445.000000 0.000032 -0.000001 0.000032 -0.000001 
446.000000 0.000032 -0.000001 0.000032 -0.000001 
447.000000 0.000032 -0.000001 0.000032 -0.000001 
448.000000 0.000032 -0.000001 0.000032 -0.000001 
449.000000 0.000032 -0.000001 0.000032 -0.000001 
450.000000 0.000032 -0.000001 0.000032 -0.000001 
451.000000 0.000032 -0.000001 0.000032 -0.000001 
452.000000 0.000032 -0.000001 0.000032 -0.000001 
453.000000 0.000032 -0.000001 0.000032 -0.000001 
454.000000 0.000032 -0.000001 0.000032 -0.000001 
455.000000 0.000032 -0.000001 0.000032 -0.000001 
456.000000 0.000031 -0.000001 0.000031 -0.000001 
457.000000 0.000031 -0.000001 0.000031 -0.000001 
458.000000 0.000031 -0.000001 0.000031 -0.000001 
459.000000 0.000031 -0.000001 0.000031 -0.000001 
460.000000 0.000031 -0.000001 0.000031 -0.000001 
461.000000 0.000031 -0.000001 0.000031 -0.000001 
462.000000 0.000031 -0.000001 0.000031 -0.000001 
463.000000 0.000031 -0.000001 0.000031 -0.000001 
464.000000 0.000031 -0.000001 0.000031 -0.000001 
465.000000 0.000031 -0.000001 0.000031 -0.000001 
466.000000 0.000031 -0.000001 0.000031 -0.000001 
467.000000 0.000031 -0.000001 0.000031 -0.000001 
468.000000 0.000031 -0.000001 0.000031 -0.000001 
469.000000 0.000031 -0.000001 0.000031 -0.000001 
470.000000 0.000031 -0.000001 0.000031 -0.000001 
471.000000 0.000031 -0.000001 0.000031 -0.000001 
472.000000 0.000030 -0.000001 0.000030 -0.000001 
473.000000 0.000030 -0.000001 0.000030 -0.000001 
474.000000 0.000030 -0.000001 0.000030 -0.000001 
475.000000 0.000030 -0.000001 0.000030 -0.000001 
476.000000 0.000030 -0.000001 0.000030 -0.000001 
477.000000 0.000030 -0.000001 0.000030 -0.000001 
478.000000 0.000030 -0.000001 0.000030 -0.000001 
479.000000 0.000030 -0.000001 0.000030 -0.000001 
480.000000 0.000030 -0.000001 0.000030 -0.000001 
481.000000 0.000030 -0.000001 0.000030 -0.000001 
482.000000 0.000030 -0.000001 0.000030 -0.000001 
483.000000 0.000030 -0.000001 0.000030 -0.000001 
484.000000 0.000030 -0.000001 0.000030 -0.000001 
485.000000 0.000030 -0.000001 0.000030 -0.000001 
486.000000 0.000030 -0.000001 0.000030 -0.000001 
487.000000 0.000030 -0.000001 0.000030 -0.000001 
488.000000 0.000030 -0.000001 0.000030 -0.000001 
489.000000 0.000029 -0.000001 0.000029 -0.000001 
490.000000 0.000029 -0.000001 0.000029 -0.000001 
491.000000 0.000029 -0.000001 0.000029 -0.000001 
492.000000 0.000029 -0.000001 0.000029 -0.000001 
493.000000 0.000029 -0.000001 0.000029 -0.000001 
494.000000 0.000029 -0.000001 0.000029 -0.000001 
495.000000 0.000029 -0.000001 0.000029 -0.000001 
496.000000 0.000029 -0.000001 0.000029 -0.000001 
497.000000 0.000029 -0.000001 0.000029 -0.000001 
498.000000 0.000029 -0.000001 0.000029 -0.000001 
499.000000 0.000029 -0.000001 0.000029 -0.000001 
500.000000 0.000029 -0.000001 0.000029 -0.000001 
501.000000 0.000029 -0.000001 0.000029 -0.000001 
502.000000 0.000029 -0.000001 0.000029 -0.000001 
503.000000 0.000029 -0.000001 0.000029 -0.000001 
504.000000 0.000029 -0.000001 0.000029 -0.000001 
505.000000 0.000029 -0.000001 0.000029 -0.000001 
506.000000 0.000028 -0.000001 0.000028 -0.000001 
507.000000 0.000028 -0.000001 0.000028 -0.000001 
508.000000 0.000028 -0.000001 0.000028 -0.000001 
509.000000 0.000028 -0.000001 0.000028 -0.000001 
510.000000 0.000028 -0.000001 0.000028 -0.000001 
511.000000 0.000028 -0.000001 0.000028 -0.000001 
512.000000 0.000028 -0.000001 0.000028 -0.000001 
513.000000 0.000028 -0.000001 0.000028 -0.000001 
514.000000 0.000028 -0.000001 0.000028 -0.000001 
515.000000 0.000028 -0.000001 0.000028 -0.000001 
516.000000 0.000028 -0.000001 0.000028 -0.000001 
517.000000 0.000028 -0.000001 0.000028 -0.000001 
518.000000 0.000028 -0.000001 0.000028 -0.000001 
519.000000 0.000028 -0.000001 0.000028 -0.000001 
520.000000 0.000028 -0.000001 0.000028 -0.000001 
521.000000 0.000028 -0.000001 0.000028 -0.000001 
522.000000 0.000028 -0.000001 0.000028 -0.000001 
523.000000 0.000028 -0.000001 0.000028 -0.000001 
524.000000 0.000027 -0.000001 0.000027 -0.000001 
525.000000 0.000027 -0.000001 0.000027 -0.000001 
526.000000 0.000027 -0.000001 0.000027 -0.000001 
527.000000 0.000027 -0.000001 0.000027 -0.000001 
528.000000 0.000027 -0.000001 0.000027 -0.000001 
529.000000 0.000027 -0.000001 0.000027 -0.000001 
530.000000 0.000027 -0.000001 0.000027 -0.000001 
531.000000 0.000027 -0.000001 0.000027 -0.000001 
532.000000 0.000027 -0.000001 0.000027 -0.000001 
533.000000 0.000027 -0.000001 0.000027 -0.000001 
534.000000 0.000027 -0.000001 0.000027 -0.000001 
535.000000 0.000027 -0.000001 0.000027 -0.000001 
536.000000 0.000027 -0.000001 0.000027 -0.000001 
537.000000 0.000027 -0.000001 0.000027 -0.000001 
538.000000 0.000027 -0.000001 0.000027 -0.000001 
539.000000 0.000027 -0.000001 0.000027 -0.000001 
540.000000 0.000027 -0.000001 0.000027 -0.000001 
541.000000 0.000027 -0.000001 0.000027 -0.000001 
542.000000 0.000027 -0.000001 0.000027 -0.000001 
543.000000 0.000026 -0.000001 0.000026 -0.000001 
544.000000 0.000026 -0.000001 0.000026 -0.000001 
545.000000 0.000026 -0.000001 0.000026 -0.000001 
546.000000 0.000026 -0.000001 0.000026 -0.000001 
547.000000 0.000026 -0.000001 0.000026 -0.000001 
548.000000 0.000026 -0.000001 0.000026 -0.000001 
549.000000 0.000026 -0.000001 0.000026 -0.000001 
550.000000 0.000026 -0.000001 0.000026 -0.000001 
551.000000 0.000026 -0.000001 0.000026 -0.000001 
552.000000 0.000026 -0.000001 0.000026 -0.000001 
553.000000 0.000026 -0.000001 0.000026 -0.000001 
554.000000 0.000026 -0.000001 0.000026 -0.000001 
555.000000 0.000026 -0.000001 0.000026 -0.000001 
556.000000 0.000026 -0.000001 0.000026 -0.000001 
557.000000 0.000026 -0.000001 0.000026 -0.000001 
558.000000 0.000026 -0.000001 0.000026 -0.000001 
559.000000 0.000026 -0.000001 0.000026 -0.000001 
560.000000 0.000026 -0.000001 0.000026 -0.000001 
561.000000 0.000026 -0.000001 0.000026 -0.000001 
562.000000 0.000025 -0.000001 0.000025 -0.000001 
563.000000 0.000025 -0.000001 0.000025 -0.000001 
564.000000 0.000025 -0.000001 0.000025 -0.000001 
565.000000 0.000025 -0.000001 0.000025 -0.000001 
566.000000 0.000025 -0.000001 0.000025 -0.000001 
567.000000 0.000025 -0.000001 0.000025 -0.000001 
568.000000 0.000025 -0.000001 0.000025 -0.000001 
569.000000 0.000025 -0.000001 0.000025 -0.000001 
570.000000 0.000025 -0.000001 0.000025 -0.000001 
571.000000 0.000025 -0.000001 0.000025 -0.000001 
572.000000 0.000025 -0.000001 0.000025 -0.000001 
573.000000 0.000025 -0.000001 0.000025 -0.000001 
574.000000 0.000025 -0.000001 0.000025 -0.000001 
575.000000 0.000025 -0.000001 0.000025 -0.000001 
576.000000 0.000025 -0.000001 0.000025 -0.000001 
577.000000 0.000025 -0.000001 0.000025 -0.000001 
578.000000 0.000025 -0.000001 0.000025 -0.000001 
579.000000 0.000025 -0.000001 0.000025 -0.000001 
580.000000 0.000025 -0.000001 0.000025 -0.000001 
581.000000 0.000025 -0.000001 0.000025 -0.000001 
582.000000 0.000024 -0.000001 0.000024 -0.000001 
583.000000 0.000024 -0.000001 0.000024 -0.000001 
584.000000 0.000024 -0.000001 0.000024 -0.000001 
585.000000 0.000024 -0.000001 0.000024 -0.000001 
586.000000 0.000024 -0.000001 0.000024 -0.000001 
587.000000 0.000024 -0.000001 0.000024 -0.000001 
588.000000 0.000024 -0.000001 0.000024 -0.000001 
589.000000 0.000024 -0.000001 0.000024 -0.000001 
590.000000 0.000024 -0.000001 0.000024 -0.000001 
591.000000 0.000024 -0.000001 0.000024 -0.000001 
592.000000 0.000024 -0.000001 0.000024 -0.000001 
593.000000 0.000024 -0.000001 0.000024 -0.000001 
594.000000 0.000024 -0.000001 0.000024 -0.000001 
595.000000 0.000024 -0.000001 0.000024 -0.000001 
596.000000 0.000024 -0.000001 0.000024 -0.000001 
597.000000 0.000024 -0.000001 0.000024 -0.000001 
598.000000 0.000024 -0.000001 0.000024 -0.000001 
599.000000 0.000024 -0.000001 0.000024 -0.000001 
600.000000 0.000024 -0.000001 0.000024 -0.000001 
601.000000 0.000024 -0.000001 0.000024 -0.000001 
602.000000 0.000024 -0.000001 0.000024 -0.000001 
603.000000 0.000023 -0.000001 0.000023 -0.000001 
604.000000 0.000023 -0.000001 0.000023 -0.000001 
605.000000 0.000023 -0.000001 0.000023 -0.000001 
606.000000 0.000023 -0.000001 0.000023 -0.000001 
607.000000 0.000023 -0.000001 0.000023 -0.000001 
608.000000 0.000023 -0.000001 0.000023 -0.000001 
609.000000 0.000023 -0.000001 0.000023 -0.000001 
610.000000 0.000023 -0.000001 0.000023 -0.000001 
611.000000 0.000023 -0.000001 0.000023 -0.000001 
612.000000 0.000023 -0.000001 0.000023 -0.000001 
613.000000 0.000023 -0.000001 0.000023 -0.000001 
614.000000 0.000023 -0.000001 0.000023 -0.000001 
615.000000 0.000023 -0.000001 0.000023 -0.000001 
616.000000 0.000023 -0.000001 0.000023 -0.000001 
617.000000 0.000023 -0.000001 0.000023 -0.000001 
618.000000 0.000023 -0.000001 0.000023 -0.000001 
619.000000 0.000023 -0.000001 0.000023 -0.000001 
620.000000 0.000023 -0.000001 0.000023 -0.000001 
621.000000 0.000023 -0.000001 0.000023 -0.000001 
622.000000 0.000023 -0.000001 0.000023 -0.000001 
623.000000 0.000023 -0.000001 0.000023 -0.000001 
624.000000 0.000022 -0.000001 0.000022 -0.000001 
625.000000 0.000022 -0.000001 0.000022 -0.000001 
626.000000 0.000022 -0.000001 0.000022 -0.000001 
627.000000 0.000022 -0.000001 0.000022 -0.000001 
628.000000 0.000022 -0.000001 0.000022 -0.000001 
629.000000 0.000022 -0.000001 0.000022 -0.000001 
630.000000 0.000022 -0.000001 0.000022 -0.000001 
631.000000 0.000022 -0.000001 0.000022 -0.000001 
632.000000 0.000022 -0.000001 0.000022 -0.000001 
633.000000 0.000022 -0.000001 0.000022 -0.000001 
634.000000 0.000022 -0.000001 0.000022 -0.000001 
635.000000 0.000022 -0.000001 0.000022 -0.000001 
636.000000 0.000022 -0.000001 0.000022 -0.000001 
637.000000 0.000022 -0.000001 0.000022 -0.000001 
638.000000 0.000022 -0.000001 0.000022 -0.000001 
639.000000 0.000022 -0.000001 0.000022 -0.000001 
640.000000 0.000022 -0.000001 0.000022 -0.000001 
641.000000 0.000022 -0.000001 0.000022 -0.000001 
642.000000 0.000022 -0.000001 0.000022 -0.000001 
643.000000 0.000022 -0.000001 0.000022 -0.000001 
644.000000 0.000022 -0.000001 0.000022 -0.000001 
645.000000 0.000022 -0.000001 0.000022 -0.000001 
646.000000 0.000022 -0.000001 0.000022 -0.000001 
647.000000 0.000021 -0.000001 0.000021 -0.000001 
648.000000 0.000021 -0.000001 0.000021 -0.000001 
649.000000 0.000021 -0.000001 0.000021 -0.000001 
650.000000 0.000021 -0.000001 0.000021 -0.000001 
651.000000 0.000021 -0.000001 0.000021 -0.000001 
652.000000 0.000021 -0.000001 0.000021 -0.000001 
653.000000 0.000021 -0.000001 0.000021 -0.000001 
654.000000 0.000021 -0.000001 0.000021 -0.000001 
655.000000 0.000021 -0.000001 0.000021 -0.000001 
656.000000 0.000021 -0.000001 0.000021 -0.000001 
657.000000 0.000021 -0.000001 0.000021 -0.000001 
658.000000 0.000021 -0.000001 0.000021 -0.000001 
659.000000 0.000021 -0.000001 0.000021 -0.000001 
660.000000 0.000021 -0.000001 0.000021 -0.000001 
661.000000 0.000021 -0.000001 0.000021 -0.000001 
662.000000 0.000021 -0.000001 0.000021 -0.000001 
663.000000 0.000021 -0.000001 0.000021 -0.000001 
664.000000 0.000021 -0.000001 0.000021 -0.000001 
665.000000 0.000021 -0.000001 0.000021 -0.000001 
666.000000 0.000021 -0.000001 0.000021 -0.000001 
667.000000 0.000021 -0.000001 0.000021 -0.000001 
668.000000 0.000021 -0.000001 0.000021 -0.000001 
669.000000 0.000021 -0.000001 0.000021 -0.000001 
670.000000 0.000021 -0.000001 0.000021 -0.000001 
671.000000 0.000020 -0.000001 0.000020 -0.000001 
672.000000 0.000020 -0.000001 0.000020 -0.000001 
673.000000 0.000020 -0.000001 0.000020 -0.000001 
674.000000 0.000020 -0.000001 0.000020 -0.000001 
675.000000 0.000020 -0.000001 0.000020 -0.000001 
676.000000 0.000020 -0.000001 0.000020 -0.000001 
677.000000 0.000020 -0.000001 0.000020 -0.000001 
678.000000 0.000020 -0.000001 0.000020 -0.000001 
679.000000 0.000020 -0.000001 0.000020 -0.000001 
680.000000 0.000020 -0.000001 0.000020 -0.000001 
681.000000 0.000020 -0.000001 0.000020 -0.000001 
682.000000 0.000020 -0.000001 0.000020 -0.000001 
683.000000 0.000020 -0.000001 0.000020 -0.000001 
684.000000 0.000020 -0.000001 0.000020 -0.000001 
685.000000 0.000020 -0.000001 0.000020 -0.000001 
686.000000 0.000020 -0.000001 0.000020 -0.000001 
687.000000 0.000020 -0.000001 0.000020 -0.000001 
688.000000 0.000020 -0.000001 0.000020 -0.000001 
689.000000 0.000020 -0.000001 0.000020 -0.000001 
690.000000 0.000020 -0.000001 0.000020 -0.000001 
691.000000 0.000020 -0.000001 0.000020 -0.000001 
692.000000 0.000020 -0.000001 0.000020 -0.000001 
693.000000 0.000020 -0.000001 0.000020 -0.000001 
694.000000 0.000020 -0.000000 0.000020 -0.000000 
695.000000 0.000020 -0.000000 0.000020 -0.000000 
696.000000 0.000019 -0.000000 0.000019 -0.000000 
697.000000 0.000019 -0.000000 0.000019 -0.000000 
698.000000 0.000019 -0.000000 0.000019 -0.000000 
699.000000 0.000019 -0.000000 0.000019 -0.000000 
700.000000 0.000019 -0.000000 0.000019 -0.000000 
701.000000 0.000019 -0.000000 0.000019 -0.000000 
702.000000 0.000019 -0.000000 0.000019 -0.000000 
703.000000 0.000019 -0.000000 0.000019 -0.000000 
704.000000 0.000019 -0.000000 0.000019 -0.000000 
705.000000 0.000019 -0.000000 0.000019 -0.000000 
706.000000 0.000019 -0.000000 0.000019 -0.000000 
707.000000 0.000019 -0.000000 0.000019 -0.000000 
708.000000 0.000019 -0.000000 0.000019 -0.000000 
709.000000 0.000019 -0.000000 0.000019 -0.000000 
710.000000 0.000019 -0.000000 0.000019 -0.000000 
711.000000 0.000019 -0.000000 0.000019 -0.000000 
712.000000 0.000019 -0.000000 0.000019 -0.000000 
713.000000 0.000019 -0.000000 0.000019 -0.000000 
714.000000 0.000019 -0.000000 0.000019 -0.000000 
715.000000 0.000019 -0.000000 0.000019 -0.000000 
716.000000 0.000019 -0.000000 0.000019 -0.000000 
717.000000 0.000019 -0.000000 0.000019 -0.000000 
718.000000 0.000019 -0.000000 0.000019 -0.000000 
719.000000 0.000019 -0.000000 0.000019 -0.000000 
720.000000 0.000019 -0.000000 0.000019 -0.000000 
721.000000 0.000019 -0.000000 0.000019 -0.000000 
722.000000 0.000018 -0.000000 0.000018 -0.000000 
723.000000 0.000018 -0.000000 0.000018 -0.000000 
724.000000 0.000018 -0.000000 0.000018 -0.000000 
725.000000 0.000018 -0.000000 0.000018 -0.000000 
726.000000 0.000018 -0.000000 0.000018 -0.000000 
727.000000 0.000018 -0.000000 0.000018 -0.000000 
728.000000 0.000018 -0.000000 0.000018 -0.000000 
729.000000 0.000018 -0.000000 0.000018 -0.000000 
730.000000 0.000018 -0.000000 0.000018 -0.000000 
731.000000 0.000018 -0.000000 0.000018 -0.000000 
732.000000 0.000018 -0.000000 0.000018 -0.000000 
733.000000 0.000018 -0.000000 0.000018 -0.000000 
734.000000 0.000018 -0.000000 0.000018 -0.000000 
735.000000 0.000018 -0.000000 0.000018 -0.000000 
736.000000 0.000018 -0.000000 0.000018 -0.000000 
737.000000 0.000018 -0.000000 0.000018 -0.000000 
738.000000 0.000018 -0.000000 0.000018 -0.000000 
739.000000 0.000018 -0.000000 0.000018 -0.000000 
740.000000 0.000018 -0.000000 0.000018 -0.000000 
741.000000 0.000018 -0.000000 0.000018 -0.000000 
742.000000 0.000018 -0.000000 0.000018 -0.000000 
743.000000 0.000018 -0.000000 0.000018 -0.000000 
744.000000 0.000018 -0.000000 0.000018 -0.000000 
745.000000 0.000018 -0.000000 0.000018 -0.000000 
746.000000 0.000018 -0.000000 0.000018 -0.000000 
747.000000 0.000018 -0.000000 0.000018 -0.000000 
748.000000 0.000018 -0.000000 0.000018 -0.000000 
749.000000 0.000018 -0.000000 0.000018 -0.000000 
750.000000 0.000017 -0.000000 0.000017 -0.000000 
751.000000 0.000017 -0.000000 0.000017 -0.000000 
752.000000 0.000017 -0.000000 0.000017 -0.000000 
753.000000 0.000017 -0.000000 0.000017 -0.000000 
754.000000 0.000017 -0.000000 0.000017 -0.000000 
755.000000 0.000017 -0.000000 0.000017 -0.000000 
756.000000 0.000017 -0.000000 0.000017 -0.000000 
757.000000 0.000017 -0.000000 0.000017 -0.000000 
758.000000 0.000017 -0.000000 0.000017 -0.000000 
759.000000 0.000017 -0.000000 0.000017 -0.000000 
760.000000 0.000017 -0.000000 0.000017 -0.000000 
761.000000 0.000017 -0.000000 0.000017 -0.000000 
762.000000 0.000017 -0.000000 0.000017 -0.000000 
763.000000 0.000017 -0.000000 0.000017 -0.000000 
764.000000 0.000017 -0.000000 0.000017 -0.000000 
765.000000 0.000017 -0.000000 0.000017 -0.000000 
766.000000 0.000017 -0.000000 0.000017 -0.000000 
767.000000 0.000017 -0.000000 0.000017 -0.000000 
768.000000 0.000017 -0.000000 0.000017 -0.000000 
769.000000 0.000017 -0.000000 0.000017 -0.000000 
770.000000 0.000017 -0.000000 0.000017 -0.000000 
771.000000 0.000017 -0.000000 0.000017 -0.000000 
772.000000 0.000017 -0.000000 0.000017 -0.000000 
773.000000 0.000017 -0.000000 0.000017 -0.000000 
774.000000 0.000017 -0.000000 0.000017 -0.000000 
775.000000 0.000017 -0.000000 0.000017 -0.000000 
776.000000 0.000017 -0.000000 0.000017 -0.000000 
777.000000 0.000017 -0.000000 0.000017 -0.000000 
778.000000 0.000017 -0.000000 0.000017 -0.000000 
779.000000 0.000017 -0.000000 0.000017 -0.000000 
780.000000 0.000016 -0.000000 0.000016 -0.000000 
781.000000 0.000016 -0.000000 0.000016 -0.000000 
782.000000 0.000016 -0.000000 0.000016 -0.000000 
783.000000 0.000016 -0.000000 0.000016 -0.000000 
784.000000 0.000016 -0.000000 0.000016 -0.000000 
785.000000 0.000016 -0.000000 0.000016 -0.000000 
786.000000 0.000016 -0.000000 0.000016 -0.000000 
787.000000 0.000016 -0.000000 0.000016 -0.000000 
788.000000 0.000016 -0.000000 0.000016 -0.000000 
789.000000 0.000016 -0.000000 0.000016 -0.000000 
790.000000 0.000016 -0.000000 0.000016 -0.000000 
791.000000 0.000016 -0.000000 0.000016 -0.000000 
792.000000 0.000016 -0.000000 0.000016 -0.000000 
793.000000 0.000016 -0.000000 0.000016 -0.000000 
794.000000 0.000016 -0.000000 0.000016 -0.000000 
795.000000 0.000016 -0.000000 0.000016 -0.000000 
796.000000 0.000016 -0.000000 0.000016 -0.000000 
797.000000 0.000016 -0.000000 0.000016 -0.000000 
798.000000 0.000016 -0.000000 0.000016 -0.000000 
799.000000 0.000016 -0.000000 0.000016 -0.000000 
800.000000 0.000016 -0.000000 0.000016 -0.000000 
801.000000 0.000016 -0.000000 0.000016 -0.000000 
802.000000 0.000016 -0.000000 0.000016 -0.000000 
803.000000 0.000016 -0.000000 0.000016 -0.000000 
804.000000 0.000016 -0.000000 0.000016 -0.000000 
805.000000 0.000016 -0.000000 0.000016 -0.000000 
806.000000 0.000016 -0.000000 0.000016 -0.000000 
807.000000 0.000016 -0.000000 0.000016 -0.000000 
808.000000 0.000016 -0.000000 0.000016 -0.000000 
809.000000 0.000016 -0.000000 0.000016 -0.000000 
810.000000 0.000016 -0.000000 0.000016 -0.000000 
811.000000 0.000015 -0.000000 0.000015 -0.000000 
812.000000 0.000015 -0.000000 0.000015 -0.000000 
813.000000 0.000015 -0.000000 0.000015 -0.000000 
814.000000 0.000015 -0.000000 0.000015 -0.000000 
815.000000 0.000015 -0.000000 0.000015 -0.000000 
816.000000 0.000015 -0.000000 0.000015 -0.000000 
817.000000 0.000015 -0.000000 0.000015 -0.000000 
818.000000 0.000015 -0.000000 0.000015 -0.000000 
819.000000 0.000015 -0.000000 0.000015 -0.000000 
820.000000 0.000015 -0.000000 0.000015 -0.000000 
821.000000 0.000015 -0.000000 0.000015 -0.000000 
822.000000 0.000015 -0.000000 0.000015 -0.000000 
823.000000 0.000015 -0.000000 0.000015 -0.000000 
824.000000 0.000015 -0.000000 0.000015 -0.000000 
825.000000 0.000015 -0.000000 0.000015 -0.000000 
826.000000 0.000015 -0.000000 0.000015 -0.000000 
827.000000 0.000015 -0.000000 0.000015 -0.000000 
828.000000 0.000015 -0.000000 0.000015 -0.000000 
829.000000 0.000015 -0.000000 0.000015 -0.000000 
830.000000 0.000015 -0.000000 0.000015 -0.000000 
831.000000 0.000015 -0.000000 0.000015 -0.000000 
832.000000 0.000015 -0.000000 0.000015 -0.000000 
833.000000 0.000015 -0.000000 0.000015 -0.000000 
834.000000 0.000015 -0.000000 0.000015 -0.000000 
835.000000 0.000015 -0.000000 0.000015 -0.000000 
836.000000 0.000015 -0.000000 0.000015 -0.000000 
837.000000 0.000015 -0.000000 0.000015 -0.000000 
838.000000 0.000015 -0.000000 0.000015 -0.000000 
839.000000 0.000015 -0.000000 0.000015 -0.000000 
840.000000 0.000015 -0.000000 0.000015 -0.000000 
841.000000 0.000015 -0.000000 0.000015 -0.000000 
842.000000 0.000015 -0.000000 0.000015 -0.000000 
843.000000 0.000015 -0.000000 0.000015 -0.000000 
844.000000 0.000014 -0.000000 0.000014 -0.000000 
845.000000 0.000014 -0.000000 0.000014 -0.000000 
846.000000 0.000014 -0.000000 0.000014 -0.000000 
847.000000 0.000014 -0.000000 0.000014 -0.000000 
848.000000 0.000014 -0.000000 0.000014 -0.000000 
849.000000 0.000014 -0.000000 0.000014 -0.000000 
850.000000 0.000014 -0.000000 0.000014 -0.000000 
851.000000 0.000014 -0.000000 0.000014 -0.000000 
852.000000 0.000014 -0.000000 0.000014 -0.000000 
853.000000 0.000014 -0.000000 0.000014 -0.000000 
854.000000 0.000014 -0.000000 0.000014 -0.000000 
855.000000 0.000014 -0.000000 0.000014 -0.000000 
856.000000 0.000014 -0.000000 0.000014 -0.000000 
857.000000 0.000014 -0.000000 0.000014 -0.000000 
858.000000 0.000014 -0.000000 0.000014 -0.000000 
859.000000 0.000014 -0.000000 0.000014 -0.000000 
860.000000 0.000014 -0.000000 0.000014 -0.000000 
861.000000 0.000014 -0.000000 0.000014 -0.000000 
862.000000 0.000014 -0.000000 0.000014 -0.000000 
863.000000 0.000014 -0.000000 0.000014 -0.000000 
864.000000 0.000014 -0.000000 0.000014 -0.000000 
865.000000 0.000014 -0.000000 0.000014 -0.000000 
866.000000 0.000014 -0.000000 0.000014 -0.000000 
867.000000 0.000014 -0.000000 0.000014 -0.000000 
868.000000 0.000014 -0.000000 0.000014 -0.000000 
869.000000 0.000014 -0.000000 0.000014 -0.000000 
870.000000 0.000014 -0.000000 0.000014 -0.000000 
871.000000 0.000014 -0.000000 0.000014 -0.000000 
872.000000 0.000014 -0.000000 0.000014 -0.000000 
873.000000 0.000014 -0.000000 0.000014 -0.000000 
874.000000 0.000014 -0.000000 0.000014 -0.000000 
875.000000 0.000014 -0.000000 0.000014 -0.000000 
876.000000 0.000014 -0.000000 0.000014 -0.000000 
877.000000 0.000014 -0.000000 0.000014 -0.000000 
878.000000 0.000014 -0.000000 0.000014 -0.000000 
879.000000 0.000014 -0.000000 0.000014 -0.000000 
880.000000 0.000013 -0.000000 0.000013 -0.000000 
881.000000 0.000013 -0.000000 0.000013 -0.000000 
882.000000 0.000013 -0.000000 0.000013 -0.000000 
883.000000 0.000013 -0.000000 0.000013 -0.000000 
884.000000 0.000013 -0.000000 0.000013 -0.000000 
885.000000 0.000013 -0.000000 0.000013 -0.000000 
886.000000 0.000013 -0.000000 0.000013 -0.000000 
887.000000 0.000013 -0.000000 0.000013 -0.000000 
888.000000 0.000013 -0.000000 0.000013 -0.000000 
889.000000 0.000013 -0.000000 0.000013 -0.000000 
890.000000 0.000013 -0.000000 0.000013 -0.000000 
891.000000 0.000013 -0.000000 0.000013 -0.000000 
892.000000 0.000013 -0.000000 0.000013 -0.000000 
893.000000 0.000013 -0.000000 0.000013 -0.000000 
894.000000 0.000013 -0.000000 0.000013 -0.000000 
895.000000 0.000013 -0.000000 0.000013 -0.000000 
896.000000 0.000013 -0.000000 0.000013 -0.000000 
897.000000 0.000013 -0.000000 0.000013 -0.000000 
898.000000 0.000013 -0.000000 0.000013 -0.000000 
899.000000 0.000013 -0.000000 0.000013 -0.000000 
900.000000 0.000013 -0.000000 0.000013 -0.000000 
901.000000 0.000013 -0.000000 0.000013 -0.000000 
902.000000 0.000013 -0.000000 0.000013 -0.000000 
903.000000 0.000013 -0.000000 0.000013 -0.000000 
904.000000 0.000013 -0.000000 0.000013 -0.000000 
905.000000 0.000013 -0.000000 0.000013 -0.000000 
906.000000 0.000013 -0.000000 0.000013 -0.000000 
907.000000 0.000013 -0.000000 0.000013 -0.000000 
908.000000 0.000013 -0.000000 0.000013 -0.000000 
909.000000 0.000013 -0.000000 0.000013 -0.000000 
910.000000 0.000013 -0.000000 0.000013 -0.000000 
911.000000 0.000013 -0.000000 0.000013 -0.000000 
912.000000 0.000013 -0.000000 0.000013 -0.000000 
913.000000 0.000013 -0.000000 0.000013 -0.000000 
914.000000 0.000013 -0.000000 0.000013 -0.000000 
915.000000 0.000013 -0.000000 0.000013 -0.000000 
916.000000 0.000013 -0.000000 0.000013 -0.000000 
917.000000 0.000013 -0.000000 0.000013 -0.000000 
918.000000 0.000012 -0.000000 0.000012 -0.000000 
919.000000 0.000012 -0.000000 0.000012 -0.000000 
920.000000 0.000012 -0.000000 0.000012 -0.000000 
921.000000 0.000012 -0.000000 0.000012 -0.000000 
922.000000 0.000012 -0.000000 0.000012 -0.000000 
923.000000 0.000012 -0.000000 0.000012 -0.000000 
924.000000 0.000012 -0.000000 0.000012 -0.000000 
925.000000 0.000012 -0.000000 0.000012 -0.000000 
926.000000 0.000012 -0.000000 0.000012 -0.000000 
927.000000 0.000012 -0.000000 0.000012 -0.000000 
928.000000 0.000012 -0.000000 0.000012 -0.000000 
929.000000 0.000012 -0.000000 0.000012 -0.000000 
930.000000 0.000012 -0.000000 0.000012 -0.000000 
931.000000 0.000012 -0.000000 0.000012 -0.000000 
932.000000 0.000012 -0.000000 0.000012 -0.000000 
933.000000 0.000012 -0.000000 0.000012 -0.000000 
934.000000 0.000012 -0.000000 0.000012 -0.000000 
935.000000 0.000012 -0.000000 0.000012 -0.000000 
936.000000 0.000012 -0.000000 0.000012 -0.000000 
937.000000 0.000012 -0.000000 0.000012 -0.000000 
938.000000 0.000012 -0.000000 0.000012 -0.000000 
939.000000 0.000012 -0.000000 0.000012 -0.000000 
940.000000 0.000012 -0.000000 0.000012 -0.000000 
941.000000 0.000012 -0.000000 0.000012 -0.000000 
942.000000 0.000012 -0.000000 0.000012 -0.000000 
943.000000 0.000012 -0.000000 0.000012 -0.000000 
944.000000 0.000012 -0.000000 0.000012 -0.000000 
945.000000 0.000012 -0.000000 0.000012 -0.000000 
946.000000 0.000012 -0.000000 0.000012 -0.000000 
947.000000 0.000012 -0.000000 0.000012 -0.000000 
948.000000 0.000012 -0.000000 0.000012 -0.000000 
949.000000 0.000012 -0.000000 0.000012 -0.000000 
950.000000 0.000012 -0.000000 0.000012 -0.000000 
951.000000 0.000012 -0.000000 0.000012 -0.000000 
952.000000 0.000012 -0.000000 0.000012 -0.000000 
953.000000 0.000012 -0.000000 0.000012 -0.000000 
954.000000 0.000012 -0.000000 0.000012 -0.000000 
955.000000 0.000012 -0.000000 0.000012 -0.000000 
956.000000 0.000012 -0.000000 0.000012 -0.000000 
957.000000 0.000012 -0.000000 0.000012 -0.000000 
958.000000 0.000012 -0.000000 0.000012 -0.000000 
959.000000 0.000012 -0.000000 0.000012 -0.000000 
960.000000 0.000011 -0.000000 0.000011 -0.000000 
961.000000 0.000011 -0.000000 0.000011 -0.000000 
962.000000 0.000011 -0.000000 0.000011 -0.000000 
963.000000 0.000011 -0.000000 0.000011 -0.000000 
964.000000 0.000011 -0.000000 0.000011 -0.000000 
965.000000 0.000011 -0.000000 0.000011 -0.000000 
966.000000 0.000011 -0.000000 0.000011 -0.000000 
967.000000 0.000011 -0.000000 0.000011 -0.000000 
968.000000 0.000011 -0.000000 0.000011 -0.000000 
969.000000 0.000011 -0.000000 0.000011 -0.000000 
970.000000 0.000011 -0.000000 0.000011 -0.000000 
971.000000 0.000011 -0.000000 0.000011 -0.000000 
972.000000 0.000011 -0.000000 0.000011 -0.000000 
973.000000 0.000011 -0.000000 0.000011 -0.000000 
974.000000 0.000011 -0.000000 0.000011 -0.000000 
975.000000 0.000011 -0.000000 0.000011 -0.000000 
976.000000 0.000011 -0.000000 0.000011 -0.000000 
977.000000 0.000011 -0.000000 0.000011 -0.000000 
978.000000 0.000011 -0.000000 0.000011 -0.000000 
979.000000 0.000011 -0.000000 0.000011 -0.000000 
980.000000 0.000011 -0.000000 0.000011 -0.000000 
981.000000 0.000011 -0.000000 0.000011 -0.000000 
982.000000 0.000011 -0.000000 0.000011 -0.000000 
983.000000 0.000011 -0.000000 0.000011 -0.000000 
984.000000 0.000011 -0.000000 0.000011 -0.000000 
985.000000 0.000011 -0.000000 0.000011 -0.000000 
986.000000 0.000011 -0.000000 0.000011 -0.000000 
987.000000 0.000011 -0.000000 0.000011 -0.000000 
988.000000 0.000011 -0.000000 0.000011 -0.000000 
989.000000 0.000011 -0.000000 0.000011 -0.000000 
990.000000 0.000011 -0.000000 0.000011 -0.000000 
991.000000 0.000011 -0.000000 0.000011 -0.000000 
992.000000 0.000011 -0.000000 0.000011 -0.000000 
993.000000 0.000011 -0.000000 0.000011 -0.000000 
994.000000 0.000011 -0.000000 0.000011 -0.000000 
995.000000 0.000011 -0.000000 0.000011 -0.000000 
996.000000 0.000011 -0.000000 0.000011 -0.000000 
997.000000 0.000011 -0.000000 0.000011 -0.000000 
998.000000 0.000011 -0.000000 0.000011 -0.000000 
999.000000 0.000011 -0.000000 0.000011 -0.000000 
