0.000000 39.182272 -1.000000 39.182272 -1.000000 
1.000000 39.103986 -0.998002 39.103986 -0.998002 
2.000000 39.025856 -0.996008 39.025856 -0.996008 
3.000000 38.947882 -0.994018 38.947882 -0.994018 
4.000000 38.870064 -0.992032 38.870064 -0.992032 
5.000000 38.792402 -0.990050 38.792402 -0.990050 
6.000000 38.714894 -0.988072 38.714894 -0.988072 
7.000000 38.637542 -0.986098 38.637542 -0.986098 
8.000000 38.560344 -0.984127 38.560344 -0.984127 
9.000000 38.483301 -0.982161 38.483301 -0.982161 
10.000000 38.406411 -0.980199 38.406411 -0.980199 
11.000000 38.329675 -0.978240 38.329675 -0.978240 
12.000000 38.253092 -0.976286 38.253092 -0.976286 
13.000000 38.176662 -0.974335 38.176662 -0.974335 
14.000000 38.100385 -0.972388 38.100385 -0.972388 
15.000000 38.024261 -0.970446 38.024261 -0.970446 
16.000000 37.948288 -0.968507 37.948288 -0.968507 
17.000000 37.872467 -0.966572 37.872467 -0.966572 
18.000000 37.796798 -0.964640 37.796798 -0.964640 
19.000000 37.721280 -0.962713 37.721280 -0.962713 
20.000000 37.645913 -0.960789 37.645913 -0.960789 
21.000000 37.570696 -0.958870 37.570696 -0.958870 
22.000000 37.495630 -0.956954 37.495630 -0.956954 
23.000000 37.420714 -0.955042 37.420714 -0.955042 
24.000000 37.345947 -0.953134 37.345947 -0.953134 
25.000000 37.271330 -0.951229 37.271330 -0.951229 
26.000000 37.196862 -0.949329 37.196862 -0.949329 
27.000000 37.122542 -0.947432 37.122542 -0.947432 
28.000000 37.048371 -0.945539 37.048371 -0.945539 
29.000000 36.974349 -0.943650 36.974349 -0.943650 
30.000000 36.900474 -0.941765 36.900474 -0.941765 
31.000000 36.826747 -0.939883 36.826747 -0.939883 
32.000000 36.753167 -0.938005 36.753167 -0.938005 
33.000000 36.679734 -0.936131 36.679734 -0.936131 
34.000000 36.606448 -0.934260 36.606448 -0.934260 
35.000000 36.533308 -0.932394 36.533308 -0.932394 
36.000000 36.460314 -0.930531 36.460314 -0.930531 
37.000000 36.387467 -0.928672 36.387467 -0.928672 
38.000000 36.314765 -0.926816 36.314765 -0.926816 
39.000000 36.242208 -0.924964 36.242208 -0.924964 
40.000000 36.169796 -0.923116 36.169796 -0.923116 
41.000000 36.097528 -0.921272 36.097528 -0.921272 
42.000000 36.025405 -0.919431 36.025405 -0.919431 
43.000000 35.953427 -0.917594 35.953427 -0.917594 
44.000000 35.881592 -0.915761 35.881592 -0.915761 
45.000000 35.809900 -0.913931 35.809900 -0.913931 
46.000000 35.738352 -0.912105 35.738352 -0.912105 
47.000000 35.666947 -0.910283 35.666947 -0.910283 
48.000000 35.595684 -0.908464 35.595684 -0.908464 
49.000000 35.524564 -0.906649 35.524564 -0.906649 
50.000000 35.453586 -0.904837 35.453586 -0.904837 
51.000000 35.382749 -0.903030 35.382749 -0.903030 
52.000000 35.312055 -0.901225 35.312055 -0.901225 
53.000000 35.241501 -0.899425 35.241501 -0.899425 
54.000000 35.171088 -0.897628 35.171088 -0.897628 
55.000000 35.100817 -0.895834 35.100817 -0.895834 
56.000000 35.030685 -0.894044 35.030685 -0.894044 
57.000000 34.960694 -0.892258 34.960694 -0.892258 
58.000000 34.890842 -0.890475 34.890842 -0.890475 
59.000000 34.821130 -0.888696 34.821130 -0.888696 
60.000000 34.751558 -0.886920 34.751558 -0.886920 
61.000000 34.682124 -0.885148 34.682124 -0.885148 
62.000000 34.612829 -0.883380 34.612829 -0.883380 
63.000000 34.543673 -0.881615 34.543673 -0.881615 
64.000000 34.474654 -0.879853 34.474654 -0.879853 
65.000000 34.405774 -0.878095 34.405774 -0.878095 
66.000000 34.337031 -0.876341 34.337031 -0.876341 
67.000000 34.268426 -0.874590 34.268426 -0.874590 
68.000000 34.199957 -0.872843 34.199957 -0.872843 
69.000000 34.131626 -0.871099 34.131626 -0.871099 
70.000000 34.063431 -0.869358 34.063431 -0.869358 
71.000000 33.995372 -0.867621 33.995372 -0.867621 
72.000000 33.927449 -0.865888 33.927449 -0.865888 
73.000000 33.859662 -0.864158 33.859662 -0.864158 
74.000000 33.792010 -0.862431 33.792010 -0.862431 
75.000000 33.724494 -0.860708 33.724494 -0.860708 
76.000000 33.657112 -0.858988 33.657112 -0.858988 
77.000000 33.589865 -0.857272 33.589865 -0.857272 
78.000000 33.522753 -0.855559 33.522753 -0.855559 
79.000000 33.455774 -0.853850 33.455774 -0.853850 
80.000000 33.388930 -0.852144 33.388930 -0.852144 
81.000000 33.322218 -0.850441 33.322218 -0.850441 
82.000000 33.255641 -0.848742 33.255641 -0.848742 
83.000000 33.189196 -0.847046 33.189196 -0.847046 
84.000000 33.122884 -0.845354 33.122884 -0.845354 
85.000000 33.056704 -0.843665 33.056704 -0.843665 
86.000000 32.990657 -0.841979 32.990657 -0.841979 
87.000000 32.924741 -0.840297 32.924741 -0.840297 
88.000000 32.858958 -0.838618 32.858958 -0.838618 
89.000000 32.793306 -0.836942 32.793306 -0.836942 
90.000000 32.727784 -0.835270 32.727784 -0.835270 
91.000000 32.662394 -0.833601 32.662394 -0.833601 
92.000000 32.597135 -0.831936 32.597135 -0.831936 
93.000000 32.532006 -0.830274 32.532006 -0.830274 
94.000000 32.467007 -0.828615 32.467007 -0.828615 
95.000000 32.402138 -0.826959 32.402138 -0.826959 
96.000000 32.337398 -0.825307 32.337398 -0.825307 
97.000000 32.272788 -0.823658 32.272788 -0.823658 
98.000000 32.208307 -0.822012 32.208307 -0.822012 
99.000000 32.143955 -0.820370 32.143955 -0.820370 
100.000000 32.079731 -0.818731 32.079731 -0.818731 
101.000000 32.015636 -0.817095 32.015636 -0.817095 
102.000000 31.951668 -0.815462 31.951668 -0.815462 
103.000000 31.887829 -0.813833 31.887829 -0.813833 
104.000000 31.824117 -0.812207 31.824117 -0.812207 
105.000000 31.760532 -0.810584 31.760532 -0.810584 
106.000000 31.697075 -0.808965 31.697075 -0.808965 
107.000000 31.633744 -0.807348 31.633744 -0.807348 
108.000000 31.570540 -0.805735 31.570540 -0.805735 
109.000000 31.507462 -0.804125 31.507462 -0.804125 
110.000000 31.444510 -0.802519 31.444510 -0.802519 
111.000000 31.381683 -0.800915 31.381683 -0.800915 
112.000000 31.318983 -0.799315 31.318983 -0.799315 
113.000000 31.256407 -0.797718 31.256407 -0.797718 
114.000000 31.193957 -0.796124 31.193957 -0.796124 
115.000000 31.131632 -0.794534 31.131632 -0.794534 
116.000000 31.069431 -0.792946 31.069431 -0.792946 
117.000000 31.007354 -0.791362 31.007354 -0.791362 
118.000000 30.945401 -0.789781 30.945401 -0.789781 
119.000000 30.883572 -0.788203 30.883572 -0.788203 
120.000000 30.821867 -0.786628 30.821867 -0.786628 
121.000000 30.760285 -0.785056 30.760285 -0.785056 
122.000000 30.698825 -0.783488 30.698825 -0.783488 
123.000000 30.637489 -0.781922 30.637489 -0.781922 
124.000000 30.576275 -0.780360 30.576275 -0.780360 
125.000000 30.515184 -0.778801 30.515184 -0.778801 
126.000000 30.454215 -0.777245 30.454215 -0.777245 
127.000000 30.393367 -0.775692 30.393367 -0.775692 
128.000000 30.332641 -0.774142 30.332641 -0.774142 
129.000000 30.272036 -0.772595 30.272036 -0.772595 
130.000000 30.211553 -0.771052 30.211553 -0.771052 
131.000000 30.151190 -0.769511 30.151190 -0.769511 
132.000000 30.090948 -0.767974 30.090948 -0.767974 
133.000000 30.030826 -0.766439 30.030826 -0.766439 
134.000000 29.970825 -0.764908 29.970825 -0.764908 
135.000000 29.910943 -0.763379 29.910943 -0.763379 
136.000000 29.851181 -0.761854 29.851181 -0.761854 
137.000000 29.791538 -0.760332 29.791538 -0.760332 
138.000000 29.732015 -0.758813 29.732015 -0.758813 
139.000000 29.672610 -0.757297 29.672610 -0.757297 
140.000000 29.613324 -0.755784 29.613324 -0.755784 
141.000000 29.554157 -0.754274 29.554157 -0.754274 
142.000000 29.495107 -0.752767 29.495107 -0.752767 
143.000000 29.436176 -0.751263 29.436176 -0.751263 
144.000000 29.377362 -0.749762 29.377362 -0.749762 
145.000000 29.318666 -0.748264 29.318666 -0.748264 
146.000000 29.260088 -0.746769 29.260088 -0.746769 
147.000000 29.201626 -0.745276 29.201626 -0.745276 
148.000000 29.143281 -0.743787 29.143281 -0.743787 
149.000000 29.085053 -0.742301 29.085053 -0.742301 
150.000000 29.026941 -0.740818 29.026941 -0.740818 
151.000000 28.968945 -0.739338 28.968945 -0.739338 
152.000000 28.911065 -0.737861 28.911065 -0.737861 
153.000000 28.853301 -0.736387 28.853301 -0.736387 
154.000000 28.795652 -0.734915 28.795652 -0.734915 
155.000000 28.738118 -0.733447 28.738118 -0.733447 
156.000000 28.680699 -0.731982 28.680699 -0.731982 
157.000000 28.623395 -0.730519 28.623395 -0.730519 
158.000000 28.566206 -0.729059 28.566206 -0.729059 
159.000000 28.509130 -0.727603 28.509130 -0.727603 
160.000000 28.452169 -0.726149 28.452169 -0.726149 
161.000000 28.395321 -0.724698 28.395321 -0.724698 
162.000000 28.338588 -0.723250 28.338588 -0.723250 
163.000000 28.281967 -0.721805 28.281967 -0.721805 
164.000000 28.225460 -0.720363 28.225460 -0.720363 
165.000000 28.169065 -0.718924 28.169065 -0.718924 
166.000000 28.112783 -0.717487 28.112783 -0.717487 
167.000000 28.056614 -0.716054 28.056614 -0.716054 
168.000000 28.000557 -0.714623 28.000557 -0.714623 
169.000000 27.944612 -0.713195 27.944612 -0.713195 
170.000000 27.888778 -0.711770 27.888778 -0.711770 
171.000000 27.833056 -0.710348 27.833056 -0.710348 
172.000000 27.777446 -0.708929 27.777446 -0.708929 
173.000000 27.721947 -0.707512 27.721947 -0.707512 
174.000000 27.666558 -0.706099 27.666558 -0.706099 
175.000000 27.611280 -0.704688 27.611280 -0.704688 
176.000000 27.556113 -0.703280 27.556113 -0.703280 
177.000000 27.501056 -0.701875 27.501056 -0.701875 
178.000000 27.446109 -0.700473 27.446109 -0.700473 
179.000000 27.391271 -0.699073 27.391271 -0.699073 
180.000000 27.336543 -0.697676 27.336543 -0.697676 
181.000000 27.281925 -0.696282 27.281925 -0.696282 
182.000000 27.227416 -0.694891 27.227416 -0.694891 
183.000000 27.173015 -0.693503 27.173015 -0.693503 
184.000000 27.118724 -0.692117 27.118724 -0.692117 
185.000000 27.064540 -0.690734 27.064540 -0.690734 
186.000000 27.010465 -0.689354 27.010465 -0.689354 
187.000000 26.956498 -0.687977 26.956498 -0.687977 
188.000000 26.902639 -0.686602 26.902639 -0.686602 
189.000000 26.848888 -0.685231 26.848888 -0.685231 
190.000000 26.795244 -0.683861 26.795244 -0.683861 
191.000000 26.741707 -0.682495 26.741707 -0.682495 
192.000000 26.688277 -0.681131 26.688277 -0.681131 
193.000000 26.634954 -0.679771 26.634954 -0.679771 
194.000000 26.581737 -0.678412 26.581737 -0.678412 
195.000000 26.528626 -0.677057 26.528626 -0.677057 
196.000000 26.475622 -0.675704 26.475622 -0.675704 
197.000000 26.422724 -0.674354 26.422724 -0.674354 
198.000000 26.369931 -0.673007 26.369931 -0.673007 
199.000000 26.317244 -0.671662 26.317244 -0.671662 
200.000000 26.264662 -0.670320 26.264662 -0.670320 
201.000000 26.212185 -0.668981 26.212185 -0.668981 
202.000000 26.159813 -0.667644 26.159813 -0.667644 
203.000000 26.107546 -0.666310 26.107546 -0.666310 
204.000000 26.055383 -0.664979 26.055383 -0.664979 
205.000000 26.003324 -0.663650 26.003324 -0.663650 
206.000000 25.951370 -0.662324 25.951370 -0.662324 
207.000000 25.899519 -0.661001 25.899519 -0.661001 
208.000000 25.847772 -0.659680 25.847772 -0.659680 
209.000000 25.796128 -0.658362 25.796128 -0.658362 
210.000000 25.744587 -0.657047 25.744587 -0.657047 
211.000000 25.693149 -0.655734 25.693149 -0.655734 
212.000000 25.641814 -0.654424 25.641814 -0.654424 
213.000000 25.590582 -0.653116 25.590582 -0.653116 
214.000000 25.539452 -0.651811 25.539452 -0.651811 
215.000000 25.488424 -0.650509 25.488424 -0.650509 
216.000000 25.437498 -0.649209 25.437498 -0.649209 
217.000000 25.386674 -0.647912 25.386674 -0.647912 
218.000000 25.335951 -0.646618 25.335951 -0.646618 
219.000000 25.285330 -0.645326 25.285330 -0.645326 
220.000000 25.234810 -0.644036 25.234810 -0.644036 
221.000000 25.184391 -0.642750 25.184391 -0.642750 
222.000000 25.134072 -0.641465 25.134072 -0.641465 
223.000000 25.083855 -0.640184 25.083855 -0.640184 
224.000000 25.033737 -0.638905 25.033737 -0.638905 
225.000000 24.983720 -0.637628 24.983720 -0.637628 
226.000000 24.933802 -0.636354 24.933802 -0.636354 
227.000000 24.883984 -0.635083 24.883984 -0.635083 
228.000000 24.834266 -0.633814 24.834266 -0.633814 
229.000000 24.784647 -0.632547 24.784647 -0.632547 
230.000000 24.735127 -0.631284 24.735127 -0.631284 
231.000000 24.685707 -0.630022 24.685707 -0.630022 
232.000000 24.636384 -0.628764 24.636384 -0.628764 
233.000000 24.587161 -0.627507 24.587161 -0.627507 
234.000000 24.538036 -0.626254 24.538036 -0.626254 
235.000000 24.489009 -0.625002 24.489009 -0.625002 
236.000000 24.440080 -0.623754 24.440080 -0.623754 
237.000000 24.391248 -0.622507 24.391248 -0.622507 
238.000000 24.342515 -0.621263 24.342515 -0.621263 
239.000000 24.293878 -0.620022 24.293878 -0.620022 
240.000000 24.245339 -0.618783 24.245339 -0.618783 
241.000000 24.196897 -0.617547 24.196897 -0.617547 
242.000000 24.148551 -0.616313 24.148551 -0.616313 
243.000000 24.100303 -0.615082 24.100303 -0.615082 
244.000000 24.052150 -0.613853 24.052150 -0.613853 
245.000000 24.004094 -0.612626 24.004094 -0.612626 
246.000000 23.956134 -0.611402 23.956134 -0.611402 
247.000000 23.908269 -0.610181 23.908269 -0.610181 
248.000000 23.860501 -0.608962 23.860501 -0.608962 
249.000000 23.812827 -0.607745 23.812827 -0.607745 
250.000000 23.765249 -0.606531 23.765249 -0.606531 
251.000000 23.717766 -0.605319 23.717766 -0.605319 
252.000000 23.670378 -0.604109 23.670378 -0.604109 
253.000000 23.623085 -0.602902 23.623085 -0.602902 
254.000000 23.575886 -0.601698 23.575886 -0.601698 
255.000000 23.528781 -0.600496 23.528781 -0.600496 
256.000000 23.481770 -0.599296 23.481770 -0.599296 
257.000000 23.434854 -0.598098 23.434854 -0.598098 
258.000000 23.388031 -0.596903 23.388031 -0.596903 
259.000000 23.341302 -0.595711 23.341302 -0.595711 
260.000000 23.294666 -0.594521 23.294666 -0.594521 
261.000000 23.248123 -0.593333 23.248123 -0.593333 
262.000000 23.201673 -0.592147 23.201673 -0.592147 
263.000000 23.155316 -0.590964 23.155316 -0.590964 
264.000000 23.109052 -0.589783 23.109052 -0.589783 
265.000000 23.062880 -0.588605 23.062880 -0.588605 
266.000000 23.016800 -0.587429 23.016800 -0.587429 
267.000000 22.970813 -0.586255 22.970813 -0.586255 
268.000000 22.924917 -0.585084 22.924917 -0.585084 
269.000000 22.879113 -0.583915 22.879113 -0.583915 
270.000000 22.833400 -0.582748 22.833400 -0.582748 
271.000000 22.787779 -0.581584 22.787779 -0.581584 
272.000000 22.742249 -0.580422 22.742249 -0.580422 
273.000000 22.696810 -0.579262 22.696810 -0.579262 
274.000000 22.651462 -0.578105 22.651462 -0.578105 
275.000000 22.606204 -0.576950 22.606204 -0.576950 
276.000000 22.561037 -0.575797 22.561037 -0.575797 
277.000000 22.515960 -0.574647 22.515960 -0.574647 
278.000000 22.470973 -0.573498 22.470973 -0.573498 
279.000000 22.426076 -0.572353 22.426076 -0.572353 
280.000000 22.381269 -0.571209 22.381269 -0.571209 
281.000000 22.336551 -0.570068 22.336551 -0.570068 
282.000000 22.291923 -0.568929 22.291923 -0.568929 
283.000000 22.247383 -0.567792 22.247383 -0.567792 
284.000000 22.202933 -0.566658 22.202933 -0.566658 
285.000000 22.158571 -0.565525 22.158571 -0.565525 
286.000000 22.114299 -0.564396 22.114299 -0.564396 
287.000000 22.070114 -0.563268 22.070114 -0.563268 
288.000000 22.026018 -0.562142 22.026018 -0.562142 
289.000000 21.982010 -0.561019 21.982010 -0.561019 
290.000000 21.938090 -0.559898 21.938090 -0.559898 
291.000000 21.894258 -0.558780 21.894258 -0.558780 
292.000000 21.850513 -0.557663 21.850513 -0.557663 
293.000000 21.806856 -0.556549 21.806856 -0.556549 
294.000000 21.763285 -0.555437 21.763285 -0.555437 
295.000000 21.719802 -0.554327 21.719802 -0.554327 
296.000000 21.676406 -0.553220 21.676406 -0.553220 
297.000000 21.633097 -0.552114 21.633097 -0.552114 
298.000000 21.589874 -0.551011 21.589874 -0.551011 
299.000000 21.546737 -0.549910 21.546737 -0.549910 
300.000000 21.503687 -0.548812 21.503687 -0.548812 
301.000000 21.460722 -0.547715 21.460722 -0.547715 
302.000000 21.417844 -0.546621 21.417844 -0.546621 
303.000000 21.375051 -0.545529 21.375051 -0.545529 
304.000000 21.332343 -0.544439 21.332343 -0.544439 
305.000000 21.289721 -0.543351 21.289721 -0.543351 
306.000000 21.247185 -0.542265 21.247185 -0.542265 
307.000000 21.204733 -0.541182 21.204733 -0.541182 
308.000000 21.162366 -0.540101 21.162366 -0.540101 
309.000000 21.120083 -0.539021 21.120083 -0.539021 
310.000000 21.077885 -0.537944 21.077885 -0.537944 
311.000000 21.035772 -0.536870 21.035772 -0.536870 
312.000000 20.993742 -0.535797 20.993742 -0.535797 
313.000000 20.951797 -0.534726 20.951797 -0.534726 
314.000000 20.909935 -0.533658 20.909935 -0.533658 
315.000000 20.868157 -0.532592 20.868157 -0.532592 
316.000000 20.826462 -0.531528 20.826462 -0.531528 
317.000000 20.784851 -0.530466 20.784851 -0.530466 
318.000000 20.743323 -0.529406 20.743323 -0.529406 
319.000000 20.701877 -0.528348 20.701877 -0.528348 
320.000000 20.660515 -0.527292 20.660515 -0.527292 
321.000000 20.619235 -0.526239 20.619235 -0.526239 
322.000000 20.578038 -0.525187 20.578038 -0.525187 
323.000000 20.536923 -0.524138 20.536923 -0.524138 
324.000000 20.495890 -0.523091 20.495890 -0.523091 
325.000000 20.454940 -0.522046 20.454940 -0.522046 
326.000000 20.414071 -0.521003 20.414071 -0.521003 
327.000000 20.373283 -0.519962 20.373283 -0.519962 
328.000000 20.332577 -0.518923 20.332577 -0.518923 
329.000000 20.291953 -0.517886 20.291953 -0.517886 
330.000000 20.251409 -0.516851 20.251409 -0.516851 
331.000000 20.210947 -0.515819 20.210947 -0.515819 
332.000000 20.170566 -0.514788 20.170566 -0.514788 
333.000000 20.130265 -0.513760 20.130265 -0.513760 
334.000000 20.090045 -0.512733 20.090045 -0.512733 
335.000000 20.049905 -0.511709 20.049905 -0.511709 
336.000000 20.009845 -0.510686 20.009845 -0.510686 
337.000000 19.969865 -0.509666 19.969865 -0.509666 
338.000000 19.929965 -0.508648 19.929965 -0.508648 
339.000000 19.890145 -0.507631 19.890145 -0.507631 
340.000000 19.850405 -0.506617 19.850405 -0.506617 
341.000000 19.810744 -0.505605 19.810744 -0.505605 
342.000000 19.771162 -0.504595 19.771162 -0.504595 
343.000000 19.731659 -0.503586 19.731659 -0.503586 
344.000000 19.692235 -0.502580 19.692235 -0.502580 
345.000000 19.652890 -0.501576 19.652890 -0.501576 
346.000000 19.613623 -0.500574 19.613623 -0.500574 
347.000000 19.574435 -0.499574 19.574435 -0.499574 
348.000000 19.535326 -0.498576 19.535326 -0.498576 
349.000000 19.496294 -0.497579 19.496294 -0.497579 
350.000000 19.457340 -0.496585 19.457340 -0.496585 
351.000000 19.418465 -0.495593 19.418465 -0.495593 
352.000000 19.379666 -0.494603 19.379666 -0.494603 
353.000000 19.340946 -0.493615 19.340946 -0.493615 
354.000000 19.302303 -0.492628 19.302303 -0.492628 
355.000000 19.263737 -0.491644 19.263737 -0.491644 
356.000000 19.225248 -0.490662 19.225248 -0.490662 
357.000000 19.186836 -0.489682 19.186836 -0.489682 
358.000000 19.148500 -0.488703 19.148500 -0.488703 
359.000000 19.110241 -0.487727 19.110241 -0.487727 
360.000000 19.072059 -0.486752 19.072059 -0.486752 
361.000000 19.033953 -0.485780 19.033953 -0.485780 
362.000000 18.995923 -0.484809 18.995923 -0.484809 
363.000000 18.957969 -0.483840 18.957969 -0.483840 
364.000000 18.920091 -0.482874 18.920091 -0.482874 
365.000000 18.882289 -0.481909 18.882289 -0.481909 
366.000000 18.844562 -0.480946 18.844562 -0.480946 
367.000000 18.806911 -0.479985 18.806911 -0.479985 
368.000000 18.769335 -0.479026 18.769335 -0.479026 
369.000000 18.731833 -0.478069 18.731833 -0.478069 
370.000000 18.694407 -0.477114 18.694407 -0.477114 
371.000000 18.657056 -0.476161 18.657056 -0.476161 
372.000000 18.619779 -0.475209 18.619779 -0.475209 
373.000000 18.582577 -0.474260 18.582577 -0.474260 
374.000000 18.545448 -0.473312 18.545448 -0.473312 
375.000000 18.508395 -0.472367 18.508395 -0.472367 
376.000000 18.471415 -0.471423 18.471415 -0.471423 
377.000000 18.434509 -0.470481 18.434509 -0.470481 
378.000000 18.397677 -0.469541 18.397677 -0.469541 
379.000000 18.360918 -0.468603 18.360918 -0.468603 
380.000000 18.324233 -0.467666 18.324233 -0.467666 
381.000000 18.287621 -0.466732 18.287621 -0.466732 
382.000000 18.251083 -0.465799 18.251083 -0.465799 
383.000000 18.214617 -0.464869 18.214617 -0.464869 
384.000000 18.178224 -0.463940 18.178224 -0.463940 
385.000000 18.141904 -0.463013 18.141904 -0.463013 
386.000000 18.105656 -0.462088 18.105656 -0.462088 
387.000000 18.069481 -0.461165 18.069481 -0.461165 
388.000000 18.033378 -0.460243 18.033378 -0.460243 
389.000000 17.997348 -0.459324 17.997348 -0.459324 
390.000000 17.961389 -0.458406 17.961389 -0.458406 
391.000000 17.925502 -0.457490 17.925502 -0.457490 
392.000000 17.889687 -0.456576 17.889687 -0.456576 
393.000000 17.853943 -0.455664 17.853943 -0.455664 
394.000000 17.818271 -0.454753 17.818271 -0.454753 
395.000000 17.782670 -0.453845 17.782670 -0.453845 
396.000000 17.747140 -0.452938 17.747140 -0.452938 
397.000000 17.711682 -0.452033 17.711682 -0.452033 
398.000000 17.676294 -0.451130 17.676294 -0.451130 
399.000000 17.640976 -0.450229 17.640976 -0.450229 
400.000000 17.605730 -0.449329 17.605730 -0.449329 
401.000000 17.570553 -0.448431 17.570553 -0.448431 
402.000000 17.535447 -0.447535 17.535447 -0.447535 
403.000000 17.500411 -0.446641 17.500411 -0.446641 
404.000000 17.465446 -0.445749 17.465446 -0.445749 
405.000000 17.430550 -0.444858 17.430550 -0.444858 
406.000000 17.395723 -0.443969 17.395723 -0.443969 
407.000000 17.360967 -0.443082 17.360967 -0.443082 
408.000000 17.326279 -0.442197 17.326279 -0.442197 
409.000000 17.291662 -0.441313 17.291662 -0.441313 
410.000000 17.257113 -0.440432 17.257113 -0.440432 
411.000000 17.222633 -0.439552 17.222633 -0.439552 
412.000000 17.188222 -0.438673 17.188222 -0.438673 
413.000000 17.153880 -0.437797 17.153880 -0.437797 
414.000000 17.119607 -0.436922 17.119607 -0.436922 
415.000000 17.085402 -0.436049 17.085402 -0.436049 
416.000000 17.051265 -0.435178 17.051265 -0.435178 
417.000000 17.017197 -0.434309 17.017197 -0.434309 
418.000000 16.983196 -0.433441 16.983196 -0.433441 
419.000000 16.949264 -0.432575 16.949264 -0.432575 
420.000000 16.915399 -0.431711 16.915399 -0.431711 
421.000000 16.881602 -0.430848 16.881602 -0.430848 
422.000000 16.847873 -0.429987 16.847873 -0.429987 
423.000000 16.814211 -0.429128 16.814211 -0.429128 
424.000000 16.780616 -0.428271 16.780616 -0.428271 
425.000000 16.747088 -0.427415 16.747088 -0.427415 
426.000000 16.713627 -0.426561 16.713627 -0.426561 
427.000000 16.680233 -0.425709 16.680233 -0.425709 
428.000000 16.646906 -0.424858 16.646906 -0.424858 
429.000000 16.613646 -0.424009 16.613646 -0.424009 
430.000000 16.580452 -0.423162 16.580452 -0.423162 
431.000000 16.547324 -0.422317 16.547324 -0.422317 
432.000000 16.514262 -0.421473 16.514262 -0.421473 
433.000000 16.481267 -0.420631 16.481267 -0.420631 
434.000000 16.448337 -0.419790 16.448337 -0.419790 
435.000000 16.415473 -0.418952 16.415473 -0.418952 
436.000000 16.382675 -0.418114 16.382675 -0.418114 
437.000000 16.349943 -0.417279 16.349943 -0.417279 
438.000000 16.317276 -0.416445 16.317276 -0.416445 
439.000000 16.284674 -0.415613 16.284674 -0.415613 
440.000000 16.252137 -0.414783 16.252137 -0.414783 
441.000000 16.219665 -0.413954 16.219665 -0.413954 
442.000000 16.187258 -0.413127 16.187258 -0.413127 
443.000000 16.154916 -0.412302 16.154916 -0.412302 
444.000000 16.122638 -0.411478 16.122638 -0.411478 
445.000000 16.090425 -0.410656 16.090425 -0.410656 
446.000000 16.058277 -0.409835 16.058277 -0.409835 
447.000000 16.026192 -0.409016 16.026192 -0.409016 
448.000000 15.994172 -0.408199 15.994172 -0.408199 
449.000000 15.962215 -0.407384 15.962215 -0.407384 
450.000000 15.930323 -0.406570 15.930323 -0.406570 
451.000000 15.898494 -0.405757 15.898494 -0.405757 
452.000000 15.866729 -0.404947 15.866729 -0.404947 
453.000000 15.835027 -0.404138 15.835027 -0.404138 
454.000000 15.803389 -0.403330 15.803389 -0.403330 
455.000000 15.771814 -0.402524 15.771814 -0.402524 
456.000000 15.740301 -0.401720 15.740301 -0.401720 
457.000000 15.708852 -0.400917 15.708852 -0.400917 
458.000000 15.677466 -0.400116 15.677466 -0.400116 
459.000000 15.646142 -0.399317 15.646142 -0.399317 
460.000000 15.614881 -0.398519 15.614881 -0.398519 
461.000000 15.583683 -0.397723 15.583683 -0.397723 
462.000000 15.552547 -0.396928 15.552547 -0.396928 
463.000000 15.521473 -0.396135 15.521473 -0.396135 
464.000000 15.490461 -0.395344 15.490461 -0.395344 
465.000000 15.459511 -0.394554 15.459511 -0.394554 
466.000000 15.428623 -0.393765 15.428623 -0.393765 
467.000000 15.397796 -0.392979 15.397796 -0.392979 
468.000000 15.367031 -0.392193 15.367031 -0.392193 
469.000000 15.336328 -0.391410 15.336328 -0.391410 
470.000000 15.305686 -0.390628 15.305686 -0.390628 
471.000000 15.275105 -0.389847 15.275105 -0.389847 
472.000000 15.244586 -0.389068 15.244586 -0.389068 
473.000000 15.214127 -0.388291 15.214127 -0.388291 
474.000000 15.183729 -0.387515 15.183729 -0.387515 
475.000000 15.153392 -0.386741 15.153392 -0.386741 
476.000000 15.123115 -0.385968 15.123115 -0.385968 
477.000000 15.092899 -0.385197 15.092899 -0.385197 
478.000000 15.062744 -0.384428 15.062744 -0.384428 
479.000000 15.032648 -0.383659 15.032648 -0.383659 
480.000000 15.002613 -0.382893 15.002613 -0.382893 
481.000000 14.972638 -0.382128 14.972638 -0.382128 
482.000000 14.942723 -0.381364 14.942723 -0.381364 
483.000000 14.912867 -0.380602 14.912867 -0.380602 
484.000000 14.883071 -0.379842 14.883071 -0.379842 
485.000000 14.853335 -0.379083 14.853335 -0.379083 
486.000000 14.823658 -0.378326 14.823658 -0.378326 
487.000000 14.794040 -0.377570 14.794040 -0.377570 
488.000000 14.764481 -0.376815 14.764481 -0.376815 
489.000000 14.734982 -0.376062 14.734982 -0.376062 
490.000000 14.705541 -0.375311 14.705541 -0.375311 
491.000000 14.676160 -0.374561 14.676160 -0.374561 
492.000000 14.646837 -0.373813 14.646837 -0.373813 
493.000000 14.617572 -0.373066 14.617572 -0.373066 
494.000000 14.588366 -0.372321 14.588366 -0.372321 
495.000000 14.559219 -0.371577 14.559219 -0.371577 
496.000000 14.530130 -0.370834 14.530130 -0.370834 
497.000000 14.501098 -0.370093 14.501098 -0.370093 
498.000000 14.472125 -0.369354 14.472125 -0.369354 
499.000000 14.443210 -0.368616 14.443210 -0.368616 
500.000000 14.414352 -0.367879 14.414352 -0.367879 
501.000000 14.385552 -0.367144 14.385552 -0.367144 
502.000000 14.356810 -0.366411 14.356810 -0.366411 
503.000000 14.328125 -0.365679 14.328125 -0.365679 
504.000000 14.299497 -0.364948 14.299497 -0.364948 
505.000000 14.270927 -0.364219 14.270927 -0.364219 
506.000000 14.242414 -0.363491 14.242414 -0.363491 
507.000000 14.213957 -0.362765 14.213957 -0.362765 
508.000000 14.185558 -0.362040 14.185558 -0.362040 
509.000000 14.157215 -0.361317 14.157215 -0.361317 
510.000000 14.128929 -0.360595 14.128929 -0.360595 
511.000000 14.100699 -0.359874 14.100699 -0.359874 
512.000000 14.072526 -0.359155 14.072526 -0.359155 
513.000000 14.044409 -0.358438 14.044409 -0.358438 
514.000000 14.016348 -0.357722 14.016348 -0.357722 
515.000000 13.988344 -0.357007 13.988344 -0.357007 
516.000000 13.960395 -0.356294 13.960395 -0.356294 
517.000000 13.932502 -0.355582 13.932502 -0.355582 
518.000000 13.904665 -0.354871 13.904665 -0.354871 
519.000000 13.876883 -0.354162 13.876883 -0.354162 
520.000000 13.849157 -0.353455 13.849157 -0.353455 
521.000000 13.821487 -0.352748 13.821487 -0.352748 
522.000000 13.793871 -0.352044 13.793871 -0.352044 
523.000000 13.766311 -0.351340 13.766311 -0.351340 
524.000000 13.738806 -0.350638 13.738806 -0.350638 
525.000000 13.711356 -0.349938 13.711356 -0.349938 
526.000000 13.683961 -0.349239 13.683961 -0.349239 
527.000000 13.656620 -0.348541 13.656620 -0.348541 
528.000000 13.629334 -0.347844 13.629334 -0.347844 
529.000000 13.602103 -0.347149 13.602103 -0.347149 
530.000000 13.574926 -0.346456 13.574926 -0.346456 
531.000000 13.547803 -0.345764 13.547803 -0.345764 
532.000000 13.520734 -0.345073 13.520734 -0.345073 
533.000000 13.493720 -0.344383 13.493720 -0.344383 
534.000000 13.466760 -0.343695 13.466760 -0.343695 
535.000000 13.439853 -0.343009 13.439853 -0.343009 
536.000000 13.413000 -0.342323 13.413000 -0.342323 
537.000000 13.386201 -0.341639 13.386201 -0.341639 
538.000000 13.359455 -0.340957 13.359455 -0.340957 
539.000000 13.332763 -0.340275 13.332763 -0.340275 
540.000000 13.306124 -0.339596 13.306124 -0.339596 
541.000000 13.279539 -0.338917 13.279539 -0.338917 
542.000000 13.253006 -0.338240 13.253006 -0.338240 
543.000000 13.226526 -0.337564 13.226526 -0.337564 
544.000000 13.200100 -0.336890 13.200100 -0.336890 
545.000000 13.173726 -0.336216 13.173726 -0.336216 
546.000000 13.147405 -0.335545 13.147405 -0.335545 
547.000000 13.121136 -0.334874 13.121136 -0.334874 
548.000000 13.094920 -0.334205 13.094920 -0.334205 
549.000000 13.068757 -0.333537 13.068757 -0.333537 
550.000000 13.042645 -0.332871 13.042645 -0.332871 
551.000000 13.016586 -0.332206 13.016586 -0.332206 
552.000000 12.990579 -0.331542 12.990579 -0.331542 
553.000000 12.964624 -0.330880 12.964624 -0.330880 
554.000000 12.938720 -0.330219 12.938720 -0.330219 
555.000000 12.912869 -0.329559 12.912869 -0.329559 
556.000000 12.887069 -0.328901 12.887069 -0.328901 
557.000000 12.861320 -0.328243 12.861320 -0.328243 
558.000000 12.835624 -0.327588 12.835624 -0.327588 
559.000000 12.809978 -0.326933 12.809978 -0.326933 
560.000000 12.784384 -0.326280 12.784384 -0.326280 
561.000000 12.758840 -0.325628 12.758840 -0.325628 
562.000000 12.733348 -0.324977 12.733348 -0.324977 
563.000000 12.707907 -0.324328 12.707907 -0.324328 
564.000000 12.682517 -0.323680 12.682517 -0.323680 
565.000000 12.657177 -0.323033 12.657177 -0.323033 
566.000000 12.631888 -0.322388 12.631888 -0.322388 
567.000000 12.606649 -0.321744 12.606649 -0.321744 
568.000000 12.581461 -0.321101 12.581461 -0.321101 
569.000000 12.556323 -0.320459 12.556323 -0.320459 
570.000000 12.531236 -0.319819 12.531236 -0.319819 
571.000000 12.506198 -0.319180 12.506198 -0.319180 
572.000000 12.481211 -0.318542 12.481211 -0.318542 
573.000000 12.456274 -0.317906 12.456274 -0.317906 
574.000000 12.431386 -0.317271 12.431386 -0.317271 
575.000000 12.406548 -0.316637 12.406548 -0.316637 
576.000000 12.381760 -0.316004 12.381760 -0.316004 
577.000000 12.357021 -0.315373 12.357021 -0.315373 
578.000000 12.332332 -0.314743 12.332332 -0.314743 
579.000000 12.307692 -0.314114 12.307692 -0.314114 
580.000000 12.283101 -0.313486 12.283101 -0.313486 
581.000000 12.258559 -0.312860 12.258559 -0.312860 
582.000000 12.234066 -0.312235 12.234066 -0.312235 
583.000000 12.209623 -0.311611 12.209623 -0.311611 
584.000000 12.185228 -0.310988 12.185228 -0.310988 
585.000000 12.160882 -0.310367 12.160882 -0.310367 
586.000000 12.136584 -0.309747 12.136584 -0.309747 
587.000000 12.112335 -0.309128 12.112335 -0.309128 
588.000000 12.088135 -0.308510 12.088135 -0.308510 
589.000000 12.063983 -0.307894 12.063983 -0.307894 
590.000000 12.039879 -0.307279 12.039879 -0.307279 
591.000000 12.015823 -0.306665 12.015823 -0.306665 
592.000000 11.991816 -0.306052 11.991816 -0.306052 
593.000000 11.967856 -0.305441 11.967856 -0.305441 
594.000000 11.943944 -0.304830 11.943944 -0.304830 
595.000000 11.920080 -0.304221 11.920080 -0.304221 
596.000000 11.896264 -0.303613 11.896264 -0.303613 
597.000000 11.872495 -0.303007 11.872495 -0.303007 
598.000000 11.848774 -0.302401 11.848774 -0.302401 
599.000000 11.825100 -0.301797 11.825100 -0.301797 
600.000000 11.801473 -0.301194 11.801473 -0.301194 
601.000000 11.777894 -0.300592 11.777894 -0.300592 
602.000000 11.754362 -0.299992 11.754362 -0.299992 
603.000000 11.730877 -0.299392 11.730877 -0.299392 
604.000000 11.707438 -0.298794 11.707438 -0.298794 
605.000000 11.684047 -0.298197 11.684047 -0.298197 
606.000000 11.660702 -0.297601 11.660702 -0.297601 
607.000000 11.637404 -0.297007 11.637404 -0.297007 
608.000000 11.614152 -0.296413 11.614152 -0.296413 
609.000000 11.590947 -0.295821 11.590947 -0.295821 
610.000000 11.567789 -0.295230 11.567789 -0.295230 
611.000000 11.544676 -0.294640 11.544676 -0.294640 
612.000000 11.521610 -0.294052 11.521610 -0.294052 
613.000000 11.498590 -0.293464 11.498590 -0.293464 
614.000000 11.475616 -0.292878 11.475616 -0.292878 
615.000000 11.452687 -0.292293 11.452687 -0.292293 
616.000000 11.429805 -0.291709 11.429805 -0.291709 
617.000000 11.406968 -0.291126 11.406968 -0.291126 
618.000000 11.384177 -0.290544 11.384177 -0.290544 
619.000000 11.361431 -0.289964 11.361431 -0.289964 
620.000000 11.338731 -0.289384 11.338731 -0.289384 
621.000000 11.316076 -0.288806 11.316076 -0.288806 
622.000000 11.293467 -0.288229 11.293467 -0.288229 
623.000000 11.270902 -0.287653 11.270902 -0.287653 
624.000000 11.248383 -0.287078 11.248383 -0.287078 
625.000000 11.225909 -0.286505 11.225909 -0.286505 
626.000000 11.203479 -0.285932 11.203479 -0.285932 
627.000000 11.181095 -0.285361 11.181095 -0.285361 
628.000000 11.158755 -0.284791 11.158755 -0.284791 
629.000000 11.136460 -0.284222 11.136460 -0.284222 
630.000000 11.114209 -0.283654 11.114209 -0.283654 
631.000000 11.092003 -0.283087 11.092003 -0.283087 
632.000000 11.069841 -0.282522 11.069841 -0.282522 
633.000000 11.047724 -0.281957 11.047724 -0.281957 
634.000000 11.025650 -0.281394 11.025650 -0.281394 
635.000000 11.003621 -0.280832 11.003621 -0.280832 
636.000000 10.981636 -0.280271 10.981636 -0.280271 
637.000000 10.959694 -0.279711 10.959694 -0.279711 
638.000000 10.937797 -0.279152 10.937797 -0.279152 
639.000000 10.915943 -0.278594 10.915943 -0.278594 
640.000000 10.894133 -0.278037 10.894133 -0.278037 
641.000000 10.872367 -0.277482 10.872367 -0.277482 
642.000000 10.850644 -0.276927 10.850644 -0.276927 
643.000000 10.828964 -0.276374 10.828964 -0.276374 
644.000000 10.807328 -0.275822 10.807328 -0.275822 
645.000000 10.785735 -0.275271 10.785735 -0.275271 
646.000000 10.764185 -0.274721 10.764185 -0.274721 
647.000000 10.742678 -0.274172 10.742678 -0.274172 
648.000000 10.721214 -0.273624 10.721214 -0.273624 
649.000000 10.699793 -0.273077 10.699793 -0.273077 
650.000000 10.678415 -0.272532 10.678415 -0.272532 
651.000000 10.657079 -0.271987 10.657079 -0.271987 
652.000000 10.635786 -0.271444 10.635786 -0.271444 
653.000000 10.614536 -0.270901 10.614536 -0.270901 
654.000000 10.593328 -0.270360 10.593328 -0.270360 
655.000000 10.572163 -0.269820 10.572163 -0.269820 
656.000000 10.551040 -0.269281 10.551040 -0.269281 
657.000000 10.529959 -0.268743 10.529959 -0.268743 
658.000000 10.508920 -0.268206 10.508920 -0.268206 
659.000000 10.487923 -0.267670 10.487923 -0.267670 
660.000000 10.466968 -0.267135 10.466968 -0.267135 
661.000000 10.446055 -0.266602 10.446055 -0.266602 
662.000000 10.425184 -0.266069 10.425184 -0.266069 
663.000000 10.404354 -0.265537 10.404354 -0.265537 
664.000000 10.383566 -0.265007 10.383566 -0.265007 
665.000000 10.362820 -0.264477 10.362820 -0.264477 
666.000000 10.342115 -0.263949 10.342115 -0.263949 
667.000000 10.321451 -0.263421 10.321451 -0.263421 
668.000000 10.300829 -0.262895 10.300829 -0.262895 
669.000000 10.280248 -0.262370 10.280248 -0.262370 
670.000000 10.259708 -0.261846 10.259708 -0.261846 
671.000000 10.239209 -0.261323 10.239209 -0.261323 
672.000000 10.218751 -0.260800 10.218751 -0.260800 
673.000000 10.198334 -0.260279 10.198334 -0.260279 
674.000000 10.177958 -0.259759 10.177958 -0.259759 
675.000000 10.157622 -0.259240 10.157622 -0.259240 
676.000000 10.137327 -0.258722 10.137327 -0.258722 
677.000000 10.117073 -0.258205 10.117073 -0.258205 
678.000000 10.096859 -0.257689 10.096859 -0.257689 
679.000000 10.076686 -0.257175 10.076686 -0.257175 
680.000000 10.056552 -0.256661 10.056552 -0.256661 
681.000000 10.036459 -0.256148 10.036459 -0.256148 
682.000000 10.016406 -0.255636 10.016406 -0.255636 
683.000000 9.996394 -0.255125 9.996394 -0.255125 
684.000000 9.976421 -0.254616 9.976421 -0.254616 
685.000000 9.956488 -0.254107 9.956488 -0.254107 
686.000000 9.936595 -0.253599 9.936595 -0.253599 
687.000000 9.916742 -0.253093 9.916742 -0.253093 
688.000000 9.896928 -0.252587 9.896928 -0.252587 
689.000000 9.877154 -0.252082 9.877154 -0.252082 
690.000000 9.857419 -0.251579 9.857419 -0.251579 
691.000000 9.837724 -0.251076 9.837724 -0.251076 
692.000000 9.818068 -0.250574 9.818068 -0.250574 
693.000000 9.798452 -0.250074 9.798452 -0.250074 
694.000000 9.778874 -0.249574 9.778874 -0.249574 
695.000000 9.759336 -0.249075 9.759336 -0.249075 
696.000000 9.739837 -0.248578 9.739837 -0.248578 
697.000000 9.720377 -0.248081 9.720377 -0.248081 
698.000000 9.700956 -0.247585 9.700956 -0.247585 
699.000000 9.681573 -0.247091 9.681573 -0.247091 
700.000000 9.662229 -0.246597 9.662229 -0.246597 
701.000000 9.642924 -0.246104 9.642924 -0.246104 
702.000000 9.623658 -0.245613 9.623658 -0.245613 
703.000000 9.604429 -0.245122 9.604429 -0.245122 
704.000000 9.585240 -0.244632 9.585240 -0.244632 
705.000000 9.566088 -0.244143 9.566088 -0.244143 
706.000000 9.546975 -0.243655 9.546975 -0.243655 
707.000000 9.527901 -0.243169 9.527901 -0.243169 
708.000000 9.508864 -0.242683 9.508864 -0.242683 
709.000000 9.489865 -0.242198 9.489865 -0.242198 
710.000000 9.470904 -0.241714 9.470904 -0.241714 
711.000000 9.451981 -0.241231 9.451981 -0.241231 
712.000000 9.433096 -0.240749 9.433096 -0.240749 
713.000000 9.414249 -0.240268 9.414249 -0.240268 
714.000000 9.395439 -0.239788 9.395439 -0.239788 
715.000000 9.376667 -0.239309 9.376667 -0.239309 
716.000000 9.357933 -0.238831 9.357933 -0.238831 
717.000000 9.339235 -0.238354 9.339235 -0.238354 
718.000000 9.320576 -0.237877 9.320576 -0.237877 
719.000000 9.301953 -0.237402 9.301953 -0.237402 
720.000000 9.283368 -0.236928 9.283368 -0.236928 
721.000000 9.264820 -0.236454 9.264820 -0.236454 
722.000000 9.246309 -0.235982 9.246309 -0.235982 
723.000000 9.227834 -0.235510 9.227834 -0.235510 
724.000000 9.209397 -0.235040 9.209397 -0.235040 
725.000000 9.190997 -0.234570 9.190997 -0.234570 
726.000000 9.172633 -0.234102 9.172633 -0.234102 
727.000000 9.154306 -0.233634 9.154306 -0.233634 
728.000000 9.136016 -0.233167 9.136016 -0.233167 
729.000000 9.117762 -0.232701 9.117762 -0.232701 
730.000000 9.099545 -0.232236 9.099545 -0.232236 
731.000000 9.081364 -0.231772 9.081364 -0.231772 
732.000000 9.063219 -0.231309 9.063219 -0.231309 
733.000000 9.045111 -0.230847 9.045111 -0.230847 
734.000000 9.027039 -0.230386 9.027039 -0.230386 
735.000000 9.009003 -0.229925 9.009003 -0.229925 
736.000000 8.991003 -0.229466 8.991003 -0.229466 
737.000000 8.973039 -0.229008 8.973039 -0.229008 
738.000000 8.955111 -0.228550 8.955111 -0.228550 
739.000000 8.937218 -0.228093 8.937218 -0.228093 
740.000000 8.919362 -0.227638 8.919362 -0.227638 
741.000000 8.901541 -0.227183 8.901541 -0.227183 
742.000000 8.883756 -0.226729 8.883756 -0.226729 
743.000000 8.866006 -0.226276 8.866006 -0.226276 
744.000000 8.848292 -0.225824 8.848292 -0.225824 
745.000000 8.830613 -0.225373 8.830613 -0.225373 
746.000000 8.812969 -0.224922 8.812969 -0.224922 
747.000000 8.795361 -0.224473 8.795361 -0.224473 
748.000000 8.777788 -0.224024 8.777788 -0.224024 
749.000000 8.760250 -0.223577 8.760250 -0.223577 
750.000000 8.742747 -0.223130 8.742747 -0.223130 
751.000000 8.725279 -0.222684 8.725279 -0.222684 
752.000000 8.707845 -0.222239 8.707845 -0.222239 
753.000000 8.690447 -0.221795 8.690447 -0.221795 
754.000000 8.673084 -0.221352 8.673084 -0.221352 
755.000000 8.655755 -0.220910 8.655755 -0.220910 
756.000000 8.638461 -0.220469 8.638461 -0.220469 
757.000000 8.621201 -0.220028 8.621201 -0.220028 
758.000000 8.603976 -0.219588 8.603976 -0.219588 
759.000000 8.586785 -0.219150 8.586785 -0.219150 
760.000000 8.569629 -0.218712 8.569629 -0.218712 
761.000000 8.552506 -0.218275 8.552506 -0.218275 
762.000000 8.535419 -0.217839 8.535419 -0.217839 
763.000000 8.518365 -0.217404 8.518365 -0.217404 
764.000000 8.501345 -0.216969 8.501345 -0.216969 
765.000000 8.484359 -0.216536 8.484359 -0.216536 
766.000000 8.467408 -0.216103 8.467408 -0.216103 
767.000000 8.450490 -0.215671 8.450490 -0.215671 
768.000000 8.433606 -0.215240 8.433606 -0.215240 
769.000000 8.416755 -0.214810 8.416755 -0.214810 
770.000000 8.399939 -0.214381 8.399939 -0.214381 
771.000000 8.383155 -0.213953 8.383155 -0.213953 
772.000000 8.366406 -0.213525 8.366406 -0.213525 
773.000000 8.349690 -0.213099 8.349690 -0.213099 
774.000000 8.333007 -0.212673 8.333007 -0.212673 
775.000000 8.316358 -0.212248 8.316358 -0.212248 
776.000000 8.299742 -0.211824 8.299742 -0.211824 
777.000000 8.283159 -0.211401 8.283159 -0.211401 
778.000000 8.266609 -0.210978 8.266609 -0.210978 
779.000000 8.250092 -0.210557 8.250092 -0.210557 
780.000000 8.233609 -0.210136 8.233609 -0.210136 
781.000000 8.217158 -0.209716 8.217158 -0.209716 
782.000000 8.200740 -0.209297 8.200740 -0.209297 
783.000000 8.184355 -0.208879 8.184355 -0.208879 
784.000000 8.168003 -0.208462 8.168003 -0.208462 
785.000000 8.151683 -0.208045 8.151683 -0.208045 
786.000000 8.135396 -0.207630 8.135396 -0.207630 
787.000000 8.119141 -0.207215 8.119141 -0.207215 
788.000000 8.102919 -0.206801 8.102919 -0.206801 
789.000000 8.086730 -0.206387 8.086730 -0.206387 
790.000000 8.070572 -0.205975 8.070572 -0.205975 
791.000000 8.054447 -0.205564 8.054447 -0.205564 
792.000000 8.038354 -0.205153 8.038354 -0.205153 
793.000000 8.022294 -0.204743 8.022294 -0.204743 
794.000000 8.006265 -0.204334 8.006265 -0.204334 
795.000000 7.990269 -0.203926 7.990269 -0.203926 
796.000000 7.974304 -0.203518 7.974304 -0.203518 
797.000000 7.958372 -0.203112 7.958372 -0.203112 
798.000000 7.942471 -0.202706 7.942471 -0.202706 
799.000000 7.926602 -0.202301 7.926602 -0.202301 
800.000000 7.910764 -0.201897 7.910764 -0.201897 
801.000000 7.894959 -0.201493 7.894959 -0.201493 
802.000000 7.879184 -0.201091 7.879184 -0.201091 
803.000000 7.863442 -0.200689 7.863442 -0.200689 
804.000000 7.847731 -0.200288 7.847731 -0.200288 
805.000000 7.832051 -0.199888 7.832051 -0.199888 
806.000000 7.816402 -0.199488 7.816402 -0.199488 
807.000000 7.800785 -0.199090 7.800785 -0.199090 
808.000000 7.785199 -0.198692 7.785199 -0.198692 
809.000000 7.769644 -0.198295 7.769644 -0.198295 
810.000000 7.754121 -0.197899 7.754121 -0.197899 
811.000000 7.738628 -0.197503 7.738628 -0.197503 
812.000000 7.723166 -0.197109 7.723166 -0.197109 
813.000000 7.707735 -0.196715 7.707735 -0.196715 
814.000000 7.692335 -0.196322 7.692335 -0.196322 
815.000000 7.676966 -0.195930 7.676966 -0.195930 
816.000000 7.661627 -0.195538 7.661627 -0.195538 
817.000000 7.646319 -0.195147 7.646319 -0.195147 
818.000000 7.631042 -0.194758 7.631042 -0.194758 
819.000000 7.615795 -0.194368 7.615795 -0.194368 
820.000000 7.600579 -0.193980 7.600579 -0.193980 
821.000000 7.585393 -0.193592 7.585393 -0.193592 
822.000000 7.570237 -0.193206 7.570237 -0.193206 
823.000000 7.555112 -0.192820 7.555112 -0.192820 
824.000000 7.540017 -0.192434 7.540017 -0.192434 
825.000000 7.524952 -0.192050 7.524952 -0.192050 
826.000000 7.509917 -0.191666 7.509917 -0.191666 
827.000000 7.494912 -0.191283 7.494912 -0.191283 
828.000000 7.479937 -0.190901 7.479937 -0.190901 
829.000000 7.464992 -0.190520 7.464992 -0.190520 
830.000000 7.450077 -0.190139 7.450077 -0.190139 
831.000000 7.435192 -0.189759 7.435192 -0.189759 
832.000000 7.420336 -0.189380 7.420336 -0.189380 
833.000000 7.405511 -0.189002 7.405511 -0.189002 
834.000000 7.390714 -0.188624 7.390714 -0.188624 
835.000000 7.375948 -0.188247 7.375948 -0.188247 
836.000000 7.361211 -0.187871 7.361211 -0.187871 
837.000000 7.346503 -0.187496 7.346503 -0.187496 
838.000000 7.331825 -0.187121 7.331825 -0.187121 
839.000000 7.317176 -0.186747 7.317176 -0.186747 
840.000000 7.302556 -0.186374 7.302556 -0.186374 
841.000000 7.287965 -0.186002 7.287965 -0.186002 
842.000000 7.273404 -0.185630 7.273404 -0.185630 
843.000000 7.258872 -0.185259 7.258872 -0.185259 
844.000000 7.244368 -0.184889 7.244368 -0.184889 
845.000000 7.229894 -0.184520 7.229894 -0.184520 
846.000000 7.215449 -0.184151 7.215449 -0.184151 
847.000000 7.201032 -0.183783 7.201032 -0.183783 
848.000000 7.186645 -0.183416 7.186645 -0.183416 
849.000000 7.172286 -0.183049 7.172286 -0.183049 
850.000000 7.157955 -0.182684 7.157955 -0.182684 
851.000000 7.143654 -0.182319 7.143654 -0.182319 
852.000000 7.129381 -0.181954 7.129381 -0.181954 
853.000000 7.115136 -0.181591 7.115136 -0.181591 
854.000000 7.100920 -0.181228 7.100920 -0.181228 
855.000000 7.086733 -0.180866 7.086733 -0.180866 
856.000000 7.072573 -0.180504 7.072573 -0.180504 
857.000000 7.058442 -0.180144 7.058442 -0.180144 
858.000000 7.044340 -0.179784 7.044340 -0.179784 
859.000000 7.030265 -0.179425 7.030265 -0.179425 
860.000000 7.016218 -0.179066 7.016218 -0.179066 
861.000000 7.002200 -0.178708 7.002200 -0.178708 
862.000000 6.988210 -0.178351 6.988210 -0.178351 
863.000000 6.974247 -0.177995 6.974247 -0.177995 
864.000000 6.960313 -0.177639 6.960313 -0.177639 
865.000000 6.946406 -0.177284 6.946406 -0.177284 
866.000000 6.932527 -0.176930 6.932527 -0.176930 
867.000000 6.918676 -0.176577 6.918676 -0.176577 
868.000000 6.904852 -0.176224 6.904852 -0.176224 
869.000000 6.891056 -0.175872 6.891056 -0.175872 
870.000000 6.877288 -0.175520 6.877288 -0.175520 
871.000000 6.863547 -0.175170 6.863547 -0.175170 
872.000000 6.849834 -0.174820 6.849834 -0.174820 
873.000000 6.836148 -0.174470 6.836148 -0.174470 
874.000000 6.822489 -0.174122 6.822489 -0.174122 
875.000000 6.808858 -0.173774 6.808858 -0.173774 
876.000000 6.795254 -0.173427 6.795254 -0.173427 
877.000000 6.781677 -0.173080 6.781677 -0.173080 
878.000000 6.768127 -0.172734 6.768127 -0.172734 
879.000000 6.754604 -0.172389 6.754604 -0.172389 
880.000000 6.741109 -0.172045 6.741109 -0.172045 
881.000000 6.727640 -0.171701 6.727640 -0.171701 
882.000000 6.714198 -0.171358 6.714198 -0.171358 
883.000000 6.700783 -0.171016 6.700783 -0.171016 
884.000000 6.687395 -0.170674 6.687395 -0.170674 
885.000000 6.674033 -0.170333 6.674033 -0.170333 
886.000000 6.660699 -0.169993 6.660699 -0.169993 
887.000000 6.647391 -0.169653 6.647391 -0.169653 
888.000000 6.634109 -0.169314 6.634109 -0.169314 
889.000000 6.620854 -0.168976 6.620854 -0.168976 
890.000000 6.607626 -0.168638 6.607626 -0.168638 
891.000000 6.594424 -0.168301 6.594424 -0.168301 
892.000000 6.581248 -0.167965 6.581248 -0.167965 
893.000000 6.568099 -0.167629 6.568099 -0.167629 
894.000000 6.554976 -0.167294 6.554976 -0.167294 
895.000000 6.541879 -0.166960 6.541879 -0.166960 
896.000000 6.528808 -0.166627 6.528808 -0.166627 
897.000000 6.515763 -0.166294 6.515763 -0.166294 
898.000000 6.502745 -0.165961 6.502745 -0.165961 
899.000000 6.489753 -0.165630 6.489753 -0.165630 
900.000000 6.476786 -0.165299 6.476786 -0.165299 
901.000000 6.463845 -0.164969 6.463845 -0.164969 
902.000000 6.450931 -0.164639 6.450931 -0.164639 
903.000000 6.438042 -0.164310 6.438042 -0.164310 
904.000000 6.425178 -0.163982 6.425178 -0.163982 
905.000000 6.412341 -0.163654 6.412341 -0.163654 
906.000000 6.399529 -0.163327 6.399529 -0.163327 
907.000000 6.386743 -0.163001 6.386743 -0.163001 
908.000000 6.373982 -0.162675 6.373982 -0.162675 
909.000000 6.361247 -0.162350 6.361247 -0.162350 
910.000000 6.348537 -0.162026 6.348537 -0.162026 
911.000000 6.335853 -0.161702 6.335853 -0.161702 
912.000000 6.323194 -0.161379 6.323194 -0.161379 
913.000000 6.310560 -0.161057 6.310560 -0.161057 
914.000000 6.297951 -0.160735 6.297951 -0.160735 
915.000000 6.285368 -0.160414 6.285368 -0.160414 
916.000000 6.272810 -0.160093 6.272810 -0.160093 
917.000000 6.260277 -0.159773 6.260277 -0.159773 
918.000000 6.247769 -0.159454 6.247769 -0.159454 
919.000000 6.235286 -0.159135 6.235286 -0.159135 
920.000000 6.222828 -0.158817 6.222828 -0.158817 
921.000000 6.210394 -0.158500 6.210394 -0.158500 
922.000000 6.197986 -0.158183 6.197986 -0.158183 
923.000000 6.185602 -0.157867 6.185602 -0.157867 
924.000000 6.173244 -0.157552 6.173244 -0.157552 
925.000000 6.160909 -0.157237 6.160909 -0.157237 
926.000000 6.148600 -0.156923 6.148600 -0.156923 
927.000000 6.136315 -0.156609 6.136315 -0.156609 
928.000000 6.124055 -0.156297 6.124055 -0.156297 
929.000000 6.111819 -0.155984 6.111819 -0.155984 
930.000000 6.099607 -0.155673 6.099607 -0.155673 
931.000000 6.087420 -0.155362 6.087420 -0.155362 
932.000000 6.075258 -0.155051 6.075258 -0.155051 
933.000000 6.063119 -0.154741 6.063119 -0.154741 
934.000000 6.051005 -0.154432 6.051005 -0.154432 
935.000000 6.038915 -0.154124 6.038915 -0.154124 
936.000000 6.026849 -0.153816 6.026849 -0.153816 
937.000000 6.014808 -0.153508 6.014808 -0.153508 
938.000000 6.002790 -0.153202 6.002790 -0.153202 
939.000000 5.990797 -0.152896 5.990797 -0.152896 
940.000000 5.978827 -0.152590 5.978827 -0.152590 
941.000000 5.966881 -0.152285 5.966881 -0.152285 
942.000000 5.954959 -0.151981 5.954959 -0.151981 
943.000000 5.943061 -0.151677 5.943061 -0.151677 
944.000000 5.931187 -0.151374 5.931187 -0.151374 
945.000000 5.919337 -0.151072 5.919337 -0.151072 
946.000000 5.907510 -0.150770 5.907510 -0.150770 
947.000000 5.895707 -0.150469 5.895707 -0.150469 
948.000000 5.883927 -0.150168 5.883927 -0.150168 
949.000000 5.872171 -0.149868 5.872171 -0.149868 
950.000000 5.860438 -0.149569 5.860438 -0.149569 
951.000000 5.848729 -0.149270 5.848729 -0.149270 
952.000000 5.837043 -0.148972 5.837043 -0.148972 
953.000000 5.825381 -0.148674 5.825381 -0.148674 
954.000000 5.813742 -0.148377 5.813742 -0.148377 
955.000000 5.802126 -0.148080 5.802126 -0.148080 
956.000000 5.790533 -0.147785 5.790533 -0.147785 
957.000000 5.778964 -0.147489 5.778964 -0.147489 
958.000000 5.767417 -0.147195 5.767417 -0.147195 
959.000000 5.755894 -0.146900 5.755894 -0.146900 
960.000000 5.744394 -0.146607 5.744394 -0.146607 
961.000000 5.732917 -0.146314 5.732917 -0.146314 
962.000000 5.721462 -0.146022 5.721462 -0.146022 
963.000000 5.710031 -0.145730 5.710031 -0.145730 
964.000000 5.698622 -0.145439 5.698622 -0.145439 
965.000000 5.687236 -0.145148 5.687236 -0.145148 
966.000000 5.675873 -0.144858 5.675873 -0.144858 
967.000000 5.664533 -0.144569 5.664533 -0.144569 
968.000000 5.653215 -0.144280 5.653215 -0.144280 
969.000000 5.641920 -0.143992 5.641920 -0.143992 
970.000000 5.630647 -0.143704 5.630647 -0.143704 
971.000000 5.619397 -0.143417 5.619397 -0.143417 
972.000000 5.608170 -0.143130 5.608170 -0.143130 
973.000000 5.596964 -0.142844 5.596964 -0.142844 
974.000000 5.585782 -0.142559 5.585782 -0.142559 
975.000000 5.574621 -0.142274 5.574621 -0.142274 
976.000000 5.563483 -0.141990 5.563483 -0.141990 
977.000000 5.552367 -0.141706 5.552367 -0.141706 
978.000000 5.541274 -0.141423 5.541274 -0.141423 
979.000000 5.530202 -0.141140 5.530202 -0.141140 
980.000000 5.519153 -0.140858 5.519153 -0.140858 
981.000000 5.508126 -0.140577 5.508126 -0.140577 
982.000000 5.497120 -0.140296 5.497120 -0.140296 
983.000000 5.486137 -0.140016 5.486137 -0.140016 
984.000000 5.475176 -0.139736 5.475176 -0.139736 
985.000000 5.464236 -0.139457 5.464236 -0.139457 
986.000000 5.453319 -0.139178 5.453319 -0.139178 
987.000000 5.442423 -0.138900 5.442423 -0.138900 
988.000000 5.431549 -0.138623 5.431549 -0.138623 
989.000000 5.420697 -0.138346 5.420697 -0.138346 
990.000000 5.409866 -0.138069 5.409866 -0.138069 
991.000000 5.399057 -0.137793 5.399057 -0.137793 
992.000000 5.388270 -0.137518 5.388270 -0.137518 
993.000000 5.377504 -0.137243 5.377504 -0.137243 
994.000000 5.366760 -0.136969 5.366760 -0.136969 
995.000000 5.356037 -0.136695 5.356037 -0.136695 
996.000000 5.345336 -0.136422 5.345336 -0.136422 
997.000000 5.334656 -0.136150 5.334656 -0.136150 
998.000000 5.323997 -0.135878 5.323997 -0.135878 
999.000000 5.313360 -0.135606 5.313360 -0.135606 
