0.00000000 1.00000000 0.00000000
1.00000000 0.99964524 0.00035476
2.00000000 0.99858160 0.00141840
3.00000000 0.99681103 0.00318897
4.00000000 0.99433680 0.00566320
5.00000000 0.99116343 0.00883657
6.00000000 0.98729675 0.01270325
7.00000000 0.98274384 0.01725616
8.00000000 0.97751304 0.02248696
9.00000000 0.97161394 0.02838606
10.00000000 0.96505735 0.03494265
11.00000000 0.95785527 0.04214473
12.00000000 0.95002088 0.04997912
13.00000000 0.94156854 0.05843146
14.00000000 0.93251369 0.06748631
15.00000000 0.92287292 0.07712708
16.00000000 0.91266384 0.08733616
17.00000000 0.90190512 0.09809488
18.00000000 0.89061642 0.10938358
19.00000000 0.87881837 0.12118163
20.00000000 0.86653251 0.13346749
21.00000000 0.85378126 0.14621874
22.00000000 0.84058790 0.15941210
23.00000000 0.82697649 0.17302351
24.00000000 0.81297184 0.18702816
25.00000000 0.79859946 0.20140054
26.00000000 0.78388554 0.21611446
27.00000000 0.76885686 0.23114314
28.00000000 0.75354075 0.24645925
29.00000000 0.73796507 0.26203493
30.00000000 0.72215812 0.27784188
31.00000000 0.70614860 0.29385140
32.00000000 0.68996555 0.31003445
33.00000000 0.67363834 0.32636166
34.00000000 0.65719654 0.34280346
35.00000000 0.64066993 0.35933007
36.00000000 0.62408840 0.37591160
37.00000000 0.60748192 0.39251808
38.00000000 0.59088050 0.40911950
39.00000000 0.57431408 0.42568592
40.00000000 0.55781252 0.44218748
41.00000000 0.54140554 0.45859446
42.00000000 0.52512265 0.47487735
43.00000000 0.50899311 0.49100689
44.00000000 0.49304585 0.50695415
45.00000000 0.47730946 0.52269054
46.00000000 0.46181209 0.53818791
47.00000000 0.44658144 0.55341856
48.00000000 0.43164469 0.56835531
49.00000000 0.41702845 0.58297155
50.00000000 0.40275869 0.59724131
51.00000000 0.38886076 0.61113924
52.00000000 0.37535925 0.62464075
53.00000000 0.36227804 0.63772196
54.00000000 0.34964018 0.65035982
55.00000000 0.33746790 0.66253210
56.00000000 0.32578255 0.67421745
57.00000000 0.31460454 0.68539546
58.00000000 0.30395335 0.69604665
59.00000000 0.29384747 0.70615253
60.00000000 0.28430436 0.71569564
61.00000000 0.27534042 0.72465958
62.00000000 0.26697099 0.73302901
63.00000000 0.25921029 0.74078971
64.00000000 0.25207141 0.74792859
65.00000000 0.24556628 0.75443372
66.00000000 0.23970568 0.76029432
67.00000000 0.23449916 0.76550084
68.00000000 0.22995509 0.77004491
69.00000000 0.22608061 0.77391939
70.00000000 0.22288163 0.77711837
71.00000000 0.22036281 0.77963719
72.00000000 0.21852757 0.78147243
73.00000000 0.21737808 0.78262192
74.00000000 0.21691525 0.78308475
75.00000000 0.21713873 0.78286127
76.00000000 0.21804694 0.78195306
77.00000000 0.21963704 0.78036296
78.00000000 0.22190495 0.77809505
79.00000000 0.22484538 0.77515462
80.00000000 0.22845179 0.77154821
81.00000000 0.23271649 0.76728351
82.00000000 0.23763055 0.76236945
83.00000000 0.24318392 0.75681608
84.00000000 0.24936536 0.75063464
85.00000000 0.25616256 0.74383744
86.00000000 0.26356206 0.73643794
87.00000000 0.27154937 0.72845063
88.00000000 0.28010894 0.71989106
89.00000000 0.28922420 0.71077580
90.00000000 0.29887762 0.70112238
91.00000000 0.30905072 0.69094928
92.00000000 0.31972412 0.68027588
93.00000000 0.33087754 0.66912246
94.00000000 0.34248990 0.65751010
95.00000000 0.35453932 0.64546068
96.00000000 0.36700317 0.63299683
97.00000000 0.37985811 0.62014189
98.00000000 0.39308015 0.60691985
99.00000000 0.40664466 0.59335534
100.00000000 0.42052648 0.57947352
101.00000000 0.43469990 0.56530010
102.00000000 0.44913874 0.55086126
103.00000000 0.46381640 0.53618360
104.00000000 0.47870591 0.52129409
105.00000000 0.49377997 0.50622003
106.00000000 0.50901101 0.49098899
107.00000000 0.52437124 0.47562876
108.00000000 0.53983269 0.46016731
109.00000000 0.55536730 0.44463270
110.00000000 0.57094690 0.42905310
111.00000000 0.58654334 0.41345666
112.00000000 0.60212850 0.39787150
113.00000000 0.61767433 0.38232567
114.00000000 0.63315293 0.36684707
115.00000000 0.64853661 0.35146339
116.00000000 0.66379790 0.33620210
117.00000000 0.67890960 0.32109040
118.00000000 0.69384490 0.30615510
119.00000000 0.70857733 0.29142267
120.00000000 0.72308089 0.27691911
121.00000000 0.73733002 0.26266998
122.00000000 0.75129974 0.24870026
123.00000000 0.76496559 0.23503441
124.00000000 0.77830375 0.22169625
125.00000000 0.79129105 0.20870895
126.00000000 0.80390502 0.19609498
127.00000000 0.81612393 0.18387607
128.00000000 0.82792680 0.17207320
129.00000000 0.83929349 0.16070651
130.00000000 0.85020467 0.14979533
131.00000000 0.86064193 0.13935807
132.00000000 0.87058772 0.12941228
133.00000000 0.88002545 0.11997455
134.00000000 0.88893951 0.11106049
135.00000000 0.89731526 0.10268474
136.00000000 0.90513907 0.09486093
137.00000000 0.91239836 0.08760164
138.00000000 0.91908160 0.08091840
139.00000000 0.92517833 0.07482167
140.00000000 0.93067918 0.06932082
141.00000000 0.93557590 0.06442410
142.00000000 0.93986133 0.06013867
143.00000000 0.94352945 0.05647055
144.00000000 0.94657536 0.05342464
145.00000000 0.94899532 0.05100468
146.00000000 0.95078670 0.04921330
147.00000000 0.95194805 0.04805195
148.00000000 0.95247901 0.04752099
149.00000000 0.95238042 0.04761958
150.00000000 0.95165419 0.04834581
151.00000000 0.95030340 0.04969660
152.00000000 0.94833223 0.05166777
153.00000000 0.94574598 0.05425402
154.00000000 0.94255101 0.05744899
155.00000000 0.93875479 0.06124521
156.00000000 0.93436583 0.06563417
157.00000000 0.92939370 0.07060630
158.00000000 0.92384896 0.07615104
159.00000000 0.91774320 0.08225680
160.00000000 0.91108897 0.08891103
161.00000000 0.90389976 0.09610024
162.00000000 0.89618999 0.10381001
163.00000000 0.88797497 0.11202503
164.00000000 0.87927085 0.12072915
165.00000000 0.87009464 0.12990536
166.00000000 0.86046412 0.13953588
167.00000000 0.85039783 0.14960217
168.00000000 0.83991504 0.16008496
169.00000000 0.82903571 0.17096429
170.00000000 0.81778044 0.18221956
171.00000000 0.80617042 0.19382958
172.00000000 0.79422743 0.20577257
173.00000000 0.78197377 0.21802623
174.00000000 0.76943221 0.23056779
175.00000000 0.75662597 0.24337403
176.00000000 0.74357867 0.25642133
177.00000000 0.73031428 0.26968572
178.00000000 0.71685706 0.28314294
179.00000000 0.70323155 0.29676845
180.00000000 0.68946250 0.31053750
181.00000000 0.67557485 0.32442515
182.00000000 0.66159363 0.33840637
183.00000000 0.64754397 0.35245603
184.00000000 0.63345105 0.36654895
185.00000000 0.61934000 0.38066000
186.00000000 0.60523593 0.39476407
187.00000000 0.59116383 0.40883617
188.00000000 0.57714854 0.42285146
189.00000000 0.56321473 0.43678527
190.00000000 0.54938681 0.45061319
191.00000000 0.53568892 0.46431108
192.00000000 0.52214489 0.47785511
193.00000000 0.50877817 0.49122183
194.00000000 0.49561184 0.50438816
195.00000000 0.48266849 0.51733151
196.00000000 0.46997027 0.53002973
197.00000000 0.45753878 0.54246122
198.00000000 0.44539509 0.55460491
199.00000000 0.43355965 0.56644035
200.00000000 0.42205230 0.57794770
201.00000000 0.41089222 0.58910778
202.00000000 0.40009788 0.59990212
203.00000000 0.38968706 0.61031294
204.00000000 0.37967675 0.62032325
205.00000000 0.37008318 0.62991682
206.00000000 0.36092179 0.63907821
207.00000000 0.35220715 0.64779285
208.00000000 0.34395302 0.65604698
209.00000000 0.33617225 0.66382775
210.00000000 0.32887682 0.67112318
211.00000000 0.32207779 0.67792221
212.00000000 0.31578529 0.68421471
213.00000000 0.31000851 0.68999149
214.00000000 0.30475569 0.69524431
215.00000000 0.30003409 0.69996591
216.00000000 0.29585001 0.70414999
217.00000000 0.29220877 0.70779123
218.00000000 0.28911468 0.71088532
219.00000000 0.28657108 0.71342892
220.00000000 0.28458032 0.71541968
221.00000000 0.28314374 0.71685626
222.00000000 0.28226169 0.71773831
223.00000000 0.28193356 0.71806644
224.00000000 0.28215772 0.71784228
225.00000000 0.28293158 0.71706842
226.00000000 0.28425160 0.71574840
227.00000000 0.28611325 0.71388675
228.00000000 0.28851109 0.71148891
229.00000000 0.29143873 0.70856127
230.00000000 0.29488887 0.70511113
231.00000000 0.29885331 0.70114669
232.00000000 0.30332298 0.69667702
233.00000000 0.30828794 0.69171206
234.00000000 0.31373741 0.68626259
235.00000000 0.31965982 0.68034018
236.00000000 0.32604277 0.67395723
237.00000000 0.33287313 0.66712687
238.00000000 0.34013701 0.65986299
239.00000000 0.34781983 0.65218017
240.00000000 0.35590631 0.64409369
241.00000000 0.36438052 0.63561948
242.00000000 0.37322593 0.62677407
243.00000000 0.38242540 0.61757460
244.00000000 0.39196126 0.60803874
245.00000000 0.40181529 0.59818471
246.00000000 0.41196881 0.58803119
247.00000000 0.42240268 0.57759732
248.00000000 0.43309735 0.56690265
249.00000000 0.44403289 0.55596711
250.00000000 0.45518903 0.54481097
251.00000000 0.46654520 0.53345480
252.00000000 0.47808056 0.52191944
253.00000000 0.48977406 0.51022594
254.00000000 0.50160444 0.49839556
255.00000000 0.51355032 0.48644968
256.00000000 0.52559017 0.47440983
257.00000000 0.53770242 0.46229758
258.00000000 0.54986547 0.45013453
259.00000000 0.56205771 0.43794229
260.00000000 0.57425757 0.42574243
261.00000000 0.58644358 0.41355642
262.00000000 0.59859438 0.40140562
263.00000000 0.61068877 0.38931123
264.00000000 0.62270575 0.37729425
265.00000000 0.63462453 0.36537547
266.00000000 0.64642461 0.35357539
267.00000000 0.65808577 0.34191423
268.00000000 0.66958816 0.33041184
269.00000000 0.68091227 0.31908773
270.00000000 0.69203899 0.30796101
271.00000000 0.70294966 0.29705034
272.00000000 0.71362608 0.28637392
273.00000000 0.72405055 0.27594945
274.00000000 0.73420589 0.26579411
275.00000000 0.74407546 0.25592454
276.00000000 0.75364322 0.24635678
277.00000000 0.76289373 0.23710627
278.00000000 0.77181217 0.22818783
279.00000000 0.78038437 0.21961563
280.00000000 0.78859685 0.21140315
281.00000000 0.79643681 0.20356319
282.00000000 0.80389217 0.19610783
283.00000000 0.81095159 0.18904841
284.00000000 0.81760445 0.18239555
285.00000000 0.82384093 0.17615907
286.00000000 0.82965197 0.17034803
287.00000000 0.83502929 0.16497071
288.00000000 0.83996542 0.16003458
289.00000000 0.84445370 0.15554630
290.00000000 0.84848828 0.15151172
291.00000000 0.85206414 0.14793586
292.00000000 0.85517710 0.14482290
293.00000000 0.85782378 0.14217622
294.00000000 0.86000165 0.13999835
295.00000000 0.86170903 0.13829097
296.00000000 0.86294504 0.13705496
297.00000000 0.86370965 0.13629035
298.00000000 0.86400365 0.13599635
299.00000000 0.86382865 0.13617135
300.00000000 0.86318708 0.13681292
301.00000000 0.86208217 0.13791783
302.00000000 0.86051794 0.13948206
303.00000000 0.85849919 0.14150081
304.00000000 0.85603151 0.14396849
305.00000000 0.85312124 0.14687876
306.00000000 0.84977545 0.15022455
307.00000000 0.84600195 0.15399805
308.00000000 0.84180926 0.15819074
309.00000000 0.83720658 0.16279342
310.00000000 0.83220379 0.16779621
311.00000000 0.82681143 0.17318857
312.00000000 0.82104064 0.17895936
313.00000000 0.81490319 0.18509681
314.00000000 0.80841143 0.19158857
315.00000000 0.80157825 0.19842175
316.00000000 0.79441708 0.20558292
317.00000000 0.78694188 0.21305812
318.00000000 0.77916705 0.22083295
319.00000000 0.77110747 0.22889253
320.00000000 0.76277843 0.23722157
321.00000000 0.75419560 0.24580440
322.00000000 0.74537505 0.25462495
323.00000000 0.73633315 0.26366685
324.00000000 0.72708658 0.27291342
325.00000000 0.71765232 0.28234768
326.00000000 0.70804756 0.29195244
327.00000000 0.69828971 0.30171029
328.00000000 0.68839636 0.31160364
329.00000000 0.67838526 0.32161474
330.00000000 0.66827424 0.33172576
331.00000000 0.65808127 0.34191873
332.00000000 0.64782431 0.35217569
333.00000000 0.63752138 0.36247862
334.00000000 0.62719049 0.37280951
335.00000000 0.61684958 0.38315042
336.00000000 0.60651653 0.39348347
337.00000000 0.59620914 0.40379086
338.00000000 0.58594503 0.41405497
339.00000000 0.57574169 0.42425831
340.00000000 0.56561640 0.43438360
341.00000000 0.55558621 0.44441379
342.00000000 0.54566794 0.45433206
343.00000000 0.53587812 0.46412188
344.00000000 0.52623296 0.47376704
345.00000000 0.51674835 0.48325165
346.00000000 0.50743982 0.49256018
347.00000000 0.49832250 0.50167750
348.00000000 0.48941113 0.51058887
349.00000000 0.48072001 0.51927999
350.00000000 0.47226298 0.52773702
351.00000000 0.46405342 0.53594658
352.00000000 0.45610418 0.54389582
353.00000000 0.44842762 0.55157238
354.00000000 0.44103556 0.55896444
355.00000000 0.43393927 0.56606073
356.00000000 0.42714943 0.57285057
357.00000000 0.42067616 0.57932384
358.00000000 0.41452896 0.58547104
359.00000000 0.40871673 0.59128327
360.00000000 0.40324773 0.59675227
361.00000000 0.39812961 0.60187039
362.00000000 0.39336935 0.60663065
363.00000000 0.38897328 0.61102672
364.00000000 0.38494707 0.61505293
365.00000000 0.38129574 0.61870426
366.00000000 0.37802360 0.62197640
367.00000000 0.37513432 0.62486568
368.00000000 0.37263086 0.62736914
369.00000000 0.37051552 0.62948448
370.00000000 0.36878991 0.63121009
371.00000000 0.36745497 0.63254503
372.00000000 0.36651094 0.63348906
373.00000000 0.36595740 0.63404260
374.00000000 0.36579327 0.63420673
375.00000000 0.36601679 0.63398321
376.00000000 0.36662554 0.63337446
377.00000000 0.36761645 0.63238355
378.00000000 0.36898583 0.63101417
379.00000000 0.37072934 0.62927066
380.00000000 0.37284201 0.62715799
381.00000000 0.37531828 0.62468172
382.00000000 0.37815199 0.62184801
383.00000000 0.38133639 0.61866361
384.00000000 0.38486418 0.61513582
385.00000000 0.38872750 0.61127250
386.00000000 0.39291795 0.60708205
387.00000000 0.39742662 0.60257338
388.00000000 0.40224410 0.59775590
389.00000000 0.40736051 0.59263949
390.00000000 0.41276548 0.58723452
391.00000000 0.41844824 0.58155176
392.00000000 0.42439757 0.57560243
393.00000000 0.43060188 0.56939812
394.00000000 0.43704918 0.56295082
395.00000000 0.44372715 0.55627285
396.00000000 0.45062313 0.54937687
397.00000000 0.45772416 0.54227584
398.00000000 0.46501698 0.53498302
399.00000000 0.47248811 0.52751189
400.00000000 0.48012380 0.51987620
401.00000000 0.48791012 0.51208988
402.00000000 0.49583295 0.50416705
403.00000000 0.50387801 0.49612199
404.00000000 0.51203088 0.48796912
405.00000000 0.52027706 0.47972294
406.00000000 0.52860196 0.47139804
407.00000000 0.53699091 0.46300909
408.00000000 0.54542924 0.45457076
409.00000000 0.55390227 0.44609773
410.00000000 0.56239534 0.43760466
411.00000000 0.57089383 0.42910617
412.00000000 0.57938320 0.42061680
413.00000000 0.58784900 0.41215100
414.00000000 0.59627689 0.40372311
415.00000000 0.60465270 0.39534730
416.00000000 0.61296241 0.38703759
417.00000000 0.62119219 0.37880781
418.00000000 0.62932843 0.37067157
419.00000000 0.63735774 0.36264226
420.00000000 0.64526700 0.35473300
421.00000000 0.65304337 0.34695663
422.00000000 0.66067430 0.33932570
423.00000000 0.66814756 0.33185244
424.00000000 0.67545126 0.32454874
425.00000000 0.68257385 0.31742615
426.00000000 0.68950416 0.31049584
427.00000000 0.69623144 0.30376856
428.00000000 0.70274530 0.29725470
429.00000000 0.70903579 0.29096421
430.00000000 0.71509340 0.28490660
431.00000000 0.72090907 0.27909093
432.00000000 0.72647419 0.27352581
433.00000000 0.73178065 0.26821935
434.00000000 0.73682078 0.26317922
435.00000000 0.74158746 0.25841254
436.00000000 0.74607404 0.25392596
437.00000000 0.75027439 0.24972561
438.00000000 0.75418290 0.24581710
439.00000000 0.75779450 0.24220550
440.00000000 0.76110464 0.23889536
441.00000000 0.76410931 0.23589069
442.00000000 0.76680505 0.23319495
443.00000000 0.76918892 0.23081108
444.00000000 0.77125856 0.22874144
445.00000000 0.77301213 0.22698787
446.00000000 0.77444836 0.22555164
447.00000000 0.77556649 0.22443351
448.00000000 0.77636634 0.22363366
449.00000000 0.77684826 0.22315174
450.00000000 0.77701313 0.22298687
451.00000000 0.77686237 0.22313763
452.00000000 0.77639792 0.22360208
453.00000000 0.77562224 0.22437776
454.00000000 0.77453832 0.22546168
455.00000000 0.77314963 0.22685037
456.00000000 0.77146016 0.22853984
457.00000000 0.76947438 0.23052562
458.00000000 0.76719722 0.23280278
459.00000000 0.76463411 0.23536589
460.00000000 0.76179089 0.23820911
461.00000000 0.75867387 0.24132613
462.00000000 0.75528979 0.24471021
463.00000000 0.75164578 0.24835422
464.00000000 0.74774939 0.25225061
465.00000000 0.74360855 0.25639145
466.00000000 0.73923154 0.26076846
467.00000000 0.73462703 0.26537297
468.00000000 0.72980399 0.27019601
469.00000000 0.72477172 0.27522828
470.00000000 0.71953982 0.28046018
471.00000000 0.71411817 0.28588183
472.00000000 0.70851693 0.29148307
473.00000000 0.70274648 0.29725352
474.00000000 0.69681745 0.30318255
475.00000000 0.69074065 0.30925935
476.00000000 0.68452711 0.31547289
477.00000000 0.67818801 0.32181199
478.00000000 0.67173467 0.32826533
479.00000000 0.66517855 0.33482145
480.00000000 0.65853122 0.34146878
481.00000000 0.65180432 0.34819568
482.00000000 0.64500959 0.35499041
483.00000000 0.63815877 0.36184123
484.00000000 0.63126368 0.36873632
485.00000000 0.62433611 0.37566389
486.00000000 0.61738784 0.38261216
487.00000000 0.61043064 0.38956936
488.00000000 0.60347620 0.39652380
489.00000000 0.59653616 0.40346384
490.00000000 0.58962206 0.41037794
491.00000000 0.58274532 0.41725468
492.00000000 0.57591724 0.42408276
493.00000000 0.56914899 0.43085101
494.00000000 0.56245155 0.43754845
495.00000000 0.55583573 0.44416427
496.00000000 0.54931213 0.45068787
497.00000000 0.54289116 0.45710884
498.00000000 0.53658296 0.46341704
499.00000000 0.53039745 0.46960255
500.00000000 0.52434427 0.47565573
501.00000000 0.51843281 0.48156719
502.00000000 0.51267213 0.48732787
503.00000000 0.50707101 0.49292899
504.00000000 0.50163790 0.49836210
505.00000000 0.49638093 0.50361907
506.00000000 0.49130788 0.50869212
507.00000000 0.48642617 0.51357383
508.00000000 0.48174288 0.51825712
509.00000000 0.47726468 0.52273532
510.00000000 0.47299789 0.52700211
511.00000000 0.46894843 0.53105157
512.00000000 0.46512181 0.53487819
513.00000000 0.46152314 0.53847686
514.00000000 0.45815713 0.54184287
515.00000000 0.45502807 0.54497193
516.00000000 0.45213981 0.54786019
517.00000000 0.44949579 0.55050421
518.00000000 0.44709902 0.55290098
519.00000000 0.44495208 0.55504792
520.00000000 0.44305711 0.55694289
521.00000000 0.44141582 0.55858418
522.00000000 0.44002949 0.55997051
523.00000000 0.43889896 0.56110104
524.00000000 0.43802464 0.56197536
525.00000000 0.43740651 0.56259349
526.00000000 0.43704411 0.56295589
527.00000000 0.43693657 0.56306343
528.00000000 0.43708260 0.56291740
529.00000000 0.43748049 0.56251951
530.00000000 0.43812811 0.56187189
531.00000000 0.43902294 0.56097706
532.00000000 0.44016205 0.55983795
533.00000000 0.44154212 0.55845788
534.00000000 0.44315946 0.55684054
535.00000000 0.44500999 0.55499001
536.00000000 0.44708928 0.55291072
537.00000000 0.44939252 0.55060748
538.00000000 0.45191459 0.54808541
539.00000000 0.45464999 0.54535001
540.00000000 0.45759294 0.54240706
541.00000000 0.46073733 0.53926267
542.00000000 0.46407673 0.53592327
543.00000000 0.46760446 0.53239554
544.00000000 0.47131353 0.52868647
545.00000000 0.47519671 0.52480329
546.00000000 0.47924653 0.52075347
547.00000000 0.48345525 0.51654475
548.00000000 0.48781495 0.51218505
549.00000000 0.49231749 0.50768251
550.00000000 0.49695452 0.50304548
551.00000000 0.50171755 0.49828245
552.00000000 0.50659791 0.49340209
553.00000000 0.51158678 0.48841322
554.00000000 0.51667522 0.48332478
555.00000000 0.52185419 0.47814581
556.00000000 0.52711453 0.47288547
557.00000000 0.53244700 0.46755300
558.00000000 0.53784231 0.46215769
559.00000000 0.54329110 0.45670890
560.00000000 0.54878400 0.45121600
561.00000000 0.55431161 0.44568839
562.00000000 0.55986451 0.44013549
563.00000000 0.56543331 0.43456669
564.00000000 0.57100866 0.42899134
565.00000000 0.57658123 0.42341877
566.00000000 0.58214177 0.41785823
567.00000000 0.58768109 0.41231891
568.00000000 0.59319009 0.40680991
569.00000000 0.59865978 0.40134022
570.00000000 0.60408128 0.39591872
571.00000000 0.60944586 0.39055414
572.00000000 0.61474492 0.38525508
573.00000000 0.61997001 0.38002999
574.00000000 0.62511287 0.37488713
575.00000000 0.63016543 0.36983457
576.00000000 0.63511979 0.36488021
577.00000000 0.63996829 0.36003171
578.00000000 0.64470346 0.35529654
579.00000000 0.64931808 0.35068192
580.00000000 0.65380518 0.34619482
581.00000000 0.65815803 0.34184197
582.00000000 0.66237015 0.33762985
583.00000000 0.66643536 0.33356464
584.00000000 0.67034773 0.32965227
585.00000000 0.67410165 0.32589835
586.00000000 0.67769176 0.32230824
587.00000000 0.68111305 0.31888695
588.00000000 0.68436080 0.31563920
589.00000000 0.68743059 0.31256941
590.00000000 0.69031834 0.30968166
591.00000000 0.69302029 0.30697971
592.00000000 0.69553300 0.30446700
593.00000000 0.69785338 0.30214662
594.00000000 0.69997866 0.30002134
595.00000000 0.70190642 0.29809358
596.00000000 0.70363458 0.29636542
597.00000000 0.70516139 0.29483861
598.00000000 0.70648546 0.29351454
599.00000000 0.70760573 0.29239427
600.00000000 0.70852149 0.29147851
601.00000000 0.70923236 0.29076764
602.00000000 0.70973833 0.29026167
603.00000000 0.71003968 0.28996032
604.00000000 0.71013708 0.28986292
605.00000000 0.71003150 0.28996850
606.00000000 0.70972424 0.29027576
607.00000000 0.70921693 0.29078307
608.00000000 0.70851153 0.29148847
609.00000000 0.70761031 0.29238969
610.00000000 0.70651583 0.29348417
611.00000000 0.70523099 0.29476901
612.00000000 0.70375896 0.29624104
613.00000000 0.70210320 0.29789680
614.00000000 0.70026748 0.29973252
615.00000000 0.69825580 0.30174420
616.00000000 0.69607247 0.30392753
617.00000000 0.69372202 0.30627798
618.00000000 0.69120926 0.30879074
619.00000000 0.68853923 0.31146077
620.00000000 0.68571719 0.31428281
621.00000000 0.68274862 0.31725138
622.00000000 0.67963922 0.32036078
623.00000000 0.67639488 0.32360512
624.00000000 0.67302168 0.32697832
625.00000000 0.66952588 0.33047412
626.00000000 0.66591390 0.33408610
627.00000000 0.66219231 0.33780769
628.00000000 0.65836783 0.34163217
629.00000000 0.65444731 0.34555269
630.00000000 0.65043771 0.34956229
631.00000000 0.64634610 0.35365390
632.00000000 0.64217965 0.35782035
633.00000000 0.63794559 0.36205441
634.00000000 0.63365124 0.36634876
635.00000000 0.62930397 0.37069603
636.00000000 0.62491119 0.37508881
637.00000000 0.62048035 0.37951965
638.00000000 0.61601891 0.38398109
639.00000000 0.61153434 0.38846566
640.00000000 0.60703409 0.39296591
641.00000000 0.60252563 0.39747437
642.00000000 0.59801635 0.40198365
643.00000000 0.59351364 0.40648636
644.00000000 0.58902481 0.41097519
645.00000000 0.58455713 0.41544287
646.00000000 0.58011775 0.41988225
647.00000000 0.57571377 0.42428623
648.00000000 0.57135219 0.42864781
649.00000000 0.56703987 0.43296013
650.00000000 0.56278357 0.43721643
651.00000000 0.55858993 0.44141007
652.00000000 0.55446541 0.44553459
653.00000000 0.55041636 0.44958364
654.00000000 0.54644894 0.45355106
655.00000000 0.54256916 0.45743084
656.00000000 0.53878284 0.46121716
657.00000000 0.53509561 0.46490439
658.00000000 0.53151292 0.46848708
659.00000000 0.52804000 0.47196000
660.00000000 0.52468188 0.47531812
661.00000000 0.52144337 0.47855663
662.00000000 0.51832905 0.48167095
663.00000000 0.51534328 0.48465672
664.00000000 0.51249018 0.48750982
665.00000000 0.50977362 0.49022638
666.00000000 0.50719724 0.49280276
667.00000000 0.50476442 0.49523558
668.00000000 0.50247829 0.49752171
669.00000000 0.50034170 0.49965830
670.00000000 0.49835729 0.50164271
671.00000000 0.49652737 0.50347263
672.00000000 0.49485404 0.50514596
673.00000000 0.49333909 0.50666091
674.00000000 0.49198408 0.50801592
675.00000000 0.49079026 0.50920974
676.00000000 0.48975863 0.51024137
677.00000000 0.48888993 0.51111007
678.00000000 0.48818461 0.51181539
679.00000000 0.48764285 0.51235715
680.00000000 0.48726458 0.51273542
681.00000000 0.48704945 0.51295055
682.00000000 0.48699684 0.51300316
683.00000000 0.48710588 0.51289412
684.00000000 0.48737544 0.51262456
685.00000000 0.48780413 0.51219587
686.00000000 0.48839032 0.51160968
687.00000000 0.48913210 0.51086790
688.00000000 0.49002736 0.50997264
689.00000000 0.49107373 0.50892627
690.00000000 0.49226860 0.50773140
691.00000000 0.49360915 0.50639085
692.00000000 0.49509233 0.50490767
693.00000000 0.49671488 0.50328512
694.00000000 0.49847332 0.50152668
695.00000000 0.50036398 0.49963602
696.00000000 0.50238299 0.49761701
697.00000000 0.50452631 0.49547369
698.00000000 0.50678969 0.49321031
699.00000000 0.50916874 0.49083126
700.00000000 0.51165889 0.48834111
701.00000000 0.51425541 0.48574459
702.00000000 0.51695344 0.48304656
703.00000000 0.51974799 0.48025201
704.00000000 0.52263391 0.47736609
705.00000000 0.52560595 0.47439405
706.00000000 0.52865876 0.47134124
707.00000000 0.53178688 0.46821312
708.00000000 0.53498475 0.46501525
709.00000000 0.53824674 0.46175326
710.00000000 0.54156716 0.45843284
711.00000000 0.54494022 0.45505978
712.00000000 0.54836012 0.45163988
713.00000000 0.55182100 0.44817900
714.00000000 0.55531696 0.44468304
715.00000000 0.55884209 0.44115791
716.00000000 0.56239046 0.43760954
717.00000000 0.56595614 0.43404386
718.00000000 0.56953319 0.43046681
719.00000000 0.57311573 0.42688427
720.00000000 0.57669785 0.42330215
721.00000000 0.58027371 0.41972629
722.00000000 0.58383751 0.41616249
723.00000000 0.58738350 0.41261650
724.00000000 0.59090598 0.40909402
725.00000000 0.59439933 0.40560067
726.00000000 0.59785803 0.40214197
727.00000000 0.60127662 0.39872338
728.00000000 0.60464975 0.39535025
729.00000000 0.60797216 0.39202784
730.00000000 0.61123874 0.38876126
731.00000000 0.61444445 0.38555555
732.00000000 0.61758442 0.38241558
733.00000000 0.62065389 0.37934611
734.00000000 0.62364826 0.37635174
735.00000000 0.62656306 0.37343694
736.00000000 0.62939399 0.37060601
737.00000000 0.63213691 0.36786309
738.00000000 0.63478783 0.36521217
739.00000000 0.63734295 0.36265705
740.00000000 0.63979864 0.36020136
741.00000000 0.64215146 0.35784854
742.00000000 0.64439815 0.35560185
743.00000000 0.64653563 0.35346437
744.00000000 0.64856105 0.35143895
745.00000000 0.65047172 0.34952828
746.00000000 0.65226516 0.34773484
747.00000000 0.65393912 0.34606088
748.00000000 0.65549152 0.34450848
749.00000000 0.65692053 0.34307947
750.00000000 0.65822448 0.34177552
751.00000000 0.65940196 0.34059804
752.00000000 0.66045174 0.33954826
753.00000000 0.66137283 0.33862717
754.00000000 0.66216443 0.33783557
755.00000000 0.66282597 0.33717403
756.00000000 0.66335708 0.33664292
757.00000000 0.66375764 0.33624236
758.00000000 0.66402768 0.33597232
759.00000000 0.66416750 0.33583250
760.00000000 0.66417758 0.33582242
761.00000000 0.66405861 0.33594139
762.00000000 0.66381149 0.33618851
763.00000000 0.66343732 0.33656268
764.00000000 0.66293739 0.33706261
765.00000000 0.66231321 0.33768679
766.00000000 0.66156645 0.33843355
767.00000000 0.66069900 0.33930100
768.00000000 0.65971292 0.34028708
769.00000000 0.65861044 0.34138956
770.00000000 0.65739398 0.34260602
771.00000000 0.65606614 0.34393386
772.00000000 0.65462965 0.34537035
773.00000000 0.65308743 0.34691257
774.00000000 0.65144256 0.34855744
775.00000000 0.64969823 0.35030177
776.00000000 0.64785781 0.35214219
777.00000000 0.64592480 0.35407520
778.00000000 0.64390280 0.35609720
779.00000000 0.64179557 0.35820443
780.00000000 0.63960697 0.36039303
781.00000000 0.63734097 0.36265903
782.00000000 0.63500164 0.36499836
783.00000000 0.63259315 0.36740685
784.00000000 0.63011976 0.36988024
785.00000000 0.62758579 0.37241421
786.00000000 0.62499567 0.37500433
787.00000000 0.62235387 0.37764613
788.00000000 0.61966491 0.38033509
789.00000000 0.61693338 0.38306662
790.00000000 0.61416390 0.38583610
791.00000000 0.61136114 0.38863886
792.00000000 0.60852979 0.39147021
793.00000000 0.60567454 0.39432546
794.00000000 0.60280011 0.39719989
795.00000000 0.59991124 0.40008876
796.00000000 0.59701263 0.40298737
797.00000000 0.59410899 0.40589101
798.00000000 0.59120502 0.40879498
799.00000000 0.58830536 0.41169464
800.00000000 0.58541466 0.41458534
801.00000000 0.58253750 0.41746250
802.00000000 0.57967841 0.42032159
803.00000000 0.57684188 0.42315812
804.00000000 0.57403234 0.42596766
805.00000000 0.57125414 0.42874586
806.00000000 0.56851155 0.43148845
807.00000000 0.56580878 0.43419122
808.00000000 0.56314993 0.43685007
809.00000000 0.56053901 0.43946099
810.00000000 0.55797994 0.44202006
811.00000000 0.55547652 0.44452348
812.00000000 0.55303247 0.44696753
813.00000000 0.55065134 0.44934866
814.00000000 0.54833661 0.45166339
815.00000000 0.54609160 0.45390840
816.00000000 0.54391952 0.45608048
817.00000000 0.54182342 0.45817658
818.00000000 0.53980625 0.46019375
819.00000000 0.53787076 0.46212924
820.00000000 0.53601961 0.46398039
821.00000000 0.53425527 0.46574473
822.00000000 0.53258007 0.46741993
823.00000000 0.53099619 0.46900381
824.00000000 0.52950563 0.47049437
825.00000000 0.52811026 0.47188974
826.00000000 0.52681175 0.47318825
827.00000000 0.52561163 0.47438837
828.00000000 0.52451126 0.47548874
829.00000000 0.52351182 0.47648818
830.00000000 0.52261434 0.47738566
831.00000000 0.52181965 0.47818035
832.00000000 0.52112845 0.47887155
833.00000000 0.52054123 0.47945877
834.00000000 0.52005833 0.47994167
835.00000000 0.51967993 0.48032007
836.00000000 0.51940601 0.48059399
837.00000000 0.51923643 0.48076357
838.00000000 0.51917083 0.48082917
839.00000000 0.51920871 0.48079129
840.00000000 0.51934942 0.48065058
841.00000000 0.51959213 0.48040787
842.00000000 0.51993584 0.48006416
843.00000000 0.52037943 0.47962057
844.00000000 0.52092159 0.47907841
845.00000000 0.52156087 0.47843913
846.00000000 0.52229569 0.47770431
847.00000000 0.52312430 0.47687570
848.00000000 0.52404482 0.47595518
849.00000000 0.52505524 0.47494476
850.00000000 0.52615340 0.47384660
851.00000000 0.52733703 0.47266297
852.00000000 0.52860372 0.47139628
853.00000000 0.52995094 0.47004906
854.00000000 0.53137607 0.46862393
855.00000000 0.53287635 0.46712365
856.00000000 0.53444892 0.46555108
857.00000000 0.53609084 0.46390916
858.00000000 0.53779906 0.46220094
859.00000000 0.53957043 0.46042957
860.00000000 0.54140174 0.45859826
861.00000000 0.54328968 0.45671032
862.00000000 0.54523089 0.45476911
863.00000000 0.54722192 0.45277808
864.00000000 0.54925928 0.45074072
865.00000000 0.55133942 0.44866058
866.00000000 0.55345873 0.44654127
867.00000000 0.55561356 0.44438644
868.00000000 0.55780024 0.44219976
869.00000000 0.56001505 0.43998495
870.00000000 0.56225426 0.43774574
871.00000000 0.56451411 0.43548589
872.00000000 0.56679084 0.43320916
873.00000000 0.56908067 0.43091933
874.00000000 0.57137984 0.42862016
875.00000000 0.57368457 0.42631543
876.00000000 0.57599112 0.42400888
877.00000000 0.57829574 0.42170426
878.00000000 0.58059474 0.41940526
879.00000000 0.58288441 0.41711559
880.00000000 0.58516113 0.41483887
881.00000000 0.58742128 0.41257872
882.00000000 0.58966131 0.41033869
883.00000000 0.59187771 0.40812229
884.00000000 0.59406703 0.40593297
885.00000000 0.59622589 0.40377411
886.00000000 0.59835097 0.40164903
887.00000000 0.60043902 0.39956098
888.00000000 0.60248688 0.39751312
889.00000000 0.60449146 0.39550854
890.00000000 0.60644976 0.39355024
891.00000000 0.60835888 0.39164112
892.00000000 0.61021600 0.38978400
893.00000000 0.61201840 0.38798160
894.00000000 0.61376348 0.38623652
895.00000000 0.61544874 0.38455126
896.00000000 0.61707177 0.38292823
897.00000000 0.61863029 0.38136971
898.00000000 0.62012214 0.37987786
899.00000000 0.62154528 0.37845472
900.00000000 0.62289777 0.37710223
901.00000000 0.62417781 0.37582219
902.00000000 0.62538374 0.37461626
903.00000000 0.62651399 0.37348601
904.00000000 0.62756716 0.37243284
905.00000000 0.62854195 0.37145805
906.00000000 0.62943722 0.37056278
907.00000000 0.63025194 0.36974806
908.00000000 0.63098523 0.36901477
909.00000000 0.63163633 0.36836367
910.00000000 0.63220464 0.36779536
911.00000000 0.63268966 0.36731034
912.00000000 0.63309107 0.36690893
913.00000000 0.63340865 0.36659135
914.00000000 0.63364234 0.36635766
915.00000000 0.63379218 0.36620782
916.00000000 0.63385839 0.36614161
917.00000000 0.63384128 0.36615872
918.00000000 0.63374133 0.36625867
919.00000000 0.63355911 0.36644089
920.00000000 0.63329536 0.36670464
921.00000000 0.63295091 0.36704909
922.00000000 0.63252674 0.36747326
923.00000000 0.63202393 0.36797607
924.00000000 0.63144370 0.36855630
925.00000000 0.63078738 0.36921262
926.00000000 0.63005641 0.36994359
927.00000000 0.62925234 0.37074766
928.00000000 0.62837684 0.37162316
929.00000000 0.62743168 0.37256832
930.00000000 0.62641872 0.37358128
931.00000000 0.62533993 0.37466007
932.00000000 0.62419737 0.37580263
933.00000000 0.62299320 0.37700680
934.00000000 0.62172965 0.37827035
935.00000000 0.62040904 0.37959096
936.00000000 0.61903378 0.38096622
937.00000000 0.61760634 0.38239366
938.00000000 0.61612926 0.38387074
939.00000000 0.61460515 0.38539485
940.00000000 0.61303668 0.38696332
941.00000000 0.61142657 0.38857343
942.00000000 0.60977761 0.39022239
943.00000000 0.60809261 0.39190739
944.00000000 0.60637445 0.39362555
945.00000000 0.60462602 0.39537398
946.00000000 0.60285027 0.39714973
947.00000000 0.60105014 0.39894986
948.00000000 0.59922864 0.40077136
949.00000000 0.59738876 0.40261124
950.00000000 0.59553351 0.40446649
951.00000000 0.59366593 0.40633407
952.00000000 0.59178904 0.40821096
953.00000000 0.58990587 0.41009413
954.00000000 0.58801943 0.41198057
955.00000000 0.58613273 0.41386727
956.00000000 0.58424877 0.41575123
957.00000000 0.58237051 0.41762949
958.00000000 0.58050089 0.41949911
959.00000000 0.57864284 0.42135716
960.00000000 0.57679924 0.42320076
961.00000000 0.57497292 0.42502708
962.00000000 0.57316669 0.42683331
963.00000000 0.57138329 0.42861671
964.00000000 0.56962543 0.43037457
965.00000000 0.56789575 0.43210425
966.00000000 0.56619683 0.43380317
967.00000000 0.56453121 0.43546879
968.00000000 0.56290132 0.43709868
969.00000000 0.56130956 0.43869044
970.00000000 0.55975824 0.44024176
971.00000000 0.55824958 0.44175042
972.00000000 0.55678575 0.44321425
973.00000000 0.55536881 0.44463119
974.00000000 0.55400075 0.44599925
975.00000000 0.55268346 0.44731654
976.00000000 0.55141874 0.44858126
977.00000000 0.55020831 0.44979169
978.00000000 0.54905377 0.45094623
979.00000000 0.54795665 0.45204335
980.00000000 0.54691836 0.45308164
981.00000000 0.54594021 0.45405979
982.00000000 0.54502342 0.45497658
983.00000000 0.54416910 0.45583090
984.00000000 0.54337824 0.45662176
985.00000000 0.54265174 0.45734826
986.00000000 0.54199039 0.45800961
987.00000000 0.54139487 0.45860513
988.00000000 0.54086574 0.45913426
989.00000000 0.54040348 0.45959652
990.00000000 0.54000843 0.45999157
991.00000000 0.53968083 0.46031917
992.00000000 0.53942083 0.46057917
993.00000000 0.53922844 0.46077156
994.00000000 0.53910360 0.46089640
995.00000000 0.53904610 0.46095390
996.00000000 0.53905565 0.46094435
997.00000000 0.53913186 0.46086814
998.00000000 0.53927422 0.46072578
999.00000000 0.53948212 0.46051788
