0.00000000 1.00000000 0.00000000
1.00000000 0.99964536 0.00035464
2.00000000 0.99858326 0.00141674
3.00000000 0.99681892 0.00318108
4.00000000 0.99436084 0.00563916
5.00000000 0.99122070 0.00877930
6.00000000 0.98741323 0.01258677
7.00000000 0.98295614 0.01704386
8.00000000 0.97786985 0.02213015
9.00000000 0.97217741 0.02782259
10.00000000 0.96590423 0.03409577
11.00000000 0.95907788 0.04092212
12.00000000 0.95172786 0.04827214
13.00000000 0.94388535 0.05611465
14.00000000 0.93558298 0.06441702
15.00000000 0.92685455 0.07314545
16.00000000 0.91773480 0.08226520
17.00000000 0.90825915 0.09174085
18.00000000 0.89846349 0.10153651
19.00000000 0.88838389 0.11161611
20.00000000 0.87805642 0.12194358
21.00000000 0.86751692 0.13248308
22.00000000 0.85680084 0.14319916
23.00000000 0.84594299 0.15405701
24.00000000 0.83497744 0.16502256
25.00000000 0.82393735 0.17606265
26.00000000 0.81285486 0.18714514
27.00000000 0.80176092 0.19823908
28.00000000 0.79068529 0.20931471
29.00000000 0.77965637 0.22034363
30.00000000 0.76870123 0.23129877
31.00000000 0.75784547 0.24215453
32.00000000 0.74711329 0.25288671
33.00000000 0.73652739 0.26347261
34.00000000 0.72610904 0.27389096
35.00000000 0.71587803 0.28412197
36.00000000 0.70585270 0.29414730
37.00000000 0.69604999 0.30395001
38.00000000 0.68648548 0.31351452
39.00000000 0.67717336 0.32282664
40.00000000 0.66812657 0.33187343
41.00000000 0.65935678 0.34064322
42.00000000 0.65087444 0.34912556
43.00000000 0.64268890 0.35731110
44.00000000 0.63480837 0.36519163
45.00000000 0.62724004 0.37275996
46.00000000 0.61999011 0.38000989
47.00000000 0.61306383 0.38693617
48.00000000 0.60646557 0.39353443
49.00000000 0.60019886 0.39980114
50.00000000 0.59426642 0.40573358
51.00000000 0.58867025 0.41132975
52.00000000 0.58341159 0.41658841
53.00000000 0.57849106 0.42150894
54.00000000 0.57390860 0.42609140
55.00000000 0.56966358 0.43033642
56.00000000 0.56575479 0.43424521
57.00000000 0.56218047 0.43781953
58.00000000 0.55893835 0.44106165
59.00000000 0.55602567 0.44397433
60.00000000 0.55343923 0.44656077
61.00000000 0.55117534 0.44882466
62.00000000 0.54922993 0.45077007
63.00000000 0.54759850 0.45240150
64.00000000 0.54627617 0.45372383
65.00000000 0.54525770 0.45474230
66.00000000 0.54453750 0.45546250
67.00000000 0.54410962 0.45589038
68.00000000 0.54396781 0.45603219
69.00000000 0.54410552 0.45589448
70.00000000 0.54451587 0.45548413
71.00000000 0.54519174 0.45480826
72.00000000 0.54612573 0.45387427
73.00000000 0.54731018 0.45268982
74.00000000 0.54873720 0.45126280
75.00000000 0.55039867 0.44960133
76.00000000 0.55228626 0.44771374
77.00000000 0.55439144 0.44560856
78.00000000 0.55670549 0.44329451
79.00000000 0.55921953 0.44078047
80.00000000 0.56192452 0.43807548
81.00000000 0.56481124 0.43518876
82.00000000 0.56787038 0.43212962
83.00000000 0.57109249 0.42890751
84.00000000 0.57446801 0.42553199
85.00000000 0.57798729 0.42201271
86.00000000 0.58164059 0.41835941
87.00000000 0.58541809 0.41458191
88.00000000 0.58930994 0.41069006
89.00000000 0.59330621 0.40669379
90.00000000 0.59739695 0.40260305
91.00000000 0.60157217 0.39842783
92.00000000 0.60582186 0.39417814
93.00000000 0.61013602 0.38986398
94.00000000 0.61450462 0.38549538
95.00000000 0.61891766 0.38108234
96.00000000 0.62336514 0.37663486
97.00000000 0.62783710 0.37216290
98.00000000 0.63232359 0.36767641
99.00000000 0.63681470 0.36318530
100.00000000 0.64130058 0.35869942
101.00000000 0.64577141 0.35422859
102.00000000 0.65021743 0.34978257
103.00000000 0.65462895 0.34537105
104.00000000 0.65899636 0.34100364
105.00000000 0.66331011 0.33668989
106.00000000 0.66756077 0.33243923
107.00000000 0.67173899 0.32826101
108.00000000 0.67583555 0.32416445
109.00000000 0.67984135 0.32015865
110.00000000 0.68374744 0.31625256
111.00000000 0.68754505 0.31245495
112.00000000 0.69122558 0.30877442
113.00000000 0.69478064 0.30521936
114.00000000 0.69820206 0.30179794
115.00000000 0.70148197 0.29851803
116.00000000 0.70461274 0.29538726
117.00000000 0.70758709 0.29241291
118.00000000 0.71039808 0.28960192
119.00000000 0.71303916 0.28696084
120.00000000 0.71550420 0.28449580
121.00000000 0.71778750 0.28221250
122.00000000 0.71988390 0.28011610
123.00000000 0.72178873 0.27821127
124.00000000 0.72349789 0.27650211
125.00000000 0.72500788 0.27499212
126.00000000 0.72631583 0.27368417
127.00000000 0.72741952 0.27258048
128.00000000 0.72831741 0.27168259
129.00000000 0.72900867 0.27099133
130.00000000 0.72949321 0.27050679
131.00000000 0.72977164 0.27022836
132.00000000 0.72984535 0.27015465
133.00000000 0.72971648 0.27028352
134.00000000 0.72938790 0.27061210
135.00000000 0.72886323 0.27113677
136.00000000 0.72814682 0.27185318
137.00000000 0.72724373 0.27275627
138.00000000 0.72615968 0.27384032
139.00000000 0.72490107 0.27509893
140.00000000 0.72347489 0.27652511
141.00000000 0.72188870 0.27811130
142.00000000 0.72015059 0.27984941
143.00000000 0.71826912 0.28173088
144.00000000 0.71625325 0.28374675
145.00000000 0.71411230 0.28588770
146.00000000 0.71185589 0.28814411
147.00000000 0.70949387 0.29050613
148.00000000 0.70703625 0.29296375
149.00000000 0.70449315 0.29550685
150.00000000 0.70187471 0.29812529
151.00000000 0.69919106 0.30080894
152.00000000 0.69645224 0.30354776
153.00000000 0.69366814 0.30633186
154.00000000 0.69084845 0.30915155
155.00000000 0.68800260 0.31199740
156.00000000 0.68513973 0.31486027
157.00000000 0.68226862 0.31773138
158.00000000 0.67939768 0.32060232
159.00000000 0.67653486 0.32346514
160.00000000 0.67368772 0.32631228
161.00000000 0.67086329 0.32913671
162.00000000 0.66806813 0.33193187
163.00000000 0.66530831 0.33469169
164.00000000 0.66258936 0.33741064
165.00000000 0.65991630 0.34008370
166.00000000 0.65729363 0.34270637
167.00000000 0.65472533 0.34527467
168.00000000 0.65221490 0.34778510
169.00000000 0.64976532 0.35023468
170.00000000 0.64737913 0.35262087
171.00000000 0.64505837 0.35494163
172.00000000 0.64280470 0.35719530
173.00000000 0.64061932 0.35938068
174.00000000 0.63850308 0.36149692
175.00000000 0.63645647 0.36354353
176.00000000 0.63447963 0.36552037
177.00000000 0.63257241 0.36742759
178.00000000 0.63073441 0.36926559
179.00000000 0.62896494 0.37103506
180.00000000 0.62726314 0.37273686
181.00000000 0.62562792 0.37437208
182.00000000 0.62405806 0.37594194
183.00000000 0.62255218 0.37744782
184.00000000 0.62110880 0.37889120
185.00000000 0.61972633 0.38027367
186.00000000 0.61840312 0.38159688
187.00000000 0.61713748 0.38286252
188.00000000 0.61592766 0.38407234
189.00000000 0.61477191 0.38522809
190.00000000 0.61366848 0.38633152
191.00000000 0.61261561 0.38738439
192.00000000 0.61161157 0.38838843
193.00000000 0.61065466 0.38934534
194.00000000 0.60974322 0.39025678
195.00000000 0.60887563 0.39112437
196.00000000 0.60805031 0.39194969
197.00000000 0.60726576 0.39273424
198.00000000 0.60652051 0.39347949
199.00000000 0.60581315 0.39418685
200.00000000 0.60514235 0.39485765
201.00000000 0.60450682 0.39549318
202.00000000 0.60390533 0.39609467
203.00000000 0.60333672 0.39666328
204.00000000 0.60279986 0.39720014
205.00000000 0.60229370 0.39770630
206.00000000 0.60181722 0.39818278
207.00000000 0.60136947 0.39863053
208.00000000 0.60094951 0.39905049
209.00000000 0.60055648 0.39944352
210.00000000 0.60018952 0.39981048
211.00000000 0.59984783 0.40015217
212.00000000 0.59953063 0.40046937
213.00000000 0.59923717 0.40076283
214.00000000 0.59896671 0.40103329
215.00000000 0.59871855 0.40128145
216.00000000 0.59849200 0.40150800
217.00000000 0.59828637 0.40171363
218.00000000 0.59810100 0.40189900
219.00000000 0.59793524 0.40206476
220.00000000 0.59778844 0.40221156
221.00000000 0.59765995 0.40234005
222.00000000 0.59754912 0.40245088
223.00000000 0.59745532 0.40254468
224.00000000 0.59737792 0.40262208
225.00000000 0.59731626 0.40268374
226.00000000 0.59726971 0.40273029
227.00000000 0.59723761 0.40276239
228.00000000 0.59721933 0.40278067
229.00000000 0.59721420 0.40278580
230.00000000 0.59722156 0.40277844
231.00000000 0.59724075 0.40275925
232.00000000 0.59727110 0.40272890
233.00000000 0.59731193 0.40268807
234.00000000 0.59736254 0.40263746
235.00000000 0.59742226 0.40257774
236.00000000 0.59749037 0.40250963
237.00000000 0.59756616 0.40243384
238.00000000 0.59764891 0.40235109
239.00000000 0.59773790 0.40226210
240.00000000 0.59783238 0.40216762
241.00000000 0.59793161 0.40206839
242.00000000 0.59803484 0.40196516
243.00000000 0.59814129 0.40185871
244.00000000 0.59825020 0.40174980
245.00000000 0.59836077 0.40163923
246.00000000 0.59847223 0.40152777
247.00000000 0.59858379 0.40141621
248.00000000 0.59869464 0.40130536
249.00000000 0.59880398 0.40119602
250.00000000 0.59891103 0.40108897
251.00000000 0.59901498 0.40098502
252.00000000 0.59911506 0.40088494
253.00000000 0.59921048 0.40078952
254.00000000 0.59930050 0.40069950
255.00000000 0.59938435 0.40061565
256.00000000 0.59946133 0.40053867
257.00000000 0.59953076 0.40046924
258.00000000 0.59959196 0.40040804
259.00000000 0.59964432 0.40035568
260.00000000 0.59968728 0.40031272
261.00000000 0.59972030 0.40027970
262.00000000 0.59974292 0.40025708
263.00000000 0.59975471 0.40024529
264.00000000 0.59975533 0.40024467
265.00000000 0.59974450 0.40025550
266.00000000 0.59972201 0.40027799
267.00000000 0.59968770 0.40031230
268.00000000 0.59964152 0.40035848
269.00000000 0.59958347 0.40041653
270.00000000 0.59951365 0.40048635
271.00000000 0.59943221 0.40056779
272.00000000 0.59933939 0.40066061
273.00000000 0.59923550 0.40076450
274.00000000 0.59912092 0.40087908
275.00000000 0.59899610 0.40100390
276.00000000 0.59886155 0.40113845
277.00000000 0.59871781 0.40128219
278.00000000 0.59856550 0.40143450
279.00000000 0.59840527 0.40159473
280.00000000 0.59823779 0.40176221
281.00000000 0.59806379 0.40193621
282.00000000 0.59788396 0.40211604
283.00000000 0.59769905 0.40230095
284.00000000 0.59750979 0.40249021
285.00000000 0.59731687 0.40268313
286.00000000 0.59712101 0.40287899
287.00000000 0.59692286 0.40307714
288.00000000 0.59672305 0.40327695
289.00000000 0.59652216 0.40347784
290.00000000 0.59632072 0.40367928
291.00000000 0.59611920 0.40388080
292.00000000 0.59591800 0.40408200
293.00000000 0.59571745 0.40428255
294.00000000 0.59551781 0.40448219
295.00000000 0.59531926 0.40468074
296.00000000 0.59512190 0.40487810
297.00000000 0.59492575 0.40507425
298.00000000 0.59473073 0.40526927
299.00000000 0.59453672 0.40546328
300.00000000 0.59434348 0.40565652
301.00000000 0.59415072 0.40584928
302.00000000 0.59395805 0.40604195
303.00000000 0.59376506 0.40623494
304.00000000 0.59357122 0.40642878
305.00000000 0.59337597 0.40662403
306.00000000 0.59317872 0.40682128
307.00000000 0.59297879 0.40702121
308.00000000 0.59277550 0.40722450
309.00000000 0.59256813 0.40743187
310.00000000 0.59235592 0.40764408
311.00000000 0.59213813 0.40786187
312.00000000 0.59191398 0.40808602
313.00000000 0.59168272 0.40831728
314.00000000 0.59144359 0.40855641
315.00000000 0.59119585 0.40880415
316.00000000 0.59093878 0.40906122
317.00000000 0.59067171 0.40932829
318.00000000 0.59039399 0.40960601
319.00000000 0.59010500 0.40989500
320.00000000 0.58980419 0.41019581
321.00000000 0.58949106 0.41050894
322.00000000 0.58916514 0.41083486
323.00000000 0.58882606 0.41117394
324.00000000 0.58847346 0.41152654
325.00000000 0.58810710 0.41189290
326.00000000 0.58772677 0.41227323
327.00000000 0.58733233 0.41266767
328.00000000 0.58692373 0.41307627
329.00000000 0.58650095 0.41349905
330.00000000 0.58606408 0.41393592
331.00000000 0.58561324 0.41438676
332.00000000 0.58514863 0.41485137
333.00000000 0.58467052 0.41532948
334.00000000 0.58417922 0.41582078
335.00000000 0.58367512 0.41632488
336.00000000 0.58315866 0.41684134
337.00000000 0.58263030 0.41736970
338.00000000 0.58209060 0.41790940
339.00000000 0.58154013 0.41845987
340.00000000 0.58097951 0.41902049
341.00000000 0.58040939 0.41959061
342.00000000 0.57983046 0.42016954
343.00000000 0.57924345 0.42075655
344.00000000 0.57864909 0.42135091
345.00000000 0.57804815 0.42195185
346.00000000 0.57744142 0.42255858
347.00000000 0.57682969 0.42317031
348.00000000 0.57621377 0.42378623
349.00000000 0.57559446 0.42440554
350.00000000 0.57497259 0.42502741
351.00000000 0.57434897 0.42565103
352.00000000 0.57372441 0.42627559
353.00000000 0.57309972 0.42690028
354.00000000 0.57247569 0.42752431
355.00000000 0.57185310 0.42814690
356.00000000 0.57123273 0.42876727
357.00000000 0.57061533 0.42938467
358.00000000 0.57000164 0.42999836
359.00000000 0.56939236 0.43060764
360.00000000 0.56878820 0.43121180
361.00000000 0.56818982 0.43181018
362.00000000 0.56759787 0.43240213
363.00000000 0.56701297 0.43298703
364.00000000 0.56643570 0.43356430
365.00000000 0.56586663 0.43413337
366.00000000 0.56530630 0.43469370
367.00000000 0.56475521 0.43524479
368.00000000 0.56421385 0.43578615
369.00000000 0.56368264 0.43631736
370.00000000 0.56316202 0.43683798
371.00000000 0.56265235 0.43734765
372.00000000 0.56215400 0.43784600
373.00000000 0.56166729 0.43833271
374.00000000 0.56119249 0.43880751
375.00000000 0.56072988 0.43927012
376.00000000 0.56027966 0.43972034
377.00000000 0.55984203 0.44015797
378.00000000 0.55941716 0.44058284
379.00000000 0.55900516 0.44099484
380.00000000 0.55860614 0.44139386
381.00000000 0.55822016 0.44177984
382.00000000 0.55784724 0.44215276
383.00000000 0.55748739 0.44251261
384.00000000 0.55714059 0.44285941
385.00000000 0.55680677 0.44319323
386.00000000 0.55648584 0.44351416
387.00000000 0.55617769 0.44382231
388.00000000 0.55588218 0.44411782
389.00000000 0.55559914 0.44440086
390.00000000 0.55532838 0.44467162
391.00000000 0.55506968 0.44493032
392.00000000 0.55482279 0.44517721
393.00000000 0.55458748 0.44541252
394.00000000 0.55436345 0.44563655
395.00000000 0.55415041 0.44584959
396.00000000 0.55394806 0.44605194
397.00000000 0.55375608 0.44624392
398.00000000 0.55357413 0.44642587
399.00000000 0.55340187 0.44659813
400.00000000 0.55323896 0.44676104
401.00000000 0.55308505 0.44691495
402.00000000 0.55293976 0.44706024
403.00000000 0.55280276 0.44719724
404.00000000 0.55267368 0.44732632
405.00000000 0.55255216 0.44744784
406.00000000 0.55243785 0.44756215
407.00000000 0.55233040 0.44766960
408.00000000 0.55222947 0.44777053
409.00000000 0.55213471 0.44786529
410.00000000 0.55204580 0.44795420
411.00000000 0.55196241 0.44803759
412.00000000 0.55188423 0.44811577
413.00000000 0.55181094 0.44818906
414.00000000 0.55174224 0.44825776
415.00000000 0.55167784 0.44832216
416.00000000 0.55161744 0.44838256
417.00000000 0.55156076 0.44843924
418.00000000 0.55150753 0.44849247
419.00000000 0.55145746 0.44854254
420.00000000 0.55141029 0.44858971
421.00000000 0.55136574 0.44863426
422.00000000 0.55132355 0.44867645
423.00000000 0.55128344 0.44871656
424.00000000 0.55124515 0.44875485
425.00000000 0.55120839 0.44879161
426.00000000 0.55117290 0.44882710
427.00000000 0.55113838 0.44886162
428.00000000 0.55110456 0.44889544
429.00000000 0.55107113 0.44892887
430.00000000 0.55103779 0.44896221
431.00000000 0.55100425 0.44899575
432.00000000 0.55097018 0.44902982
433.00000000 0.55093526 0.44906474
434.00000000 0.55089916 0.44910084
435.00000000 0.55086154 0.44913846
436.00000000 0.55082206 0.44917794
437.00000000 0.55078038 0.44921962
438.00000000 0.55073614 0.44926386
439.00000000 0.55068898 0.44931102
440.00000000 0.55063855 0.44936145
441.00000000 0.55058448 0.44941552
442.00000000 0.55052641 0.44947359
443.00000000 0.55046399 0.44953601
444.00000000 0.55039686 0.44960314
445.00000000 0.55032468 0.44967532
446.00000000 0.55024711 0.44975289
447.00000000 0.55016381 0.44983619
448.00000000 0.55007446 0.44992554
449.00000000 0.54997875 0.45002125
450.00000000 0.54987640 0.45012360
451.00000000 0.54976712 0.45023288
452.00000000 0.54965066 0.45034934
453.00000000 0.54952677 0.45047323
454.00000000 0.54939524 0.45060476
455.00000000 0.54925588 0.45074412
456.00000000 0.54910851 0.45089149
457.00000000 0.54895297 0.45104703
458.00000000 0.54878916 0.45121084
459.00000000 0.54861697 0.45138303
460.00000000 0.54843632 0.45156368
461.00000000 0.54824719 0.45175281
462.00000000 0.54804954 0.45195046
463.00000000 0.54784340 0.45215660
464.00000000 0.54762879 0.45237121
465.00000000 0.54740579 0.45259421
466.00000000 0.54717448 0.45282552
467.00000000 0.54693497 0.45306503
468.00000000 0.54668741 0.45331259
469.00000000 0.54643197 0.45356803
470.00000000 0.54616882 0.45383118
471.00000000 0.54589819 0.45410181
472.00000000 0.54562029 0.45437971
473.00000000 0.54533538 0.45466462
474.00000000 0.54504373 0.45495627
475.00000000 0.54474562 0.45525438
476.00000000 0.54444135 0.45555865
477.00000000 0.54413123 0.45586877
478.00000000 0.54381560 0.45618440
479.00000000 0.54349478 0.45650522
480.00000000 0.54316912 0.45683088
481.00000000 0.54283897 0.45716103
482.00000000 0.54250470 0.45749530
483.00000000 0.54216667 0.45783333
484.00000000 0.54182524 0.45817476
485.00000000 0.54148079 0.45851921
486.00000000 0.54113369 0.45886631
487.00000000 0.54078431 0.45921569
488.00000000 0.54043300 0.45956700
489.00000000 0.54008015 0.45991985
490.00000000 0.53972611 0.46027389
491.00000000 0.53937124 0.46062876
492.00000000 0.53901587 0.46098413
493.00000000 0.53866037 0.46133963
494.00000000 0.53830506 0.46169494
495.00000000 0.53795027 0.46204973
496.00000000 0.53759631 0.46240369
497.00000000 0.53724350 0.46275650
498.00000000 0.53689213 0.46310787
499.00000000 0.53654249 0.46345751
500.00000000 0.53619485 0.46380515
501.00000000 0.53584947 0.46415053
502.00000000 0.53550661 0.46449339
503.00000000 0.53516651 0.46483349
504.00000000 0.53482939 0.46517061
505.00000000 0.53449548 0.46550452
506.00000000 0.53416496 0.46583504
507.00000000 0.53383803 0.46616197
508.00000000 0.53351487 0.46648513
509.00000000 0.53319564 0.46680436
510.00000000 0.53288049 0.46711951
511.00000000 0.53256957 0.46743043
512.00000000 0.53226298 0.46773702
513.00000000 0.53196085 0.46803915
514.00000000 0.53166327 0.46833673
515.00000000 0.53137034 0.46862966
516.00000000 0.53108212 0.46891788
517.00000000 0.53079868 0.46920132
518.00000000 0.53052007 0.46947993
519.00000000 0.53024633 0.46975367
520.00000000 0.52997747 0.47002253
521.00000000 0.52971352 0.47028648
522.00000000 0.52945448 0.47054552
523.00000000 0.52920035 0.47079965
524.00000000 0.52895110 0.47104890
525.00000000 0.52870670 0.47129330
526.00000000 0.52846713 0.47153287
527.00000000 0.52823233 0.47176767
528.00000000 0.52800225 0.47199775
529.00000000 0.52777683 0.47222317
530.00000000 0.52755600 0.47244400
531.00000000 0.52733968 0.47266032
532.00000000 0.52712778 0.47287222
533.00000000 0.52692023 0.47307977
534.00000000 0.52671691 0.47328309
535.00000000 0.52651775 0.47348225
536.00000000 0.52632262 0.47367738
537.00000000 0.52613143 0.47386857
538.00000000 0.52594408 0.47405592
539.00000000 0.52576044 0.47423956
540.00000000 0.52558041 0.47441959
541.00000000 0.52540387 0.47459613
542.00000000 0.52523071 0.47476929
543.00000000 0.52506082 0.47493918
544.00000000 0.52489409 0.47510591
545.00000000 0.52473039 0.47526961
546.00000000 0.52456962 0.47543038
547.00000000 0.52441166 0.47558834
548.00000000 0.52425641 0.47574359
549.00000000 0.52410376 0.47589624
550.00000000 0.52395360 0.47604640
551.00000000 0.52380582 0.47619418
552.00000000 0.52366031 0.47633969
553.00000000 0.52351699 0.47648301
554.00000000 0.52337573 0.47662427
555.00000000 0.52323644 0.47676356
556.00000000 0.52309903 0.47690097
557.00000000 0.52296338 0.47703662
558.00000000 0.52282940 0.47717060
559.00000000 0.52269699 0.47730301
560.00000000 0.52256604 0.47743396
561.00000000 0.52243647 0.47756353
562.00000000 0.52230815 0.47769185
563.00000000 0.52218100 0.47781900
564.00000000 0.52205491 0.47794509
565.00000000 0.52192978 0.47807022
566.00000000 0.52180549 0.47819451
567.00000000 0.52168194 0.47831806
568.00000000 0.52155902 0.47844098
569.00000000 0.52143661 0.47856339
570.00000000 0.52131462 0.47868538
571.00000000 0.52119292 0.47880708
572.00000000 0.52107139 0.47892861
573.00000000 0.52094992 0.47905008
574.00000000 0.52082840 0.47917160
575.00000000 0.52070670 0.47929330
576.00000000 0.52058471 0.47941529
577.00000000 0.52046230 0.47953770
578.00000000 0.52033937 0.47966063
579.00000000 0.52021579 0.47978421
580.00000000 0.52009145 0.47990855
581.00000000 0.51996624 0.48003376
582.00000000 0.51984005 0.48015995
583.00000000 0.51971276 0.48028724
584.00000000 0.51958427 0.48041573
585.00000000 0.51945449 0.48054551
586.00000000 0.51932332 0.48067668
587.00000000 0.51919066 0.48080934
588.00000000 0.51905644 0.48094356
589.00000000 0.51892057 0.48107943
590.00000000 0.51878297 0.48121703
591.00000000 0.51864359 0.48135641
592.00000000 0.51850236 0.48149764
593.00000000 0.51835923 0.48164077
594.00000000 0.51821415 0.48178585
595.00000000 0.51806710 0.48193290
596.00000000 0.51791803 0.48208197
597.00000000 0.51776693 0.48223307
598.00000000 0.51761378 0.48238622
599.00000000 0.51745858 0.48254142
600.00000000 0.51730133 0.48269867
601.00000000 0.51714204 0.48285796
602.00000000 0.51698073 0.48301927
603.00000000 0.51681743 0.48318257
604.00000000 0.51665217 0.48334783
605.00000000 0.51648498 0.48351502
606.00000000 0.51631592 0.48368408
607.00000000 0.51614503 0.48385497
608.00000000 0.51597238 0.48402762
609.00000000 0.51579802 0.48420198
610.00000000 0.51562203 0.48437797
611.00000000 0.51544449 0.48455551
612.00000000 0.51526546 0.48473454
613.00000000 0.51508503 0.48491497
614.00000000 0.51490328 0.48509672
615.00000000 0.51472030 0.48527970
616.00000000 0.51453618 0.48546382
617.00000000 0.51435101 0.48564899
618.00000000 0.51416488 0.48583512
619.00000000 0.51397788 0.48602212
620.00000000 0.51379011 0.48620989
621.00000000 0.51360165 0.48639835
622.00000000 0.51341260 0.48658740
623.00000000 0.51322305 0.48677695
624.00000000 0.51303309 0.48696691
625.00000000 0.51284280 0.48715720
626.00000000 0.51265228 0.48734772
627.00000000 0.51246159 0.48753841
628.00000000 0.51227084 0.48772916
629.00000000 0.51208008 0.48791992
630.00000000 0.51188941 0.48811059
631.00000000 0.51169888 0.48830112
632.00000000 0.51150856 0.48849144
633.00000000 0.51131853 0.48868147
634.00000000 0.51112885 0.48887115
635.00000000 0.51093956 0.48906044
636.00000000 0.51075073 0.48924927
637.00000000 0.51056240 0.48943760
638.00000000 0.51037462 0.48962538
639.00000000 0.51018743 0.48981257
640.00000000 0.51000088 0.48999912
641.00000000 0.50981500 0.49018500
642.00000000 0.50962982 0.49037018
643.00000000 0.50944537 0.49055463
644.00000000 0.50926167 0.49073833
645.00000000 0.50907875 0.49092125
646.00000000 0.50889662 0.49110338
647.00000000 0.50871530 0.49128470
648.00000000 0.50853481 0.49146519
649.00000000 0.50835516 0.49164484
650.00000000 0.50817634 0.49182366
651.00000000 0.50799837 0.49200163
652.00000000 0.50782125 0.49217875
653.00000000 0.50764498 0.49235502
654.00000000 0.50746956 0.49253044
655.00000000 0.50729498 0.49270502
656.00000000 0.50712123 0.49287877
657.00000000 0.50694832 0.49305168
658.00000000 0.50677623 0.49322377
659.00000000 0.50660496 0.49339504
660.00000000 0.50643448 0.49356552
661.00000000 0.50626480 0.49373520
662.00000000 0.50609589 0.49390411
663.00000000 0.50592774 0.49407226
664.00000000 0.50576035 0.49423965
665.00000000 0.50559368 0.49440632
666.00000000 0.50542774 0.49457226
667.00000000 0.50526250 0.49473750
668.00000000 0.50509795 0.49490205
669.00000000 0.50493407 0.49506593
670.00000000 0.50477085 0.49522915
671.00000000 0.50460828 0.49539172
672.00000000 0.50444635 0.49555365
673.00000000 0.50428503 0.49571497
674.00000000 0.50412432 0.49587568
675.00000000 0.50396421 0.49603579
676.00000000 0.50380469 0.49619531
677.00000000 0.50364574 0.49635426
678.00000000 0.50348736 0.49651264
679.00000000 0.50332955 0.49667045
680.00000000 0.50317229 0.49682771
681.00000000 0.50301558 0.49698442
682.00000000 0.50285942 0.49714058
683.00000000 0.50270381 0.49729619
684.00000000 0.50254874 0.49745126
685.00000000 0.50239421 0.49760579
686.00000000 0.50224023 0.49775977
687.00000000 0.50208678 0.49791322
688.00000000 0.50193388 0.49806612
689.00000000 0.50178153 0.49821847
690.00000000 0.50162973 0.49837027
691.00000000 0.50147848 0.49852152
692.00000000 0.50132779 0.49867221
693.00000000 0.50117765 0.49882235
694.00000000 0.50102808 0.49897192
695.00000000 0.50087907 0.49912093
696.00000000 0.50073064 0.49926936
697.00000000 0.50058277 0.49941723
698.00000000 0.50043548 0.49956452
699.00000000 0.50028876 0.49971124
700.00000000 0.50014262 0.49985738
701.00000000 0.49999705 0.50000295
702.00000000 0.49985206 0.50014794
703.00000000 0.49970764 0.50029236
704.00000000 0.49956378 0.50043622
705.00000000 0.49942050 0.50057950
706.00000000 0.49927777 0.50072223
707.00000000 0.49913560 0.50086440
708.00000000 0.49899397 0.50100603
709.00000000 0.49885288 0.50114712
710.00000000 0.49871232 0.50128768
711.00000000 0.49857227 0.50142773
712.00000000 0.49843273 0.50156727
713.00000000 0.49829368 0.50170632
714.00000000 0.49815511 0.50184489
715.00000000 0.49801700 0.50198300
716.00000000 0.49787935 0.50212065
717.00000000 0.49774212 0.50225788
718.00000000 0.49760532 0.50239468
719.00000000 0.49746892 0.50253108
720.00000000 0.49733291 0.50266709
721.00000000 0.49719726 0.50280274
722.00000000 0.49706197 0.50293803
723.00000000 0.49692702 0.50307298
724.00000000 0.49679240 0.50320760
725.00000000 0.49665808 0.50334192
726.00000000 0.49652405 0.50347595
727.00000000 0.49639030 0.50360970
728.00000000 0.49625682 0.50374318
729.00000000 0.49612359 0.50387641
730.00000000 0.49599061 0.50400939
731.00000000 0.49585786 0.50414214
732.00000000 0.49572532 0.50427468
733.00000000 0.49559301 0.50440699
734.00000000 0.49546089 0.50453911
735.00000000 0.49532898 0.50467102
736.00000000 0.49519725 0.50480275
737.00000000 0.49506572 0.50493428
738.00000000 0.49493436 0.50506564
739.00000000 0.49480319 0.50519681
740.00000000 0.49467220 0.50532780
741.00000000 0.49454138 0.50545862
742.00000000 0.49441074 0.50558926
743.00000000 0.49428027 0.50571973
744.00000000 0.49414998 0.50585002
745.00000000 0.49401986 0.50598014
746.00000000 0.49388993 0.50611007
747.00000000 0.49376017 0.50623983
748.00000000 0.49363059 0.50636941
749.00000000 0.49350120 0.50649880
750.00000000 0.49337198 0.50662802
751.00000000 0.49324296 0.50675704
752.00000000 0.49311412 0.50688588
753.00000000 0.49298546 0.50701454
754.00000000 0.49285700 0.50714300
755.00000000 0.49272872 0.50727128
756.00000000 0.49260063 0.50739937
757.00000000 0.49247272 0.50752728
758.00000000 0.49234500 0.50765500
759.00000000 0.49221747 0.50778253
760.00000000 0.49209011 0.50790989
761.00000000 0.49196293 0.50803707
762.00000000 0.49183592 0.50816408
763.00000000 0.49170907 0.50829093
764.00000000 0.49158239 0.50841761
765.00000000 0.49145585 0.50854415
766.00000000 0.49132947 0.50867053
767.00000000 0.49120322 0.50879678
768.00000000 0.49107710 0.50892290
769.00000000 0.49095109 0.50904891
770.00000000 0.49082520 0.50917480
771.00000000 0.49069941 0.50930059
772.00000000 0.49057370 0.50942630
773.00000000 0.49044806 0.50955194
774.00000000 0.49032249 0.50967751
775.00000000 0.49019697 0.50980303
776.00000000 0.49007149 0.50992851
777.00000000 0.48994604 0.51005396
778.00000000 0.48982060 0.51017940
779.00000000 0.48969516 0.51030484
780.00000000 0.48956971 0.51043029
781.00000000 0.48944424 0.51055576
782.00000000 0.48931873 0.51068127
783.00000000 0.48919318 0.51080682
784.00000000 0.48906757 0.51093243
785.00000000 0.48894189 0.51105811
786.00000000 0.48881613 0.51118387
787.00000000 0.48869028 0.51130972
788.00000000 0.48856434 0.51143566
789.00000000 0.48843830 0.51156170
790.00000000 0.48831214 0.51168786
791.00000000 0.48818586 0.51181414
792.00000000 0.48805946 0.51194054
793.00000000 0.48793294 0.51206706
794.00000000 0.48780628 0.51219372
795.00000000 0.48767948 0.51232052
796.00000000 0.48755255 0.51244745
797.00000000 0.48742548 0.51257452
798.00000000 0.48729828 0.51270172
799.00000000 0.48717094 0.51282906
800.00000000 0.48704346 0.51295654
801.00000000 0.48691586 0.51308414
802.00000000 0.48678813 0.51321187
803.00000000 0.48666029 0.51333971
804.00000000 0.48653233 0.51346767
805.00000000 0.48640426 0.51359574
806.00000000 0.48627609 0.51372391
807.00000000 0.48614784 0.51385216
808.00000000 0.48601951 0.51398049
809.00000000 0.48589111 0.51410889
810.00000000 0.48576266 0.51423734
811.00000000 0.48563416 0.51436584
812.00000000 0.48550564 0.51449436
813.00000000 0.48537710 0.51462290
814.00000000 0.48524856 0.51475144
815.00000000 0.48512004 0.51487996
816.00000000 0.48499154 0.51500846
817.00000000 0.48486310 0.51513690
818.00000000 0.48473472 0.51526528
819.00000000 0.48460642 0.51539358
820.00000000 0.48447822 0.51552178
821.00000000 0.48435014 0.51564986
822.00000000 0.48422219 0.51577781
823.00000000 0.48409440 0.51590560
824.00000000 0.48396677 0.51603323
825.00000000 0.48383934 0.51616066
826.00000000 0.48371211 0.51628789
827.00000000 0.48358510 0.51641490
828.00000000 0.48345833 0.51654167
829.00000000 0.48333183 0.51666817
830.00000000 0.48320559 0.51679441
831.00000000 0.48307965 0.51692035
832.00000000 0.48295401 0.51704599
833.00000000 0.48282869 0.51717131
834.00000000 0.48270371 0.51729629
835.00000000 0.48257908 0.51742092
836.00000000 0.48245480 0.51754520
837.00000000 0.48233090 0.51766910
838.00000000 0.48220739 0.51779261
839.00000000 0.48208427 0.51791573
840.00000000 0.48196155 0.51803845
841.00000000 0.48183925 0.51816075
842.00000000 0.48171737 0.51828263
843.00000000 0.48159591 0.51840409
844.00000000 0.48147490 0.51852510
845.00000000 0.48135432 0.51864568
846.00000000 0.48123418 0.51876582
847.00000000 0.48111449 0.51888551
848.00000000 0.48099525 0.51900475
849.00000000 0.48087647 0.51912353
850.00000000 0.48075813 0.51924187
851.00000000 0.48064025 0.51935975
852.00000000 0.48052282 0.51947718
853.00000000 0.48040584 0.51959416
854.00000000 0.48028931 0.51971069
855.00000000 0.48017323 0.51982677
856.00000000 0.48005758 0.51994242
857.00000000 0.47994238 0.52005762
858.00000000 0.47982761 0.52017239
859.00000000 0.47971328 0.52028672
860.00000000 0.47959937 0.52040063
861.00000000 0.47948588 0.52051412
862.00000000 0.47937280 0.52062720
863.00000000 0.47926013 0.52073987
864.00000000 0.47914786 0.52085214
865.00000000 0.47903599 0.52096401
866.00000000 0.47892451 0.52107549
867.00000000 0.47881340 0.52118660
868.00000000 0.47870267 0.52129733
869.00000000 0.47859231 0.52140769
870.00000000 0.47848231 0.52151769
871.00000000 0.47837266 0.52162734
872.00000000 0.47826335 0.52173665
873.00000000 0.47815438 0.52184562
874.00000000 0.47804574 0.52195426
875.00000000 0.47793742 0.52206258
876.00000000 0.47782942 0.52217058
877.00000000 0.47772172 0.52227828
878.00000000 0.47761432 0.52238568
879.00000000 0.47750721 0.52249279
880.00000000 0.47740039 0.52259961
881.00000000 0.47729384 0.52270616
882.00000000 0.47718756 0.52281244
883.00000000 0.47708154 0.52291846
884.00000000 0.47697577 0.52302423
885.00000000 0.47687024 0.52312976
886.00000000 0.47676495 0.52323505
887.00000000 0.47665989 0.52334011
888.00000000 0.47655505 0.52344495
889.00000000 0.47645042 0.52354958
890.00000000 0.47634600 0.52365400
891.00000000 0.47624177 0.52375823
892.00000000 0.47613773 0.52386227
893.00000000 0.47603386 0.52396614
894.00000000 0.47593017 0.52406983
895.00000000 0.47582664 0.52417336
896.00000000 0.47572327 0.52427673
897.00000000 0.47562004 0.52437996
898.00000000 0.47551694 0.52448306
899.00000000 0.47541398 0.52458602
900.00000000 0.47531114 0.52468886
901.00000000 0.47520841 0.52479159
902.00000000 0.47510578 0.52489422
903.00000000 0.47500325 0.52499675
904.00000000 0.47490080 0.52509920
905.00000000 0.47479844 0.52520156
906.00000000 0.47469615 0.52530385
907.00000000 0.47459392 0.52540608
908.00000000 0.47449175 0.52550825
909.00000000 0.47438963 0.52561037
910.00000000 0.47428755 0.52571245
911.00000000 0.47418551 0.52581449
912.00000000 0.47408349 0.52591651
913.00000000 0.47398151 0.52601849
914.00000000 0.47387954 0.52612046
915.00000000 0.47377758 0.52622242
916.00000000 0.47367563 0.52632437
917.00000000 0.47357368 0.52642632
918.00000000 0.47347173 0.52652827
919.00000000 0.47336978 0.52663022
920.00000000 0.47326782 0.52673218
921.00000000 0.47316584 0.52683416
922.00000000 0.47306386 0.52693614
923.00000000 0.47296186 0.52703814
924.00000000 0.47285984 0.52714016
925.00000000 0.47275780 0.52724220
926.00000000 0.47265574 0.52734426
927.00000000 0.47255367 0.52744633
928.00000000 0.47245157 0.52754843
929.00000000 0.47234946 0.52765054
930.00000000 0.47224734 0.52775266
931.00000000 0.47214519 0.52785481
932.00000000 0.47204304 0.52795696
933.00000000 0.47194087 0.52805913
934.00000000 0.47183870 0.52816130
935.00000000 0.47173652 0.52826348
936.00000000 0.47163435 0.52836565
937.00000000 0.47153217 0.52846783
938.00000000 0.47143001 0.52856999
939.00000000 0.47132786 0.52867214
940.00000000 0.47122572 0.52877428
941.00000000 0.47112361 0.52887639
942.00000000 0.47102153 0.52897847
943.00000000 0.47091948 0.52908052
944.00000000 0.47081747 0.52918253
945.00000000 0.47071551 0.52928449
946.00000000 0.47061361 0.52938639
947.00000000 0.47051176 0.52948824
948.00000000 0.47040997 0.52959003
949.00000000 0.47030826 0.52969174
950.00000000 0.47020663 0.52979337
951.00000000 0.47010508 0.52989492
952.00000000 0.47000363 0.52999637
953.00000000 0.46990227 0.53009773
954.00000000 0.46980102 0.53019898
955.00000000 0.46969988 0.53030012
956.00000000 0.46959886 0.53040114
957.00000000 0.46949796 0.53050204
958.00000000 0.46939719 0.53060281
959.00000000 0.46929657 0.53070343
960.00000000 0.46919608 0.53080392
961.00000000 0.46909574 0.53090426
962.00000000 0.46899556 0.53100444
963.00000000 0.46889554 0.53110446
964.00000000 0.46879568 0.53120432
965.00000000 0.46869599 0.53130401
966.00000000 0.46859648 0.53140352
967.00000000 0.46849715 0.53150285
968.00000000 0.46839799 0.53160201
969.00000000 0.46829903 0.53170097
970.00000000 0.46820026 0.53179974
971.00000000 0.46810168 0.53189832
972.00000000 0.46800329 0.53199671
973.00000000 0.46790511 0.53209489
974.00000000 0.46780713 0.53219287
975.00000000 0.46770935 0.53229065
976.00000000 0.46761178 0.53238822
977.00000000 0.46751442 0.53248558
978.00000000 0.46741726 0.53258274
979.00000000 0.46732032 0.53267968
980.00000000 0.46722359 0.53277641
981.00000000 0.46712706 0.53287294
982.00000000 0.46703075 0.53296925
983.00000000 0.46693465 0.53306535
984.00000000 0.46683876 0.53316124
985.00000000 0.46674308 0.53325692
986.00000000 0.46664761 0.53335239
987.00000000 0.46655235 0.53344765
988.00000000 0.46645730 0.53354270
989.00000000 0.46636245 0.53363755
990.00000000 0.46626781 0.53373219
991.00000000 0.46617337 0.53382663
992.00000000 0.46607914 0.53392086
993.00000000 0.46598510 0.53401490
994.00000000 0.46589126 0.53410874
995.00000000 0.46579762 0.53420238
996.00000000 0.46570417 0.53429583
997.00000000 0.46561091 0.53438909
998.00000000 0.46551784 0.53448216
999.00000000 0.46542496 0.53457504
