0.00000000 1.00000000 0.00000000
1.00000000 0.99964526 0.00035474
2.00000000 0.99858190 0.00141810
3.00000000 0.99681249 0.00318751
4.00000000 0.99434123 0.00565877
5.00000000 0.99117401 0.00882599
6.00000000 0.98731833 0.01268167
7.00000000 0.98278329 0.01721671
8.00000000 0.97757959 0.02242041
9.00000000 0.97171945 0.02828055
10.00000000 0.96521662 0.03478338
11.00000000 0.95808630 0.04191370
12.00000000 0.95034514 0.04965486
13.00000000 0.94201112 0.05798888
14.00000000 0.93310356 0.06689644
15.00000000 0.92364304 0.07635696
16.00000000 0.91365132 0.08634868
17.00000000 0.90315133 0.09684867
18.00000000 0.89216703 0.10783297
19.00000000 0.88072341 0.11927659
20.00000000 0.86884636 0.13115364
21.00000000 0.85656264 0.14343736
22.00000000 0.84389981 0.15610019
23.00000000 0.83088608 0.16911392
24.00000000 0.81755034 0.18244966
25.00000000 0.80392199 0.19607801
26.00000000 0.79003091 0.20996909
27.00000000 0.77590735 0.22409265
28.00000000 0.76158190 0.23841810
29.00000000 0.74708533 0.25291467
30.00000000 0.73244860 0.26755140
31.00000000 0.71770270 0.28229730
32.00000000 0.70287862 0.29712138
33.00000000 0.68800728 0.31199272
34.00000000 0.67311941 0.32688059
35.00000000 0.65824551 0.34175449
36.00000000 0.64341578 0.35658422
37.00000000 0.62866001 0.37133999
38.00000000 0.61400758 0.38599242
39.00000000 0.59948731 0.40051269
40.00000000 0.58512748 0.41487252
41.00000000 0.57095571 0.42904429
42.00000000 0.55699891 0.44300109
43.00000000 0.54328327 0.45671673
44.00000000 0.52983414 0.47016586
45.00000000 0.51667604 0.48332396
46.00000000 0.50383257 0.49616743
47.00000000 0.49132641 0.50867359
48.00000000 0.47917923 0.52082077
49.00000000 0.46741171 0.53258829
50.00000000 0.45604346 0.54395654
51.00000000 0.44509301 0.55490699
52.00000000 0.43457779 0.56542221
53.00000000 0.42451409 0.57548591
54.00000000 0.41491707 0.58508293
55.00000000 0.40580071 0.59419929
56.00000000 0.39717783 0.60282217
57.00000000 0.38906003 0.61093997
58.00000000 0.38145776 0.61854224
59.00000000 0.37438024 0.62561976
60.00000000 0.36783551 0.63216449
61.00000000 0.36183041 0.63816959
62.00000000 0.35637061 0.64362939
63.00000000 0.35146057 0.64853943
64.00000000 0.34710360 0.65289640
65.00000000 0.34330185 0.65669815
66.00000000 0.34005633 0.65994367
67.00000000 0.33736693 0.66263307
68.00000000 0.33523244 0.66476756
69.00000000 0.33365055 0.66634945
70.00000000 0.33261793 0.66738207
71.00000000 0.33213019 0.66786981
72.00000000 0.33218196 0.66781804
73.00000000 0.33276687 0.66723313
74.00000000 0.33387764 0.66612236
75.00000000 0.33550605 0.66449395
76.00000000 0.33764302 0.66235698
77.00000000 0.34027863 0.65972137
78.00000000 0.34340214 0.65659786
79.00000000 0.34700205 0.65299795
80.00000000 0.35106610 0.64893390
81.00000000 0.35558137 0.64441863
82.00000000 0.36053424 0.63946576
83.00000000 0.36591049 0.63408951
84.00000000 0.37169532 0.62830468
85.00000000 0.37787337 0.62212663
86.00000000 0.38442878 0.61557122
87.00000000 0.39134523 0.60865477
88.00000000 0.39860595 0.60139405
89.00000000 0.40619381 0.59380619
90.00000000 0.41409129 0.58590871
91.00000000 0.42228059 0.57771941
92.00000000 0.43074362 0.56925638
93.00000000 0.43946204 0.56053796
94.00000000 0.44841735 0.55158265
95.00000000 0.45759082 0.54240918
96.00000000 0.46696365 0.53303635
97.00000000 0.47651692 0.52348308
98.00000000 0.48623164 0.51376836
99.00000000 0.49608881 0.50391119
100.00000000 0.50606944 0.49393056
101.00000000 0.51615456 0.48384544
102.00000000 0.52632530 0.47367470
103.00000000 0.53656287 0.46343713
104.00000000 0.54684862 0.45315138
105.00000000 0.55716405 0.44283595
106.00000000 0.56749087 0.43250913
107.00000000 0.57781098 0.42218902
108.00000000 0.58810654 0.41189346
109.00000000 0.59835997 0.40164003
110.00000000 0.60855400 0.39144600
111.00000000 0.61867165 0.38132835
112.00000000 0.62869628 0.37130372
113.00000000 0.63861163 0.36138837
114.00000000 0.64840181 0.35159819
115.00000000 0.65805132 0.34194868
116.00000000 0.66754508 0.33245492
117.00000000 0.67686846 0.32313154
118.00000000 0.68600728 0.31399272
119.00000000 0.69494781 0.30505219
120.00000000 0.70367681 0.29632319
121.00000000 0.71218156 0.28781844
122.00000000 0.72044982 0.27955018
123.00000000 0.72846988 0.27153012
124.00000000 0.73623057 0.26376943
125.00000000 0.74372126 0.25627874
126.00000000 0.75093186 0.24906814
127.00000000 0.75785285 0.24214715
128.00000000 0.76447528 0.23552472
129.00000000 0.77079076 0.22920924
130.00000000 0.77679150 0.22320850
131.00000000 0.78247027 0.21752973
132.00000000 0.78782044 0.21217956
133.00000000 0.79283598 0.20716402
134.00000000 0.79751142 0.20248858
135.00000000 0.80184192 0.19815808
136.00000000 0.80582321 0.19417679
137.00000000 0.80945161 0.19054839
138.00000000 0.81272407 0.18727593
139.00000000 0.81563807 0.18436193
140.00000000 0.81819173 0.18180827
141.00000000 0.82038372 0.17961628
142.00000000 0.82221331 0.17778669
143.00000000 0.82368034 0.17631966
144.00000000 0.82478520 0.17521480
145.00000000 0.82552886 0.17447114
146.00000000 0.82591285 0.17408715
147.00000000 0.82593923 0.17406077
148.00000000 0.82561060 0.17438940
149.00000000 0.82493010 0.17506990
150.00000000 0.82390139 0.17609861
151.00000000 0.82252863 0.17747137
152.00000000 0.82081647 0.17918353
153.00000000 0.81877007 0.18122993
154.00000000 0.81639504 0.18360496
155.00000000 0.81369747 0.18630253
156.00000000 0.81068389 0.18931611
157.00000000 0.80736126 0.19263874
158.00000000 0.80373697 0.19626303
159.00000000 0.79981881 0.20018119
160.00000000 0.79561497 0.20438503
161.00000000 0.79113400 0.20886600
162.00000000 0.78638481 0.21361519
163.00000000 0.78137667 0.21862333
164.00000000 0.77611917 0.22388083
165.00000000 0.77062219 0.22937781
166.00000000 0.76489594 0.23510406
167.00000000 0.75895087 0.24104913
168.00000000 0.75279770 0.24720230
169.00000000 0.74644740 0.25355260
170.00000000 0.73991115 0.26008885
171.00000000 0.73320032 0.26679968
172.00000000 0.72632650 0.27367350
173.00000000 0.71930141 0.28069859
174.00000000 0.71213693 0.28786307
175.00000000 0.70484507 0.29515493
176.00000000 0.69743795 0.30256205
177.00000000 0.68992778 0.31007222
178.00000000 0.68232683 0.31767317
179.00000000 0.67464745 0.32535255
180.00000000 0.66690198 0.33309802
181.00000000 0.65910282 0.34089718
182.00000000 0.65126234 0.34873766
183.00000000 0.64339289 0.35660711
184.00000000 0.63550678 0.36449322
185.00000000 0.62761627 0.37238373
186.00000000 0.61973354 0.38026646
187.00000000 0.61187066 0.38812934
188.00000000 0.60403961 0.39596039
189.00000000 0.59625222 0.40374778
190.00000000 0.58852020 0.41147980
191.00000000 0.58085505 0.41914495
192.00000000 0.57326815 0.42673185
193.00000000 0.56577064 0.43422936
194.00000000 0.55837346 0.44162654
195.00000000 0.55108734 0.44891266
196.00000000 0.54392274 0.45607726
197.00000000 0.53688989 0.46311011
198.00000000 0.52999873 0.47000127
199.00000000 0.52325894 0.47674106
200.00000000 0.51667989 0.48332011
201.00000000 0.51027064 0.48972936
202.00000000 0.50403994 0.49596006
203.00000000 0.49799620 0.50200380
204.00000000 0.49214749 0.50785251
205.00000000 0.48650152 0.51349848
206.00000000 0.48106567 0.51893433
207.00000000 0.47584691 0.52415309
208.00000000 0.47085185 0.52914815
209.00000000 0.46608672 0.53391328
210.00000000 0.46155733 0.53844267
211.00000000 0.45726912 0.54273088
212.00000000 0.45322711 0.54677289
213.00000000 0.44943590 0.55056410
214.00000000 0.44589967 0.55410033
215.00000000 0.44262222 0.55737778
216.00000000 0.43960687 0.56039313
217.00000000 0.43685655 0.56314345
218.00000000 0.43437375 0.56562625
219.00000000 0.43216053 0.56783947
220.00000000 0.43021853 0.56978147
221.00000000 0.42854894 0.57145106
222.00000000 0.42715252 0.57284748
223.00000000 0.42602963 0.57397037
224.00000000 0.42518017 0.57481983
225.00000000 0.42460364 0.57539636
226.00000000 0.42429909 0.57570091
227.00000000 0.42426518 0.57573482
228.00000000 0.42450014 0.57549986
229.00000000 0.42500179 0.57499821
230.00000000 0.42576757 0.57423243
231.00000000 0.42679449 0.57320551
232.00000000 0.42807918 0.57192082
233.00000000 0.42961791 0.57038209
234.00000000 0.43140654 0.56859346
235.00000000 0.43344058 0.56655942
236.00000000 0.43571517 0.56428483
237.00000000 0.43822513 0.56177487
238.00000000 0.44096490 0.55903510
239.00000000 0.44392862 0.55607138
240.00000000 0.44711009 0.55288991
241.00000000 0.45050282 0.54949718
242.00000000 0.45410001 0.54589999
243.00000000 0.45789458 0.54210542
244.00000000 0.46187918 0.53812082
245.00000000 0.46604619 0.53395381
246.00000000 0.47038776 0.52961224
247.00000000 0.47489580 0.52510420
248.00000000 0.47956198 0.52043802
249.00000000 0.48437779 0.51562221
250.00000000 0.48933451 0.51066549
251.00000000 0.49442325 0.50557675
252.00000000 0.49963496 0.50036504
253.00000000 0.50496043 0.49503957
254.00000000 0.51039032 0.48960968
255.00000000 0.51591517 0.48408483
256.00000000 0.52152542 0.47847458
257.00000000 0.52721141 0.47278859
258.00000000 0.53296342 0.46703658
259.00000000 0.53877167 0.46122833
260.00000000 0.54462632 0.45537368
261.00000000 0.55051752 0.44948248
262.00000000 0.55643540 0.44356460
263.00000000 0.56237010 0.43762990
264.00000000 0.56831177 0.43168823
265.00000000 0.57425060 0.42574940
266.00000000 0.58017681 0.41982319
267.00000000 0.58608072 0.41391928
268.00000000 0.59195270 0.40804730
269.00000000 0.59778322 0.40221678
270.00000000 0.60356286 0.39643714
271.00000000 0.60928233 0.39071767
272.00000000 0.61493246 0.38506754
273.00000000 0.62050423 0.37949577
274.00000000 0.62598882 0.37401118
275.00000000 0.63137753 0.36862247
276.00000000 0.63666191 0.36333809
277.00000000 0.64183366 0.35816634
278.00000000 0.64688474 0.35311526
279.00000000 0.65180731 0.34819269
280.00000000 0.65659378 0.34340622
281.00000000 0.66123681 0.33876319
282.00000000 0.66572931 0.33427069
283.00000000 0.67006448 0.32993552
284.00000000 0.67423580 0.32576420
285.00000000 0.67823704 0.32176296
286.00000000 0.68206225 0.31793775
287.00000000 0.68570582 0.31429418
288.00000000 0.68916243 0.31083757
289.00000000 0.69242712 0.30757288
290.00000000 0.69549523 0.30450477
291.00000000 0.69836244 0.30163756
292.00000000 0.70102480 0.29897520
293.00000000 0.70347869 0.29652131
294.00000000 0.70572084 0.29427916
295.00000000 0.70774836 0.29225164
296.00000000 0.70955869 0.29044131
297.00000000 0.71114967 0.28885033
298.00000000 0.71251949 0.28748051
299.00000000 0.71366671 0.28633329
300.00000000 0.71459026 0.28540974
301.00000000 0.71528945 0.28471055
302.00000000 0.71576395 0.28423605
303.00000000 0.71601380 0.28398620
304.00000000 0.71603941 0.28396059
305.00000000 0.71584158 0.28415842
306.00000000 0.71542145 0.28457855
307.00000000 0.71478051 0.28521949
308.00000000 0.71392065 0.28607935
309.00000000 0.71284407 0.28715593
310.00000000 0.71155334 0.28844666
311.00000000 0.71005138 0.28994862
312.00000000 0.70834142 0.29165858
313.00000000 0.70642704 0.29357296
314.00000000 0.70431215 0.29568785
315.00000000 0.70200095 0.29799905
316.00000000 0.69949796 0.30050204
317.00000000 0.69680801 0.30319199
318.00000000 0.69393619 0.30606381
319.00000000 0.69088789 0.30911211
320.00000000 0.68766876 0.31233124
321.00000000 0.68428472 0.31571528
322.00000000 0.68074192 0.31925808
323.00000000 0.67704675 0.32295325
324.00000000 0.67320582 0.32679418
325.00000000 0.66922597 0.33077403
326.00000000 0.66511420 0.33488580
327.00000000 0.66087774 0.33912226
328.00000000 0.65652396 0.34347604
329.00000000 0.65206040 0.34793960
330.00000000 0.64749474 0.35250526
331.00000000 0.64283481 0.35716519
332.00000000 0.63808853 0.36191147
333.00000000 0.63326393 0.36673607
334.00000000 0.62836915 0.37163085
335.00000000 0.62341238 0.37658762
336.00000000 0.61840189 0.38159811
337.00000000 0.61334596 0.38665404
338.00000000 0.60825295 0.39174705
339.00000000 0.60313119 0.39686881
340.00000000 0.59798906 0.40201094
341.00000000 0.59283488 0.40716512
342.00000000 0.58767697 0.41232303
343.00000000 0.58252361 0.41747639
344.00000000 0.57738301 0.42261699
345.00000000 0.57226334 0.42773666
346.00000000 0.56717265 0.43282735
347.00000000 0.56211893 0.43788107
348.00000000 0.55711005 0.44288995
349.00000000 0.55215374 0.44784626
350.00000000 0.54725763 0.45274237
351.00000000 0.54242917 0.45757083
352.00000000 0.53767569 0.46232431
353.00000000 0.53300432 0.46699568
354.00000000 0.52842202 0.47157798
355.00000000 0.52393557 0.47606443
356.00000000 0.51955153 0.48044847
357.00000000 0.51527627 0.48472373
358.00000000 0.51111592 0.48888408
359.00000000 0.50707640 0.49292360
360.00000000 0.50316337 0.49683663
361.00000000 0.49938228 0.50061772
362.00000000 0.49573828 0.50426172
363.00000000 0.49223631 0.50776369
364.00000000 0.48888100 0.51111900
365.00000000 0.48567674 0.51432326
366.00000000 0.48262762 0.51737238
367.00000000 0.47973747 0.52026253
368.00000000 0.47700981 0.52299019
369.00000000 0.47444788 0.52555212
370.00000000 0.47205463 0.52794537
371.00000000 0.46983271 0.53016729
372.00000000 0.46778447 0.53221553
373.00000000 0.46591195 0.53408805
374.00000000 0.46421692 0.53578308
375.00000000 0.46270080 0.53729920
376.00000000 0.46136475 0.53863525
377.00000000 0.46020960 0.53979040
378.00000000 0.45923590 0.54076410
379.00000000 0.45844388 0.54155612
380.00000000 0.45783348 0.54216652
381.00000000 0.45740436 0.54259564
382.00000000 0.45715586 0.54284414
383.00000000 0.45708704 0.54291296
384.00000000 0.45719669 0.54280331
385.00000000 0.45748329 0.54251671
386.00000000 0.45794508 0.54205492
387.00000000 0.45857998 0.54142002
388.00000000 0.45938569 0.54061431
389.00000000 0.46035963 0.53964037
390.00000000 0.46149895 0.53850105
391.00000000 0.46280057 0.53719943
392.00000000 0.46426117 0.53573883
393.00000000 0.46587718 0.53412282
394.00000000 0.46764483 0.53235517
395.00000000 0.46956010 0.53043990
396.00000000 0.47161879 0.52838121
397.00000000 0.47381647 0.52618353
398.00000000 0.47614852 0.52385148
399.00000000 0.47861017 0.52138983
400.00000000 0.48119643 0.51880357
401.00000000 0.48390215 0.51609785
402.00000000 0.48672206 0.51327794
403.00000000 0.48965069 0.51034931
404.00000000 0.49268248 0.50731752
405.00000000 0.49581170 0.50418830
406.00000000 0.49903253 0.50096747
407.00000000 0.50233904 0.49766096
408.00000000 0.50572518 0.49427482
409.00000000 0.50918483 0.49081517
410.00000000 0.51271180 0.48728820
411.00000000 0.51629982 0.48370018
412.00000000 0.51994256 0.48005744
413.00000000 0.52363364 0.47636636
414.00000000 0.52736667 0.47263333
415.00000000 0.53113521 0.46886479
416.00000000 0.53493282 0.46506718
417.00000000 0.53875302 0.46124698
418.00000000 0.54258939 0.45741061
419.00000000 0.54643547 0.45356453
420.00000000 0.55028486 0.44971514
421.00000000 0.55413119 0.44586881
422.00000000 0.55796811 0.44203189
423.00000000 0.56178935 0.43821065
424.00000000 0.56558870 0.43441130
425.00000000 0.56936000 0.43064000
426.00000000 0.57309720 0.42690280
427.00000000 0.57679432 0.42320568
428.00000000 0.58044550 0.41955450
429.00000000 0.58404495 0.41595505
430.00000000 0.58758704 0.41241296
431.00000000 0.59106623 0.40893377
432.00000000 0.59447713 0.40552287
433.00000000 0.59781448 0.40218552
434.00000000 0.60107317 0.39892683
435.00000000 0.60424824 0.39575176
436.00000000 0.60733490 0.39266510
437.00000000 0.61032852 0.38967148
438.00000000 0.61322463 0.38677537
439.00000000 0.61601895 0.38398105
440.00000000 0.61870740 0.38129260
441.00000000 0.62128607 0.37871393
442.00000000 0.62375124 0.37624876
443.00000000 0.62609941 0.37390059
444.00000000 0.62832726 0.37167274
445.00000000 0.63043169 0.36956831
446.00000000 0.63240981 0.36759019
447.00000000 0.63425896 0.36574104
448.00000000 0.63597666 0.36402334
449.00000000 0.63756068 0.36243932
450.00000000 0.63900901 0.36099099
451.00000000 0.64031986 0.35968014
452.00000000 0.64149165 0.35850835
453.00000000 0.64252305 0.35747695
454.00000000 0.64341296 0.35658704
455.00000000 0.64416048 0.35583952
456.00000000 0.64476497 0.35523503
457.00000000 0.64522601 0.35477399
458.00000000 0.64554339 0.35445661
459.00000000 0.64571716 0.35428284
460.00000000 0.64574756 0.35425244
461.00000000 0.64563509 0.35436491
462.00000000 0.64538045 0.35461955
463.00000000 0.64498456 0.35501544
464.00000000 0.64444858 0.35555142
465.00000000 0.64377386 0.35622614
466.00000000 0.64296198 0.35703802
467.00000000 0.64201472 0.35798528
468.00000000 0.64093406 0.35906594
469.00000000 0.63972220 0.36027780
470.00000000 0.63838153 0.36161847
471.00000000 0.63691461 0.36308539
472.00000000 0.63532422 0.36467578
473.00000000 0.63361330 0.36638670
474.00000000 0.63178498 0.36821502
475.00000000 0.62984255 0.37015745
476.00000000 0.62778947 0.37221053
477.00000000 0.62562936 0.37437064
478.00000000 0.62336600 0.37663400
479.00000000 0.62100329 0.37899671
480.00000000 0.61854530 0.38145470
481.00000000 0.61599621 0.38400379
482.00000000 0.61336035 0.38663965
483.00000000 0.61064213 0.38935787
484.00000000 0.60784610 0.39215390
485.00000000 0.60497692 0.39502308
486.00000000 0.60203930 0.39796070
487.00000000 0.59903809 0.40096191
488.00000000 0.59597819 0.40402181
489.00000000 0.59286457 0.40713543
490.00000000 0.58970226 0.41029774
491.00000000 0.58649638 0.41350362
492.00000000 0.58325204 0.41674796
493.00000000 0.57997444 0.42002556
494.00000000 0.57666877 0.42333123
495.00000000 0.57334027 0.42665973
496.00000000 0.56999417 0.43000583
497.00000000 0.56663572 0.43336428
498.00000000 0.56327016 0.43672984
499.00000000 0.55990272 0.44009728
500.00000000 0.55653861 0.44346139
501.00000000 0.55318301 0.44681699
502.00000000 0.54984105 0.45015895
503.00000000 0.54651784 0.45348216
504.00000000 0.54321843 0.45678157
505.00000000 0.53994779 0.46005221
506.00000000 0.53671084 0.46328916
507.00000000 0.53351242 0.46648758
508.00000000 0.53035729 0.46964271
509.00000000 0.52725012 0.47274988
510.00000000 0.52419547 0.47580453
511.00000000 0.52119781 0.47880219
512.00000000 0.51826149 0.48173851
513.00000000 0.51539074 0.48460926
514.00000000 0.51258969 0.48741031
515.00000000 0.50986230 0.49013770
516.00000000 0.50721243 0.49278757
517.00000000 0.50464378 0.49535622
518.00000000 0.50215991 0.49784009
519.00000000 0.49976422 0.50023578
520.00000000 0.49745996 0.50254004
521.00000000 0.49525022 0.50474978
522.00000000 0.49313792 0.50686208
523.00000000 0.49112582 0.50887418
524.00000000 0.48921649 0.51078351
525.00000000 0.48741233 0.51258767
526.00000000 0.48571558 0.51428442
527.00000000 0.48412826 0.51587174
528.00000000 0.48265224 0.51734776
529.00000000 0.48128918 0.51871082
530.00000000 0.48004057 0.51995943
531.00000000 0.47890768 0.52109232
532.00000000 0.47789162 0.52210838
533.00000000 0.47699329 0.52300671
534.00000000 0.47621341 0.52378659
535.00000000 0.47555247 0.52444753
536.00000000 0.47501082 0.52498918
537.00000000 0.47458857 0.52541143
538.00000000 0.47428566 0.52571434
539.00000000 0.47410184 0.52589816
540.00000000 0.47403665 0.52596335
541.00000000 0.47408947 0.52591053
542.00000000 0.47425946 0.52574054
543.00000000 0.47454562 0.52545438
544.00000000 0.47494675 0.52505325
545.00000000 0.47546149 0.52453851
546.00000000 0.47608828 0.52391172
547.00000000 0.47682541 0.52317459
548.00000000 0.47767097 0.52232903
549.00000000 0.47862292 0.52137708
550.00000000 0.47967902 0.52032098
551.00000000 0.48083689 0.51916311
552.00000000 0.48209401 0.51790599
553.00000000 0.48344769 0.51655231
554.00000000 0.48489511 0.51510489
555.00000000 0.48643330 0.51356670
556.00000000 0.48805916 0.51194084
557.00000000 0.48976946 0.51023054
558.00000000 0.49156087 0.50843913
559.00000000 0.49342991 0.50657009
560.00000000 0.49537303 0.50462697
561.00000000 0.49738653 0.50261347
562.00000000 0.49946664 0.50053336
563.00000000 0.50160951 0.49839049
564.00000000 0.50381119 0.49618881
565.00000000 0.50606766 0.49393234
566.00000000 0.50837481 0.49162519
567.00000000 0.51072850 0.48927150
568.00000000 0.51312451 0.48687549
569.00000000 0.51555857 0.48444143
570.00000000 0.51802640 0.48197360
571.00000000 0.52052364 0.47947636
572.00000000 0.52304593 0.47695407
573.00000000 0.52558889 0.47441111
574.00000000 0.52814811 0.47185189
575.00000000 0.53071920 0.46928080
576.00000000 0.53329775 0.46670225
577.00000000 0.53587936 0.46412064
578.00000000 0.53845965 0.46154035
579.00000000 0.54103428 0.45896572
580.00000000 0.54359890 0.45640110
581.00000000 0.54614924 0.45385076
582.00000000 0.54868104 0.45131896
583.00000000 0.55119011 0.44880989
584.00000000 0.55367230 0.44632770
585.00000000 0.55612355 0.44387645
586.00000000 0.55853984 0.44146016
587.00000000 0.56091724 0.43908276
588.00000000 0.56325190 0.43674810
589.00000000 0.56554006 0.43445994
590.00000000 0.56777805 0.43222195
591.00000000 0.56996230 0.43003770
592.00000000 0.57208935 0.42791065
593.00000000 0.57415583 0.42584417
594.00000000 0.57615851 0.42384149
595.00000000 0.57809426 0.42190574
596.00000000 0.57996009 0.42003991
597.00000000 0.58175312 0.41824688
598.00000000 0.58347061 0.41652939
599.00000000 0.58510997 0.41489003
600.00000000 0.58666872 0.41333128
601.00000000 0.58814455 0.41185545
602.00000000 0.58953529 0.41046471
603.00000000 0.59083891 0.40916109
604.00000000 0.59205353 0.40794647
605.00000000 0.59317743 0.40682257
606.00000000 0.59420906 0.40579094
607.00000000 0.59514700 0.40485300
608.00000000 0.59599001 0.40400999
609.00000000 0.59673701 0.40326299
610.00000000 0.59738706 0.40261294
611.00000000 0.59793941 0.40206059
612.00000000 0.59839346 0.40160654
613.00000000 0.59874878 0.40125122
614.00000000 0.59900508 0.40099492
615.00000000 0.59916227 0.40083773
616.00000000 0.59922039 0.40077961
617.00000000 0.59917966 0.40082034
618.00000000 0.59904045 0.40095955
619.00000000 0.59880330 0.40119670
620.00000000 0.59846890 0.40153110
621.00000000 0.59803809 0.40196191
622.00000000 0.59751188 0.40248812
623.00000000 0.59689140 0.40310860
624.00000000 0.59617797 0.40382203
625.00000000 0.59537302 0.40462698
626.00000000 0.59447815 0.40552185
627.00000000 0.59349507 0.40650493
628.00000000 0.59242566 0.40757434
629.00000000 0.59127190 0.40872810
630.00000000 0.59003592 0.40996408
631.00000000 0.58871996 0.41128004
632.00000000 0.58732638 0.41267362
633.00000000 0.58585768 0.41414232
634.00000000 0.58431644 0.41568356
635.00000000 0.58270536 0.41729464
636.00000000 0.58102724 0.41897276
637.00000000 0.57928497 0.42071503
638.00000000 0.57748155 0.42251845
639.00000000 0.57562003 0.42437997
640.00000000 0.57370358 0.42629642
641.00000000 0.57173542 0.42826458
642.00000000 0.56971885 0.43028115
643.00000000 0.56765721 0.43234279
644.00000000 0.56555394 0.43444606
645.00000000 0.56341249 0.43658751
646.00000000 0.56123638 0.43876362
647.00000000 0.55902916 0.44097084
648.00000000 0.55679441 0.44320559
649.00000000 0.55453575 0.44546425
650.00000000 0.55225681 0.44774319
651.00000000 0.54996125 0.45003875
652.00000000 0.54765272 0.45234728
653.00000000 0.54533489 0.45466511
654.00000000 0.54301141 0.45698859
655.00000000 0.54068593 0.45931407
656.00000000 0.53836210 0.46163790
657.00000000 0.53604354 0.46395646
658.00000000 0.53373382 0.46626618
659.00000000 0.53143651 0.46856349
660.00000000 0.52915512 0.47084488
661.00000000 0.52689315 0.47310685
662.00000000 0.52465400 0.47534600
663.00000000 0.52244107 0.47755893
664.00000000 0.52025766 0.47974234
665.00000000 0.51810702 0.48189298
666.00000000 0.51599233 0.48400767
667.00000000 0.51391671 0.48608329
668.00000000 0.51188317 0.48811683
669.00000000 0.50989467 0.49010533
670.00000000 0.50795405 0.49204595
671.00000000 0.50606408 0.49393592
672.00000000 0.50422743 0.49577257
673.00000000 0.50244667 0.49755333
674.00000000 0.50072426 0.49927574
675.00000000 0.49906255 0.50093745
676.00000000 0.49746378 0.50253622
677.00000000 0.49593010 0.50406990
678.00000000 0.49446352 0.50553648
679.00000000 0.49306592 0.50693408
680.00000000 0.49173909 0.50826091
681.00000000 0.49048467 0.50951533
682.00000000 0.48930419 0.51069581
683.00000000 0.48819904 0.51180096
684.00000000 0.48717048 0.51282952
685.00000000 0.48621966 0.51378034
686.00000000 0.48534756 0.51465244
687.00000000 0.48455507 0.51544493
688.00000000 0.48384292 0.51615708
689.00000000 0.48321170 0.51678830
690.00000000 0.48266188 0.51733812
691.00000000 0.48219379 0.51780621
692.00000000 0.48180763 0.51819237
693.00000000 0.48150346 0.51849654
694.00000000 0.48128121 0.51871879
695.00000000 0.48114067 0.51885933
696.00000000 0.48108151 0.51891849
697.00000000 0.48110325 0.51889675
698.00000000 0.48120531 0.51879469
699.00000000 0.48138695 0.51861305
700.00000000 0.48164733 0.51835267
701.00000000 0.48198548 0.51801452
702.00000000 0.48240029 0.51759971
703.00000000 0.48289055 0.51710945
704.00000000 0.48345494 0.51654506
705.00000000 0.48409200 0.51590800
706.00000000 0.48480019 0.51519981
707.00000000 0.48557783 0.51442217
708.00000000 0.48642317 0.51357683
709.00000000 0.48733433 0.51266567
710.00000000 0.48830935 0.51169065
711.00000000 0.48934617 0.51065383
712.00000000 0.49044264 0.50955736
713.00000000 0.49159652 0.50840348
714.00000000 0.49280550 0.50719450
715.00000000 0.49406718 0.50593282
716.00000000 0.49537909 0.50462091
717.00000000 0.49673869 0.50326131
718.00000000 0.49814340 0.50185660
719.00000000 0.49959053 0.50040947
720.00000000 0.50107738 0.49892262
721.00000000 0.50260117 0.49739883
722.00000000 0.50415910 0.49584090
723.00000000 0.50574831 0.49425169
724.00000000 0.50736591 0.49263409
725.00000000 0.50900898 0.49099102
726.00000000 0.51067457 0.48932543
727.00000000 0.51235970 0.48764030
728.00000000 0.51406140 0.48593860
729.00000000 0.51577666 0.48422334
730.00000000 0.51750249 0.48249751
731.00000000 0.51923586 0.48076414
732.00000000 0.52097379 0.47902621
733.00000000 0.52271327 0.47728673
734.00000000 0.52445133 0.47554867
735.00000000 0.52618499 0.47381501
736.00000000 0.52791132 0.47208868
737.00000000 0.52962739 0.47037261
738.00000000 0.53133034 0.46866966
739.00000000 0.53301730 0.46698270
740.00000000 0.53468546 0.46531454
741.00000000 0.53633208 0.46366792
742.00000000 0.53795443 0.46204557
743.00000000 0.53954985 0.46045015
744.00000000 0.54111575 0.45888425
745.00000000 0.54264957 0.45735043
746.00000000 0.54414884 0.45585116
747.00000000 0.54561116 0.45438884
748.00000000 0.54703418 0.45296582
749.00000000 0.54841565 0.45158435
750.00000000 0.54975339 0.45024661
751.00000000 0.55104530 0.44895470
752.00000000 0.55228936 0.44771064
753.00000000 0.55348365 0.44651635
754.00000000 0.55462634 0.44537366
755.00000000 0.55571568 0.44428432
756.00000000 0.55675002 0.44324998
757.00000000 0.55772782 0.44227218
758.00000000 0.55864763 0.44135237
759.00000000 0.55950810 0.44049190
760.00000000 0.56030798 0.43969202
761.00000000 0.56104615 0.43895385
762.00000000 0.56172155 0.43827845
763.00000000 0.56233328 0.43766672
764.00000000 0.56288051 0.43711949
765.00000000 0.56336252 0.43663748
766.00000000 0.56377874 0.43622126
767.00000000 0.56412865 0.43587135
768.00000000 0.56441189 0.43558811
769.00000000 0.56462818 0.43537182
770.00000000 0.56477737 0.43522263
771.00000000 0.56485942 0.43514058
772.00000000 0.56487437 0.43512563
773.00000000 0.56482240 0.43517760
774.00000000 0.56470379 0.43529621
775.00000000 0.56451892 0.43548108
776.00000000 0.56426828 0.43573172
777.00000000 0.56395248 0.43604752
778.00000000 0.56357220 0.43642780
779.00000000 0.56312824 0.43687176
780.00000000 0.56262152 0.43737848
781.00000000 0.56205301 0.43794699
782.00000000 0.56142382 0.43857618
783.00000000 0.56073513 0.43926487
784.00000000 0.55998822 0.44001178
785.00000000 0.55918445 0.44081555
786.00000000 0.55832528 0.44167472
787.00000000 0.55741223 0.44258777
788.00000000 0.55644693 0.44355307
789.00000000 0.55543106 0.44456894
790.00000000 0.55436638 0.44563362
791.00000000 0.55325474 0.44674526
792.00000000 0.55209804 0.44790196
793.00000000 0.55089823 0.44910177
794.00000000 0.54965736 0.45034264
795.00000000 0.54837751 0.45162249
796.00000000 0.54706080 0.45293920
797.00000000 0.54570944 0.45429056
798.00000000 0.54432564 0.45567436
799.00000000 0.54291169 0.45708831
800.00000000 0.54146990 0.45853010
801.00000000 0.54000261 0.45999739
802.00000000 0.53851221 0.46148779
803.00000000 0.53700108 0.46299892
804.00000000 0.53547166 0.46452834
805.00000000 0.53392639 0.46607361
806.00000000 0.53236772 0.46763228
807.00000000 0.53079812 0.46920188
808.00000000 0.52922007 0.47077993
809.00000000 0.52763602 0.47236398
810.00000000 0.52604846 0.47395154
811.00000000 0.52445984 0.47554016
812.00000000 0.52287263 0.47712737
813.00000000 0.52128925 0.47871075
814.00000000 0.51971214 0.48028786
815.00000000 0.51814369 0.48185631
816.00000000 0.51658627 0.48341373
817.00000000 0.51504223 0.48495777
818.00000000 0.51351388 0.48648612
819.00000000 0.51200349 0.48799651
820.00000000 0.51051330 0.48948670
821.00000000 0.50904549 0.49095451
822.00000000 0.50760220 0.49239780
823.00000000 0.50618554 0.49381446
824.00000000 0.50479753 0.49520247
825.00000000 0.50344016 0.49655984
826.00000000 0.50211535 0.49788465
827.00000000 0.50082497 0.49917503
828.00000000 0.49957080 0.50042920
829.00000000 0.49835457 0.50164543
830.00000000 0.49717794 0.50282206
831.00000000 0.49604250 0.50395750
832.00000000 0.49494975 0.50505025
833.00000000 0.49390113 0.50609887
834.00000000 0.49289798 0.50710202
835.00000000 0.49194159 0.50805841
836.00000000 0.49103314 0.50896686
837.00000000 0.49017375 0.50982625
838.00000000 0.48936443 0.51063557
839.00000000 0.48860611 0.51139389
840.00000000 0.48789965 0.51210035
841.00000000 0.48724581 0.51275419
842.00000000 0.48664526 0.51335474
843.00000000 0.48609856 0.51390144
844.00000000 0.48560623 0.51439377
845.00000000 0.48516865 0.51483135
846.00000000 0.48478613 0.51521387
847.00000000 0.48445889 0.51554111
848.00000000 0.48418705 0.51581295
849.00000000 0.48397065 0.51602935
850.00000000 0.48380964 0.51619036
851.00000000 0.48370386 0.51629614
852.00000000 0.48365309 0.51634691
853.00000000 0.48365701 0.51634299
854.00000000 0.48371519 0.51628481
855.00000000 0.48382715 0.51617285
856.00000000 0.48399231 0.51600769
857.00000000 0.48421000 0.51579000
858.00000000 0.48447947 0.51552053
859.00000000 0.48479990 0.51520010
860.00000000 0.48517038 0.51482962
861.00000000 0.48558993 0.51441007
862.00000000 0.48605749 0.51394251
863.00000000 0.48657194 0.51342806
864.00000000 0.48713206 0.51286794
865.00000000 0.48773659 0.51226341
866.00000000 0.48838420 0.51161580
867.00000000 0.48907348 0.51092652
868.00000000 0.48980298 0.51019702
869.00000000 0.49057119 0.50942881
870.00000000 0.49137652 0.50862348
871.00000000 0.49221735 0.50778265
872.00000000 0.49309201 0.50690799
873.00000000 0.49399878 0.50600122
874.00000000 0.49493588 0.50506412
875.00000000 0.49590153 0.50409847
876.00000000 0.49689387 0.50310613
877.00000000 0.49791103 0.50208897
878.00000000 0.49895110 0.50104890
879.00000000 0.50001214 0.49998786
880.00000000 0.50109220 0.49890780
881.00000000 0.50218929 0.49781071
882.00000000 0.50330142 0.49669858
883.00000000 0.50442658 0.49557342
884.00000000 0.50556274 0.49443726
885.00000000 0.50670786 0.49329214
886.00000000 0.50785992 0.49214008
887.00000000 0.50901688 0.49098312
888.00000000 0.51017670 0.48982330
889.00000000 0.51133736 0.48866264
890.00000000 0.51249684 0.48750316
891.00000000 0.51365312 0.48634688
892.00000000 0.51480423 0.48519577
893.00000000 0.51594818 0.48405182
894.00000000 0.51708302 0.48291698
895.00000000 0.51820683 0.48179317
896.00000000 0.51931771 0.48068229
897.00000000 0.52041379 0.47958621
898.00000000 0.52149323 0.47850677
899.00000000 0.52255425 0.47744575
900.00000000 0.52359507 0.47640493
901.00000000 0.52461399 0.47538601
902.00000000 0.52560932 0.47439068
903.00000000 0.52657946 0.47342054
904.00000000 0.52752281 0.47247719
905.00000000 0.52843785 0.47156215
906.00000000 0.52932312 0.47067688
907.00000000 0.53017721 0.46982279
908.00000000 0.53099874 0.46900126
909.00000000 0.53178643 0.46821357
910.00000000 0.53253905 0.46746095
911.00000000 0.53325542 0.46674458
912.00000000 0.53393444 0.46606556
913.00000000 0.53457506 0.46542494
914.00000000 0.53517632 0.46482368
915.00000000 0.53573731 0.46426269
916.00000000 0.53625720 0.46374280
917.00000000 0.53673524 0.46326476
918.00000000 0.53717072 0.46282928
919.00000000 0.53756305 0.46243695
920.00000000 0.53791166 0.46208834
921.00000000 0.53821611 0.46178389
922.00000000 0.53847598 0.46152402
923.00000000 0.53869097 0.46130903
924.00000000 0.53886083 0.46113917
925.00000000 0.53898539 0.46101461
926.00000000 0.53906455 0.46093545
927.00000000 0.53909830 0.46090170
928.00000000 0.53908669 0.46091331
929.00000000 0.53902985 0.46097015
930.00000000 0.53892798 0.46107202
931.00000000 0.53878134 0.46121866
932.00000000 0.53859030 0.46140970
933.00000000 0.53835526 0.46164474
934.00000000 0.53807671 0.46192329
935.00000000 0.53775520 0.46224480
936.00000000 0.53739135 0.46260865
937.00000000 0.53698585 0.46301415
938.00000000 0.53653946 0.46346054
939.00000000 0.53605299 0.46394701
940.00000000 0.53552731 0.46447269
941.00000000 0.53496335 0.46503665
942.00000000 0.53436212 0.46563788
943.00000000 0.53372466 0.46627534
944.00000000 0.53305207 0.46694793
945.00000000 0.53234551 0.46765449
946.00000000 0.53160618 0.46839382
947.00000000 0.53083533 0.46916467
948.00000000 0.53003426 0.46996574
949.00000000 0.52920431 0.47079569
950.00000000 0.52834685 0.47165315
951.00000000 0.52746331 0.47253669
952.00000000 0.52655514 0.47344486
953.00000000 0.52562382 0.47437618
954.00000000 0.52467087 0.47532913
955.00000000 0.52369783 0.47630217
956.00000000 0.52270627 0.47729373
957.00000000 0.52169779 0.47830221
958.00000000 0.52067398 0.47932602
959.00000000 0.51963649 0.48036351
960.00000000 0.51858694 0.48141306
961.00000000 0.51752700 0.48247300
962.00000000 0.51645832 0.48354168
963.00000000 0.51538258 0.48461742
964.00000000 0.51430144 0.48569856
965.00000000 0.51321657 0.48678343
966.00000000 0.51212964 0.48787036
967.00000000 0.51104232 0.48895768
968.00000000 0.50995626 0.49004374
969.00000000 0.50887310 0.49112690
970.00000000 0.50779449 0.49220551
971.00000000 0.50672203 0.49327797
972.00000000 0.50565732 0.49434268
973.00000000 0.50460195 0.49539805
974.00000000 0.50355746 0.49644254
975.00000000 0.50252540 0.49747460
976.00000000 0.50150725 0.49849275
977.00000000 0.50050449 0.49949551
978.00000000 0.49951856 0.50048144
979.00000000 0.49855086 0.50144914
980.00000000 0.49760276 0.50239724
981.00000000 0.49667560 0.50332440
982.00000000 0.49577065 0.50422935
983.00000000 0.49488917 0.50511083
984.00000000 0.49403234 0.50596766
985.00000000 0.49320134 0.50679866
986.00000000 0.49239727 0.50760273
987.00000000 0.49162118 0.50837882
988.00000000 0.49087408 0.50912592
989.00000000 0.49015693 0.50984307
990.00000000 0.48947062 0.51052938
991.00000000 0.48881601 0.51118399
992.00000000 0.48819389 0.51180611
993.00000000 0.48760498 0.51239502
994.00000000 0.48704997 0.51295003
995.00000000 0.48652947 0.51347053
996.00000000 0.48604404 0.51395596
997.00000000 0.48559418 0.51440582
998.00000000 0.48518033 0.51481967
999.00000000 0.48480287 0.51519713
