0.00000000 1.00000000 0.00000000
0.50000000 0.99991130 0.00008870
1.00000000 0.99964523 0.00035477
1.50000000 0.99920193 0.00079807
2.00000000 0.99858159 0.00141841
2.50000000 0.99778449 0.00221551
3.00000000 0.99681101 0.00318899
3.50000000 0.99566158 0.00433842
4.00000000 0.99433673 0.00566327
4.50000000 0.99283707 0.00716293
5.00000000 0.99116328 0.00883672
5.50000000 0.98931613 0.01068387
6.00000000 0.98729646 0.01270354
6.50000000 0.98510519 0.01489481
7.00000000 0.98274333 0.01725667
7.50000000 0.98021195 0.01978805
8.00000000 0.97751220 0.02248780
8.50000000 0.97464532 0.02535468
9.00000000 0.97161260 0.02838740
9.50000000 0.96841542 0.03158458
10.00000000 0.96505525 0.03494475
10.50000000 0.96153361 0.03846639
11.00000000 0.95785210 0.04214790
11.50000000 0.95401239 0.04598761
12.00000000 0.95001621 0.04998379
12.50000000 0.94586540 0.05413460
13.00000000 0.94156182 0.05843818
13.50000000 0.93710743 0.06289257
14.00000000 0.93250425 0.06749575
14.50000000 0.92775436 0.07224564
15.00000000 0.92285993 0.07714007
15.50000000 0.91782318 0.08217682
16.00000000 0.91264639 0.08735361
16.50000000 0.90733190 0.09266810
17.00000000 0.90188213 0.09811787
17.50000000 0.89629954 0.10370046
18.00000000 0.89058665 0.10941335
18.50000000 0.88474605 0.11525395
19.00000000 0.87878038 0.12121962
19.50000000 0.87269232 0.12730768
20.00000000 0.86648465 0.13351535
20.50000000 0.86016015 0.13983985
21.00000000 0.85372169 0.14627831
21.50000000 0.84717216 0.15282784
22.00000000 0.84051451 0.15948549
22.50000000 0.83375173 0.16624827
23.00000000 0.82688685 0.17311315
23.50000000 0.81992296 0.18007704
24.00000000 0.81286318 0.18713682
24.50000000 0.80571070 0.19428930
25.00000000 0.79846873 0.20153127
25.50000000 0.79114053 0.20885947
26.00000000 0.78372941 0.21627059
26.50000000 0.77623870 0.22376130
27.00000000 0.76867176 0.23132824
27.50000000 0.76103199 0.23896801
28.00000000 0.75332282 0.24667718
28.50000000 0.74554772 0.25445228
29.00000000 0.73771018 0.26228982
29.50000000 0.72981374 0.27018626
30.00000000 0.72186196 0.27813804
30.50000000 0.71385842 0.28614158
31.00000000 0.70580670 0.29419330
31.50000000 0.69771042 0.30228958
32.00000000 0.68957319 0.31042681
32.50000000 0.68139864 0.31860136
33.00000000 0.67319041 0.32680959
33.50000000 0.66495217 0.33504783
34.00000000 0.65668759 0.34331241
34.50000000 0.64840038 0.35159962
35.00000000 0.64009426 0.35990574
35.50000000 0.63177294 0.36822706
36.00000000 0.62344015 0.37655985
36.50000000 0.61509963 0.38490037
37.00000000 0.60675508 0.39324492
37.50000000 0.59841022 0.40158978
38.00000000 0.59006880 0.40993120
38.50000000 0.58173452 0.41826548
39.00000000 0.57341115 0.42658885
39.50000000 0.56510240 0.43489760
40.00000000 0.55681202 0.44318798
40.50000000 0.54854372 0.45145628
41.00000000 0.54030120 0.45969880
41.50000000 0.53208812 0.46791188
42.00000000 0.52390813 0.47609187
42.50000000 0.51576485 0.48423515
43.00000000 0.50766188 0.49233812
43.50000000 0.49960281 0.50039719
44.00000000 0.49159122 0.50840878
44.50000000 0.48363069 0.51636931
45.00000000 0.47572475 0.52427525
45.50000000 0.46787694 0.53212306
46.00000000 0.46009073 0.53990927
46.50000000 0.45236957 0.54763043
47.00000000 0.44471686 0.55528314
47.50000000 0.43713600 0.56286400
48.00000000 0.42963034 0.57036966
48.50000000 0.42220322 0.57779678
49.00000000 0.41485798 0.58514202
49.50000000 0.40759790 0.59240210
50.00000000 0.40042627 0.59957373
50.50000000 0.39334630 0.60665370
51.00000000 0.38636115 0.61363885
51.50000000 0.37947394 0.62052606
52.00000000 0.37268770 0.62731230
52.50000000 0.36600544 0.63399456
53.00000000 0.35943008 0.64056992
53.50000000 0.35296454 0.64703546
54.00000000 0.34661167 0.65338833
54.50000000 0.34037427 0.65962573
55.00000000 0.33425510 0.66574490
55.50000000 0.32825683 0.67174317
56.00000000 0.32238204 0.67761796
56.50000000 0.31663326 0.68336674
57.00000000 0.31101291 0.68898709
57.50000000 0.30552337 0.69447663
58.00000000 0.30016698 0.69983302
58.50000000 0.29494600 0.70505400
59.00000000 0.28986267 0.71013733
59.50000000 0.28491917 0.71508083
60.00000000 0.28011763 0.71988237
60.50000000 0.27546009 0.72453991
61.00000000 0.27094851 0.72905149
61.50000000 0.26658479 0.73341521
62.00000000 0.26237074 0.73762926
62.50000000 0.25830810 0.74169190
63.00000000 0.25439857 0.74560143
63.50000000 0.25064378 0.74935622
64.00000000 0.24704530 0.75295470
64.50000000 0.24360466 0.75639534
65.00000000 0.24032328 0.75967672
65.50000000 0.23720252 0.76279748
66.00000000 0.23424361 0.76575639
66.50000000 0.23144772 0.76855228
67.00000000 0.22881591 0.77118409
67.50000000 0.22634920 0.77365080
68.00000000 0.22404851 0.77595149
68.50000000 0.22191475 0.77808525
69.00000000 0.21994875 0.78005125
69.50000000 0.21815128 0.78184872
70.00000000 0.21652304 0.78347696
70.50000000 0.21506464 0.78493536
71.00000000 0.21377661 0.78622339
71.50000000 0.21265939 0.78734061
72.00000000 0.21171332 0.78828668
72.50000000 0.21093871 0.78906129
73.00000000 0.21033576 0.78966424
73.50000000 0.20990466 0.79009534
74.00000000 0.20964549 0.79035451
74.50000000 0.20955829 0.79044171
75.00000000 0.20964299 0.79035701
75.50000000 0.20989944 0.79010056
76.00000000 0.21032738 0.78967262
76.50000000 0.21092646 0.78907354
77.00000000 0.21169626 0.78830374
77.50000000 0.21263626 0.78736374
78.00000000 0.21374590 0.78625410
78.50000000 0.21502457 0.78497543
79.00000000 0.21647158 0.78352842
79.50000000 0.21808617 0.78191383
80.00000000 0.21986751 0.78013249
80.50000000 0.22181467 0.77818533
81.00000000 0.22392664 0.77607336
81.50000000 0.22620233 0.77379767
82.00000000 0.22864057 0.77135943
82.50000000 0.23124011 0.76875989
83.00000000 0.23399969 0.76600031
83.50000000 0.23691796 0.76308204
84.00000000 0.23999352 0.76000648
84.50000000 0.24322493 0.75677507
85.00000000 0.24661065 0.75338935
85.50000000 0.25014905 0.74985095
86.00000000 0.25383845 0.74616155
86.50000000 0.25767704 0.74232296
87.00000000 0.26166300 0.73833700
87.50000000 0.26579440 0.73420560
88.00000000 0.27006928 0.72993072
88.50000000 0.27448562 0.72551438
89.00000000 0.27904134 0.72095866
89.50000000 0.28373429 0.71626571
90.00000000 0.28856223 0.71143777
90.50000000 0.29352286 0.70647714
91.00000000 0.29861381 0.70138619
91.50000000 0.30383261 0.69616739
92.00000000 0.30917678 0.69082322
92.50000000 0.31464377 0.68535623
93.00000000 0.32023099 0.67976901
93.50000000 0.32593583 0.67406417
94.00000000 0.33175564 0.66824436
94.50000000 0.33768772 0.66231228
95.00000000 0.34372930 0.65627070
95.50000000 0.34987758 0.65012242
96.00000000 0.35612968 0.64387032
96.50000000 0.36248267 0.63751733
97.00000000 0.36893361 0.63106639
97.50000000 0.37547948 0.62452052
98.00000000 0.38211725 0.61788275
98.50000000 0.38884386 0.61115614
99.00000000 0.39565619 0.60434381
99.50000000 0.40255111 0.59744889
100.00000000 0.40952541 0.59047459
100.50000000 0.41657584 0.58342416
101.00000000 0.42369914 0.57630086
101.50000000 0.43089198 0.56910802
102.00000000 0.43815105 0.56184895
102.50000000 0.44547301 0.55452699
103.00000000 0.45285450 0.54714550
103.50000000 0.46029216 0.53970784
104.00000000 0.46778263 0.53221737
104.50000000 0.47532249 0.52467751
105.00000000 0.48290832 0.51709168
105.50000000 0.49053668 0.50946332
106.00000000 0.49820409 0.50179591
106.50000000 0.50590707 0.49409293
107.00000000 0.51364213 0.48635787
107.50000000 0.52140578 0.47859422
108.00000000 0.52919452 0.47080548
108.50000000 0.53700485 0.46299515
109.00000000 0.54483327 0.45516673
109.50000000 0.55267626 0.44732374
110.00000000 0.56053030 0.43946970
110.50000000 0.56839184 0.43160816
111.00000000 0.57625735 0.42374265
111.50000000 0.58412327 0.41587673
112.00000000 0.59198609 0.40801391
112.50000000 0.59984226 0.40015774
113.00000000 0.60768826 0.39231174
113.50000000 0.61552058 0.38447942
114.00000000 0.62333569 0.37666431
114.50000000 0.63113006 0.36886994
115.00000000 0.63890018 0.36109982
115.50000000 0.64664253 0.35335747
116.00000000 0.65435362 0.34564638
116.50000000 0.66202998 0.33797002
117.00000000 0.66966815 0.33033185
117.50000000 0.67726472 0.32273528
118.00000000 0.68481631 0.31518369
118.50000000 0.69231956 0.30768044
119.00000000 0.69977113 0.30022887
119.50000000 0.70716771 0.29283229
120.00000000 0.71450602 0.28549398
120.50000000 0.72178278 0.27821722
121.00000000 0.72899477 0.27100523
121.50000000 0.73613877 0.26386123
122.00000000 0.74321163 0.25678837
122.50000000 0.75021021 0.24978979
123.00000000 0.75713141 0.24286859
123.50000000 0.76397218 0.23602782
124.00000000 0.77072947 0.22927053
124.50000000 0.77740030 0.22259970
125.00000000 0.78398170 0.21601830
125.50000000 0.79047077 0.20952923
126.00000000 0.79686465 0.20313535
126.50000000 0.80316052 0.19683948
127.00000000 0.80935564 0.19064436
127.50000000 0.81544730 0.18455270
128.00000000 0.82143284 0.17856716
128.50000000 0.82730965 0.17269035
129.00000000 0.83307518 0.16692482
129.50000000 0.83872690 0.16127310
130.00000000 0.84426233 0.15573767
130.50000000 0.84967907 0.15032093
131.00000000 0.85497475 0.14502525
131.50000000 0.86014707 0.13985293
132.00000000 0.86519381 0.13480619
132.50000000 0.87011278 0.12988722
133.00000000 0.87490189 0.12509811
133.50000000 0.87955907 0.12044093
134.00000000 0.88408235 0.11591765
134.50000000 0.88846980 0.11153020
135.00000000 0.89271954 0.10728046
135.50000000 0.89682978 0.10317022
136.00000000 0.90079879 0.09920121
136.50000000 0.90462489 0.09537511
137.00000000 0.90830648 0.09169352
137.50000000 0.91184203 0.08815797
138.00000000 0.91523006 0.08476994
138.50000000 0.91846918 0.08153082
139.00000000 0.92155804 0.07844196
139.50000000 0.92449536 0.07550464
140.00000000 0.92727993 0.07272007
140.50000000 0.92991062 0.07008938
141.00000000 0.93238639 0.06761361
141.50000000 0.93470624 0.06529376
142.00000000 0.93686929 0.06313071
142.50000000 0.93887471 0.06112529
143.00000000 0.94072176 0.05927824
143.50000000 0.94240975 0.05759025
144.00000000 0.94393807 0.05606193
144.50000000 0.94530617 0.05469383
145.00000000 0.94651357 0.05348643
145.50000000 0.94755986 0.05244014
146.00000000 0.94844469 0.05155531
146.50000000 0.94916781 0.05083219
147.00000000 0.94972902 0.05027098
147.50000000 0.95012819 0.04987181
148.00000000 0.95036530 0.04963470
148.50000000 0.95044037 0.04955963
149.00000000 0.95035350 0.04964650
149.50000000 0.95010486 0.04989514
150.00000000 0.94969472 0.05030528
150.50000000 0.94912338 0.05087662
151.00000000 0.94839126 0.05160874
151.50000000 0.94749882 0.05250118
152.00000000 0.94644661 0.05355339
152.50000000 0.94523527 0.05476473
153.00000000 0.94386548 0.05613452
153.50000000 0.94233800 0.05766200
154.00000000 0.94065365 0.05934635
154.50000000 0.93881332 0.06118668
155.00000000 0.93681796 0.06318204
155.50000000 0.93466858 0.06533142
156.00000000 0.93236628 0.06763372
156.50000000 0.92991222 0.07008778
157.00000000 0.92730762 0.07269238
157.50000000 0.92455380 0.07544620
158.00000000 0.92165212 0.07834788
158.50000000 0.91860403 0.08139597
159.00000000 0.91541100 0.08458900
159.50000000 0.91207458 0.08792542
160.00000000 0.90859638 0.09140362
160.50000000 0.90497803 0.09502197
161.00000000 0.90122126 0.09877874
161.50000000 0.89732782 0.10267218
162.00000000 0.89329955 0.10670045
162.50000000 0.88913831 0.11086169
163.00000000 0.88484607 0.11515393
163.50000000 0.88042482 0.11957518
164.00000000 0.87587661 0.12412339
164.50000000 0.87120354 0.12879646
165.00000000 0.86640779 0.13359221
165.50000000 0.86149156 0.13850844
166.00000000 0.85645711 0.14354289
166.50000000 0.85130678 0.14869322
167.00000000 0.84604296 0.15395704
167.50000000 0.84066807 0.15933193
168.00000000 0.83518462 0.16481538
168.50000000 0.82959514 0.17040486
169.00000000 0.82390221 0.17609779
169.50000000 0.81810844 0.18189156
170.00000000 0.81221648 0.18778352
170.50000000 0.80622900 0.19377100
171.00000000 0.80014872 0.19985128
171.50000000 0.79397842 0.20602158
172.00000000 0.78772091 0.21227909
172.50000000 0.78137906 0.21862094
173.00000000 0.77495578 0.22504422
173.50000000 0.76845402 0.23154598
174.00000000 0.76187678 0.23812322
174.50000000 0.75522706 0.24477294
175.00000000 0.74850789 0.25149211
175.50000000 0.74172234 0.25827766
176.00000000 0.73487348 0.26512652
176.50000000 0.72796444 0.27203556
177.00000000 0.72099835 0.27900165
177.50000000 0.71397840 0.28602160
178.00000000 0.70690777 0.29309223
178.50000000 0.69978969 0.30021031
179.00000000 0.69262737 0.30737263
179.50000000 0.68542405 0.31457595
180.00000000 0.67818295 0.32181705
180.50000000 0.67090732 0.32909268
181.00000000 0.66360042 0.33639958
181.50000000 0.65626551 0.34373449
182.00000000 0.64890589 0.35109411
182.50000000 0.64152489 0.35847511
183.00000000 0.63412584 0.36587416
183.50000000 0.62671208 0.37328792
184.00000000 0.61928694 0.38071306
184.50000000 0.61185375 0.38814625
185.00000000 0.60441584 0.39558416
185.50000000 0.59697652 0.40302348
186.00000000 0.58953909 0.41046091
186.50000000 0.58210689 0.41789311
187.00000000 0.57468323 0.42531677
187.50000000 0.56727144 0.43272856
188.00000000 0.55987486 0.44012514
188.50000000 0.55249681 0.44750319
189.00000000 0.54514059 0.45485941
189.50000000 0.53780946 0.46219054
190.00000000 0.53050667 0.46949333
190.50000000 0.52323544 0.47676456
191.00000000 0.51599896 0.48400104
191.50000000 0.50880043 0.49119957
192.00000000 0.50164301 0.49835699
192.50000000 0.49452987 0.50547013
193.00000000 0.48746414 0.51253586
193.50000000 0.48044894 0.51955106
194.00000000 0.47348734 0.52651266
194.50000000 0.46658237 0.53341763
195.00000000 0.45973703 0.54026297
195.50000000 0.45295429 0.54704571
196.00000000 0.44623708 0.55376292
196.50000000 0.43958831 0.56041169
197.00000000 0.43301091 0.56698909
197.50000000 0.42650776 0.57349224
198.00000000 0.42008173 0.57991827
198.50000000 0.41373565 0.58626435
199.00000000 0.40747233 0.59252767
199.50000000 0.40129449 0.59870551
200.00000000 0.39520484 0.60479516
200.50000000 0.38920601 0.61079399
201.00000000 0.38330060 0.61669940
201.50000000 0.37749118 0.62250882
202.00000000 0.37178028 0.62821972
202.50000000 0.36617038 0.63382962
203.00000000 0.36066393 0.63933607
203.50000000 0.35526332 0.64473668
204.00000000 0.34997084 0.65002916
204.50000000 0.34478875 0.65521125
205.00000000 0.33971922 0.66028078
205.50000000 0.33476434 0.66523566
206.00000000 0.32992619 0.67007381
206.50000000 0.32520678 0.67479322
207.00000000 0.32060807 0.67939193
207.50000000 0.31613201 0.68386799
208.00000000 0.31178048 0.68821952
208.50000000 0.30755531 0.69244469
209.00000000 0.30345827 0.69654173
209.50000000 0.29949105 0.70050895
210.00000000 0.29565528 0.70434472
210.50000000 0.29195255 0.70804745
211.00000000 0.28838436 0.71161564
211.50000000 0.28495220 0.71504780
212.00000000 0.28165749 0.71834251
212.50000000 0.27850160 0.72149840
213.00000000 0.27548584 0.72451416
213.50000000 0.27261145 0.72738855
214.00000000 0.26987958 0.73012042
214.50000000 0.26729131 0.73270869
215.00000000 0.26484763 0.73515237
215.50000000 0.26254946 0.73745054
216.00000000 0.26039766 0.73960234
216.50000000 0.25839303 0.74160697
217.00000000 0.25653633 0.74346367
217.50000000 0.25482825 0.74517175
218.00000000 0.25326942 0.74673058
218.50000000 0.25186038 0.74813962
219.00000000 0.25060163 0.74939837
219.50000000 0.24949354 0.75050646
220.00000000 0.24853642 0.75146358
220.50000000 0.24773052 0.75226948
221.00000000 0.24707600 0.75292400
221.50000000 0.24657299 0.75342701
222.00000000 0.24622155 0.75377845
222.50000000 0.24602168 0.75397832
223.00000000 0.24597331 0.75402669
223.50000000 0.24607631 0.75392369
224.00000000 0.24633044 0.75366956
224.50000000 0.24673541 0.75326459
225.00000000 0.24729086 0.75270914
225.50000000 0.24799634 0.75200366
226.00000000 0.24885138 0.75114862
226.50000000 0.24985541 0.75014459
227.00000000 0.25100786 0.74899214
227.50000000 0.25230807 0.74769193
228.00000000 0.25375532 0.74624468
228.50000000 0.25534881 0.74465119
229.00000000 0.25708768 0.74291232
229.50000000 0.25897098 0.74102902
230.00000000 0.26099770 0.73900230
230.50000000 0.26316676 0.73683324
231.00000000 0.26547703 0.73452297
231.50000000 0.26792736 0.73207264
232.00000000 0.27051651 0.72948349
232.50000000 0.27324322 0.72675678
233.00000000 0.27610618 0.72389382
233.50000000 0.27910399 0.72089601
234.00000000 0.28223520 0.71776480
234.50000000 0.28549831 0.71450169
235.00000000 0.28889173 0.71110827
235.50000000 0.29241383 0.70758617
236.00000000 0.29606294 0.70393706
236.50000000 0.29983731 0.70016269
237.00000000 0.30373516 0.69626484
237.50000000 0.30775465 0.69224535
238.00000000 0.31189386 0.68810614
238.50000000 0.31615082 0.68384918
239.00000000 0.32052349 0.67947651
239.50000000 0.32500977 0.67499023
240.00000000 0.32960750 0.67039250
240.50000000 0.33431450 0.66568550
241.00000000 0.33912852 0.66087148
241.50000000 0.34404730 0.65595270
242.00000000 0.34906856 0.65093144
242.50000000 0.35418993 0.64581007
243.00000000 0.35940906 0.64059094
243.50000000 0.36472349 0.63527651
244.00000000 0.37013075 0.62986925
244.50000000 0.37562830 0.62437170
245.00000000 0.38121359 0.61878641
245.50000000 0.38688400 0.61311600
246.00000000 0.39263689 0.60736311
246.50000000 0.39846960 0.60153040
247.00000000 0.40437942 0.59562058
247.50000000 0.41036359 0.58963641
248.00000000 0.41641935 0.58358065
248.50000000 0.42254387 0.57745613
249.00000000 0.42873429 0.57126571
249.50000000 0.43498772 0.56501228
250.00000000 0.44130125 0.55869875
250.50000000 0.44767195 0.55232805
251.00000000 0.45409684 0.54590316
251.50000000 0.46057297 0.53942703
252.00000000 0.46709732 0.53290268
252.50000000 0.47366688 0.52633312
253.00000000 0.48027858 0.51972142
253.50000000 0.48692934 0.51307066
254.00000000 0.49361606 0.50638394
254.50000000 0.50033563 0.49966437
255.00000000 0.50708494 0.49291506
255.50000000 0.51386086 0.48613914
256.00000000 0.52066028 0.47933972
256.50000000 0.52748011 0.47251989
257.00000000 0.53431722 0.46568278
257.50000000 0.54116852 0.45883148
258.00000000 0.54803089 0.45196911
258.50000000 0.55490122 0.44509878
259.00000000 0.56177642 0.43822358
259.50000000 0.56865337 0.43134663
260.00000000 0.57552898 0.42447102
260.50000000 0.58240017 0.41759983
261.00000000 0.58926385 0.41073615
261.50000000 0.59611695 0.40388305
262.00000000 0.60295639 0.39704361
262.50000000 0.60977908 0.39022092
263.00000000 0.61658196 0.38341804
263.50000000 0.62336196 0.37663804
264.00000000 0.63011602 0.36988398
264.50000000 0.63684111 0.36315889
265.00000000 0.64353425 0.35646575
265.50000000 0.65019245 0.34980755
266.00000000 0.65681277 0.34318723
266.50000000 0.66339228 0.33660772
267.00000000 0.66992809 0.33007191
267.50000000 0.67641730 0.32358270
268.00000000 0.68285707 0.31714293
268.50000000 0.68924454 0.31075546
269.00000000 0.69557689 0.30442311
269.50000000 0.70185136 0.29814864
270.00000000 0.70806519 0.29193481
270.50000000 0.71421566 0.28578434
271.00000000 0.72030008 0.27969992
271.50000000 0.72631580 0.27368420
272.00000000 0.73226018 0.26773982
272.50000000 0.73813062 0.26186938
273.00000000 0.74392456 0.25607544
273.50000000 0.74963945 0.25036055
274.00000000 0.75527280 0.24472720
274.50000000 0.76082218 0.23917782
275.00000000 0.76628517 0.23371483
275.50000000 0.77165942 0.22834058
276.00000000 0.77694260 0.22305740
276.50000000 0.78213244 0.21786756
277.00000000 0.78722670 0.21277330
277.50000000 0.79222316 0.20777684
278.00000000 0.79711966 0.20288034
278.50000000 0.80191409 0.19808591
279.00000000 0.80660439 0.19339561
279.50000000 0.81118857 0.18881143
280.00000000 0.81566468 0.18433532
280.50000000 0.82003083 0.17996917
281.00000000 0.82428520 0.17571480
281.50000000 0.82842601 0.17157399
282.00000000 0.83245153 0.16754847
282.50000000 0.83636007 0.16363993
283.00000000 0.84015002 0.15984998
283.50000000 0.84381978 0.15618022
284.00000000 0.84736784 0.15263216
284.50000000 0.85079273 0.14920727
285.00000000 0.85409303 0.14590697
285.50000000 0.85726741 0.14273259
286.00000000 0.86031455 0.13968545
286.50000000 0.86323320 0.13676680
287.00000000 0.86602218 0.13397782
287.50000000 0.86868036 0.13131964
288.00000000 0.87120667 0.12879333
288.50000000 0.87360012 0.12639988
289.00000000 0.87585977 0.12414023
289.50000000 0.87798478 0.12201522
290.00000000 0.87997436 0.12002564
290.50000000 0.88182780 0.11817220
291.00000000 0.88354443 0.11645557
291.50000000 0.88512366 0.11487634
292.00000000 0.88656495 0.11343505
292.50000000 0.88786783 0.11213217
293.00000000 0.88903187 0.11096813
293.50000000 0.89005672 0.10994328
294.00000000 0.89094207 0.10905793
294.50000000 0.89168768 0.10831232
295.00000000 0.89229340 0.10770660
295.50000000 0.89275910 0.10724090
296.00000000 0.89308473 0.10691527
296.50000000 0.89327030 0.10672970
297.00000000 0.89331589 0.10668411
297.50000000 0.89322161 0.10677839
298.00000000 0.89298768 0.10701232
298.50000000 0.89261434 0.10738566
299.00000000 0.89210194 0.10789806
299.50000000 0.89145084 0.10854916
300.00000000 0.89066151 0.10933849
300.50000000 0.88973445 0.11026555
301.00000000 0.88867024 0.11132976
301.50000000 0.88746950 0.11253050
302.00000000 0.88613294 0.11386706
302.50000000 0.88466131 0.11533869
303.00000000 0.88305545 0.11694455
303.50000000 0.88131623 0.11868377
304.00000000 0.87944460 0.12055540
304.50000000 0.87744158 0.12255842
305.00000000 0.87530825 0.12469175
305.50000000 0.87304572 0.12695428
306.00000000 0.87065518 0.12934482
306.50000000 0.86813788 0.13186212
307.00000000 0.86549510 0.13450490
307.50000000 0.86272818 0.13727182
308.00000000 0.85983854 0.14016146
308.50000000 0.85682759 0.14317241
309.00000000 0.85369685 0.14630315
309.50000000 0.85044784 0.14955216
310.00000000 0.84708215 0.15291785
310.50000000 0.84360141 0.15639859
311.00000000 0.84000732 0.15999268
311.50000000 0.83630159 0.16369841
312.00000000 0.83248604 0.16751396
312.50000000 0.82856249 0.17143751
313.00000000 0.82453283 0.17546717
313.50000000 0.82039899 0.17960101
314.00000000 0.81616295 0.18383705
314.50000000 0.81182671 0.18817329
315.00000000 0.80739234 0.19260766
315.50000000 0.80286192 0.19713808
316.00000000 0.79823758 0.20176242
316.50000000 0.79352151 0.20647849
317.00000000 0.78871592 0.21128408
317.50000000 0.78382306 0.21617694
318.00000000 0.77884522 0.22115478
318.50000000 0.77378473 0.22621527
319.00000000 0.76864394 0.23135606
319.50000000 0.76342523 0.23657477
320.00000000 0.75813105 0.24186895
320.50000000 0.75276383 0.24723617
321.00000000 0.74732609 0.25267391
321.50000000 0.74182036 0.25817964
322.00000000 0.73624921 0.26375079
322.50000000 0.73061524 0.26938476
323.00000000 0.72492109 0.27507891
323.50000000 0.71916938 0.28083062
324.00000000 0.71336279 0.28663721
324.50000000 0.70750399 0.29249601
325.00000000 0.70159567 0.29840433
325.50000000 0.69564057 0.30435943
326.00000000 0.68964140 0.31035860
326.50000000 0.68360094 0.31639906
327.00000000 0.67752193 0.32247807
327.50000000 0.67140718 0.32859282
328.00000000 0.66525944 0.33474056
328.50000000 0.65908152 0.34091848
329.00000000 0.65287619 0.34712381
329.50000000 0.64664625 0.35335375
330.00000000 0.64039449 0.35960551
330.50000000 0.63412372 0.36587628
331.00000000 0.62783677 0.37216323
331.50000000 0.62153647 0.37846353
332.00000000 0.61522565 0.38477435
332.50000000 0.60890716 0.39109284
333.00000000 0.60258386 0.39741614
333.50000000 0.59625856 0.40374144
334.00000000 0.58993412 0.41006588
334.50000000 0.58361337 0.41638663
335.00000000 0.57729916 0.42270084
335.50000000 0.57099432 0.42900568
336.00000000 0.56470171 0.43529829
336.50000000 0.55842416 0.44157584
337.00000000 0.55216450 0.44783550
337.50000000 0.54592556 0.45407444
338.00000000 0.53971012 0.46028988
338.50000000 0.53352094 0.46647906
339.00000000 0.52736077 0.47263923
339.50000000 0.52123233 0.47876767
340.00000000 0.51513832 0.48486168
340.50000000 0.50908143 0.49091857
341.00000000 0.50306433 0.49693567
341.50000000 0.49708965 0.50291035
342.00000000 0.49116002 0.50883998
342.50000000 0.48527802 0.51472198
343.00000000 0.47944619 0.52055381
343.50000000 0.47366705 0.52633295
344.00000000 0.46794308 0.53205692
344.50000000 0.46227675 0.53772325
345.00000000 0.45667049 0.54332951
345.50000000 0.45112673 0.54887327
346.00000000 0.44564786 0.55435214
346.50000000 0.44023625 0.55976375
347.00000000 0.43489424 0.56510576
347.50000000 0.42962413 0.57037587
348.00000000 0.42442816 0.57557184
348.50000000 0.41930856 0.58069144
349.00000000 0.41426751 0.58573249
349.50000000 0.40930717 0.59069283
350.00000000 0.40442966 0.59557034
350.50000000 0.39963706 0.60036294
351.00000000 0.39493142 0.60506858
351.50000000 0.39031475 0.60968525
352.00000000 0.38578898 0.61421102
352.50000000 0.38135600 0.61864400
353.00000000 0.37701764 0.62298236
353.50000000 0.37277567 0.62722433
354.00000000 0.36863183 0.63136817
354.50000000 0.36458780 0.63541220
355.00000000 0.36064523 0.63935477
355.50000000 0.35680574 0.64319426
356.00000000 0.35307088 0.64692912
356.50000000 0.34944219 0.65055781
357.00000000 0.34592111 0.65407889
357.50000000 0.34250907 0.65749093
358.00000000 0.33920742 0.66079258
358.50000000 0.33601747 0.66398253
359.00000000 0.33294050 0.66705950
359.50000000 0.32997775 0.67002225
360.00000000 0.32713040 0.67286960
360.50000000 0.32439962 0.67560038
361.00000000 0.32178650 0.67821350
361.50000000 0.31929209 0.68070791
362.00000000 0.31691734 0.68308266
362.50000000 0.31466319 0.68533681
363.00000000 0.31253047 0.68746953
363.50000000 0.31051998 0.68948002
364.00000000 0.30863246 0.69136754
364.50000000 0.30686862 0.69313138
365.00000000 0.30522910 0.69477090
365.50000000 0.30371449 0.69628551
366.00000000 0.30232534 0.69767466
366.50000000 0.30106210 0.69893790
367.00000000 0.29992515 0.70007485
367.50000000 0.29891482 0.70108518
368.00000000 0.29803136 0.70196864
368.50000000 0.29727497 0.70272503
369.00000000 0.29664580 0.70335420
369.50000000 0.29614395 0.70385605
370.00000000 0.29576949 0.70423051
370.50000000 0.29552241 0.70447759
371.00000000 0.29540268 0.70459732
371.50000000 0.29541017 0.70458983
372.00000000 0.29554472 0.70445528
372.50000000 0.29580609 0.70419391
373.00000000 0.29619400 0.70380600
373.50000000 0.29670812 0.70329188
374.00000000 0.29734810 0.70265190
374.50000000 0.29811351 0.70188649
375.00000000 0.29900390 0.70099610
375.50000000 0.30001875 0.69998125
376.00000000 0.30115748 0.69884252
376.50000000 0.30241945 0.69758055
377.00000000 0.30380391 0.69619609
377.50000000 0.30531007 0.69468993
378.00000000 0.30693709 0.69306291
378.50000000 0.30868408 0.69131592
379.00000000 0.31055008 0.68944992
379.50000000 0.31253411 0.68746589
380.00000000 0.31463516 0.68536484
380.50000000 0.31685215 0.68314785
381.00000000 0.31918395 0.68081605
381.50000000 0.32162936 0.67837064
382.00000000 0.32418716 0.67581284
382.50000000 0.32685604 0.67314396
383.00000000 0.32963467 0.67036533
383.50000000 0.33252171 0.66747829
384.00000000 0.33551574 0.66448426
384.50000000 0.33861535 0.66138465
385.00000000 0.34181906 0.65818094
385.50000000 0.34512534 0.65487466
386.00000000 0.34853262 0.65146738
386.50000000 0.35203928 0.64796072
387.00000000 0.35564361 0.64435639
387.50000000 0.35934390 0.64065610
388.00000000 0.36313837 0.63686163
388.50000000 0.36702523 0.63297477
389.00000000 0.37100267 0.62899733
389.50000000 0.37506882 0.62493118
390.00000000 0.37922180 0.62077820
390.50000000 0.38345968 0.61654032
391.00000000 0.38778048 0.61221952
391.50000000 0.39218218 0.60781782
392.00000000 0.39666272 0.60333728
392.50000000 0.40122002 0.59877998
393.00000000 0.40585194 0.59414806
393.50000000 0.41055635 0.58944365
394.00000000 0.41533110 0.58466890
394.50000000 0.42017400 0.57982600
395.00000000 0.42508285 0.57491715
395.50000000 0.43005540 0.56994460
396.00000000 0.43508937 0.56491063
396.50000000 0.44018246 0.55981754
397.00000000 0.44533231 0.55466769
397.50000000 0.45053657 0.54946343
398.00000000 0.45579284 0.54420716
398.50000000 0.46109874 0.53890126
399.00000000 0.46645185 0.53354815
399.50000000 0.47184973 0.52815027
400.00000000 0.47728992 0.52271008
400.50000000 0.48276993 0.51723007
401.00000000 0.48828724 0.51171276
401.50000000 0.49383929 0.50616071
402.00000000 0.49942352 0.50057648
402.50000000 0.50503733 0.49496267
403.00000000 0.51067816 0.48932184
403.50000000 0.51634341 0.48365659
404.00000000 0.52203050 0.47796950
404.50000000 0.52773685 0.47226315
405.00000000 0.53345987 0.46654013
405.50000000 0.53919696 0.46080304
406.00000000 0.54494552 0.45505448
406.50000000 0.55070294 0.44929706
407.00000000 0.55646661 0.44353339
407.50000000 0.56223394 0.43776606
408.00000000 0.56800235 0.43199765
408.50000000 0.57376926 0.42623074
409.00000000 0.57953211 0.42046789
409.50000000 0.58528833 0.41471167
410.00000000 0.59103534 0.40896466
410.50000000 0.59677057 0.40322943
411.00000000 0.60249144 0.39750856
411.50000000 0.60819536 0.39180464
412.00000000 0.61387977 0.38612023
412.50000000 0.61954211 0.38045789
413.00000000 0.62517985 0.37482015
413.50000000 0.63079048 0.36920952
414.00000000 0.63637150 0.36362850
414.50000000 0.64192043 0.35807957
415.00000000 0.64743482 0.35256518
415.50000000 0.65291220 0.34708780
416.00000000 0.65835014 0.34164986
416.50000000 0.66374624 0.33625376
417.00000000 0.66909811 0.33090189
417.50000000 0.67440339 0.32559661
418.00000000 0.67965978 0.32034022
418.50000000 0.68486496 0.31513504
419.00000000 0.69001668 0.30998332
419.50000000 0.69511267 0.30488733
420.00000000 0.70015071 0.29984929
420.50000000 0.70512857 0.29487143
421.00000000 0.71004406 0.28995594
421.50000000 0.71489500 0.28510500
422.00000000 0.71967927 0.28032073
422.50000000 0.72439476 0.27560524
423.00000000 0.72903941 0.27096059
423.50000000 0.73361120 0.26638880
424.00000000 0.73810815 0.26189185
424.50000000 0.74252830 0.25747170
425.00000000 0.74686972 0.25313028
425.50000000 0.75113053 0.24886947
426.00000000 0.75530887 0.24469113
426.50000000 0.75940294 0.24059706
427.00000000 0.76341099 0.23658901
427.50000000 0.76733131 0.23266869
428.00000000 0.77116226 0.22883774
428.50000000 0.77490222 0.22509778
429.00000000 0.77854962 0.22145038
429.50000000 0.78210295 0.21789705
430.00000000 0.78556071 0.21443929
430.50000000 0.78892146 0.21107854
431.00000000 0.79218380 0.20781620
431.50000000 0.79534637 0.20465363
432.00000000 0.79840788 0.20159212
432.50000000 0.80136707 0.19863293
433.00000000 0.80422275 0.19577725
433.50000000 0.80697375 0.19302625
434.00000000 0.80961897 0.19038103
434.50000000 0.81215731 0.18784269
435.00000000 0.81458775 0.18541225
435.50000000 0.81690929 0.18309071
436.00000000 0.81912099 0.18087901
436.50000000 0.82122196 0.17877804
437.00000000 0.82321137 0.17678863
437.50000000 0.82508843 0.17491157
438.00000000 0.82685243 0.17314757
438.50000000 0.82850270 0.17149730
439.00000000 0.83003861 0.16996139
439.50000000 0.83145961 0.16854039
440.00000000 0.83276517 0.16723483
440.50000000 0.83395482 0.16604518
441.00000000 0.83502815 0.16497185
441.50000000 0.83598482 0.16401518
442.00000000 0.83682452 0.16317548
442.50000000 0.83754702 0.16245298
443.00000000 0.83815211 0.16184789
443.50000000 0.83863966 0.16136034
444.00000000 0.83900955 0.16099045
444.50000000 0.83926175 0.16073825
445.00000000 0.83939623 0.16060377
445.50000000 0.83941304 0.16058696
446.00000000 0.83931227 0.16068773
446.50000000 0.83909406 0.16090594
447.00000000 0.83875861 0.16124139
447.50000000 0.83830618 0.16169382
448.00000000 0.83773707 0.16226293
448.50000000 0.83705165 0.16294835
449.00000000 0.83625033 0.16374967
449.50000000 0.83533357 0.16466643
450.00000000 0.83430189 0.16569811
450.50000000 0.83315586 0.16684414
451.00000000 0.83189610 0.16810390
451.50000000 0.83052330 0.16947670
452.00000000 0.82903820 0.17096180
452.50000000 0.82744157 0.17255843
453.00000000 0.82573426 0.17426574
453.50000000 0.82391714 0.17608286
454.00000000 0.82199117 0.17800883
454.50000000 0.81995729 0.18004271
455.00000000 0.81781655 0.18218345
455.50000000 0.81557000 0.18443000
456.00000000 0.81321876 0.18678124
456.50000000 0.81076399 0.18923601
457.00000000 0.80820689 0.19179311
457.50000000 0.80554872 0.19445128
458.00000000 0.80279077 0.19720923
458.50000000 0.79993438 0.20006562
459.00000000 0.79698093 0.20301907
459.50000000 0.79393185 0.20606815
460.00000000 0.79078860 0.20921140
460.50000000 0.78755269 0.21244731
461.00000000 0.78422567 0.21577433
461.50000000 0.78080913 0.21919087
462.00000000 0.77730470 0.22269530
462.50000000 0.77371405 0.22628595
463.00000000 0.77003889 0.22996111
463.50000000 0.76628097 0.23371903
464.00000000 0.76244207 0.23755793
464.50000000 0.75852401 0.24147599
465.00000000 0.75452865 0.24547135
465.50000000 0.75045787 0.24954213
466.00000000 0.74631359 0.25368641
466.50000000 0.74209776 0.25790224
467.00000000 0.73781237 0.26218763
467.50000000 0.73345942 0.26654058
468.00000000 0.72904094 0.27095906
468.50000000 0.72455901 0.27544099
469.00000000 0.72001571 0.27998429
469.50000000 0.71541314 0.28458686
470.00000000 0.71075346 0.28924654
470.50000000 0.70603881 0.29396119
471.00000000 0.70127136 0.29872864
471.50000000 0.69645331 0.30354669
472.00000000 0.69158688 0.30841312
472.50000000 0.68667428 0.31332572
473.00000000 0.68171778 0.31828222
473.50000000 0.67671965 0.32328035
474.00000000 0.67168217 0.32831783
474.50000000 0.66660765 0.33339235
475.00000000 0.66149841 0.33850159
475.50000000 0.65635677 0.34364323
476.00000000 0.65118508 0.34881492
476.50000000 0.64598567 0.35401433
477.00000000 0.64076091 0.35923909
477.50000000 0.63551316 0.36448684
478.00000000 0.63024480 0.36975520
478.50000000 0.62495822 0.37504178
479.00000000 0.61965582 0.38034418
479.50000000 0.61433999 0.38566001
480.00000000 0.60901316 0.39098684
480.50000000 0.60367772 0.39632228
481.00000000 0.59833610 0.40166390
481.50000000 0.59299071 0.40700929
482.00000000 0.58764395 0.41235605
482.50000000 0.58229825 0.41770175
483.00000000 0.57695603 0.42304397
483.50000000 0.57161970 0.42838030
484.00000000 0.56629170 0.43370830
484.50000000 0.56097443 0.43902557
485.00000000 0.55567031 0.44432969
485.50000000 0.55038173 0.44961827
486.00000000 0.54511107 0.45488893
486.50000000 0.53986070 0.46013930
487.00000000 0.53463298 0.46536702
487.50000000 0.52943027 0.47056973
488.00000000 0.52425489 0.47574511
488.50000000 0.51910918 0.48089082
489.00000000 0.51399545 0.48600455
489.50000000 0.50891599 0.49108401
490.00000000 0.50387309 0.49612691
490.50000000 0.49886899 0.50113101
491.00000000 0.49390592 0.50609408
491.50000000 0.48898608 0.51101392
492.00000000 0.48411164 0.51588836
492.50000000 0.47928479 0.52071521
493.00000000 0.47450764 0.52549236
493.50000000 0.46978234 0.53021766
494.00000000 0.46511097 0.53488903
494.50000000 0.46049561 0.53950439
495.00000000 0.45593828 0.54406172
495.50000000 0.45144100 0.54855900
496.00000000 0.44700575 0.55299425
496.50000000 0.44263446 0.55736554
497.00000000 0.43832906 0.56167094
497.50000000 0.43409144 0.56590856
498.00000000 0.42992347 0.57007653
498.50000000 0.42582698 0.57417302
499.00000000 0.42180379 0.57819621
499.50000000 0.41785563 0.58214437
500.00000000 0.41398424 0.58601576
500.50000000 0.41019125 0.58980875
501.00000000 0.40647830 0.59352170
501.50000000 0.40284694 0.59715306
502.00000000 0.39929870 0.60070130
502.50000000 0.39583508 0.60416492
503.00000000 0.39245750 0.60754250
503.50000000 0.38916738 0.61083262
504.00000000 0.38596606 0.61403394
504.50000000 0.38285483 0.61714517
505.00000000 0.37983496 0.62016504
505.50000000 0.37690763 0.62309237
506.00000000 0.37407400 0.62592600
506.50000000 0.37133517 0.62866483
507.00000000 0.36869223 0.63130777
507.50000000 0.36614621 0.63385379
508.00000000 0.36369810 0.63630190
508.50000000 0.36134885 0.63865115
509.00000000 0.35909937 0.64090063
509.50000000 0.35695051 0.64304949
510.00000000 0.35490307 0.64509693
510.50000000 0.35295782 0.64704218
511.00000000 0.35111547 0.64888453
511.50000000 0.34937670 0.65062330
512.00000000 0.34774214 0.65225786
512.50000000 0.34621240 0.65378760
513.00000000 0.34478805 0.65521195
513.50000000 0.34346960 0.65653040
514.00000000 0.34225752 0.65774248
514.50000000 0.34115223 0.65884777
515.00000000 0.34015409 0.65984591
515.50000000 0.33926342 0.66073658
516.00000000 0.33848045 0.66151955
516.50000000 0.33780543 0.66219457
517.00000000 0.33723850 0.66276150
517.50000000 0.33677979 0.66322021
518.00000000 0.33642939 0.66357061
518.50000000 0.33618731 0.66381269
519.00000000 0.33605353 0.66394647
519.50000000 0.33602797 0.66397203
520.00000000 0.33611051 0.66388949
520.50000000 0.33630098 0.66369902
521.00000000 0.33659917 0.66340083
521.50000000 0.33700484 0.66299516
522.00000000 0.33751772 0.66248228
522.50000000 0.33813750 0.66186250
523.00000000 0.33886383 0.66113617
523.50000000 0.33969631 0.66030369
524.00000000 0.34063449 0.65936551
524.50000000 0.34167783 0.65832217
525.00000000 0.34282578 0.65717422
525.50000000 0.34407770 0.65592230
526.00000000 0.34543292 0.65456708
526.50000000 0.34689071 0.65310929
527.00000000 0.34845029 0.65154971
527.50000000 0.35011084 0.64988916
528.00000000 0.35187148 0.64812852
528.50000000 0.35373129 0.64626871
529.00000000 0.35568928 0.64431072
529.50000000 0.35774441 0.64225559
530.00000000 0.35989561 0.64010439
530.50000000 0.36214173 0.63785827
531.00000000 0.36448163 0.63551837
531.50000000 0.36691411 0.63308589
532.00000000 0.36943796 0.63056204
532.50000000 0.37205189 0.62794811
533.00000000 0.37475463 0.62524537
533.50000000 0.37754482 0.62245518
534.00000000 0.38042107 0.61957893
534.50000000 0.38338196 0.61661804
535.00000000 0.38642602 0.61357398
535.50000000 0.38955174 0.61044826
536.00000000 0.39275762 0.60724238
536.50000000 0.39604209 0.60395791
537.00000000 0.39940359 0.60059641
537.50000000 0.40284053 0.59715947
538.00000000 0.40635126 0.59364874
538.50000000 0.40993412 0.59006588
539.00000000 0.41358741 0.58641259
539.50000000 0.41730939 0.58269061
540.00000000 0.42109830 0.57890170
540.50000000 0.42495231 0.57504769
541.00000000 0.42886963 0.57113037
541.50000000 0.43284840 0.56715160
542.00000000 0.43688675 0.56311325
542.50000000 0.44098279 0.55901721
543.00000000 0.44513460 0.55486540
543.50000000 0.44934023 0.55065977
544.00000000 0.45359771 0.54640229
544.50000000 0.45790505 0.54209495
545.00000000 0.46226022 0.53773978
545.50000000 0.46666122 0.53333878
546.00000000 0.47110601 0.52889399
546.50000000 0.47559256 0.52440744
547.00000000 0.48011884 0.51988116
547.50000000 0.48468279 0.51531721
548.00000000 0.48928235 0.51071765
548.50000000 0.49391541 0.50608459
549.00000000 0.49857987 0.50142013
549.50000000 0.50327358 0.49672642
550.00000000 0.50799441 0.49200559
550.50000000 0.51274017 0.48725983
551.00000000 0.51750871 0.48249129
551.50000000 0.52229784 0.47770216
552.00000000 0.52710537 0.47289463
552.50000000 0.53192911 0.46807089
553.00000000 0.53676687 0.46323313
553.50000000 0.54161642 0.45838358
554.00000000 0.54647556 0.45352444
554.50000000 0.55134208 0.44865792
555.00000000 0.55621377 0.44378623
555.50000000 0.56108845 0.43891155
556.00000000 0.56596393 0.43403607
556.50000000 0.57083805 0.42916195
557.00000000 0.57570866 0.42429134
557.50000000 0.58057360 0.41942640
558.00000000 0.58543073 0.41456927
558.50000000 0.59027789 0.40972211
559.00000000 0.59511294 0.40488706
559.50000000 0.59993373 0.40006627
560.00000000 0.60473811 0.39526189
560.50000000 0.60952396 0.39047604
561.00000000 0.61428914 0.38571086
561.50000000 0.61903155 0.38096845
562.00000000 0.62374909 0.37625091
562.50000000 0.62843966 0.37156034
563.00000000 0.63310118 0.36689882
563.50000000 0.63773158 0.36226842
564.00000000 0.64232880 0.35767120
564.50000000 0.64689079 0.35310921
565.00000000 0.65141553 0.34858447
565.50000000 0.65590103 0.34409897
566.00000000 0.66034531 0.33965469
566.50000000 0.66474643 0.33525357
567.00000000 0.66910245 0.33089755
567.50000000 0.67341145 0.32658855
568.00000000 0.67767155 0.32232845
568.50000000 0.68188087 0.31811913
569.00000000 0.68603756 0.31396244
569.50000000 0.69013978 0.30986022
570.00000000 0.69418573 0.30581427
570.50000000 0.69817366 0.30182634
571.00000000 0.70210182 0.29789818
571.50000000 0.70596851 0.29403149
572.00000000 0.70977206 0.29022794
572.50000000 0.71351084 0.28648916
573.00000000 0.71718322 0.28281678
573.50000000 0.72078762 0.27921238
574.00000000 0.72432250 0.27567750
574.50000000 0.72778634 0.27221366
575.00000000 0.73117766 0.26882234
575.50000000 0.73449502 0.26550498
576.00000000 0.73773701 0.26226299
576.50000000 0.74090226 0.25909774
577.00000000 0.74398944 0.25601056
577.50000000 0.74699723 0.25300277
578.00000000 0.74992437 0.25007563
578.50000000 0.75276963 0.24723037
579.00000000 0.75553179 0.24446821
579.50000000 0.75820972 0.24179028
580.00000000 0.76080230 0.23919770
580.50000000 0.76330847 0.23669153
581.00000000 0.76572720 0.23427280
581.50000000 0.76805752 0.23194248
582.00000000 0.77029848 0.22970152
582.50000000 0.77244917 0.22755083
583.00000000 0.77450872 0.22549128
583.50000000 0.77647629 0.22352371
584.00000000 0.77835109 0.22164891
584.50000000 0.78013234 0.21986766
585.00000000 0.78181933 0.21818067
585.50000000 0.78341139 0.21658861
586.00000000 0.78490787 0.21509213
586.50000000 0.78630819 0.21369181
587.00000000 0.78761178 0.21238822
587.50000000 0.78881814 0.21118186
588.00000000 0.78992681 0.21007319
588.50000000 0.79093737 0.20906263
589.00000000 0.79184948 0.20815052
589.50000000 0.79266282 0.20733718
590.00000000 0.79337716 0.20662284
590.50000000 0.79399229 0.20600771
591.00000000 0.79450808 0.20549192
591.50000000 0.79492440 0.20507560
592.00000000 0.79524120 0.20475880
592.50000000 0.79545844 0.20454156
593.00000000 0.79557613 0.20442387
593.50000000 0.79559431 0.20440569
594.00000000 0.79551307 0.20448693
594.50000000 0.79533251 0.20466749
595.00000000 0.79505282 0.20494718
595.50000000 0.79467418 0.20532582
596.00000000 0.79419686 0.20580314
596.50000000 0.79362114 0.20637886
597.00000000 0.79294734 0.20705266
597.50000000 0.79217586 0.20782414
598.00000000 0.79130710 0.20869290
598.50000000 0.79034155 0.20965845
599.00000000 0.78927971 0.21072029
599.50000000 0.78812218 0.21187782
600.00000000 0.78686956 0.21313044
600.50000000 0.78552252 0.21447748
601.00000000 0.78408176 0.21591824
601.50000000 0.78254801 0.21745199
602.00000000 0.78092205 0.21907795
602.50000000 0.77920469 0.22079531
603.00000000 0.77739677 0.22260323
603.50000000 0.77549917 0.22450083
604.00000000 0.77351283 0.22648717
604.50000000 0.77143872 0.22856128
605.00000000 0.76927784 0.23072216
605.50000000 0.76703126 0.23296874
606.00000000 0.76470006 0.23529994
606.50000000 0.76228536 0.23771464
607.00000000 0.75978835 0.24021165
607.50000000 0.75721020 0.24278980
608.00000000 0.75455217 0.24544783
608.50000000 0.75181553 0.24818447
609.00000000 0.74900157 0.25099843
609.50000000 0.74611164 0.25388836
610.00000000 0.74314712 0.25685288
610.50000000 0.74010939 0.25989061
611.00000000 0.73699989 0.26300011
611.50000000 0.73382006 0.26617994
612.00000000 0.73057139 0.26942861
612.50000000 0.72725540 0.27274460
613.00000000 0.72387363 0.27612637
613.50000000 0.72042766 0.27957234
614.00000000 0.71691912 0.28308088
614.50000000 0.71334964 0.28665036
615.00000000 0.70972092 0.29027908
615.50000000 0.70603464 0.29396536
616.00000000 0.70229255 0.29770745
616.50000000 0.69849637 0.30150363
617.00000000 0.69464787 0.30535213
617.50000000 0.69074884 0.30925116
618.00000000 0.68680106 0.31319894
618.50000000 0.68280634 0.31719366
619.00000000 0.67876651 0.32123349
619.50000000 0.67468340 0.32531660
620.00000000 0.67055885 0.32944115
620.50000000 0.66639474 0.33360526
621.00000000 0.66219292 0.33780708
621.50000000 0.65795529 0.34204471
622.00000000 0.65368374 0.34631626
622.50000000 0.64938021 0.35061979
623.00000000 0.64504662 0.35495338
623.50000000 0.64068493 0.35931507
624.00000000 0.63629711 0.36370289
624.50000000 0.63188512 0.36811488
625.00000000 0.62745094 0.37254906
625.50000000 0.62299657 0.37700343
626.00000000 0.61852399 0.38147601
626.50000000 0.61403520 0.38596480
627.00000000 0.60953221 0.39046779
627.50000000 0.60501701 0.39498299
628.00000000 0.60049162 0.39950838
628.50000000 0.59595806 0.40404194
629.00000000 0.59141834 0.40858166
629.50000000 0.58687447 0.41312553
630.00000000 0.58232847 0.41767153
630.50000000 0.57778234 0.42221766
631.00000000 0.57323811 0.42676189
631.50000000 0.56869778 0.43130222
632.00000000 0.56416336 0.43583664
632.50000000 0.55963685 0.44036315
633.00000000 0.55512024 0.44487976
633.50000000 0.55061552 0.44938448
634.00000000 0.54612465 0.45387535
634.50000000 0.54164959 0.45835041
635.00000000 0.53719228 0.46280772
635.50000000 0.53275465 0.46724535
636.00000000 0.52833861 0.47166139
636.50000000 0.52394607 0.47605393
637.00000000 0.51957893 0.48042107
637.50000000 0.51523908 0.48476092
638.00000000 0.51092840 0.48907160
638.50000000 0.50664877 0.49335123
639.00000000 0.50240204 0.49759796
639.50000000 0.49819004 0.50180996
640.00000000 0.49401460 0.50598540
640.50000000 0.48987752 0.51012248
641.00000000 0.48578061 0.51421939
641.50000000 0.48172563 0.51827437
642.00000000 0.47771437 0.52228563
642.50000000 0.47374857 0.52625143
643.00000000 0.46982997 0.53017003
643.50000000 0.46596027 0.53403973
644.00000000 0.46214116 0.53785884
644.50000000 0.45837430 0.54162570
645.00000000 0.45466132 0.54533868
645.50000000 0.45100383 0.54899617
646.00000000 0.44740343 0.55259657
646.50000000 0.44386169 0.55613831
647.00000000 0.44038016 0.55961984
647.50000000 0.43696035 0.56303965
648.00000000 0.43360375 0.56639625
648.50000000 0.43031181 0.56968819
649.00000000 0.42708594 0.57291406
649.50000000 0.42392752 0.57607248
650.00000000 0.42083787 0.57916213
650.50000000 0.41781831 0.58218169
651.00000000 0.41487011 0.58512989
651.50000000 0.41199451 0.58800549
652.00000000 0.40919272 0.59080728
652.50000000 0.40646591 0.59353409
653.00000000 0.40381520 0.59618480
653.50000000 0.40124170 0.59875830
654.00000000 0.39874643 0.60125357
654.50000000 0.39633040 0.60366960
655.00000000 0.39399456 0.60600544
655.50000000 0.39173983 0.60826017
656.00000000 0.38956711 0.61043289
656.50000000 0.38747725 0.61252275
657.00000000 0.38547106 0.61452894
657.50000000 0.38354932 0.61645068
658.00000000 0.38171276 0.61828724
658.50000000 0.37996207 0.62003793
659.00000000 0.37829789 0.62170211
659.50000000 0.37672084 0.62327916
660.00000000 0.37523150 0.62476850
660.50000000 0.37383040 0.62616960
661.00000000 0.37251809 0.62748191
661.50000000 0.37129503 0.62870497
662.00000000 0.37016170 0.62983830
662.50000000 0.36911849 0.63088151
663.00000000 0.36816579 0.63183421
663.50000000 0.36730389 0.63269611
664.00000000 0.36653308 0.63346692
664.50000000 0.36585357 0.63414643
665.00000000 0.36526553 0.63473447
665.50000000 0.36476911 0.63523089
666.00000000 0.36436440 0.63563560
666.50000000 0.36405144 0.63594856
667.00000000 0.36383027 0.63616973
667.50000000 0.36370084 0.63629916
668.00000000 0.36366307 0.63633693
668.50000000 0.36371686 0.63628314
669.00000000 0.36386203 0.63613797
669.50000000 0.36409840 0.63590160
670.00000000 0.36442574 0.63557426
670.50000000 0.36484381 0.63515619
671.00000000 0.36535231 0.63464769
671.50000000 0.36595095 0.63404905
672.00000000 0.36663937 0.63336063
672.50000000 0.36741719 0.63258281
673.00000000 0.36828395 0.63171605
673.50000000 0.36923917 0.63076083
674.00000000 0.37028233 0.62971767
674.50000000 0.37141282 0.62858718
675.00000000 0.37263005 0.62736995
675.50000000 0.37393334 0.62606666
676.00000000 0.37532199 0.62467801
676.50000000 0.37679529 0.62320471
677.00000000 0.37835245 0.62164755
677.50000000 0.37999265 0.62000735
678.00000000 0.38171505 0.61828495
678.50000000 0.38351874 0.61648126
679.00000000 0.38540279 0.61459721
679.50000000 0.38736625 0.61263375
680.00000000 0.38940812 0.61059188
680.50000000 0.39152739 0.60847261
681.00000000 0.39372302 0.60627698
681.50000000 0.39599396 0.60400604
682.00000000 0.39833911 0.60166089
682.50000000 0.40075736 0.59924264
683.00000000 0.40324753 0.59675247
683.50000000 0.40580845 0.59419155
684.00000000 0.40843890 0.59156110
684.50000000 0.41113763 0.58886237
685.00000000 0.41390339 0.58609661
685.50000000 0.41673487 0.58326513
686.00000000 0.41963078 0.58036922
686.50000000 0.42258978 0.57741022
687.00000000 0.42561051 0.57438949
687.50000000 0.42869159 0.57130841
688.00000000 0.43183158 0.56816842
688.50000000 0.43502901 0.56497099
689.00000000 0.43828240 0.56171760
689.50000000 0.44159020 0.55840980
690.00000000 0.44495088 0.55504912
690.50000000 0.44836284 0.55163716
691.00000000 0.45182447 0.54817553
691.50000000 0.45533415 0.54466585
692.00000000 0.45889021 0.54110979
692.50000000 0.46249098 0.53750902
693.00000000 0.46613475 0.53386525
693.50000000 0.46981979 0.53018021
694.00000000 0.47354437 0.52645563
694.50000000 0.47730674 0.52269326
695.00000000 0.48110515 0.51889485
695.50000000 0.48493784 0.51506216
696.00000000 0.48880306 0.51119694
696.50000000 0.49269903 0.50730097
697.00000000 0.49662398 0.50337602
697.50000000 0.50057610 0.49942390
698.00000000 0.50455358 0.49544642
698.50000000 0.50855459 0.49144541
699.00000000 0.51257727 0.48742273
699.50000000 0.51661974 0.48338026
700.00000000 0.52068013 0.47931987
700.50000000 0.52475654 0.47524346
701.00000000 0.52884708 0.47115292
701.50000000 0.53294983 0.46705017
702.00000000 0.53706291 0.46293709
702.50000000 0.54118439 0.45881561
703.00000000 0.54531238 0.45468762
703.50000000 0.54944498 0.45055502
704.00000000 0.55358030 0.44641970
704.50000000 0.55771646 0.44228354
705.00000000 0.56185160 0.43814840
705.50000000 0.56598388 0.43401612
706.00000000 0.57011147 0.42988853
706.50000000 0.57423254 0.42576746
707.00000000 0.57834527 0.42165473
707.50000000 0.58244786 0.41755214
708.00000000 0.58653847 0.41346153
708.50000000 0.59061531 0.40938469
709.00000000 0.59467654 0.40532346
709.50000000 0.59872036 0.40127964
710.00000000 0.60274498 0.39725502
710.50000000 0.60674860 0.39325140
711.00000000 0.61072944 0.38927056
711.50000000 0.61468574 0.38531426
712.00000000 0.61861574 0.38138426
712.50000000 0.62251772 0.37748228
713.00000000 0.62638993 0.37361007
713.50000000 0.63023067 0.36976933
714.00000000 0.63403822 0.36596178
714.50000000 0.63781091 0.36218909
715.00000000 0.64154706 0.35845294
715.50000000 0.64524501 0.35475499
716.00000000 0.64890311 0.35109689
716.50000000 0.65251973 0.34748027
717.00000000 0.65609326 0.34390674
717.50000000 0.65962211 0.34037789
718.00000000 0.66310469 0.33689531
718.50000000 0.66653945 0.33346055
719.00000000 0.66992486 0.33007514
719.50000000 0.67325942 0.32674058
720.00000000 0.67654167 0.32345833
720.50000000 0.67977020 0.32022980
721.00000000 0.68294361 0.31705639
721.50000000 0.68606055 0.31393945
722.00000000 0.68911970 0.31088030
722.50000000 0.69211977 0.30788023
723.00000000 0.69505947 0.30494053
723.50000000 0.69793756 0.30206244
724.00000000 0.70075281 0.29924719
724.50000000 0.70350401 0.29649599
725.00000000 0.70618996 0.29381004
725.50000000 0.70880951 0.29119049
726.00000000 0.71136152 0.28863848
726.50000000 0.71384488 0.28615512
727.00000000 0.71625852 0.28374148
727.50000000 0.71860140 0.28139860
728.00000000 0.72087253 0.27912747
728.50000000 0.72307092 0.27692908
729.00000000 0.72519567 0.27480433
729.50000000 0.72724589 0.27275411
730.00000000 0.72922074 0.27077926
730.50000000 0.73111943 0.26888057
731.00000000 0.73294121 0.26705879
731.50000000 0.73468534 0.26531466
732.00000000 0.73635115 0.26364885
732.50000000 0.73793797 0.26206203
733.00000000 0.73944516 0.26055484
733.50000000 0.74087212 0.25912788
734.00000000 0.74221825 0.25778175
734.50000000 0.74348303 0.25651697
735.00000000 0.74466594 0.25533406
735.50000000 0.74576650 0.25423350
736.00000000 0.74678430 0.25321570
736.50000000 0.74771896 0.25228104
737.00000000 0.74857013 0.25142987
737.50000000 0.74933753 0.25066247
738.00000000 0.75002090 0.24997910
738.50000000 0.75062003 0.24937997
739.00000000 0.75113474 0.24886526
739.50000000 0.75156491 0.24843509
740.00000000 0.75191042 0.24808958
740.50000000 0.75217122 0.24782878
741.00000000 0.75234727 0.24765273
741.50000000 0.75243856 0.24756144
742.00000000 0.75244515 0.24755485
742.50000000 0.75236707 0.24763293
743.00000000 0.75220444 0.24779556
743.50000000 0.75195739 0.24804261
744.00000000 0.75162607 0.24837393
744.50000000 0.75121072 0.24878928
745.00000000 0.75071160 0.24928840
745.50000000 0.75012900 0.24987100
746.00000000 0.74946329 0.25053671
746.50000000 0.74871486 0.25128514
747.00000000 0.74788415 0.25211585
747.50000000 0.74697162 0.25302838
748.00000000 0.74597777 0.25402223
748.50000000 0.74490314 0.25509686
749.00000000 0.74374829 0.25625171
749.50000000 0.74251381 0.25748619
750.00000000 0.74120033 0.25879967
750.50000000 0.73980851 0.26019149
751.00000000 0.73833906 0.26166094
751.50000000 0.73679270 0.26320730
752.00000000 0.73517021 0.26482979
752.50000000 0.73347239 0.26652761
753.00000000 0.73170007 0.26829993
753.50000000 0.72985413 0.27014587
754.00000000 0.72793548 0.27206452
754.50000000 0.72594507 0.27405493
755.00000000 0.72388388 0.27611612
755.50000000 0.72175291 0.27824709
756.00000000 0.71955322 0.28044678
756.50000000 0.71728586 0.28271414
757.00000000 0.71495191 0.28504809
757.50000000 0.71255246 0.28744754
758.00000000 0.71008861 0.28991139
758.50000000 0.70756151 0.29243849
759.00000000 0.70497230 0.29502770
759.50000000 0.70232216 0.29767784
760.00000000 0.69961229 0.30038771
760.50000000 0.69684394 0.30315606
761.00000000 0.69401838 0.30598162
761.50000000 0.69113690 0.30886310
762.00000000 0.68820085 0.31179915
762.50000000 0.68521156 0.31478844
763.00000000 0.68217044 0.31782956
763.50000000 0.67907888 0.32092112
764.00000000 0.67593831 0.32406169
764.50000000 0.67275019 0.32724981
765.00000000 0.66951600 0.33048400
765.50000000 0.66623725 0.33376275
766.00000000 0.66291543 0.33708457
766.50000000 0.65955210 0.34044790
767.00000000 0.65614878 0.34385122
767.50000000 0.65270704 0.34729296
768.00000000 0.64922843 0.35077157
768.50000000 0.64571453 0.35428547
769.00000000 0.64216696 0.35783304
769.50000000 0.63858734 0.36141266
770.00000000 0.63497729 0.36502271
770.50000000 0.63133850 0.36866150
771.00000000 0.62767263 0.37232737
771.50000000 0.62398137 0.37601863
772.00000000 0.62026640 0.37973360
772.50000000 0.61652943 0.38347057
773.00000000 0.61277214 0.38722786
773.50000000 0.60899624 0.39100376
774.00000000 0.60520344 0.39479656
774.50000000 0.60139546 0.39860454
775.00000000 0.59757403 0.40242597
775.50000000 0.59374088 0.40625912
776.00000000 0.58989776 0.41010224
776.50000000 0.58604641 0.41395359
777.00000000 0.58218858 0.41781142
777.50000000 0.57832600 0.42167400
778.00000000 0.57446041 0.42553959
778.50000000 0.57059354 0.42940646
779.00000000 0.56672712 0.43327288
779.50000000 0.56286287 0.43713713
780.00000000 0.55900250 0.44099750
780.50000000 0.55514773 0.44485227
781.00000000 0.55130024 0.44869976
781.50000000 0.54746169 0.45253831
782.00000000 0.54363373 0.45636627
782.50000000 0.53981798 0.46018202
783.00000000 0.53601603 0.46398397
783.50000000 0.53222948 0.46777052
784.00000000 0.52845993 0.47154007
784.50000000 0.52470895 0.47529105
785.00000000 0.52097814 0.47902186
785.50000000 0.51726908 0.48273092
786.00000000 0.51358336 0.48641664
786.50000000 0.50992255 0.49007745
787.00000000 0.50628823 0.49371177
787.50000000 0.50268196 0.49731804
788.00000000 0.49910528 0.50089472
788.50000000 0.49555973 0.50444027
789.00000000 0.49204686 0.50795314
789.50000000 0.48856819 0.51143181
790.00000000 0.48512526 0.51487474
790.50000000 0.48171955 0.51828045
791.00000000 0.47835257 0.52164743
791.50000000 0.47502578 0.52497422
792.00000000 0.47174061 0.52825939
792.50000000 0.46849848 0.53150152
793.00000000 0.46530080 0.53469920
793.50000000 0.46214893 0.53785107
794.00000000 0.45904424 0.54095576
794.50000000 0.45598808 0.54401192
795.00000000 0.45298178 0.54701822
795.50000000 0.45002666 0.54997334
796.00000000 0.44712399 0.55287601
796.50000000 0.44427504 0.55572496
797.00000000 0.44148101 0.55851899
797.50000000 0.43874311 0.56125689
798.00000000 0.43606248 0.56393752
798.50000000 0.43344028 0.56655972
799.00000000 0.43087763 0.56912237
799.50000000 0.42837561 0.57162439
800.00000000 0.42593533 0.57406467
800.50000000 0.42355784 0.57644216
801.00000000 0.42124416 0.57875584
801.50000000 0.41899529 0.58100471
802.00000000 0.41681220 0.58318780
802.50000000 0.41469580 0.58530420
803.00000000 0.41264700 0.58735300
803.50000000 0.41066667 0.58933333
804.00000000 0.40875564 0.59124436
804.50000000 0.40691472 0.59308528
805.00000000 0.40514467 0.59485533
805.50000000 0.40344623 0.59655377
806.00000000 0.40182008 0.59817992
806.50000000 0.40026687 0.59973313
807.00000000 0.39878721 0.60121279
807.50000000 0.39738166 0.60261834
808.00000000 0.39605077 0.60394923
808.50000000 0.39479506 0.60520494
809.00000000 0.39361502 0.60638498
809.50000000 0.39251114 0.60748886
810.00000000 0.39148388 0.60851612
810.50000000 0.39053366 0.60946634
811.00000000 0.38966089 0.61033911
811.50000000 0.38886592 0.61113408
812.00000000 0.38814907 0.61185093
812.50000000 0.38751063 0.61248937
813.00000000 0.38695084 0.61304916
813.50000000 0.38646990 0.61353010
814.00000000 0.38606797 0.61393203
814.50000000 0.38574519 0.61425481
815.00000000 0.38550162 0.61449838
815.50000000 0.38533728 0.61466272
816.00000000 0.38525217 0.61474783
816.50000000 0.38524620 0.61475380
817.00000000 0.38531928 0.61468072
817.50000000 0.38547124 0.61452876
818.00000000 0.38570192 0.61429808
818.50000000 0.38601110 0.61398890
819.00000000 0.38639858 0.61360142
819.50000000 0.38686409 0.61313591
820.00000000 0.38740735 0.61259265
820.50000000 0.38802805 0.61197195
821.00000000 0.38872585 0.61127415
821.50000000 0.38950037 0.61049963
822.00000000 0.39035118 0.60964882
822.50000000 0.39127785 0.60872215
823.00000000 0.39227989 0.60772011
823.50000000 0.39335680 0.60664320
824.00000000 0.39450805 0.60549195
824.50000000 0.39573307 0.60426693
825.00000000 0.39703127 0.60296873
825.50000000 0.39840202 0.60159798
826.00000000 0.39984464 0.60015536
826.50000000 0.40135844 0.59864156
827.00000000 0.40294269 0.59705731
827.50000000 0.40459660 0.59540340
828.00000000 0.40631941 0.59368059
828.50000000 0.40811027 0.59188973
829.00000000 0.40996836 0.59003164
829.50000000 0.41189278 0.58810722
830.00000000 0.41388262 0.58611738
830.50000000 0.41593695 0.58406305
831.00000000 0.41805478 0.58194522
831.50000000 0.42023511 0.57976489
832.00000000 0.42247690 0.57752310
832.50000000 0.42477911 0.57522089
833.00000000 0.42714066 0.57285934
833.50000000 0.42956047 0.57043953
834.00000000 0.43203745 0.56796255
834.50000000 0.43457049 0.56542951
835.00000000 0.43715844 0.56284156
835.50000000 0.43980013 0.56019987
836.00000000 0.44249439 0.55750561
836.50000000 0.44523998 0.55476002
837.00000000 0.44803566 0.55196434
837.50000000 0.45088015 0.54911985
838.00000000 0.45377213 0.54622787
838.50000000 0.45671027 0.54328973
839.00000000 0.45969319 0.54030681
839.50000000 0.46271950 0.53728050
840.00000000 0.46578776 0.53421224
840.50000000 0.46889652 0.53110348
841.00000000 0.47204427 0.52795573
841.50000000 0.47522951 0.52477049
842.00000000 0.47845074 0.52154926
842.50000000 0.48170642 0.51829358
843.00000000 0.48499504 0.51500496
843.50000000 0.48831507 0.51168493
844.00000000 0.49166499 0.50833501
844.50000000 0.49504327 0.50495673
845.00000000 0.49844836 0.50155164
845.50000000 0.50187871 0.49812129
846.00000000 0.50533277 0.49466723
846.50000000 0.50880895 0.49119105
847.00000000 0.51230567 0.48769433
847.50000000 0.51582132 0.48417868
848.00000000 0.51935431 0.48064569
848.50000000 0.52290302 0.47709698
849.00000000 0.52646582 0.47353418
849.50000000 0.53004110 0.46995890
850.00000000 0.53362720 0.46637280
850.50000000 0.53722248 0.46277752
851.00000000 0.54082529 0.45917471
851.50000000 0.54443398 0.45556602
852.00000000 0.54804691 0.45195309
852.50000000 0.55166245 0.44833755
853.00000000 0.55527897 0.44472103
853.50000000 0.55889487 0.44110513
854.00000000 0.56250854 0.43749146
854.50000000 0.56611838 0.43388162
855.00000000 0.56972280 0.43027720
855.50000000 0.57332020 0.42667980
856.00000000 0.57690899 0.42309101
856.50000000 0.58048760 0.41951240
857.00000000 0.58405445 0.41594555
857.50000000 0.58760798 0.41239202
858.00000000 0.59114666 0.40885334
858.50000000 0.59466896 0.40533104
859.00000000 0.59817335 0.40182665
859.50000000 0.60165833 0.39834167
860.00000000 0.60512239 0.39487761
860.50000000 0.60856403 0.39143597
861.00000000 0.61198177 0.38801823
861.50000000 0.61537411 0.38462589
862.00000000 0.61873957 0.38126043
862.50000000 0.62207667 0.37792333
863.00000000 0.62538395 0.37461605
863.50000000 0.62865996 0.37134004
864.00000000 0.63190325 0.36809675
864.50000000 0.63511236 0.36488764
865.00000000 0.63828585 0.36171415
865.50000000 0.64142232 0.35857768
866.00000000 0.64452034 0.35547966
866.50000000 0.64757852 0.35242148
867.00000000 0.65059551 0.34940449
867.50000000 0.65356998 0.34643002
868.00000000 0.65650062 0.34349938
868.50000000 0.65938618 0.34061382
869.00000000 0.66222542 0.33777458
869.50000000 0.66501713 0.33498287
870.00000000 0.66776012 0.33223988
870.50000000 0.67045323 0.32954677
871.00000000 0.67309530 0.32690470
871.50000000 0.67568519 0.32431481
872.00000000 0.67822180 0.32177820
872.50000000 0.68070402 0.31929598
873.00000000 0.68313077 0.31686923
873.50000000 0.68550100 0.31449900
874.00000000 0.68781368 0.31218632
874.50000000 0.69006778 0.30993222
875.00000000 0.69226230 0.30773770
875.50000000 0.69439629 0.30560371
876.00000000 0.69646880 0.30353120
876.50000000 0.69847893 0.30152107
877.00000000 0.70042580 0.29957420
877.50000000 0.70230860 0.29769140
878.00000000 0.70412655 0.29587345
878.50000000 0.70587889 0.29412111
879.00000000 0.70756493 0.29243507
879.50000000 0.70918398 0.29081602
880.00000000 0.71073541 0.28926459
880.50000000 0.71221858 0.28778142
881.00000000 0.71363291 0.28636709
881.50000000 0.71497781 0.28502219
882.00000000 0.71625275 0.28374725
882.50000000 0.71745722 0.28254278
883.00000000 0.71859075 0.28140925
883.50000000 0.71965289 0.28034711
884.00000000 0.72064323 0.27935677
884.50000000 0.72156140 0.27843860
885.00000000 0.72240704 0.27759296
885.50000000 0.72317985 0.27682015
886.00000000 0.72387954 0.27612046
886.50000000 0.72450584 0.27549416
887.00000000 0.72505854 0.27494146
887.50000000 0.72553744 0.27446256
888.00000000 0.72594238 0.27405762
888.50000000 0.72627324 0.27372676
889.00000000 0.72652992 0.27347008
889.50000000 0.72671235 0.27328765
890.00000000 0.72682049 0.27317951
890.50000000 0.72685431 0.27314569
891.00000000 0.72681383 0.27318617
891.50000000 0.72669910 0.27330090
892.00000000 0.72651021 0.27348979
892.50000000 0.72624730 0.27375270
893.00000000 0.72591053 0.27408947
893.50000000 0.72550013 0.27449987
894.00000000 0.72501636 0.27498364
894.50000000 0.72445951 0.27554049
895.00000000 0.72382991 0.27617009
895.50000000 0.72312791 0.27687209
896.00000000 0.72235390 0.27764610
896.50000000 0.72150828 0.27849172
897.00000000 0.72059150 0.27940850
897.50000000 0.71960401 0.28039599
898.00000000 0.71854631 0.28145369
898.50000000 0.71741894 0.28258106
899.00000000 0.71622245 0.28377755
899.50000000 0.71495745 0.28504255
900.00000000 0.71362455 0.28637545
900.50000000 0.71222440 0.28777560
901.00000000 0.71075769 0.28924231
901.50000000 0.70922514 0.29077486
902.00000000 0.70762752 0.29237248
902.50000000 0.70596560 0.29403440
903.00000000 0.70424022 0.29575978
903.50000000 0.70245224 0.29754776
904.00000000 0.70060254 0.29939746
904.50000000 0.69869203 0.30130797
905.00000000 0.69672164 0.30327836
905.50000000 0.69469231 0.30530769
906.00000000 0.69260500 0.30739500
906.50000000 0.69046068 0.30953932
907.00000000 0.68826035 0.31173965
907.50000000 0.68600504 0.31399496
908.00000000 0.68369578 0.31630422
908.50000000 0.68133366 0.31866634
909.00000000 0.67891978 0.32108022
909.50000000 0.67645526 0.32354474
910.00000000 0.67394126 0.32605874
910.50000000 0.67137895 0.32862105
911.00000000 0.66876952 0.33123048
911.50000000 0.66611419 0.33388581
912.00000000 0.66341420 0.33658580
912.50000000 0.66067081 0.33932919
913.00000000 0.65788530 0.34211470
913.50000000 0.65505897 0.34494103
914.00000000 0.65219316 0.34780684
914.50000000 0.64928919 0.35071081
915.00000000 0.64634842 0.35365158
915.50000000 0.64337222 0.35662778
916.00000000 0.64036194 0.35963806
916.50000000 0.63731899 0.36268101
917.00000000 0.63424475 0.36575525
917.50000000 0.63114063 0.36885937
918.00000000 0.62800807 0.37199193
918.50000000 0.62484850 0.37515150
919.00000000 0.62166336 0.37833664
919.50000000 0.61845410 0.38154590
920.00000000 0.61522219 0.38477781
920.50000000 0.61196908 0.38803092
921.00000000 0.60869622 0.39130378
921.50000000 0.60540506 0.39459494
922.00000000 0.60209707 0.39790293
922.50000000 0.59877372 0.40122628
923.00000000 0.59543646 0.40456354
923.50000000 0.59208680 0.40791320
924.00000000 0.58872623 0.41127377
924.50000000 0.58535623 0.41464377
925.00000000 0.58197832 0.41802168
925.50000000 0.57859400 0.42140600
926.00000000 0.57520477 0.42479523
926.50000000 0.57181214 0.42818786
927.00000000 0.56841760 0.43158240
927.50000000 0.56502265 0.43497735
928.00000000 0.56162881 0.43837119
928.50000000 0.55823757 0.44176243
929.00000000 0.55485042 0.44514958
929.50000000 0.55146886 0.44853114
930.00000000 0.54809437 0.45190563
930.50000000 0.54472841 0.45527159
931.00000000 0.54137246 0.45862754
931.50000000 0.53802796 0.46197204
932.00000000 0.53469635 0.46530365
932.50000000 0.53137909 0.46862091
933.00000000 0.52807762 0.47192238
933.50000000 0.52479339 0.47520661
934.00000000 0.52152784 0.47847216
934.50000000 0.51828240 0.48171760
935.00000000 0.51505851 0.48494149
935.50000000 0.51185759 0.48814241
936.00000000 0.50868104 0.49131896
936.50000000 0.50553028 0.49446972
937.00000000 0.50240669 0.49759331
937.50000000 0.49931167 0.50068833
938.00000000 0.49624661 0.50375339
938.50000000 0.49321288 0.50678712
939.00000000 0.49021185 0.50978815
939.50000000 0.48724489 0.51275511
940.00000000 0.48431334 0.51568666
940.50000000 0.48141850 0.51858150
941.00000000 0.47856169 0.52143831
941.50000000 0.47574416 0.52425584
942.00000000 0.47296716 0.52703284
942.50000000 0.47023191 0.52976809
943.00000000 0.46753962 0.53246038
943.50000000 0.46489145 0.53510855
944.00000000 0.46228854 0.53771146
944.50000000 0.45973200 0.54026800
945.00000000 0.45722289 0.54277711
945.50000000 0.45476227 0.54523773
946.00000000 0.45235115 0.54764885
946.50000000 0.44999053 0.55000947
947.00000000 0.44768138 0.55231862
947.50000000 0.44542466 0.55457534
948.00000000 0.44322132 0.55677868
948.50000000 0.44107229 0.55892771
949.00000000 0.43897848 0.56102152
949.50000000 0.43694078 0.56305922
950.00000000 0.43496005 0.56503995
950.50000000 0.43303712 0.56696288
951.00000000 0.43117279 0.56882721
951.50000000 0.42936785 0.57063215
952.00000000 0.42762304 0.57237696
952.50000000 0.42593908 0.57406092
953.00000000 0.42431666 0.57568334
953.50000000 0.42275645 0.57724355
954.00000000 0.42125908 0.57874092
954.50000000 0.41982516 0.58017484
955.00000000 0.41845524 0.58154476
955.50000000 0.41714989 0.58285011
956.00000000 0.41590960 0.58409040
956.50000000 0.41473488 0.58526512
957.00000000 0.41362621 0.58637379
957.50000000 0.41258403 0.58741597
958.00000000 0.41160877 0.58839123
958.50000000 0.41070085 0.58929915
959.00000000 0.40986064 0.59013936
959.50000000 0.40908848 0.59091152
960.00000000 0.40838469 0.59161531
960.50000000 0.40774954 0.59225046
961.00000000 0.40718328 0.59281672
961.50000000 0.40668613 0.59331387
962.00000000 0.40625830 0.59374170
962.50000000 0.40589994 0.59410006
963.00000000 0.40561120 0.59438880
963.50000000 0.40539218 0.59460782
964.00000000 0.40524295 0.59475705
964.50000000 0.40516354 0.59483646
965.00000000 0.40515394 0.59484606
965.50000000 0.40521409 0.59478591
966.00000000 0.40534393 0.59465607
966.50000000 0.40554332 0.59445668
967.00000000 0.40581212 0.59418788
967.50000000 0.40615013 0.59384987
968.00000000 0.40655714 0.59344286
968.50000000 0.40703290 0.59296710
969.00000000 0.40757710 0.59242290
969.50000000 0.40818942 0.59181058
970.00000000 0.40886950 0.59113050
970.50000000 0.40961697 0.59038303
971.00000000 0.41043141 0.58956859
971.50000000 0.41131239 0.58868761
972.00000000 0.41225947 0.58774053
972.50000000 0.41327219 0.58672781
973.00000000 0.41435004 0.58564996
973.50000000 0.41549251 0.58450749
974.00000000 0.41669903 0.58330097
974.50000000 0.41796901 0.58203099
975.00000000 0.41930182 0.58069818
975.50000000 0.42069679 0.57930321
976.00000000 0.42215323 0.57784677
976.50000000 0.42367040 0.57632960
977.00000000 0.42524755 0.57475245
977.50000000 0.42688388 0.57311612
978.00000000 0.42857859 0.57142141
978.50000000 0.43033081 0.56966919
979.00000000 0.43213967 0.56786033
979.50000000 0.43400427 0.56599573
980.00000000 0.43592365 0.56407635
980.50000000 0.43789689 0.56210311
981.00000000 0.43992301 0.56007699
981.50000000 0.44200104 0.55799896
982.00000000 0.44412998 0.55587002
982.50000000 0.44630883 0.55369117
983.00000000 0.44853656 0.55146344
983.50000000 0.45081215 0.54918785
984.00000000 0.45313451 0.54686549
984.50000000 0.45550257 0.54449743
985.00000000 0.45791520 0.54208480
985.50000000 0.46037128 0.53962872
986.00000000 0.46286967 0.53713033
986.50000000 0.46540919 0.53459081
987.00000000 0.46798866 0.53201134
987.50000000 0.47060688 0.52939312
988.00000000 0.47326262 0.52673738
988.50000000 0.47595464 0.52404536
989.00000000 0.47868165 0.52131835
989.50000000 0.48144237 0.51855763
990.00000000 0.48423548 0.51576452
990.50000000 0.48705966 0.51294034
991.00000000 0.48991357 0.51008643
991.50000000 0.49279589 0.50720411
992.00000000 0.49570527 0.50429473
992.50000000 0.49864036 0.50135964
993.00000000 0.50159982 0.49840018
993.50000000 0.50458228 0.49541772
994.00000000 0.50758639 0.49241361
994.50000000 0.51061075 0.48938925
995.00000000 0.51365399 0.48634601
995.50000000 0.51671474 0.48328526
996.00000000 0.51979158 0.48020842
996.50000000 0.52288315 0.47711685
997.00000000 0.52598803 0.47401197
997.50000000 0.52910482 0.47089518
998.00000000 0.53223210 0.46776790
998.50000000 0.53536844 0.46463156
999.00000000 0.53851240 0.46148760
999.50000000 0.54166252 0.45833748
