0.00000000 1.00000000 0.00000000
0.50000000 0.99991130 0.00008870
1.00000000 0.99964525 0.00035475
1.50000000 0.99920200 0.00079800
2.00000000 0.99858182 0.00141818
2.50000000 0.99778505 0.00221495
3.00000000 0.99681216 0.00318784
3.50000000 0.99566370 0.00433630
4.00000000 0.99434035 0.00565965
4.50000000 0.99284286 0.00715714
5.00000000 0.99117210 0.00882790
5.50000000 0.98932903 0.01067097
6.00000000 0.98731471 0.01268529
6.50000000 0.98513030 0.01486970
7.00000000 0.98277704 0.01722296
7.50000000 0.98025629 0.01974371
8.00000000 0.97756950 0.02243050
8.50000000 0.97471818 0.02528182
9.00000000 0.97170397 0.02829603
9.50000000 0.96852859 0.03147141
10.00000000 0.96519382 0.03480618
10.50000000 0.96170157 0.03829843
11.00000000 0.95805382 0.04194618
11.50000000 0.95425262 0.04574738
12.00000000 0.95030015 0.04969985
12.50000000 0.94619863 0.05380137
13.00000000 0.94195038 0.05804962
13.50000000 0.93755782 0.06244218
14.00000000 0.93302341 0.06697659
14.50000000 0.92834973 0.07165027
15.00000000 0.92353938 0.07646062
15.50000000 0.91859508 0.08140492
16.00000000 0.91351958 0.08648042
16.50000000 0.90831572 0.09168428
17.00000000 0.90298640 0.09701360
17.50000000 0.89753457 0.10246543
18.00000000 0.89196326 0.10803674
18.50000000 0.88627556 0.11372444
19.00000000 0.88047462 0.11952538
19.50000000 0.87456365 0.12543635
20.00000000 0.86854594 0.13145406
20.50000000 0.86242482 0.13757518
21.00000000 0.85620367 0.14379633
21.50000000 0.84988593 0.15011407
22.00000000 0.84347509 0.15652491
22.50000000 0.83697468 0.16302532
23.00000000 0.83038823 0.16961177
23.50000000 0.82371936 0.17628064
24.00000000 0.81697166 0.18302834
24.50000000 0.81014877 0.18985123
25.00000000 0.80325436 0.19674564
25.50000000 0.79629212 0.20370788
26.00000000 0.78926575 0.21073425
26.50000000 0.78217899 0.21782101
27.00000000 0.77503561 0.22496439
27.50000000 0.76783939 0.23216061
28.00000000 0.76059416 0.23940584
28.50000000 0.75330374 0.24669626
29.00000000 0.74597198 0.25402802
29.50000000 0.73860275 0.26139725
30.00000000 0.73119991 0.26880009
30.50000000 0.72376732 0.27623268
31.00000000 0.71630885 0.28369115
31.50000000 0.70882833 0.29117167
32.00000000 0.70132958 0.29867042
32.50000000 0.69381643 0.30618357
33.00000000 0.68629266 0.31370734
33.50000000 0.67876205 0.32123795
34.00000000 0.67122838 0.32877162
34.50000000 0.66369542 0.33630458
35.00000000 0.65616691 0.34383309
35.50000000 0.64864662 0.35135338
36.00000000 0.64113832 0.35886168
36.50000000 0.63364574 0.36635426
37.00000000 0.62617262 0.37382738
37.50000000 0.61872270 0.38127730
38.00000000 0.61129966 0.38870034
38.50000000 0.60390718 0.39609282
39.00000000 0.59654888 0.40345112
39.50000000 0.58922834 0.41077166
40.00000000 0.58194911 0.41805089
40.50000000 0.57471467 0.42528533
41.00000000 0.56752846 0.43247154
41.50000000 0.56039388 0.43960612
42.00000000 0.55331428 0.44668572
42.50000000 0.54629298 0.45370702
43.00000000 0.53933325 0.46066675
43.50000000 0.53243837 0.46756163
44.00000000 0.52561153 0.47438847
44.50000000 0.51885592 0.48114408
45.00000000 0.51217467 0.48782533
45.50000000 0.50557089 0.49442911
46.00000000 0.49904760 0.50095240
46.50000000 0.49260777 0.50739223
47.00000000 0.48625430 0.51374570
47.50000000 0.47999001 0.52000999
48.00000000 0.47381764 0.52618236
48.50000000 0.46773985 0.53226015
49.00000000 0.46175922 0.53824078
49.50000000 0.45587825 0.54412175
50.00000000 0.45009936 0.54990064
50.50000000 0.44442494 0.55557506
51.00000000 0.43885728 0.56114272
51.50000000 0.43339863 0.56660137
52.00000000 0.42805117 0.57194883
52.50000000 0.42281704 0.57718296
53.00000000 0.41769832 0.58230168
53.50000000 0.41269702 0.58730298
54.00000000 0.40781506 0.59218494
54.50000000 0.40305433 0.59694567
55.00000000 0.39841659 0.60158341
55.50000000 0.39390356 0.60609644
56.00000000 0.38951684 0.61048316
56.50000000 0.38525795 0.61474205
57.00000000 0.38112834 0.61887166
57.50000000 0.37712936 0.62287064
58.00000000 0.37326229 0.62673771
58.50000000 0.36952835 0.63047165
59.00000000 0.36592868 0.63407132
59.50000000 0.36246438 0.63753562
60.00000000 0.35913647 0.64086353
60.50000000 0.35594594 0.64405406
61.00000000 0.35289369 0.64710631
61.50000000 0.34998058 0.65001942
62.00000000 0.34720740 0.65279260
62.50000000 0.34457487 0.65542513
63.00000000 0.34208361 0.65791639
63.50000000 0.33973418 0.66026582
64.00000000 0.33752705 0.66247295
64.50000000 0.33546258 0.66453742
65.00000000 0.33354108 0.66645892
65.50000000 0.33176274 0.66823726
66.00000000 0.33012771 0.66987229
66.50000000 0.32863604 0.67136396
67.00000000 0.32728772 0.67271228
67.50000000 0.32608268 0.67391732
68.00000000 0.32502079 0.67497921
68.50000000 0.32410186 0.67589814
69.00000000 0.32332562 0.67667438
69.50000000 0.32269177 0.67730823
70.00000000 0.32219990 0.67780010
70.50000000 0.32184954 0.67815046
71.00000000 0.32164014 0.67835986
71.50000000 0.32157107 0.67842893
72.00000000 0.32164161 0.67835839
72.50000000 0.32185095 0.67814905
73.00000000 0.32219821 0.67780179
73.50000000 0.32268243 0.67731757
74.00000000 0.32330260 0.67669740
74.50000000 0.32405763 0.67594237
75.00000000 0.32494639 0.67505361
75.50000000 0.32596767 0.67403233
76.00000000 0.32712026 0.67287974
76.50000000 0.32840286 0.67159714
77.00000000 0.32981414 0.67018586
77.50000000 0.33135271 0.66864729
78.00000000 0.33301713 0.66698287
78.50000000 0.33480589 0.66519411
79.00000000 0.33671744 0.66328256
79.50000000 0.33875015 0.66124985
80.00000000 0.34090234 0.65909766
80.50000000 0.34317227 0.65682773
81.00000000 0.34555816 0.65444184
81.50000000 0.34805817 0.65194183
82.00000000 0.35067046 0.64932954
82.50000000 0.35339311 0.64660689
83.00000000 0.35622422 0.64377578
83.50000000 0.35916183 0.64083817
84.00000000 0.36220398 0.63779602
84.50000000 0.36534867 0.63465133
85.00000000 0.36859389 0.63140611
85.50000000 0.37193758 0.62806242
86.00000000 0.37537764 0.62462236
86.50000000 0.37891195 0.62108805
87.00000000 0.38253834 0.61746166
87.50000000 0.38625459 0.61374541
88.00000000 0.39005846 0.60994154
88.50000000 0.39394767 0.60605233
89.00000000 0.39791991 0.60208009
89.50000000 0.40197287 0.59802713
90.00000000 0.40610419 0.59389581
90.50000000 0.41031154 0.58968846
91.00000000 0.41459256 0.58540744
91.50000000 0.41894488 0.58105512
92.00000000 0.42336615 0.57663385
92.50000000 0.42785398 0.57214602
93.00000000 0.43240600 0.56759400
93.50000000 0.43701978 0.56298022
94.00000000 0.44169291 0.55830709
94.50000000 0.44642295 0.55357705
95.00000000 0.45120744 0.54879256
95.50000000 0.45604388 0.54395612
96.00000000 0.46092978 0.53907022
96.50000000 0.46586263 0.53413737
97.00000000 0.47083993 0.52916007
97.50000000 0.47585916 0.52414084
98.00000000 0.48091782 0.51908218
98.50000000 0.48601342 0.51398658
99.00000000 0.49114350 0.50885650
99.50000000 0.49630558 0.50369442
100.00000000 0.50149723 0.49850277
100.50000000 0.50671601 0.49328399
101.00000000 0.51195950 0.48804050
101.50000000 0.51722529 0.48277471
102.00000000 0.52251096 0.47748904
102.50000000 0.52781410 0.47218590
103.00000000 0.53313229 0.46686771
103.50000000 0.53846314 0.46153686
104.00000000 0.54380422 0.45619578
104.50000000 0.54915315 0.45084685
105.00000000 0.55450754 0.44549246
105.50000000 0.55986502 0.44013498
106.00000000 0.56522323 0.43477677
106.50000000 0.57057985 0.42942015
107.00000000 0.57593259 0.42406741
107.50000000 0.58127916 0.41872084
108.00000000 0.58661732 0.41338268
108.50000000 0.59194484 0.40805516
109.00000000 0.59725952 0.40274048
109.50000000 0.60255919 0.39744081
110.00000000 0.60784168 0.39215832
110.50000000 0.61310483 0.38689517
111.00000000 0.61834652 0.38165348
111.50000000 0.62356462 0.37643538
112.00000000 0.62875704 0.37124296
112.50000000 0.63392168 0.36607832
113.00000000 0.63905649 0.36094351
113.50000000 0.64415941 0.35584059
114.00000000 0.64922844 0.35077156
114.50000000 0.65426157 0.34573843
115.00000000 0.65925687 0.34074313
115.50000000 0.66421240 0.33578760
116.00000000 0.66912627 0.33087373
116.50000000 0.67399663 0.32600337
117.00000000 0.67882166 0.32117834
117.50000000 0.68359955 0.31640045
118.00000000 0.68832857 0.31167143
118.50000000 0.69300699 0.30699301
119.00000000 0.69763312 0.30236688
119.50000000 0.70220531 0.29779469
120.00000000 0.70672194 0.29327806
120.50000000 0.71118140 0.28881860
121.00000000 0.71558215 0.28441785
121.50000000 0.71992266 0.28007734
122.00000000 0.72420141 0.27579859
122.50000000 0.72841695 0.27158305
123.00000000 0.73256784 0.26743216
123.50000000 0.73665267 0.26334733
124.00000000 0.74067007 0.25932993
124.50000000 0.74461870 0.25538130
125.00000000 0.74849727 0.25150273
125.50000000 0.75230451 0.24769549
126.00000000 0.75603921 0.24396079
126.50000000 0.75970020 0.24029980
127.00000000 0.76328635 0.23671365
127.50000000 0.76679659 0.23320341
128.00000000 0.77022986 0.22977014
128.50000000 0.77358517 0.22641483
129.00000000 0.77686154 0.22313846
129.50000000 0.78005803 0.21994197
130.00000000 0.78317372 0.21682628
130.50000000 0.78620770 0.21379230
131.00000000 0.78915910 0.21084090
131.50000000 0.79202707 0.20797293
132.00000000 0.79481078 0.20518922
132.50000000 0.79750942 0.20249058
133.00000000 0.80012222 0.19987778
133.50000000 0.80264847 0.19735153
134.00000000 0.80508749 0.19491251
134.50000000 0.80743866 0.19256134
135.00000000 0.80970141 0.19029859
135.50000000 0.81187523 0.18812477
136.00000000 0.81395965 0.18604035
136.50000000 0.81595426 0.18404574
137.00000000 0.81785870 0.18214130
137.50000000 0.81967261 0.18032739
138.00000000 0.82139567 0.17860433
138.50000000 0.82302761 0.17697239
139.00000000 0.82456813 0.17543187
139.50000000 0.82601699 0.17398301
140.00000000 0.82737395 0.17262605
140.50000000 0.82863878 0.17136122
141.00000000 0.82981133 0.17018867
141.50000000 0.83089145 0.16910855
142.00000000 0.83187906 0.16812094
142.50000000 0.83277413 0.16722587
143.00000000 0.83357670 0.16642330
143.50000000 0.83428686 0.16571314
144.00000000 0.83490475 0.16509525
144.50000000 0.83543059 0.16456941
145.00000000 0.83586460 0.16413540
145.50000000 0.83620706 0.16379294
146.00000000 0.83645827 0.16354173
146.50000000 0.83661853 0.16338147
147.00000000 0.83668815 0.16331185
147.50000000 0.83666746 0.16333254
148.00000000 0.83655677 0.16344323
148.50000000 0.83635642 0.16364358
149.00000000 0.83606676 0.16393324
149.50000000 0.83568817 0.16431183
150.00000000 0.83522107 0.16477893
150.50000000 0.83466591 0.16533409
151.00000000 0.83402321 0.16597679
151.50000000 0.83329353 0.16670647
152.00000000 0.83247749 0.16752251
152.50000000 0.83157576 0.16842424
153.00000000 0.83058903 0.16941097
153.50000000 0.82951805 0.17048195
154.00000000 0.82836356 0.17163644
154.50000000 0.82712634 0.17287366
155.00000000 0.82580715 0.17419285
155.50000000 0.82440675 0.17559325
156.00000000 0.82292593 0.17707407
156.50000000 0.82136545 0.17863455
157.00000000 0.81972611 0.18027389
157.50000000 0.81800872 0.18199128
158.00000000 0.81621413 0.18378587
158.50000000 0.81434322 0.18565678
159.00000000 0.81239692 0.18760308
159.50000000 0.81037625 0.18962375
160.00000000 0.80828223 0.19171777
160.50000000 0.80611597 0.19388403
161.00000000 0.80387861 0.19612139
161.50000000 0.80157134 0.19842866
162.00000000 0.79919535 0.20080465
162.50000000 0.79675186 0.20324814
163.00000000 0.79424211 0.20575789
163.50000000 0.79166732 0.20833268
164.00000000 0.78902873 0.21097127
164.50000000 0.78632758 0.21367242
165.00000000 0.78356510 0.21643490
165.50000000 0.78074255 0.21925745
166.00000000 0.77786121 0.22213879
166.50000000 0.77492236 0.22507764
167.00000000 0.77192736 0.22807264
167.50000000 0.76887756 0.23112244
168.00000000 0.76577438 0.23422562
168.50000000 0.76261924 0.23738076
169.00000000 0.75941364 0.24058636
169.50000000 0.75615904 0.24384096
170.00000000 0.75285697 0.24714303
170.50000000 0.74950893 0.25049107
171.00000000 0.74611644 0.25388356
171.50000000 0.74268099 0.25731901
172.00000000 0.73920409 0.26079591
172.50000000 0.73568721 0.26431279
173.00000000 0.73213185 0.26786815
173.50000000 0.72853947 0.27146053
174.00000000 0.72491155 0.27508845
174.50000000 0.72124958 0.27875042
175.00000000 0.71755506 0.28244494
175.50000000 0.71382951 0.28617049
176.00000000 0.71007446 0.28992554
176.50000000 0.70629147 0.29370853
177.00000000 0.70248211 0.29751789
177.50000000 0.69864797 0.30135203
178.00000000 0.69479064 0.30520936
178.50000000 0.69091172 0.30908828
179.00000000 0.68701282 0.31298718
179.50000000 0.68309552 0.31690448
180.00000000 0.67916144 0.32083856
180.50000000 0.67521214 0.32478786
181.00000000 0.67124922 0.32875078
181.50000000 0.66727425 0.33272575
182.00000000 0.66328880 0.33671120
182.50000000 0.65929445 0.34070555
183.00000000 0.65529279 0.34470721
183.50000000 0.65128539 0.34871461
184.00000000 0.64727385 0.35272615
184.50000000 0.64325978 0.35674022
185.00000000 0.63924479 0.36075521
185.50000000 0.63523048 0.36476952
186.00000000 0.63121847 0.36878153
186.50000000 0.62721037 0.37278963
187.00000000 0.62320779 0.37679221
187.50000000 0.61921233 0.38078767
188.00000000 0.61522558 0.38477442
188.50000000 0.61124913 0.38875087
189.00000000 0.60728452 0.39271548
189.50000000 0.60333332 0.39666668
190.00000000 0.59939708 0.40060292
190.50000000 0.59547732 0.40452268
191.00000000 0.59157558 0.40842442
191.50000000 0.58769336 0.41230664
192.00000000 0.58383216 0.41616784
192.50000000 0.57999349 0.42000651
193.00000000 0.57617882 0.42382118
193.50000000 0.57238961 0.42761039
194.00000000 0.56862732 0.43137268
194.50000000 0.56489338 0.43510662
195.00000000 0.56118920 0.43881080
195.50000000 0.55751617 0.44248383
196.00000000 0.55387567 0.44612433
196.50000000 0.55026905 0.44973095
197.00000000 0.54669764 0.45330236
197.50000000 0.54316277 0.45683723
198.00000000 0.53966574 0.46033426
198.50000000 0.53620783 0.46379217
199.00000000 0.53279032 0.46720968
199.50000000 0.52941445 0.47058555
200.00000000 0.52608147 0.47391853
200.50000000 0.52279258 0.47720742
201.00000000 0.51954896 0.48045104
201.50000000 0.51635177 0.48364823
202.00000000 0.51320213 0.48679787
202.50000000 0.51010113 0.48989887
203.00000000 0.50704985 0.49295015
203.50000000 0.50404931 0.49595069
204.00000000 0.50110052 0.49889948
204.50000000 0.49820447 0.50179553
205.00000000 0.49536211 0.50463789
205.50000000 0.49257439 0.50742561
206.00000000 0.48984223 0.51015777
206.50000000 0.48716652 0.51283348
207.00000000 0.48454816 0.51545184
207.50000000 0.48198801 0.51801199
208.00000000 0.47948690 0.52051310
208.50000000 0.47704565 0.52295435
209.00000000 0.47466502 0.52533498
209.50000000 0.47234577 0.52765423
210.00000000 0.47008858 0.52991142
210.50000000 0.46789413 0.53210587
211.00000000 0.46576304 0.53423696
211.50000000 0.46369591 0.53630409
212.00000000 0.46169329 0.53830671
212.50000000 0.45975571 0.54024429
213.00000000 0.45788367 0.54211633
213.50000000 0.45607765 0.54392235
214.00000000 0.45433810 0.54566190
214.50000000 0.45266547 0.54733453
215.00000000 0.45106018 0.54893982
215.50000000 0.44952262 0.55047738
216.00000000 0.44805317 0.55194683
216.50000000 0.44665217 0.55334783
217.00000000 0.44531997 0.55468003
217.50000000 0.44405683 0.55594317
218.00000000 0.44286302 0.55713698
218.50000000 0.44173875 0.55826125
219.00000000 0.44068420 0.55931580
219.50000000 0.43969952 0.56030048
220.00000000 0.43878482 0.56121518
220.50000000 0.43794016 0.56205984
221.00000000 0.43716560 0.56283440
221.50000000 0.43646115 0.56353885
222.00000000 0.43582681 0.56417319
222.50000000 0.43526255 0.56473745
223.00000000 0.43476832 0.56523168
223.50000000 0.43434406 0.56565594
224.00000000 0.43398968 0.56601032
224.50000000 0.43370506 0.56629494
225.00000000 0.43349007 0.56650993
225.50000000 0.43334455 0.56665545
226.00000000 0.43326829 0.56673171
226.50000000 0.43326107 0.56673893
227.00000000 0.43332264 0.56667736
227.50000000 0.43345270 0.56654730
228.00000000 0.43365092 0.56634908
228.50000000 0.43391694 0.56608306
229.00000000 0.43425038 0.56574962
229.50000000 0.43465080 0.56534920
230.00000000 0.43511776 0.56488224
230.50000000 0.43565079 0.56434921
231.00000000 0.43624939 0.56375061
231.50000000 0.43691306 0.56308694
232.00000000 0.43764126 0.56235874
232.50000000 0.43843345 0.56156655
233.00000000 0.43928908 0.56071092
233.50000000 0.44020756 0.55979244
234.00000000 0.44118830 0.55881170
234.50000000 0.44223071 0.55776929
235.00000000 0.44333414 0.55666586
235.50000000 0.44449795 0.55550205
236.00000000 0.44572147 0.55427853
236.50000000 0.44700399 0.55299601
237.00000000 0.44834478 0.55165522
237.50000000 0.44974311 0.55025689
238.00000000 0.45119817 0.54880183
238.50000000 0.45270919 0.54729081
239.00000000 0.45427532 0.54572468
239.50000000 0.45589572 0.54410428
240.00000000 0.45756953 0.54243047
240.50000000 0.45929588 0.54070412
241.00000000 0.46107388 0.53892612
241.50000000 0.46290264 0.53709736
242.00000000 0.46478125 0.53521875
242.50000000 0.46670880 0.53329120
243.00000000 0.46868438 0.53131562
243.50000000 0.47070703 0.52929297
244.00000000 0.47277582 0.52722418
244.50000000 0.47488976 0.52511024
245.00000000 0.47704785 0.52295215
245.50000000 0.47924908 0.52075092
246.00000000 0.48149239 0.51850761
246.50000000 0.48377669 0.51622331
247.00000000 0.48610088 0.51389912
247.50000000 0.48846382 0.51153618
248.00000000 0.49086436 0.50913564
248.50000000 0.49330133 0.50669867
249.00000000 0.49577356 0.50422644
249.50000000 0.49827988 0.50172012
250.00000000 0.50081909 0.49918091
250.50000000 0.50339003 0.49660997
251.00000000 0.50599151 0.49400849
251.50000000 0.50862236 0.49137764
252.00000000 0.51128139 0.48871861
252.50000000 0.51396742 0.48603258
253.00000000 0.51667925 0.48332075
253.50000000 0.51941565 0.48058435
254.00000000 0.52217540 0.47782460
254.50000000 0.52495724 0.47504276
255.00000000 0.52775989 0.47224011
255.50000000 0.53058208 0.46941792
256.00000000 0.53342251 0.46657749
256.50000000 0.53627988 0.46372012
257.00000000 0.53915289 0.46084711
257.50000000 0.54204026 0.45795974
258.00000000 0.54494071 0.45505929
258.50000000 0.54785298 0.45214702
259.00000000 0.55077583 0.44922417
259.50000000 0.55370802 0.44629198
260.00000000 0.55664835 0.44335165
260.50000000 0.55959560 0.44040440
261.00000000 0.56254857 0.43745143
261.50000000 0.56550606 0.43449394
262.00000000 0.56846687 0.43153313
262.50000000 0.57142978 0.42857022
263.00000000 0.57439358 0.42560642
263.50000000 0.57735705 0.42264295
264.00000000 0.58031897 0.41968103
264.50000000 0.58327814 0.41672186
265.00000000 0.58623335 0.41376665
265.50000000 0.58918340 0.41081660
266.00000000 0.59212711 0.40787289
266.50000000 0.59506334 0.40493666
267.00000000 0.59799093 0.40200907
267.50000000 0.60090878 0.39909122
268.00000000 0.60381577 0.39618423
268.50000000 0.60671081 0.39328919
269.00000000 0.60959283 0.39040717
269.50000000 0.61246076 0.38753924
270.00000000 0.61531352 0.38468648
270.50000000 0.61815007 0.38184993
271.00000000 0.62096936 0.37903064
271.50000000 0.62377032 0.37622968
272.00000000 0.62655192 0.37344808
272.50000000 0.62931313 0.37068687
273.00000000 0.63205292 0.36794708
273.50000000 0.63477028 0.36522972
274.00000000 0.63746421 0.36253579
274.50000000 0.64013373 0.35986627
275.00000000 0.64277788 0.35722212
275.50000000 0.64539571 0.35460429
276.00000000 0.64798628 0.35201372
276.50000000 0.65054867 0.34945133
277.00000000 0.65308200 0.34691800
277.50000000 0.65558536 0.34441464
278.00000000 0.65805789 0.34194211
278.50000000 0.66049874 0.33950126
279.00000000 0.66290706 0.33709294
279.50000000 0.66528203 0.33471797
280.00000000 0.66762285 0.33237715
280.50000000 0.66992872 0.33007128
281.00000000 0.67219889 0.32780111
281.50000000 0.67443258 0.32556742
282.00000000 0.67662906 0.32337094
282.50000000 0.67878759 0.32121241
283.00000000 0.68090745 0.31909255
283.50000000 0.68298795 0.31701205
284.00000000 0.68502837 0.31497163
284.50000000 0.68702803 0.31297197
285.00000000 0.68898628 0.31101372
285.50000000 0.69090244 0.30909756
286.00000000 0.69277590 0.30722410
286.50000000 0.69460605 0.30539395
287.00000000 0.69639232 0.30360768
287.50000000 0.69813414 0.30186586
288.00000000 0.69983099 0.30016901
288.50000000 0.70148239 0.29851761
289.00000000 0.70308784 0.29691216
289.50000000 0.70464689 0.29535311
290.00000000 0.70615909 0.29384091
290.50000000 0.70762399 0.29237601
291.00000000 0.70904115 0.29095885
291.50000000 0.71041013 0.28958987
292.00000000 0.71173050 0.28826950
292.50000000 0.71300183 0.28699817
293.00000000 0.71422369 0.28577631
293.50000000 0.71539567 0.28460433
294.00000000 0.71651739 0.28348261
294.50000000 0.71758850 0.28241150
295.00000000 0.71860866 0.28139134
295.50000000 0.71957759 0.28042241
296.00000000 0.72049503 0.27950497
296.50000000 0.72136076 0.27863924
297.00000000 0.72217458 0.27782542
297.50000000 0.72293633 0.27706367
298.00000000 0.72364583 0.27635417
298.50000000 0.72430293 0.27569707
299.00000000 0.72490747 0.27509253
299.50000000 0.72545928 0.27454072
300.00000000 0.72595821 0.27404179
300.50000000 0.72640409 0.27359591
301.00000000 0.72679675 0.27320325
301.50000000 0.72713606 0.27286394
302.00000000 0.72742188 0.27257812
302.50000000 0.72765412 0.27234588
303.00000000 0.72783274 0.27216726
303.50000000 0.72795772 0.27204228
304.00000000 0.72802908 0.27197092
304.50000000 0.72804690 0.27195310
305.00000000 0.72801129 0.27198871
305.50000000 0.72792238 0.27207762
306.00000000 0.72778031 0.27221969
306.50000000 0.72758526 0.27241474
307.00000000 0.72733736 0.27266264
307.50000000 0.72703680 0.27296320
308.00000000 0.72668371 0.27331629
308.50000000 0.72627825 0.27372175
309.00000000 0.72582057 0.27417943
309.50000000 0.72531084 0.27468916
310.00000000 0.72474926 0.27525074
310.50000000 0.72413604 0.27586396
311.00000000 0.72347144 0.27652856
311.50000000 0.72275577 0.27724423
312.00000000 0.72198937 0.27801063
312.50000000 0.72117264 0.27882736
313.00000000 0.72030602 0.27969398
313.50000000 0.71938997 0.28061003
314.00000000 0.71842497 0.28157503
314.50000000 0.71741155 0.28258845
315.00000000 0.71635019 0.28364981
315.50000000 0.71524142 0.28475858
316.00000000 0.71408575 0.28591425
316.50000000 0.71288367 0.28711633
317.00000000 0.71163570 0.28836430
317.50000000 0.71034236 0.28965764
318.00000000 0.70900418 0.29099582
318.50000000 0.70762171 0.29237829
319.00000000 0.70619555 0.29380445
319.50000000 0.70472631 0.29527369
320.00000000 0.70321465 0.29678535
320.50000000 0.70166128 0.29833872
321.00000000 0.70006693 0.29993307
321.50000000 0.69843235 0.30156765
322.00000000 0.69675834 0.30324166
322.50000000 0.69504569 0.30495431
323.00000000 0.69329520 0.30670480
323.50000000 0.69150768 0.30849232
324.00000000 0.68968392 0.31031608
324.50000000 0.68782472 0.31217528
325.00000000 0.68593087 0.31406913
325.50000000 0.68400314 0.31599686
326.00000000 0.68204233 0.31795767
326.50000000 0.68004923 0.31995077
327.00000000 0.67802466 0.32197534
327.50000000 0.67596944 0.32403056
328.00000000 0.67388442 0.32611558
328.50000000 0.67177049 0.32822951
329.00000000 0.66962854 0.33037146
329.50000000 0.66745948 0.33254052
330.00000000 0.66526427 0.33473573
330.50000000 0.66304384 0.33695616
331.00000000 0.66079914 0.33920086
331.50000000 0.65853113 0.34146887
332.00000000 0.65624075 0.34375925
332.50000000 0.65392896 0.34607104
333.00000000 0.65159668 0.34840332
333.50000000 0.64924487 0.35075513
334.00000000 0.64687444 0.35312556
334.50000000 0.64448635 0.35551365
335.00000000 0.64208152 0.35791848
335.50000000 0.63966092 0.36033908
336.00000000 0.63722551 0.36277449
336.50000000 0.63477627 0.36522373
337.00000000 0.63231420 0.36768580
337.50000000 0.62984030 0.37015970
338.00000000 0.62735560 0.37264440
338.50000000 0.62486112 0.37513888
339.00000000 0.62235790 0.37764210
339.50000000 0.61984699 0.38015301
340.00000000 0.61732943 0.38267057
340.50000000 0.61480625 0.38519375
341.00000000 0.61227851 0.38772149
341.50000000 0.60974723 0.39025277
342.00000000 0.60721345 0.39278655
342.50000000 0.60467821 0.39532179
343.00000000 0.60214253 0.39785747
343.50000000 0.59960743 0.40039257
344.00000000 0.59707394 0.40292606
344.50000000 0.59454308 0.40545692
345.00000000 0.59201586 0.40798414
345.50000000 0.58949329 0.41050671
346.00000000 0.58697639 0.41302361
346.50000000 0.58446616 0.41553384
347.00000000 0.58196360 0.41803640
347.50000000 0.57946971 0.42053029
348.00000000 0.57698547 0.42301453
348.50000000 0.57451186 0.42548814
349.00000000 0.57204987 0.42795013
349.50000000 0.56960044 0.43039956
350.00000000 0.56716453 0.43283547
350.50000000 0.56474308 0.43525692
351.00000000 0.56233700 0.43766300
351.50000000 0.55994721 0.44005279
352.00000000 0.55757458 0.44242542
352.50000000 0.55521998 0.44478002
353.00000000 0.55288426 0.44711574
353.50000000 0.55056826 0.44943174
354.00000000 0.54827278 0.45172722
354.50000000 0.54599862 0.45400138
355.00000000 0.54374659 0.45625341
355.50000000 0.54151745 0.45848255
356.00000000 0.53931199 0.46068801
356.50000000 0.53713098 0.46286902
357.00000000 0.53497517 0.46502483
357.50000000 0.53284534 0.46715466
358.00000000 0.53074223 0.46925777
358.50000000 0.52866658 0.47133342
359.00000000 0.52661912 0.47338088
359.50000000 0.52460056 0.47539944
360.00000000 0.52261160 0.47738840
360.50000000 0.52065289 0.47934711
361.00000000 0.51872510 0.48127490
361.50000000 0.51682885 0.48317115
362.00000000 0.51496476 0.48503524
362.50000000 0.51313340 0.48686660
363.00000000 0.51133538 0.48866462
363.50000000 0.50957127 0.49042873
364.00000000 0.50784163 0.49215837
364.50000000 0.50614704 0.49385296
365.00000000 0.50448805 0.49551195
365.50000000 0.50286522 0.49713478
366.00000000 0.50127909 0.49872091
366.50000000 0.49973019 0.50026981
367.00000000 0.49821903 0.50178097
367.50000000 0.49674611 0.50325389
368.00000000 0.49531189 0.50468811
368.50000000 0.49391681 0.50608319
369.00000000 0.49256126 0.50743874
369.50000000 0.49124564 0.50875436
370.00000000 0.48997030 0.51002970
370.50000000 0.48873557 0.51126443
371.00000000 0.48754177 0.51245823
371.50000000 0.48638919 0.51361081
372.00000000 0.48527812 0.51472188
372.50000000 0.48420883 0.51579117
373.00000000 0.48318159 0.51681841
373.50000000 0.48219663 0.51780337
374.00000000 0.48125420 0.51874580
374.50000000 0.48035450 0.51964550
375.00000000 0.47949772 0.52050228
375.50000000 0.47868402 0.52131598
376.00000000 0.47791354 0.52208646
376.50000000 0.47718638 0.52281362
377.00000000 0.47650263 0.52349737
377.50000000 0.47586236 0.52413764
378.00000000 0.47526561 0.52473439
378.50000000 0.47471239 0.52528761
379.00000000 0.47420273 0.52579727
379.50000000 0.47373664 0.52626336
380.00000000 0.47331411 0.52668589
380.50000000 0.47293513 0.52706487
381.00000000 0.47259971 0.52740029
381.50000000 0.47230780 0.52769220
382.00000000 0.47205939 0.52794061
382.50000000 0.47185442 0.52814558
383.00000000 0.47169283 0.52830717
383.50000000 0.47157453 0.52842547
384.00000000 0.47149943 0.52850057
384.50000000 0.47146740 0.52853260
385.00000000 0.47147830 0.52852170
385.50000000 0.47153199 0.52846801
386.00000000 0.47162831 0.52837169
386.50000000 0.47176709 0.52823291
387.00000000 0.47194818 0.52805182
387.50000000 0.47217139 0.52782861
388.00000000 0.47243658 0.52756342
388.50000000 0.47274355 0.52725645
389.00000000 0.47309213 0.52690787
389.50000000 0.47348212 0.52651788
390.00000000 0.47391331 0.52608669
390.50000000 0.47438547 0.52561453
391.00000000 0.47489833 0.52510167
391.50000000 0.47545160 0.52454840
392.00000000 0.47604498 0.52395502
392.50000000 0.47667814 0.52332186
393.00000000 0.47735071 0.52264929
393.50000000 0.47806235 0.52193765
394.00000000 0.47881268 0.52118732
394.50000000 0.47960132 0.52039868
395.00000000 0.48042791 0.51957209
395.50000000 0.48129207 0.51870793
396.00000000 0.48219342 0.51780658
396.50000000 0.48313158 0.51686842
397.00000000 0.48410614 0.51589386
397.50000000 0.48511670 0.51488330
398.00000000 0.48616281 0.51383719
398.50000000 0.48724399 0.51275601
399.00000000 0.48835974 0.51164026
399.50000000 0.48950954 0.51049046
400.00000000 0.49069280 0.50930720
400.50000000 0.49190896 0.50809104
401.00000000 0.49315741 0.50684259
401.50000000 0.49443754 0.50556246
402.00000000 0.49574875 0.50425125
402.50000000 0.49709044 0.50290956
403.00000000 0.49846201 0.50153799
403.50000000 0.49986288 0.50013712
404.00000000 0.50129245 0.49870755
404.50000000 0.50275016 0.49724984
405.00000000 0.50423540 0.49576460
405.50000000 0.50574756 0.49425244
406.00000000 0.50728602 0.49271398
406.50000000 0.50885010 0.49114990
407.00000000 0.51043912 0.48956088
407.50000000 0.51205234 0.48794766
408.00000000 0.51368902 0.48631098
408.50000000 0.51534839 0.48465161
409.00000000 0.51702966 0.48297034
409.50000000 0.51873205 0.48126795
410.00000000 0.52045478 0.47954522
410.50000000 0.52219710 0.47780290
411.00000000 0.52395825 0.47604175
411.50000000 0.52573750 0.47426250
412.00000000 0.52753414 0.47246586
412.50000000 0.52934743 0.47065257
413.00000000 0.53117668 0.46882332
413.50000000 0.53302113 0.46697887
414.00000000 0.53488003 0.46511997
414.50000000 0.53675261 0.46324739
415.00000000 0.53863806 0.46136194
415.50000000 0.54053552 0.45946448
416.00000000 0.54244414 0.45755586
416.50000000 0.54436305 0.45563695
417.00000000 0.54629134 0.45370866
417.50000000 0.54822813 0.45177187
418.00000000 0.55017256 0.44982744
418.50000000 0.55212375 0.44787625
419.00000000 0.55408087 0.44591913
419.50000000 0.55604310 0.44395690
420.00000000 0.55800964 0.44199036
420.50000000 0.55997969 0.44002031
421.00000000 0.56195248 0.43804752
421.50000000 0.56392719 0.43607281
422.00000000 0.56590303 0.43409697
422.50000000 0.56787916 0.43212084
423.00000000 0.56985474 0.43014526
423.50000000 0.57182888 0.42817112
424.00000000 0.57380070 0.42619930
424.50000000 0.57576930 0.42423070
425.00000000 0.57773377 0.42226623
425.50000000 0.57969321 0.42030679
426.00000000 0.58164672 0.41835328
426.50000000 0.58359345 0.41640655
427.00000000 0.58553255 0.41446745
427.50000000 0.58746320 0.41253680
428.00000000 0.58938459 0.41061541
428.50000000 0.59129597 0.40870403
429.00000000 0.59319654 0.40680346
429.50000000 0.59508556 0.40491444
430.00000000 0.59696225 0.40303775
430.50000000 0.59882585 0.40117415
431.00000000 0.60067555 0.39932445
431.50000000 0.60251056 0.39748944
432.00000000 0.60433009 0.39566991
432.50000000 0.60613331 0.39386669
433.00000000 0.60791941 0.39208059
433.50000000 0.60968761 0.39031239
434.00000000 0.61143712 0.38856288
434.50000000 0.61316718 0.38683282
435.00000000 0.61487708 0.38512292
435.50000000 0.61656610 0.38343390
436.00000000 0.61823359 0.38176641
436.50000000 0.61987890 0.38012110
437.00000000 0.62150141 0.37849859
437.50000000 0.62310052 0.37689948
438.00000000 0.62467562 0.37532438
438.50000000 0.62622612 0.37377388
439.00000000 0.62775143 0.37224857
439.50000000 0.62925095 0.37074905
440.00000000 0.63072409 0.36927591
440.50000000 0.63217026 0.36782974
441.00000000 0.63358887 0.36641113
441.50000000 0.63497933 0.36502067
442.00000000 0.63634110 0.36365890
442.50000000 0.63767363 0.36232637
443.00000000 0.63897640 0.36102360
443.50000000 0.64024895 0.35975105
444.00000000 0.64149080 0.35850920
444.50000000 0.64270154 0.35729846
445.00000000 0.64388076 0.35611924
445.50000000 0.64502808 0.35497192
446.00000000 0.64614314 0.35385686
446.50000000 0.64722559 0.35277441
447.00000000 0.64827508 0.35172492
447.50000000 0.64929126 0.35070874
448.00000000 0.65027380 0.34972620
448.50000000 0.65122235 0.34877765
449.00000000 0.65213656 0.34786344
449.50000000 0.65301610 0.34698390
450.00000000 0.65386062 0.34613938
450.50000000 0.65466982 0.34533018
451.00000000 0.65544338 0.34455662
451.50000000 0.65618104 0.34381896
452.00000000 0.65688254 0.34311746
452.50000000 0.65754766 0.34245234
453.00000000 0.65817622 0.34182378
453.50000000 0.65876804 0.34123196
454.00000000 0.65932298 0.34067702
454.50000000 0.65984093 0.34015907
455.00000000 0.66032178 0.33967822
455.50000000 0.66076540 0.33923460
456.00000000 0.66117171 0.33882829
456.50000000 0.66154059 0.33845941
457.00000000 0.66187194 0.33812806
457.50000000 0.66216564 0.33783436
458.00000000 0.66242159 0.33757841
458.50000000 0.66263969 0.33736031
459.00000000 0.66281988 0.33718012
459.50000000 0.66296209 0.33703791
460.00000000 0.66306631 0.33693369
460.50000000 0.66313256 0.33686744
461.00000000 0.66316089 0.33683911
461.50000000 0.66315138 0.33684862
462.00000000 0.66310417 0.33689583
462.50000000 0.66301939 0.33698061
463.00000000 0.66289723 0.33710277
463.50000000 0.66273785 0.33726215
464.00000000 0.66254143 0.33745857
464.50000000 0.66230815 0.33769185
465.00000000 0.66203818 0.33796182
465.50000000 0.66173169 0.33826831
466.00000000 0.66138884 0.33861116
466.50000000 0.66100978 0.33899022
467.00000000 0.66059471 0.33940529
467.50000000 0.66014381 0.33985619
468.00000000 0.65965731 0.34034269
468.50000000 0.65913547 0.34086453
469.00000000 0.65857857 0.34142143
469.50000000 0.65798694 0.34201306
470.00000000 0.65736094 0.34263906
470.50000000 0.65670096 0.34329904
471.00000000 0.65600740 0.34399260
471.50000000 0.65528065 0.34471935
472.00000000 0.65452111 0.34547889
472.50000000 0.65372919 0.34627081
473.00000000 0.65290524 0.34709476
473.50000000 0.65204964 0.34795036
474.00000000 0.65116272 0.34883728
474.50000000 0.65024482 0.34975518
475.00000000 0.64929629 0.35070371
475.50000000 0.64831749 0.35168251
476.00000000 0.64730877 0.35269123
476.50000000 0.64627056 0.35372944
477.00000000 0.64520328 0.35479672
477.50000000 0.64410742 0.35589258
478.00000000 0.64298347 0.35701653
478.50000000 0.64183196 0.35816804
479.00000000 0.64065345 0.35934655
479.50000000 0.63944848 0.36055152
480.00000000 0.63821761 0.36178239
480.50000000 0.63696137 0.36303863
481.00000000 0.63568030 0.36431970
481.50000000 0.63437491 0.36562509
482.00000000 0.63304568 0.36695432
482.50000000 0.63169310 0.36830690
483.00000000 0.63031767 0.36968233
483.50000000 0.62891988 0.37108012
484.00000000 0.62750026 0.37249974
484.50000000 0.62605934 0.37394066
485.00000000 0.62459771 0.37540229
485.50000000 0.62311598 0.37688402
486.00000000 0.62161480 0.37838520
486.50000000 0.62009483 0.37990517
487.00000000 0.61855675 0.38144325
487.50000000 0.61700126 0.38299874
488.00000000 0.61542904 0.38457096
488.50000000 0.61384078 0.38615922
489.00000000 0.61223713 0.38776287
489.50000000 0.61061872 0.38938128
490.00000000 0.60898618 0.39101382
490.50000000 0.60734013 0.39265987
491.00000000 0.60568115 0.39431885
491.50000000 0.60400987 0.39599013
492.00000000 0.60232690 0.39767310
492.50000000 0.60063288 0.39936712
493.00000000 0.59892847 0.40107153
493.50000000 0.59721436 0.40278564
494.00000000 0.59549124 0.40450876
494.50000000 0.59375986 0.40624014
495.00000000 0.59202093 0.40797907
495.50000000 0.59027521 0.40972479
496.00000000 0.58852341 0.41147659
496.50000000 0.58676626 0.41323374
497.00000000 0.58500446 0.41499554
497.50000000 0.58323867 0.41676133
498.00000000 0.58146956 0.41853044
498.50000000 0.57969778 0.42030222
499.00000000 0.57792395 0.42207605
499.50000000 0.57614872 0.42385128
500.00000000 0.57437273 0.42562727
500.50000000 0.57259663 0.42740337
501.00000000 0.57082109 0.42917891
501.50000000 0.56904680 0.43095320
502.00000000 0.56727446 0.43272554
502.50000000 0.56550480 0.43449520
503.00000000 0.56373854 0.43626146
503.50000000 0.56197641 0.43802359
504.00000000 0.56021915 0.43978085
504.50000000 0.55846745 0.44153255
505.00000000 0.55672204 0.44327796
505.50000000 0.55498360 0.44501640
506.00000000 0.55325281 0.44674719
506.50000000 0.55153032 0.44846968
507.00000000 0.54981680 0.45018320
507.50000000 0.54811291 0.45188709
508.00000000 0.54641929 0.45358071
508.50000000 0.54473662 0.45526338
509.00000000 0.54306556 0.45693444
509.50000000 0.54140678 0.45859322
510.00000000 0.53976099 0.46023901
510.50000000 0.53812888 0.46187112
511.00000000 0.53651114 0.46348886
511.50000000 0.53490848 0.46509152
512.00000000 0.53332159 0.46667841
512.50000000 0.53175116 0.46824884
513.00000000 0.53019786 0.46980214
513.50000000 0.52866235 0.47133765
514.00000000 0.52714529 0.47285471
514.50000000 0.52564730 0.47435270
515.00000000 0.52416902 0.47583098
515.50000000 0.52271107 0.47728893
516.00000000 0.52127404 0.47872596
516.50000000 0.51985854 0.48014146
517.00000000 0.51846517 0.48153483
517.50000000 0.51709454 0.48290546
518.00000000 0.51574722 0.48425278
518.50000000 0.51442382 0.48557618
519.00000000 0.51312491 0.48687509
519.50000000 0.51185107 0.48814893
520.00000000 0.51060286 0.48939714
520.50000000 0.50938085 0.49061915
521.00000000 0.50818558 0.49181442
521.50000000 0.50701756 0.49298244
522.00000000 0.50587732 0.49412268
522.50000000 0.50476534 0.49523466
523.00000000 0.50368209 0.49631791
523.50000000 0.50262805 0.49737195
524.00000000 0.50160365 0.49839635
524.50000000 0.50060931 0.49939069
525.00000000 0.49964545 0.50035455
525.50000000 0.49871246 0.50128754
526.00000000 0.49781073 0.50218927
526.50000000 0.49694064 0.50305936
527.00000000 0.49610254 0.50389746
527.50000000 0.49529678 0.50470322
528.00000000 0.49452370 0.50547630
528.50000000 0.49378362 0.50621638
529.00000000 0.49307685 0.50692315
529.50000000 0.49240369 0.50759631
530.00000000 0.49176442 0.50823558
530.50000000 0.49115930 0.50884070
531.00000000 0.49058858 0.50941142
531.50000000 0.49005247 0.50994753
532.00000000 0.48955120 0.51044880
532.50000000 0.48908494 0.51091506
533.00000000 0.48865386 0.51134614
533.50000000 0.48825813 0.51174187
534.00000000 0.48789788 0.51210212
534.50000000 0.48757323 0.51242677
535.00000000 0.48728431 0.51271569
535.50000000 0.48703122 0.51296878
536.00000000 0.48681405 0.51318595
536.50000000 0.48663289 0.51336711
537.00000000 0.48648782 0.51351218
537.50000000 0.48637889 0.51362111
538.00000000 0.48630615 0.51369385
538.50000000 0.48626964 0.51373036
539.00000000 0.48626937 0.51373063
539.50000000 0.48630533 0.51369467
540.00000000 0.48637750 0.51362250
540.50000000 0.48648583 0.51351417
541.00000000 0.48663026 0.51336974
541.50000000 0.48681071 0.51318929
542.00000000 0.48702707 0.51297293
542.50000000 0.48727924 0.51272076
543.00000000 0.48756708 0.51243292
543.50000000 0.48789045 0.51210955
544.00000000 0.48824919 0.51175081
544.50000000 0.48864314 0.51135686
545.00000000 0.48907210 0.51092790
545.50000000 0.48953587 0.51046413
546.00000000 0.49003423 0.50996577
546.50000000 0.49056695 0.50943305
547.00000000 0.49113374 0.50886626
547.50000000 0.49173434 0.50826566
548.00000000 0.49236843 0.50763157
548.50000000 0.49303568 0.50696432
549.00000000 0.49373575 0.50626425
549.50000000 0.49446827 0.50553173
550.00000000 0.49523285 0.50476715
550.50000000 0.49602909 0.50397091
551.00000000 0.49685658 0.50314342
551.50000000 0.49771489 0.50228511
552.00000000 0.49860358 0.50139642
552.50000000 0.49952220 0.50047780
553.00000000 0.50047028 0.49952972
553.50000000 0.50144733 0.49855267
554.00000000 0.50245287 0.49754713
554.50000000 0.50348638 0.49651362
555.00000000 0.50454734 0.49545266
555.50000000 0.50563520 0.49436480
556.00000000 0.50674941 0.49325059
556.50000000 0.50788940 0.49211060
557.00000000 0.50905459 0.49094541
557.50000000 0.51024438 0.48975562
558.00000000 0.51145818 0.48854182
558.50000000 0.51269537 0.48730463
559.00000000 0.51395533 0.48604467
559.50000000 0.51523744 0.48476256
560.00000000 0.51654107 0.48345893
560.50000000 0.51786557 0.48213443
561.00000000 0.51921029 0.48078971
561.50000000 0.52057458 0.47942542
562.00000000 0.52195778 0.47804222
562.50000000 0.52335921 0.47664079
563.00000000 0.52477819 0.47522181
563.50000000 0.52621403 0.47378597
564.00000000 0.52766601 0.47233399
564.50000000 0.52913343 0.47086657
565.00000000 0.53061557 0.46938443
565.50000000 0.53211167 0.46788833
566.00000000 0.53362101 0.46637899
566.50000000 0.53514283 0.46485717
567.00000000 0.53667636 0.46332364
567.50000000 0.53822085 0.46177915
568.00000000 0.53977551 0.46022449
568.50000000 0.54133959 0.45866041
569.00000000 0.54291229 0.45708771
569.50000000 0.54449284 0.45550716
570.00000000 0.54608046 0.45391954
570.50000000 0.54767434 0.45232566
571.00000000 0.54927370 0.45072630
571.50000000 0.55087773 0.44912227
572.00000000 0.55248561 0.44751439
572.50000000 0.55409654 0.44590346
573.00000000 0.55570968 0.44429032
573.50000000 0.55732419 0.44267581
574.00000000 0.55893921 0.44106079
574.50000000 0.56055390 0.43944610
575.00000000 0.56216740 0.43783260
575.50000000 0.56377884 0.43622116
576.00000000 0.56538737 0.43461263
576.50000000 0.56699214 0.43300786
577.00000000 0.56859232 0.43140768
577.50000000 0.57018708 0.42981292
578.00000000 0.57177558 0.42822442
578.50000000 0.57335703 0.42664297
579.00000000 0.57493062 0.42506938
579.50000000 0.57649554 0.42350446
580.00000000 0.57805099 0.42194901
580.50000000 0.57959616 0.42040384
581.00000000 0.58113025 0.41886975
581.50000000 0.58265243 0.41734757
582.00000000 0.58416188 0.41583812
582.50000000 0.58565780 0.41434220
583.00000000 0.58713936 0.41286064
583.50000000 0.58860576 0.41139424
584.00000000 0.59005623 0.40994377
584.50000000 0.59149001 0.40850999
585.00000000 0.59290636 0.40709364
585.50000000 0.59430459 0.40569541
586.00000000 0.59568401 0.40431599
586.50000000 0.59704398 0.40295602
587.00000000 0.59838386 0.40161614
587.50000000 0.59970303 0.40029697
588.00000000 0.60100088 0.39899912
588.50000000 0.60227678 0.39772322
589.00000000 0.60353012 0.39646988
589.50000000 0.60476027 0.39523973
590.00000000 0.60596662 0.39403338
590.50000000 0.60714854 0.39285146
591.00000000 0.60830542 0.39169458
591.50000000 0.60943667 0.39056333
592.00000000 0.61054173 0.38945827
592.50000000 0.61162006 0.38837994
593.00000000 0.61267117 0.38732883
593.50000000 0.61369461 0.38630539
594.00000000 0.61468994 0.38531006
594.50000000 0.61565679 0.38434321
595.00000000 0.61659480 0.38340520
595.50000000 0.61750360 0.38249640
596.00000000 0.61838286 0.38161714
596.50000000 0.61923223 0.38076777
597.00000000 0.62005136 0.37994864
597.50000000 0.62083990 0.37916010
598.00000000 0.62159748 0.37840252
598.50000000 0.62232374 0.37767626
599.00000000 0.62301832 0.37698168
599.50000000 0.62368090 0.37631910
600.00000000 0.62431118 0.37568882
600.50000000 0.62490889 0.37509111
601.00000000 0.62547381 0.37452619
601.50000000 0.62600578 0.37399422
602.00000000 0.62650467 0.37349533
602.50000000 0.62697041 0.37302959
603.00000000 0.62740292 0.37259708
603.50000000 0.62780219 0.37219781
604.00000000 0.62816819 0.37183181
604.50000000 0.62850088 0.37149912
605.00000000 0.62880025 0.37119975
605.50000000 0.62906624 0.37093376
606.00000000 0.62929882 0.37070118
606.50000000 0.62949793 0.37050207
607.00000000 0.62966354 0.37033646
607.50000000 0.62979564 0.37020436
608.00000000 0.62989422 0.37010578
608.50000000 0.62995936 0.37004064
609.00000000 0.62999116 0.37000884
609.50000000 0.62998978 0.37001022
610.00000000 0.62995541 0.37004459
610.50000000 0.62988831 0.37011169
611.00000000 0.62978875 0.37021125
611.50000000 0.62965702 0.37034298
612.00000000 0.62949342 0.37050658
612.50000000 0.62929825 0.37070175
613.00000000 0.62907179 0.37092821
613.50000000 0.62881427 0.37118573
614.00000000 0.62852596 0.37147404
614.50000000 0.62820707 0.37179293
615.00000000 0.62785782 0.37214218
615.50000000 0.62747845 0.37252155
616.00000000 0.62706921 0.37293079
616.50000000 0.62663038 0.37336962
617.00000000 0.62616230 0.37383770
617.50000000 0.62566533 0.37433467
618.00000000 0.62513989 0.37486011
618.50000000 0.62458642 0.37541358
619.00000000 0.62400540 0.37599460
619.50000000 0.62339731 0.37660269
620.00000000 0.62276265 0.37723735
620.50000000 0.62210188 0.37789812
621.00000000 0.62141545 0.37858455
621.50000000 0.62070378 0.37929622
622.00000000 0.61996727 0.38003273
622.50000000 0.61920629 0.38079371
623.00000000 0.61842120 0.38157880
623.50000000 0.61761237 0.38238763
624.00000000 0.61678018 0.38321982
624.50000000 0.61592506 0.38407494
625.00000000 0.61504746 0.38495254
625.50000000 0.61414787 0.38585213
626.00000000 0.61322684 0.38677316
626.50000000 0.61228494 0.38771506
627.00000000 0.61132280 0.38867720
627.50000000 0.61034103 0.38965897
628.00000000 0.60934025 0.39065975
628.50000000 0.60832108 0.39167892
629.00000000 0.60728412 0.39271588
629.50000000 0.60622992 0.39377008
630.00000000 0.60515903 0.39484097
630.50000000 0.60407197 0.39592803
631.00000000 0.60296923 0.39703077
631.50000000 0.60185131 0.39814869
632.00000000 0.60071875 0.39928125
632.50000000 0.59957207 0.40042793
633.00000000 0.59841185 0.40158815
633.50000000 0.59723869 0.40276131
634.00000000 0.59605325 0.40394675
634.50000000 0.59485621 0.40514379
635.00000000 0.59364826 0.40635174
635.50000000 0.59243012 0.40756988
636.00000000 0.59120251 0.40879749
636.50000000 0.58996612 0.41003388
637.00000000 0.58872164 0.41127836
637.50000000 0.58746969 0.41253031
638.00000000 0.58621089 0.41378911
638.50000000 0.58494584 0.41505416
639.00000000 0.58367507 0.41632493
639.50000000 0.58239916 0.41760084
640.00000000 0.58111864 0.41888136
640.50000000 0.57983408 0.42016592
641.00000000 0.57854605 0.42145395
641.50000000 0.57725518 0.42274482
642.00000000 0.57596209 0.42403791
642.50000000 0.57466743 0.42533257
643.00000000 0.57337188 0.42662812
643.50000000 0.57207613 0.42792387
644.00000000 0.57078084 0.42921916
644.50000000 0.56948668 0.43051332
645.00000000 0.56819427 0.43180573
645.50000000 0.56690422 0.43309578
646.00000000 0.56561709 0.43438291
646.50000000 0.56433341 0.43566659
647.00000000 0.56305370 0.43694630
647.50000000 0.56177844 0.43822156
648.00000000 0.56050810 0.43949190
648.50000000 0.55924318 0.44075682
649.00000000 0.55798414 0.44201586
649.50000000 0.55673151 0.44326849
650.00000000 0.55548578 0.44451422
650.50000000 0.55424749 0.44575251
651.00000000 0.55301717 0.44698283
651.50000000 0.55179535 0.44820465
652.00000000 0.55058255 0.44941745
652.50000000 0.54937927 0.45062073
653.00000000 0.54818600 0.45181400
653.50000000 0.54700319 0.45299681
654.00000000 0.54583124 0.45416876
654.50000000 0.54467054 0.45532946
655.00000000 0.54352143 0.45647857
655.50000000 0.54238426 0.45761574
656.00000000 0.54125934 0.45874066
656.50000000 0.54014697 0.45985303
657.00000000 0.53904745 0.46095255
657.50000000 0.53796108 0.46203892
658.00000000 0.53688818 0.46311182
658.50000000 0.53582906 0.46417094
659.00000000 0.53478402 0.46521598
659.50000000 0.53375338 0.46624662
660.00000000 0.53273744 0.46726256
660.50000000 0.53173651 0.46826349
661.00000000 0.53075084 0.46924916
661.50000000 0.52978072 0.47021928
662.00000000 0.52882636 0.47117364
662.50000000 0.52788799 0.47211201
663.00000000 0.52696580 0.47303420
663.50000000 0.52605998 0.47394002
664.00000000 0.52517069 0.47482931
664.50000000 0.52429809 0.47570191
665.00000000 0.52344232 0.47655768
665.50000000 0.52260354 0.47739646
666.00000000 0.52178190 0.47821810
666.50000000 0.52097755 0.47902245
667.00000000 0.52019065 0.47980935
667.50000000 0.51942136 0.48057864
668.00000000 0.51866986 0.48133014
668.50000000 0.51793629 0.48206371
669.00000000 0.51722083 0.48277917
669.50000000 0.51652363 0.48347637
670.00000000 0.51584484 0.48415516
670.50000000 0.51518461 0.48481539
671.00000000 0.51454306 0.48545694
671.50000000 0.51392031 0.48607969
672.00000000 0.51331646 0.48668354
672.50000000 0.51273158 0.48726842
673.00000000 0.51216575 0.48783425
673.50000000 0.51161903 0.48838097
674.00000000 0.51109147 0.48890853
674.50000000 0.51058311 0.48941689
675.00000000 0.51009401 0.48990599
675.50000000 0.50962421 0.49037579
676.00000000 0.50917377 0.49082623
676.50000000 0.50874275 0.49125725
677.00000000 0.50833123 0.49166877
677.50000000 0.50793928 0.49206072
678.00000000 0.50756697 0.49243303
678.50000000 0.50721438 0.49278562
679.00000000 0.50688155 0.49311845
679.50000000 0.50656854 0.49343146
680.00000000 0.50627535 0.49372465
680.50000000 0.50600198 0.49399802
681.00000000 0.50574840 0.49425160
681.50000000 0.50551455 0.49448545
682.00000000 0.50530036 0.49469964
682.50000000 0.50510576 0.49489424
683.00000000 0.50493068 0.49506932
683.50000000 0.50477503 0.49522497
684.00000000 0.50463879 0.49536121
684.50000000 0.50452190 0.49547810
685.00000000 0.50442435 0.49557565
685.50000000 0.50434614 0.49565386
686.00000000 0.50428728 0.49571272
686.50000000 0.50424777 0.49575223
687.00000000 0.50422760 0.49577240
687.50000000 0.50422675 0.49577325
688.00000000 0.50424517 0.49575483
688.50000000 0.50428279 0.49571721
689.00000000 0.50433948 0.49566052
689.50000000 0.50441512 0.49558488
690.00000000 0.50450956 0.49549044
690.50000000 0.50462263 0.49537737
691.00000000 0.50475417 0.49524583
691.50000000 0.50490404 0.49509596
692.00000000 0.50507212 0.49492788
692.50000000 0.50525831 0.49474169
693.00000000 0.50546253 0.49453747
693.50000000 0.50568474 0.49431526
694.00000000 0.50592488 0.49407512
694.50000000 0.50618291 0.49381709
695.00000000 0.50645878 0.49354122
695.50000000 0.50675240 0.49324760
696.00000000 0.50706363 0.49293637
696.50000000 0.50739234 0.49260766
697.00000000 0.50773830 0.49226170
697.50000000 0.50810130 0.49189870
698.00000000 0.50848106 0.49151894
698.50000000 0.50887732 0.49112268
699.00000000 0.50928980 0.49071020
699.50000000 0.50971826 0.49028174
700.00000000 0.51016246 0.48983754
700.50000000 0.51062221 0.48937779
701.00000000 0.51109733 0.48890267
701.50000000 0.51158767 0.48841233
702.00000000 0.51209308 0.48790692
702.50000000 0.51261343 0.48738657
703.00000000 0.51314855 0.48685145
703.50000000 0.51369825 0.48630175
704.00000000 0.51426230 0.48573770
704.50000000 0.51484043 0.48515957
705.00000000 0.51543232 0.48456768
705.50000000 0.51603763 0.48396237
706.00000000 0.51665599 0.48334401
706.50000000 0.51728701 0.48271299
707.00000000 0.51793035 0.48206965
707.50000000 0.51858566 0.48141434
708.00000000 0.51925264 0.48074736
708.50000000 0.51993101 0.48006899
709.00000000 0.52062055 0.47937945
709.50000000 0.52132104 0.47867896
710.00000000 0.52203230 0.47796770
710.50000000 0.52275412 0.47724588
711.00000000 0.52348631 0.47651369
711.50000000 0.52422861 0.47577139
712.00000000 0.52498076 0.47501924
712.50000000 0.52574244 0.47425756
713.00000000 0.52651328 0.47348672
713.50000000 0.52729292 0.47270708
714.00000000 0.52808096 0.47191904
714.50000000 0.52887698 0.47112302
715.00000000 0.52968062 0.47031938
715.50000000 0.53049150 0.46950850
716.00000000 0.53130931 0.46869069
716.50000000 0.53213375 0.46786625
717.00000000 0.53296458 0.46703542
717.50000000 0.53380155 0.46619845
718.00000000 0.53464444 0.46535556
718.50000000 0.53549302 0.46450698
719.00000000 0.53634704 0.46365296
719.50000000 0.53720620 0.46279380
720.00000000 0.53807020 0.46192980
720.50000000 0.53893865 0.46106135
721.00000000 0.53981115 0.46018885
721.50000000 0.54068728 0.45931272
722.00000000 0.54156657 0.45843343
722.50000000 0.54244860 0.45755140
723.00000000 0.54333292 0.45666708
723.50000000 0.54421913 0.45578087
724.00000000 0.54510685 0.45489315
724.50000000 0.54599575 0.45400425
725.00000000 0.54688552 0.45311448
725.50000000 0.54777587 0.45222413
726.00000000 0.54866653 0.45133347
726.50000000 0.54955721 0.45044279
727.00000000 0.55044761 0.44955239
727.50000000 0.55133739 0.44866261
728.00000000 0.55222619 0.44777381
728.50000000 0.55311359 0.44688641
729.00000000 0.55399917 0.44600083
729.50000000 0.55488245 0.44511755
730.00000000 0.55576297 0.44423703
730.50000000 0.55664025 0.44335975
731.00000000 0.55751386 0.44248614
731.50000000 0.55838337 0.44161663
732.00000000 0.55924840 0.44075160
732.50000000 0.56010861 0.43989139
733.00000000 0.56096369 0.43903631
733.50000000 0.56181335 0.43818665
734.00000000 0.56265733 0.43734267
734.50000000 0.56349535 0.43650465
735.00000000 0.56432711 0.43567289
735.50000000 0.56515232 0.43484768
736.00000000 0.56597063 0.43402937
736.50000000 0.56678166 0.43321834
737.00000000 0.56758501 0.43241499
737.50000000 0.56838026 0.43161974
738.00000000 0.56916696 0.43083304
738.50000000 0.56994470 0.43005530
739.00000000 0.57071306 0.42928694
739.50000000 0.57147167 0.42852833
740.00000000 0.57222017 0.42777983
740.50000000 0.57295827 0.42704173
741.00000000 0.57368569 0.42631431
741.50000000 0.57440221 0.42559779
742.00000000 0.57510760 0.42489240
742.50000000 0.57580165 0.42419835
743.00000000 0.57648416 0.42351584
743.50000000 0.57715488 0.42284512
744.00000000 0.57781357 0.42218643
744.50000000 0.57845993 0.42154007
745.00000000 0.57909365 0.42090635
745.50000000 0.57971441 0.42028559
746.00000000 0.58032186 0.41967814
746.50000000 0.58091566 0.41908434
747.00000000 0.58149548 0.41850452
747.50000000 0.58206103 0.41793897
748.00000000 0.58261204 0.41738796
748.50000000 0.58314829 0.41685171
749.00000000 0.58366960 0.41633040
749.50000000 0.58417583 0.41582417
750.00000000 0.58466686 0.41533314
750.50000000 0.58514259 0.41485741
751.00000000 0.58560292 0.41439708
751.50000000 0.58604774 0.41395226
752.00000000 0.58647694 0.41352306
752.50000000 0.58689037 0.41310963
753.00000000 0.58728786 0.41271214
753.50000000 0.58766921 0.41233079
754.00000000 0.58803421 0.41196579
754.50000000 0.58838266 0.41161734
755.00000000 0.58871434 0.41128566
755.50000000 0.58902907 0.41097093
756.00000000 0.58932670 0.41067330
756.50000000 0.58960710 0.41039290
757.00000000 0.58987019 0.41012981
757.50000000 0.59011593 0.40988407
758.00000000 0.59034431 0.40965569
758.50000000 0.59055535 0.40944465
759.00000000 0.59074907 0.40925093
759.50000000 0.59092551 0.40907449
760.00000000 0.59108469 0.40891531
760.50000000 0.59122661 0.40877339
761.00000000 0.59135125 0.40864875
761.50000000 0.59145858 0.40854142
762.00000000 0.59154853 0.40845147
762.50000000 0.59162103 0.40837897
763.00000000 0.59167600 0.40832400
763.50000000 0.59171335 0.40828665
764.00000000 0.59173304 0.40826696
764.50000000 0.59173503 0.40826497
765.00000000 0.59171933 0.40828067
765.50000000 0.59168598 0.40831402
766.00000000 0.59163505 0.40836495
766.50000000 0.59156664 0.40843336
767.00000000 0.59148090 0.40851910
767.50000000 0.59137796 0.40862204
768.00000000 0.59125796 0.40874204
768.50000000 0.59112103 0.40887897
769.00000000 0.59096730 0.40903270
769.50000000 0.59079685 0.40920315
770.00000000 0.59060976 0.40939024
770.50000000 0.59040607 0.40959393
771.00000000 0.59018581 0.40981419
771.50000000 0.58994902 0.41005098
772.00000000 0.58969572 0.41030428
772.50000000 0.58942597 0.41057403
773.00000000 0.58913983 0.41086017
773.50000000 0.58883742 0.41116258
774.00000000 0.58851888 0.41148112
774.50000000 0.58818437 0.41181563
775.00000000 0.58783410 0.41216590
775.50000000 0.58746830 0.41253170
776.00000000 0.58708719 0.41291281
776.50000000 0.58669102 0.41330898
777.00000000 0.58628002 0.41371998
777.50000000 0.58585439 0.41414561
778.00000000 0.58541433 0.41458567
778.50000000 0.58496000 0.41504000
779.00000000 0.58449155 0.41550845
779.50000000 0.58400912 0.41599088
780.00000000 0.58351284 0.41648716
780.50000000 0.58300285 0.41699715
781.00000000 0.58247929 0.41752071
781.50000000 0.58194235 0.41805765
782.00000000 0.58139221 0.41860779
782.50000000 0.58082912 0.41917088
783.00000000 0.58025334 0.41974666
783.50000000 0.57966516 0.42033484
784.00000000 0.57906489 0.42093511
784.50000000 0.57845285 0.42154715
785.00000000 0.57782936 0.42217064
785.50000000 0.57719472 0.42280528
786.00000000 0.57654922 0.42345078
786.50000000 0.57589313 0.42410687
787.00000000 0.57522669 0.42477331
787.50000000 0.57455013 0.42544987
788.00000000 0.57386364 0.42613636
788.50000000 0.57316743 0.42683257
789.00000000 0.57246169 0.42753831
789.50000000 0.57174662 0.42825338
790.00000000 0.57102247 0.42897753
790.50000000 0.57028948 0.42971052
791.00000000 0.56954794 0.43045206
791.50000000 0.56879815 0.43120185
792.00000000 0.56804045 0.43195955
792.50000000 0.56727518 0.43272482
793.00000000 0.56650269 0.43349731
793.50000000 0.56572334 0.43427666
794.00000000 0.56493747 0.43506253
794.50000000 0.56414537 0.43585463
795.00000000 0.56334735 0.43665265
795.50000000 0.56254367 0.43745633
796.00000000 0.56173458 0.43826542
796.50000000 0.56092031 0.43907969
797.00000000 0.56010107 0.43989893
797.50000000 0.55927709 0.44072291
798.00000000 0.55844862 0.44155138
798.50000000 0.55761591 0.44238409
799.00000000 0.55677926 0.44322074
799.50000000 0.55593898 0.44406102
800.00000000 0.55509541 0.44490459
800.50000000 0.55424893 0.44575107
801.00000000 0.55339991 0.44660009
801.50000000 0.55254872 0.44745128
802.00000000 0.55169573 0.44830427
802.50000000 0.55084130 0.44915870
803.00000000 0.54998575 0.45001425
803.50000000 0.54912936 0.45087064
804.00000000 0.54827240 0.45172760
804.50000000 0.54741511 0.45258489
805.00000000 0.54655772 0.45344228
805.50000000 0.54570046 0.45429954
806.00000000 0.54484354 0.45515646
806.50000000 0.54398722 0.45601278
807.00000000 0.54313177 0.45686823
807.50000000 0.54227750 0.45772250
808.00000000 0.54142473 0.45857527
808.50000000 0.54057381 0.45942619
809.00000000 0.53972510 0.46027490
809.50000000 0.53887898 0.46112102
810.00000000 0.53803579 0.46196421
810.50000000 0.53719587 0.46280413
811.00000000 0.53635952 0.46364048
811.50000000 0.53552701 0.46447299
812.00000000 0.53469856 0.46530144
812.50000000 0.53387441 0.46612559
813.00000000 0.53305473 0.46694527
813.50000000 0.53223972 0.46776028
814.00000000 0.53142957 0.46857043
814.50000000 0.53062451 0.46937549
815.00000000 0.52982479 0.47017521
815.50000000 0.52903069 0.47096931
816.00000000 0.52824252 0.47175748
816.50000000 0.52746061 0.47253939
817.00000000 0.52668533 0.47331467
817.50000000 0.52591703 0.47408297
818.00000000 0.52515604 0.47484396
818.50000000 0.52440268 0.47559732
819.00000000 0.52365723 0.47634277
819.50000000 0.52291994 0.47708006
820.00000000 0.52219100 0.47780900
820.50000000 0.52147059 0.47852941
821.00000000 0.52075888 0.47924112
821.50000000 0.52005600 0.47994400
822.00000000 0.51936213 0.48063787
822.50000000 0.51867743 0.48132257
823.00000000 0.51800212 0.48199788
823.50000000 0.51733645 0.48266355
824.00000000 0.51668069 0.48331931
824.50000000 0.51603513 0.48396487
825.00000000 0.51540010 0.48459990
825.50000000 0.51477590 0.48522410
826.00000000 0.51416282 0.48583718
826.50000000 0.51356112 0.48643888
827.00000000 0.51297101 0.48702899
827.50000000 0.51239269 0.48760731
828.00000000 0.51182627 0.48817373
828.50000000 0.51127186 0.48872814
829.00000000 0.51072954 0.48927046
829.50000000 0.51019938 0.48980062
830.00000000 0.50968148 0.49031852
830.50000000 0.50917595 0.49082405
831.00000000 0.50868295 0.49131705
831.50000000 0.50820265 0.49179735
832.00000000 0.50773530 0.49226470
832.50000000 0.50728114 0.49271886
833.00000000 0.50684046 0.49315954
833.50000000 0.50641351 0.49358649
834.00000000 0.50600057 0.49399943
834.50000000 0.50560185 0.49439815
835.00000000 0.50521753 0.49478247
835.50000000 0.50484778 0.49515222
836.00000000 0.50449269 0.49550731
836.50000000 0.50415233 0.49584767
837.00000000 0.50382678 0.49617322
837.50000000 0.50351608 0.49648392
838.00000000 0.50322033 0.49677967
838.50000000 0.50293961 0.49706039
839.00000000 0.50267408 0.49732592
839.50000000 0.50242391 0.49757609
840.00000000 0.50218933 0.49781067
840.50000000 0.50197058 0.49802942
841.00000000 0.50176791 0.49823209
841.50000000 0.50158158 0.49841842
842.00000000 0.50141181 0.49858819
842.50000000 0.50125879 0.49874121
843.00000000 0.50112268 0.49887732
843.50000000 0.50100357 0.49899643
844.00000000 0.50090152 0.49909848
844.50000000 0.50081654 0.49918346
845.00000000 0.50074863 0.49925137
845.50000000 0.50069778 0.49930222
846.00000000 0.50066396 0.49933604
846.50000000 0.50064720 0.49935280
847.00000000 0.50064753 0.49935247
847.50000000 0.50066500 0.49933500
848.00000000 0.50069972 0.49930028
848.50000000 0.50075179 0.49924821
849.00000000 0.50082133 0.49917867
849.50000000 0.50090844 0.49909156
850.00000000 0.50101321 0.49898679
850.50000000 0.50113567 0.49886433
851.00000000 0.50127583 0.49872417
851.50000000 0.50143364 0.49856636
852.00000000 0.50160901 0.49839099
852.50000000 0.50180181 0.49819819
853.00000000 0.50201187 0.49798813
853.50000000 0.50223905 0.49776095
854.00000000 0.50248318 0.49751682
854.50000000 0.50274412 0.49725588
855.00000000 0.50302175 0.49697825
855.50000000 0.50331600 0.49668400
856.00000000 0.50362679 0.49637321
856.50000000 0.50395409 0.49604591
857.00000000 0.50429789 0.49570211
857.50000000 0.50465814 0.49534186
858.00000000 0.50503480 0.49496520
858.50000000 0.50542780 0.49457220
859.00000000 0.50583704 0.49416296
859.50000000 0.50626235 0.49373765
860.00000000 0.50670357 0.49329643
860.50000000 0.50716047 0.49283953
861.00000000 0.50763282 0.49236718
861.50000000 0.50812037 0.49187963
862.00000000 0.50862288 0.49137712
862.50000000 0.50914011 0.49085989
863.00000000 0.50967184 0.49032816
863.50000000 0.51021788 0.48978212
864.00000000 0.51077808 0.48922192
864.50000000 0.51135226 0.48864774
865.00000000 0.51194029 0.48805971
865.50000000 0.51254202 0.48745798
866.00000000 0.51315730 0.48684270
866.50000000 0.51378593 0.48621407
867.00000000 0.51442770 0.48557230
867.50000000 0.51508236 0.48491764
868.00000000 0.51574962 0.48425038
868.50000000 0.51642918 0.48357082
869.00000000 0.51712068 0.48287932
869.50000000 0.51782376 0.48217624
870.00000000 0.51853806 0.48146194
870.50000000 0.51926321 0.48073679
871.00000000 0.51999885 0.48000115
871.50000000 0.52074465 0.47925535
872.00000000 0.52150028 0.47849972
872.50000000 0.52226544 0.47773456
873.00000000 0.52303983 0.47696017
873.50000000 0.52382318 0.47617682
874.00000000 0.52461518 0.47538482
874.50000000 0.52541554 0.47458446
875.00000000 0.52622392 0.47377608
875.50000000 0.52703998 0.47296002
876.00000000 0.52786333 0.47213667
876.50000000 0.52869358 0.47130642
877.00000000 0.52953029 0.47046971
877.50000000 0.53037301 0.46962699
878.00000000 0.53122129 0.46877871
878.50000000 0.53207466 0.46792534
879.00000000 0.53293269 0.46706731
879.50000000 0.53379492 0.46620508
880.00000000 0.53466097 0.46533903
880.50000000 0.53553042 0.46446958
881.00000000 0.53640293 0.46359707
881.50000000 0.53727813 0.46272187
882.00000000 0.53815569 0.46184431
882.50000000 0.53903528 0.46096472
883.00000000 0.53991653 0.46008347
883.50000000 0.54079911 0.45920089
884.00000000 0.54168262 0.45831738
884.50000000 0.54256666 0.45743334
885.00000000 0.54345082 0.45654918
885.50000000 0.54433463 0.45566537
886.00000000 0.54521764 0.45478236
886.50000000 0.54609937 0.45390063
887.00000000 0.54697938 0.45302062
887.50000000 0.54785720 0.45214280
888.00000000 0.54873241 0.45126759
888.50000000 0.54960460 0.45039540
889.00000000 0.55047340 0.44952660
889.50000000 0.55133845 0.44866155
890.00000000 0.55219943 0.44780057
890.50000000 0.55305602 0.44694398
891.00000000 0.55390791 0.44609209
891.50000000 0.55475477 0.44524523
892.00000000 0.55559627 0.44440373
892.50000000 0.55643205 0.44356795
893.00000000 0.55726171 0.44273829
893.50000000 0.55808485 0.44191515
894.00000000 0.55890102 0.44109898
894.50000000 0.55970980 0.44029020
895.00000000 0.56051071 0.43948929
895.50000000 0.56130334 0.43869666
896.00000000 0.56208725 0.43791275
896.50000000 0.56286205 0.43713795
897.00000000 0.56362738 0.43637262
897.50000000 0.56438291 0.43561709
898.00000000 0.56512833 0.43487167
898.50000000 0.56586337 0.43413663
899.00000000 0.56658775 0.43341225
899.50000000 0.56730119 0.43269881
900.00000000 0.56800341 0.43199659
900.50000000 0.56869409 0.43130591
901.00000000 0.56937290 0.43062710
901.50000000 0.57003949 0.42996051
902.00000000 0.57069347 0.42930653
902.50000000 0.57133445 0.42866555
903.00000000 0.57196202 0.42803798
903.50000000 0.57257580 0.42742420
904.00000000 0.57317540 0.42682460
904.50000000 0.57376050 0.42623950
905.00000000 0.57433077 0.42566923
905.50000000 0.57488594 0.42511406
906.00000000 0.57542579 0.42457421
906.50000000 0.57595009 0.42404991
907.00000000 0.57645868 0.42354132
907.50000000 0.57695137 0.42304863
908.00000000 0.57742798 0.42257202
908.50000000 0.57788832 0.42211168
909.00000000 0.57833219 0.42166781
909.50000000 0.57875937 0.42124063
910.00000000 0.57916962 0.42083038
910.50000000 0.57956266 0.42043734
911.00000000 0.57993825 0.42006175
911.50000000 0.58029614 0.41970386
912.00000000 0.58063608 0.41936392
912.50000000 0.58095787 0.41904213
913.00000000 0.58126134 0.41873866
913.50000000 0.58154635 0.41845365
914.00000000 0.58181282 0.41818718
914.50000000 0.58206067 0.41793933
915.00000000 0.58228989 0.41771011
915.50000000 0.58250044 0.41749956
916.00000000 0.58269233 0.41730767
916.50000000 0.58286552 0.41713448
917.00000000 0.58302000 0.41698000
917.50000000 0.58315572 0.41684428
918.00000000 0.58327261 0.41672739
918.50000000 0.58337060 0.41662940
919.00000000 0.58344961 0.41655039
919.50000000 0.58350955 0.41649045
920.00000000 0.58355036 0.41644964
920.50000000 0.58357198 0.41642802
921.00000000 0.58357439 0.41642561
921.50000000 0.58355761 0.41644239
922.00000000 0.58352169 0.41647831
922.50000000 0.58346672 0.41653328
923.00000000 0.58339280 0.41660720
923.50000000 0.58330007 0.41669993
924.00000000 0.58318867 0.41681133
924.50000000 0.58305876 0.41694124
925.00000000 0.58291049 0.41708951
925.50000000 0.58274398 0.41725602
926.00000000 0.58255936 0.41744064
926.50000000 0.58235675 0.41764325
927.00000000 0.58213624 0.41786376
927.50000000 0.58189792 0.41810208
928.00000000 0.58164191 0.41835809
928.50000000 0.58136832 0.41863168
929.00000000 0.58107728 0.41892272
929.50000000 0.58076896 0.41923104
930.00000000 0.58044355 0.41955645
930.50000000 0.58010127 0.41989873
931.00000000 0.57974238 0.42025762
931.50000000 0.57936715 0.42063285
932.00000000 0.57897587 0.42102413
932.50000000 0.57856885 0.42143115
933.00000000 0.57814638 0.42185362
933.50000000 0.57770875 0.42229125
934.00000000 0.57725624 0.42274376
934.50000000 0.57678912 0.42321088
935.00000000 0.57630762 0.42369238
935.50000000 0.57581198 0.42418802
936.00000000 0.57530243 0.42469757
936.50000000 0.57477919 0.42522081
937.00000000 0.57424252 0.42575748
937.50000000 0.57369267 0.42630733
938.00000000 0.57312992 0.42687008
938.50000000 0.57255459 0.42744541
939.00000000 0.57196702 0.42803298
939.50000000 0.57136757 0.42863243
940.00000000 0.57075664 0.42924336
940.50000000 0.57013462 0.42986538
941.00000000 0.56950191 0.43049809
941.50000000 0.56885890 0.43114110
942.00000000 0.56820597 0.43179403
942.50000000 0.56754349 0.43245651
943.00000000 0.56687178 0.43312822
943.50000000 0.56619118 0.43380882
944.00000000 0.56550198 0.43449802
944.50000000 0.56480448 0.43519552
945.00000000 0.56409900 0.43590100
945.50000000 0.56338585 0.43661415
946.00000000 0.56266536 0.43733464
946.50000000 0.56193791 0.43806209
947.00000000 0.56120388 0.43879612
947.50000000 0.56046370 0.43953630
948.00000000 0.55971780 0.44028220
948.50000000 0.55896663 0.44103337
949.00000000 0.55821063 0.44178937
949.50000000 0.55745025 0.44254975
950.00000000 0.55668591 0.44331409
950.50000000 0.55591798 0.44408202
951.00000000 0.55514682 0.44485318
951.50000000 0.55437277 0.44562723
952.00000000 0.55359612 0.44640388
952.50000000 0.55281717 0.44718283
953.00000000 0.55203620 0.44796380
953.50000000 0.55125350 0.44874650
954.00000000 0.55046937 0.44953063
954.50000000 0.54968416 0.45031584
955.00000000 0.54889822 0.45110178
955.50000000 0.54811193 0.45188807
956.00000000 0.54732571 0.45267429
956.50000000 0.54653996 0.45346004
957.00000000 0.54575510 0.45424490
957.50000000 0.54497154 0.45502846
958.00000000 0.54418965 0.45581035
958.50000000 0.54340978 0.45659022
959.00000000 0.54263224 0.45736776
959.50000000 0.54185730 0.45814270
960.00000000 0.54108523 0.45891477
960.50000000 0.54031625 0.45968375
961.00000000 0.53955060 0.46044940
961.50000000 0.53878853 0.46121147
962.00000000 0.53803029 0.46196971
962.50000000 0.53727617 0.46272383
963.00000000 0.53652650 0.46347350
963.50000000 0.53578163 0.46421837
964.00000000 0.53504194 0.46495806
964.50000000 0.53430781 0.46569219
965.00000000 0.53357965 0.46642035
965.50000000 0.53285782 0.46714218
966.00000000 0.53214268 0.46785732
966.50000000 0.53143455 0.46856545
967.00000000 0.53073371 0.46926629
967.50000000 0.53004038 0.46995962
968.00000000 0.52935480 0.47064520
968.50000000 0.52867713 0.47132287
969.00000000 0.52800755 0.47199245
969.50000000 0.52734625 0.47265375
970.00000000 0.52669341 0.47330659
970.50000000 0.52604926 0.47395074
971.00000000 0.52541404 0.47458596
971.50000000 0.52478802 0.47521198
972.00000000 0.52417150 0.47582850
972.50000000 0.52356477 0.47643523
973.00000000 0.52296814 0.47703186
973.50000000 0.52238190 0.47761810
974.00000000 0.52180629 0.47819371
974.50000000 0.52124153 0.47875847
975.00000000 0.52068781 0.47931219
975.50000000 0.52014525 0.47985475
976.00000000 0.51961395 0.48038605
976.50000000 0.51909399 0.48090601
977.00000000 0.51858542 0.48141458
977.50000000 0.51808832 0.48191168
978.00000000 0.51760276 0.48239724
978.50000000 0.51712884 0.48287116
979.00000000 0.51666669 0.48333331
979.50000000 0.51621648 0.48378352
980.00000000 0.51577837 0.48422163
980.50000000 0.51535257 0.48464743
981.00000000 0.51493929 0.48506071
981.50000000 0.51453870 0.48546130
982.00000000 0.51415098 0.48584902
982.50000000 0.51377626 0.48622374
983.00000000 0.51341466 0.48658534
983.50000000 0.51306623 0.48693377
984.00000000 0.51273101 0.48726899
984.50000000 0.51240902 0.48759098
985.00000000 0.51210025 0.48789975
985.50000000 0.51180470 0.48819530
986.00000000 0.51152239 0.48847761
986.50000000 0.51125333 0.48874667
987.00000000 0.51099758 0.48900242
987.50000000 0.51075522 0.48924478
988.00000000 0.51052633 0.48947367
988.50000000 0.51031102 0.48968898
989.00000000 0.51010940 0.48989060
989.50000000 0.50992156 0.49007844
990.00000000 0.50974757 0.49025243
990.50000000 0.50958750 0.49041250
991.00000000 0.50944135 0.49055865
991.50000000 0.50930910 0.49069090
992.00000000 0.50919071 0.49080929
992.50000000 0.50908610 0.49091390
993.00000000 0.50899518 0.49100482
993.50000000 0.50891784 0.49108216
994.00000000 0.50885399 0.49114601
994.50000000 0.50880355 0.49119645
995.00000000 0.50876642 0.49123358
995.50000000 0.50874257 0.49125743
996.00000000 0.50873196 0.49126804
996.50000000 0.50873456 0.49126544
997.00000000 0.50875034 0.49124966
997.50000000 0.50877930 0.49122070
998.00000000 0.50882139 0.49117861
998.50000000 0.50887657 0.49112343
999.00000000 0.50894476 0.49105524
999.50000000 0.50902588 0.49097412
