0.00000000 1.00000000 0.00000000
0.50000000 0.99991133 0.00008867
1.00000000 0.99964568 0.00035432
1.50000000 0.99920419 0.00079581
2.00000000 0.99858869 0.00141131
2.50000000 0.99780174 0.00219826
3.00000000 0.99684654 0.00315346
3.50000000 0.99572693 0.00427307
4.00000000 0.99444730 0.00555270
4.50000000 0.99301252 0.00698748
5.00000000 0.99142793 0.00857207
5.50000000 0.98969919 0.01030081
6.00000000 0.98783233 0.01216767
6.50000000 0.98583367 0.01416633
7.00000000 0.98370980 0.01629020
7.50000000 0.98146761 0.01853239
8.00000000 0.97911422 0.02088578
8.50000000 0.97665697 0.02334303
9.00000000 0.97410333 0.02589667
9.50000000 0.97146083 0.02853917
10.00000000 0.96873699 0.03126301
10.50000000 0.96593923 0.03406077
11.00000000 0.96307488 0.03692512
11.50000000 0.96015112 0.03984888
12.00000000 0.95717495 0.04282505
12.50000000 0.95415319 0.04584681
13.00000000 0.95109241 0.04890759
13.50000000 0.94799885 0.05200115
14.00000000 0.94487838 0.05512162
14.50000000 0.94173641 0.05826359
15.00000000 0.93857795 0.06142205
15.50000000 0.93540763 0.06459237
16.00000000 0.93222973 0.06777027
16.50000000 0.92904829 0.07095171
17.00000000 0.92586705 0.07413295
17.50000000 0.92268954 0.07731046
18.00000000 0.91951902 0.08048098
18.50000000 0.91635846 0.08364154
19.00000000 0.91321050 0.08678950
19.50000000 0.91007744 0.08992256
20.00000000 0.90696129 0.09303871
20.50000000 0.90386381 0.09613619
21.00000000 0.90078659 0.09921341
21.50000000 0.89773111 0.10226889
22.00000000 0.89469878 0.10530122
22.50000000 0.89169095 0.10830905
23.00000000 0.88870883 0.11129117
23.50000000 0.88575339 0.11424661
24.00000000 0.88282533 0.11717467
24.50000000 0.87992503 0.12007497
25.00000000 0.87705271 0.12294729
25.50000000 0.87420856 0.12579144
26.00000000 0.87139293 0.12860707
26.50000000 0.86860647 0.13139353
27.00000000 0.86585018 0.13414982
27.50000000 0.86312534 0.13687466
28.00000000 0.86043335 0.13956665
28.50000000 0.85777540 0.14222460
29.00000000 0.85515224 0.14484776
29.50000000 0.85256403 0.14743597
30.00000000 0.85001039 0.14998961
30.50000000 0.84749062 0.15250938
31.00000000 0.84500403 0.15499597
31.50000000 0.84255025 0.15744975
32.00000000 0.84012936 0.15987064
32.50000000 0.83774184 0.16225816
33.00000000 0.83538828 0.16461172
33.50000000 0.83306910 0.16693090
34.00000000 0.83078429 0.16921571
34.50000000 0.82853334 0.17146666
35.00000000 0.82631539 0.17368461
35.50000000 0.82412948 0.17587052
36.00000000 0.82197480 0.17802520
36.50000000 0.81985088 0.18014912
37.00000000 0.81775760 0.18224240
37.50000000 0.81569500 0.18430500
38.00000000 0.81366304 0.18633696
38.50000000 0.81166135 0.18833865
39.00000000 0.80968905 0.19031095
39.50000000 0.80774494 0.19225506
40.00000000 0.80582770 0.19417230
40.50000000 0.80393620 0.19606380
41.00000000 0.80206975 0.19793025
41.50000000 0.80022815 0.19977185
42.00000000 0.79841152 0.20158848
42.50000000 0.79662005 0.20337995
43.00000000 0.79485372 0.20514628
43.50000000 0.79311208 0.20688792
44.00000000 0.79139431 0.20860569
44.50000000 0.78969939 0.21030061
45.00000000 0.78802628 0.21197372
45.50000000 0.78637420 0.21362580
46.00000000 0.78474261 0.21525739
46.50000000 0.78313115 0.21686885
47.00000000 0.78153957 0.21846043
47.50000000 0.77996747 0.22003253
48.00000000 0.77841428 0.22158572
48.50000000 0.77687922 0.22312078
49.00000000 0.77536143 0.22463857
49.50000000 0.77386010 0.22613990
50.00000000 0.77237455 0.22762545
50.50000000 0.77090430 0.22909570
51.00000000 0.76944902 0.23055098
51.50000000 0.76800842 0.23199158
52.00000000 0.76658221 0.23341779
52.50000000 0.76516997 0.23483003
53.00000000 0.76377112 0.23622888
53.50000000 0.76238490 0.23761510
54.00000000 0.76101033 0.23898967
54.50000000 0.75964625 0.24035375
55.00000000 0.75829135 0.24170865
55.50000000 0.75694423 0.24305577
56.00000000 0.75560359 0.24439641
56.50000000 0.75426833 0.24573167
57.00000000 0.75293769 0.24706231
57.50000000 0.75161126 0.24838874
58.00000000 0.75028896 0.24971104
58.50000000 0.74897093 0.25102907
59.00000000 0.74765746 0.25234254
59.50000000 0.74634889 0.25365111
60.00000000 0.74504565 0.25495435
60.50000000 0.74374822 0.25625178
61.00000000 0.74245721 0.25754279
61.50000000 0.74117340 0.25882660
62.00000000 0.73989765 0.26010235
62.50000000 0.73863090 0.26136910
63.00000000 0.73737404 0.26262596
63.50000000 0.73612782 0.26387218
64.00000000 0.73489290 0.26510710
64.50000000 0.73366985 0.26633015
65.00000000 0.73245933 0.26754067
65.50000000 0.73126221 0.26873779
66.00000000 0.73007965 0.26992035
66.50000000 0.72891309 0.27108691
67.00000000 0.72776406 0.27223594
67.50000000 0.72663404 0.27336596
68.00000000 0.72552424 0.27447576
68.50000000 0.72443545 0.27556455
69.00000000 0.72336804 0.27663196
69.50000000 0.72232202 0.27767798
70.00000000 0.72129723 0.27870277
70.50000000 0.72029344 0.27970656
71.00000000 0.71931052 0.28068948
71.50000000 0.71834837 0.28165163
72.00000000 0.71740697 0.28259303
72.50000000 0.71648620 0.28351380
73.00000000 0.71558579 0.28441421
73.50000000 0.71470529 0.28529471
74.00000000 0.71384404 0.28615596
74.50000000 0.71300127 0.28699873
75.00000000 0.71217614 0.28782386
75.50000000 0.71136788 0.28863212
76.00000000 0.71057591 0.28942409
76.50000000 0.70979988 0.29020012
77.00000000 0.70903974 0.29096026
77.50000000 0.70829565 0.29170435
78.00000000 0.70756791 0.29243209
78.50000000 0.70685671 0.29314329
79.00000000 0.70616208 0.29383792
79.50000000 0.70548375 0.29451625
80.00000000 0.70482121 0.29517879
80.50000000 0.70417390 0.29582610
81.00000000 0.70354128 0.29645872
81.50000000 0.70292302 0.29707698
82.00000000 0.70231898 0.29768102
82.50000000 0.70172914 0.29827086
83.00000000 0.70115342 0.29884658
83.50000000 0.70059146 0.29940854
84.00000000 0.70004257 0.29995743
84.50000000 0.69950565 0.30049435
85.00000000 0.69897942 0.30102058
85.50000000 0.69846252 0.30153748
86.00000000 0.69795377 0.30204623
86.50000000 0.69745214 0.30254786
87.00000000 0.69695678 0.30304322
87.50000000 0.69646683 0.30353317
88.00000000 0.69598127 0.30401873
88.50000000 0.69549882 0.30450118
89.00000000 0.69501797 0.30498203
89.50000000 0.69453712 0.30546288
90.00000000 0.69405480 0.30594520
90.50000000 0.69356987 0.30643013
91.00000000 0.69308163 0.30691837
91.50000000 0.69258983 0.30741017
92.00000000 0.69209452 0.30790548
92.50000000 0.69159593 0.30840407
93.00000000 0.69109433 0.30890567
93.50000000 0.69058994 0.30941006
94.00000000 0.69008299 0.30991701
94.50000000 0.68957376 0.31042624
95.00000000 0.68906255 0.31093745
95.50000000 0.68854969 0.31145031
96.00000000 0.68803539 0.31196461
96.50000000 0.68751962 0.31248038
97.00000000 0.68700207 0.31299793
97.50000000 0.68648220 0.31351780
98.00000000 0.68595938 0.31404062
98.50000000 0.68543304 0.31456696
99.00000000 0.68490280 0.31509720
99.50000000 0.68436861 0.31563139
100.00000000 0.68383075 0.31616925
100.50000000 0.68328974 0.31671026
101.00000000 0.68274633 0.31725367
101.50000000 0.68220136 0.31779864
102.00000000 0.68165570 0.31834430
102.50000000 0.68111026 0.31888974
103.00000000 0.68056591 0.31943409
103.50000000 0.68002356 0.31997644
104.00000000 0.67948414 0.32051586
104.50000000 0.67894857 0.32105143
105.00000000 0.67841777 0.32158223
105.50000000 0.67789259 0.32210741
106.00000000 0.67737377 0.32262623
106.50000000 0.67686204 0.32313796
107.00000000 0.67635815 0.32364185
107.50000000 0.67586296 0.32413704
108.00000000 0.67537740 0.32462260
108.50000000 0.67490239 0.32509761
109.00000000 0.67443862 0.32556138
109.50000000 0.67398633 0.32601367
110.00000000 0.67354521 0.32645479
110.50000000 0.67311440 0.32688560
111.00000000 0.67269267 0.32730733
111.50000000 0.67227868 0.32772132
112.00000000 0.67187112 0.32812888
112.50000000 0.67146882 0.32853118
113.00000000 0.67107065 0.32892935
113.50000000 0.67067540 0.32932460
114.00000000 0.67028166 0.32971834
114.50000000 0.66988785 0.33011215
115.00000000 0.66949235 0.33050765
115.50000000 0.66909375 0.33090625
116.00000000 0.66869107 0.33130893
116.50000000 0.66828390 0.33171610
117.00000000 0.66787238 0.33212762
117.50000000 0.66745705 0.33254295
118.00000000 0.66703870 0.33296130
118.50000000 0.66661818 0.33338182
119.00000000 0.66619631 0.33380369
119.50000000 0.66577387 0.33422613
120.00000000 0.66535162 0.33464838
120.50000000 0.66493028 0.33506972
121.00000000 0.66451056 0.33548944
121.50000000 0.66409306 0.33590694
122.00000000 0.66367821 0.33632179
122.50000000 0.66326623 0.33673377
123.00000000 0.66285706 0.33714294
123.50000000 0.66245040 0.33754960
124.00000000 0.66204575 0.33795425
124.50000000 0.66164253 0.33835747
125.00000000 0.66124016 0.33875984
125.50000000 0.66083824 0.33916176
126.00000000 0.66043654 0.33956346
126.50000000 0.66003502 0.33996498
127.00000000 0.65963361 0.34036639
127.50000000 0.65923207 0.34076793
128.00000000 0.65882984 0.34117016
128.50000000 0.65842599 0.34157401
129.00000000 0.65801935 0.34198065
129.50000000 0.65760864 0.34239136
130.00000000 0.65719276 0.34280724
130.50000000 0.65677092 0.34322908
131.00000000 0.65634280 0.34365720
131.50000000 0.65590835 0.34409165
132.00000000 0.65546766 0.34453234
132.50000000 0.65502074 0.34497926
133.00000000 0.65456731 0.34543269
133.50000000 0.65410682 0.34589318
134.00000000 0.65363851 0.34636149
134.50000000 0.65316160 0.34683840
135.00000000 0.65267546 0.34732454
135.50000000 0.65217979 0.34782021
136.00000000 0.65167465 0.34832535
136.50000000 0.65116051 0.34883949
137.00000000 0.65063815 0.34936185
137.50000000 0.65010860 0.34989140
138.00000000 0.64957300 0.35042700
138.50000000 0.64903248 0.35096752
139.00000000 0.64848816 0.35151184
139.50000000 0.64794110 0.35205890
140.00000000 0.64739244 0.35260756
140.50000000 0.64684335 0.35315665
141.00000000 0.64629499 0.35370501
141.50000000 0.64574838 0.35425162
142.00000000 0.64520426 0.35479574
142.50000000 0.64466293 0.35533707
143.00000000 0.64412430 0.35587570
143.50000000 0.64358798 0.35641202
144.00000000 0.64305350 0.35694650
144.50000000 0.64252046 0.35747954
145.00000000 0.64198865 0.35801135
145.50000000 0.64145792 0.35854208
146.00000000 0.64092814 0.35907186
146.50000000 0.64039899 0.35960101
147.00000000 0.63986999 0.36013001
147.50000000 0.63934056 0.36065944
148.00000000 0.63881010 0.36118990
148.50000000 0.63827815 0.36172185
149.00000000 0.63774452 0.36225548
149.50000000 0.63720926 0.36279074
150.00000000 0.63667274 0.36332726
150.50000000 0.63613556 0.36386444
151.00000000 0.63559860 0.36440140
151.50000000 0.63506308 0.36493692
152.00000000 0.63453064 0.36546936
152.50000000 0.63400349 0.36599651
153.00000000 0.63348450 0.36651550
153.50000000 0.63297717 0.36702283
154.00000000 0.63248549 0.36751451
154.50000000 0.63201358 0.36798642
155.00000000 0.63156533 0.36843467
155.50000000 0.63114406 0.36885594
156.00000000 0.63075223 0.36924777
156.50000000 0.63039147 0.36960853
157.00000000 0.63006268 0.36993732
157.50000000 0.62976619 0.37023381
158.00000000 0.62950198 0.37049802
158.50000000 0.62926982 0.37073018
159.00000000 0.62906921 0.37093079
159.50000000 0.62889924 0.37110076
160.00000000 0.62875833 0.37124167
160.50000000 0.62864412 0.37135588
161.00000000 0.62855344 0.37144656
161.50000000 0.62848264 0.37151736
162.00000000 0.62842797 0.37157203
162.50000000 0.62838602 0.37161398
163.00000000 0.62835403 0.37164597
163.50000000 0.62832992 0.37167008
164.00000000 0.62831215 0.37168785
164.50000000 0.62829935 0.37170065
165.00000000 0.62829000 0.37171000
165.50000000 0.62828226 0.37171774
166.00000000 0.62827402 0.37172598
166.50000000 0.62826308 0.37173692
167.00000000 0.62824743 0.37175257
167.50000000 0.62822547 0.37177453
168.00000000 0.62819615 0.37180385
168.50000000 0.62815892 0.37184108
169.00000000 0.62811356 0.37188644
169.50000000 0.62805999 0.37194001
170.00000000 0.62799811 0.37200189
170.50000000 0.62792770 0.37207230
171.00000000 0.62784851 0.37215149
171.50000000 0.62776044 0.37223956
172.00000000 0.62766369 0.37233631
172.50000000 0.62755894 0.37244106
173.00000000 0.62744732 0.37255268
173.50000000 0.62733030 0.37266970
174.00000000 0.62720944 0.37279056
174.50000000 0.62708607 0.37291393
175.00000000 0.62696101 0.37303899
175.50000000 0.62683444 0.37316556
176.00000000 0.62670586 0.37329414
176.50000000 0.62657431 0.37342569
177.00000000 0.62643855 0.37356145
177.50000000 0.62629736 0.37370264
178.00000000 0.62614961 0.37385039
178.50000000 0.62599433 0.37400567
179.00000000 0.62583057 0.37416943
179.50000000 0.62565735 0.37434265
180.00000000 0.62547353 0.37452647
180.50000000 0.62527796 0.37472204
181.00000000 0.62506959 0.37493041
181.50000000 0.62484764 0.37515236
182.00000000 0.62461175 0.37538825
182.50000000 0.62436199 0.37563801
183.00000000 0.62409885 0.37590115
183.50000000 0.62382306 0.37617694
184.00000000 0.62353550 0.37646450
184.50000000 0.62323699 0.37676301
185.00000000 0.62292822 0.37707178
185.50000000 0.62260979 0.37739021
186.00000000 0.62228217 0.37771783
186.50000000 0.62194572 0.37805428
187.00000000 0.62160075 0.37839925
187.50000000 0.62124759 0.37875241
188.00000000 0.62088653 0.37911347
188.50000000 0.62051790 0.37948210
189.00000000 0.62014197 0.37985803
189.50000000 0.61975893 0.38024107
190.00000000 0.61936882 0.38063118
190.50000000 0.61897160 0.38102840
191.00000000 0.61856712 0.38143288
191.50000000 0.61815533 0.38184467
192.00000000 0.61773631 0.38226369
192.50000000 0.61731044 0.38268956
193.00000000 0.61687848 0.38312152
193.50000000 0.61644149 0.38355851
194.00000000 0.61600080 0.38399920
194.50000000 0.61555791 0.38444209
195.00000000 0.61511439 0.38488561
195.50000000 0.61467180 0.38532820
196.00000000 0.61423156 0.38576844
196.50000000 0.61379493 0.38620507
197.00000000 0.61336303 0.38663697
197.50000000 0.61293684 0.38706316
198.00000000 0.61251725 0.38748275
198.50000000 0.61210502 0.38789498
199.00000000 0.61170071 0.38829929
199.50000000 0.61130459 0.38869541
200.00000000 0.61091650 0.38908350
200.50000000 0.61053582 0.38946418
201.00000000 0.61016166 0.38983834
201.50000000 0.60979300 0.39020700
202.00000000 0.60942898 0.39057102
202.50000000 0.60906908 0.39093092
203.00000000 0.60871306 0.39128694
203.50000000 0.60836089 0.39163911
204.00000000 0.60801240 0.39198760
204.50000000 0.60766712 0.39233288
205.00000000 0.60732419 0.39267581
205.50000000 0.60698247 0.39301753
206.00000000 0.60664073 0.39335927
206.50000000 0.60629801 0.39370199
207.00000000 0.60595382 0.39404618
207.50000000 0.60560823 0.39439177
208.00000000 0.60526182 0.39473818
208.50000000 0.60491542 0.39508458
209.00000000 0.60456989 0.39543011
209.50000000 0.60422586 0.39577414
210.00000000 0.60388370 0.39611630
210.50000000 0.60354355 0.39645645
211.00000000 0.60320556 0.39679444
211.50000000 0.60287004 0.39712996
212.00000000 0.60253755 0.39746245
212.50000000 0.60220880 0.39779120
213.00000000 0.60188444 0.39811556
213.50000000 0.60156490 0.39843510
214.00000000 0.60125023 0.39874977
214.50000000 0.60094024 0.39905976
215.00000000 0.60063467 0.39936533
215.50000000 0.60033352 0.39966648
216.00000000 0.60003730 0.39996270
216.50000000 0.59974711 0.40025289
217.00000000 0.59946453 0.40053547
217.50000000 0.59919143 0.40080857
218.00000000 0.59892967 0.40107033
218.50000000 0.59868096 0.40131904
219.00000000 0.59844674 0.40155326
219.50000000 0.59822825 0.40177175
220.00000000 0.59802654 0.40197346
220.50000000 0.59784266 0.40215734
221.00000000 0.59767761 0.40232239
221.50000000 0.59753233 0.40246767
222.00000000 0.59740760 0.40259240
222.50000000 0.59730395 0.40269605
223.00000000 0.59722156 0.40277844
223.50000000 0.59716018 0.40283982
224.00000000 0.59711913 0.40288087
224.50000000 0.59709730 0.40290270
225.00000000 0.59709309 0.40290691
225.50000000 0.59710450 0.40289550
226.00000000 0.59712920 0.40287080
226.50000000 0.59716460 0.40283540
227.00000000 0.59720805 0.40279195
227.50000000 0.59725695 0.40274305
228.00000000 0.59730886 0.40269114
228.50000000 0.59736148 0.40263852
229.00000000 0.59741258 0.40258742
229.50000000 0.59745981 0.40254019
230.00000000 0.59750063 0.40249937
230.50000000 0.59753225 0.40246775
231.00000000 0.59755177 0.40244823
231.50000000 0.59755642 0.40244358
232.00000000 0.59754392 0.40245608
232.50000000 0.59751261 0.40248739
233.00000000 0.59746159 0.40253841
233.50000000 0.59739053 0.40260947
234.00000000 0.59729948 0.40270052
234.50000000 0.59718867 0.40281133
235.00000000 0.59705834 0.40294166
235.50000000 0.59690894 0.40309106
236.00000000 0.59674124 0.40325876
236.50000000 0.59655662 0.40344338
237.00000000 0.59635711 0.40364289
237.50000000 0.59614546 0.40385454
238.00000000 0.59592493 0.40407507
238.50000000 0.59569912 0.40430088
239.00000000 0.59547174 0.40452826
239.50000000 0.59524640 0.40475360
240.00000000 0.59502637 0.40497363
240.50000000 0.59481447 0.40518553
241.00000000 0.59461290 0.40538710
241.50000000 0.59442323 0.40557677
242.00000000 0.59424647 0.40575353
242.50000000 0.59408319 0.40591681
243.00000000 0.59393372 0.40606628
243.50000000 0.59379821 0.40620179
244.00000000 0.59367654 0.40632346
244.50000000 0.59356825 0.40643175
245.00000000 0.59347238 0.40652762
245.50000000 0.59338751 0.40661249
246.00000000 0.59331201 0.40668799
246.50000000 0.59324430 0.40675570
247.00000000 0.59318330 0.40681670
247.50000000 0.59312857 0.40687143
248.00000000 0.59308039 0.40691961
248.50000000 0.59303948 0.40696052
249.00000000 0.59300669 0.40699331
249.50000000 0.59298255 0.40701745
250.00000000 0.59296703 0.40703297
250.50000000 0.59295938 0.40704062
251.00000000 0.59295826 0.40704174
251.50000000 0.59296194 0.40703806
252.00000000 0.59296849 0.40703151
252.50000000 0.59297602 0.40702398
253.00000000 0.59298262 0.40701738
253.50000000 0.59298630 0.40701370
254.00000000 0.59298477 0.40701523
254.50000000 0.59297540 0.40702460
255.00000000 0.59295527 0.40704473
255.50000000 0.59292151 0.40707849
256.00000000 0.59287168 0.40712832
256.50000000 0.59280419 0.40719581
257.00000000 0.59271851 0.40728149
257.50000000 0.59261522 0.40738478
258.00000000 0.59249581 0.40750419
258.50000000 0.59236233 0.40763767
259.00000000 0.59221715 0.40778285
259.50000000 0.59206267 0.40793733
260.00000000 0.59190133 0.40809867
260.50000000 0.59173565 0.40826435
261.00000000 0.59156841 0.40843159
261.50000000 0.59140269 0.40859731
262.00000000 0.59124186 0.40875814
262.50000000 0.59108940 0.40891060
263.00000000 0.59094857 0.40905143
263.50000000 0.59082213 0.40917787
264.00000000 0.59071195 0.40928805
264.50000000 0.59061887 0.40938113
265.00000000 0.59054272 0.40945728
265.50000000 0.59048243 0.40951757
266.00000000 0.59043633 0.40956367
266.50000000 0.59040249 0.40959751
267.00000000 0.59037892 0.40962108
267.50000000 0.59036373 0.40963627
268.00000000 0.59035520 0.40964480
268.50000000 0.59035165 0.40964835
269.00000000 0.59035138 0.40964862
269.50000000 0.59035261 0.40964739
270.00000000 0.59035352 0.40964648
270.50000000 0.59035226 0.40964774
271.00000000 0.59034713 0.40965287
271.50000000 0.59033661 0.40966339
272.00000000 0.59031949 0.40968051
272.50000000 0.59029488 0.40970512
273.00000000 0.59026222 0.40973778
273.50000000 0.59022128 0.40977872
274.00000000 0.59017211 0.40982789
274.50000000 0.59011502 0.40988498
275.00000000 0.59005041 0.40994959
275.50000000 0.58997867 0.41002133
276.00000000 0.58990003 0.41009997
276.50000000 0.58981445 0.41018555
277.00000000 0.58972156 0.41027844
277.50000000 0.58962077 0.41037923
278.00000000 0.58951136 0.41048864
278.50000000 0.58939266 0.41060734
279.00000000 0.58926421 0.41073579
279.50000000 0.58912580 0.41087420
280.00000000 0.58897741 0.41102259
280.50000000 0.58881907 0.41118093
281.00000000 0.58865075 0.41134925
281.50000000 0.58847218 0.41152782
282.00000000 0.58828289 0.41171711
282.50000000 0.58808230 0.41191770
283.00000000 0.58786983 0.41213017
283.50000000 0.58764513 0.41235487
284.00000000 0.58740812 0.41259188
284.50000000 0.58715897 0.41284103
285.00000000 0.58689802 0.41310198
285.50000000 0.58662566 0.41337434
286.00000000 0.58634226 0.41365774
286.50000000 0.58604816 0.41395184
287.00000000 0.58574381 0.41425619
287.50000000 0.58542992 0.41457008
288.00000000 0.58510759 0.41489241
288.50000000 0.58477834 0.41522166
289.00000000 0.58444392 0.41555608
289.50000000 0.58410614 0.41589386
290.00000000 0.58376665 0.41623335
290.50000000 0.58342690 0.41657310
291.00000000 0.58308814 0.41691186
291.50000000 0.58275168 0.41724832
292.00000000 0.58241899 0.41758101
292.50000000 0.58209192 0.41790808
293.00000000 0.58177260 0.41822740
293.50000000 0.58146323 0.41853677
294.00000000 0.58116583 0.41883417
294.50000000 0.58088197 0.41911803
295.00000000 0.58061264 0.41938736
295.50000000 0.58035830 0.41964170
296.00000000 0.58011913 0.41988087
296.50000000 0.57989521 0.42010479
297.00000000 0.57968673 0.42031327
297.50000000 0.57949389 0.42050611
298.00000000 0.57931683 0.42068317
298.50000000 0.57915539 0.42084461
299.00000000 0.57900896 0.42099104
299.50000000 0.57887649 0.42112351
300.00000000 0.57875664 0.42124336
300.50000000 0.57864810 0.42135190
301.00000000 0.57854982 0.42145018
301.50000000 0.57846118 0.42153882
302.00000000 0.57838192 0.42161808
302.50000000 0.57831189 0.42168811
303.00000000 0.57825082 0.42174918
303.50000000 0.57819809 0.42180191
304.00000000 0.57815265 0.42184735
304.50000000 0.57811320 0.42188680
305.00000000 0.57807837 0.42192163
305.50000000 0.57804706 0.42195294
306.00000000 0.57801857 0.42198143
306.50000000 0.57799266 0.42200734
307.00000000 0.57796946 0.42203054
307.50000000 0.57794922 0.42205078
308.00000000 0.57793209 0.42206791
308.50000000 0.57791800 0.42208200
309.00000000 0.57790662 0.42209338
309.50000000 0.57789733 0.42210267
310.00000000 0.57788936 0.42211064
310.50000000 0.57788184 0.42211816
311.00000000 0.57787386 0.42212614
311.50000000 0.57786445 0.42213555
312.00000000 0.57785248 0.42214752
312.50000000 0.57783665 0.42216335
313.00000000 0.57781531 0.42218469
313.50000000 0.57778646 0.42221354
314.00000000 0.57774771 0.42225229
314.50000000 0.57769640 0.42230360
315.00000000 0.57762982 0.42237018
315.50000000 0.57754548 0.42245452
316.00000000 0.57744139 0.42255861
316.50000000 0.57731626 0.42268374
317.00000000 0.57716950 0.42283050
317.50000000 0.57700106 0.42299894
318.00000000 0.57681123 0.42318877
318.50000000 0.57660041 0.42339959
319.00000000 0.57636911 0.42363089
319.50000000 0.57611800 0.42388200
320.00000000 0.57584807 0.42415193
320.50000000 0.57556086 0.42443914
321.00000000 0.57525852 0.42474148
321.50000000 0.57494381 0.42505619
322.00000000 0.57461991 0.42538009
322.50000000 0.57429020 0.42570980
323.00000000 0.57395795 0.42604205
323.50000000 0.57362612 0.42637388
324.00000000 0.57329719 0.42670281
324.50000000 0.57297313 0.42702687
325.00000000 0.57265545 0.42734455
325.50000000 0.57234525 0.42765475
326.00000000 0.57204335 0.42795665
326.50000000 0.57175028 0.42824972
327.00000000 0.57146641 0.42853359
327.50000000 0.57119195 0.42880805
328.00000000 0.57092704 0.42907296
328.50000000 0.57067172 0.42932828
329.00000000 0.57042597 0.42957403
329.50000000 0.57018963 0.42981037
330.00000000 0.56996234 0.43003766
330.50000000 0.56974349 0.43025651
331.00000000 0.56953222 0.43046778
331.50000000 0.56932754 0.43067246
332.00000000 0.56912852 0.43087148
332.50000000 0.56893439 0.43106561
333.00000000 0.56874469 0.43125531
333.50000000 0.56855923 0.43144077
334.00000000 0.56837784 0.43162216
334.50000000 0.56820026 0.43179974
335.00000000 0.56802592 0.43197408
335.50000000 0.56785400 0.43214600
336.00000000 0.56768366 0.43231634
336.50000000 0.56751435 0.43248565
337.00000000 0.56734610 0.43265390
337.50000000 0.56717950 0.43282050
338.00000000 0.56701558 0.43298442
338.50000000 0.56685535 0.43314465
339.00000000 0.56669941 0.43330059
339.50000000 0.56654761 0.43345239
340.00000000 0.56639909 0.43360091
340.50000000 0.56625244 0.43374756
341.00000000 0.56610615 0.43389385
341.50000000 0.56595899 0.43404101
342.00000000 0.56581021 0.43418979
342.50000000 0.56565957 0.43434043
343.00000000 0.56550712 0.43449288
343.50000000 0.56535292 0.43464708
344.00000000 0.56519685 0.43480315
344.50000000 0.56503859 0.43496141
345.00000000 0.56487780 0.43512220
345.50000000 0.56471443 0.43528557
346.00000000 0.56454900 0.43545100
346.50000000 0.56438273 0.43561727
347.00000000 0.56421741 0.43578259
347.50000000 0.56405513 0.43594487
348.00000000 0.56389780 0.43610220
348.50000000 0.56374689 0.43625311
349.00000000 0.56360314 0.43639686
349.50000000 0.56346661 0.43653339
350.00000000 0.56333686 0.43666314
350.50000000 0.56321317 0.43678683
351.00000000 0.56309486 0.43690514
351.50000000 0.56298155 0.43701845
352.00000000 0.56287313 0.43712687
352.50000000 0.56276979 0.43723021
353.00000000 0.56267173 0.43732827
353.50000000 0.56257906 0.43742094
354.00000000 0.56249166 0.43750834
354.50000000 0.56240921 0.43759079
355.00000000 0.56233143 0.43766857
355.50000000 0.56225817 0.43774183
356.00000000 0.56218961 0.43781039
356.50000000 0.56212624 0.43787376
357.00000000 0.56206873 0.43793127
357.50000000 0.56201773 0.43798227
358.00000000 0.56197361 0.43802639
358.50000000 0.56193646 0.43806354
359.00000000 0.56190612 0.43809388
359.50000000 0.56188247 0.43811753
360.00000000 0.56186557 0.43813443
360.50000000 0.56185592 0.43814408
361.00000000 0.56185437 0.43814563
361.50000000 0.56186206 0.43813794
362.00000000 0.56188015 0.43811985
362.50000000 0.56190968 0.43809032
363.00000000 0.56195151 0.43804849
363.50000000 0.56200632 0.43799368
364.00000000 0.56207467 0.43792533
364.50000000 0.56215702 0.43784298
365.00000000 0.56225365 0.43774635
365.50000000 0.56236447 0.43763553
366.00000000 0.56248891 0.43751109
366.50000000 0.56262583 0.43737417
367.00000000 0.56277355 0.43722645
367.50000000 0.56293007 0.43706993
368.00000000 0.56309319 0.43690681
368.50000000 0.56326070 0.43673930
369.00000000 0.56343031 0.43656969
369.50000000 0.56359969 0.43640031
370.00000000 0.56376631 0.43623369
370.50000000 0.56392752 0.43607248
371.00000000 0.56408069 0.43591931
371.50000000 0.56422335 0.43577665
372.00000000 0.56435336 0.43564664
372.50000000 0.56446889 0.43553111
373.00000000 0.56456826 0.43543174
373.50000000 0.56464981 0.43535019
374.00000000 0.56471171 0.43528829
374.50000000 0.56475204 0.43524796
375.00000000 0.56476894 0.43523106
375.50000000 0.56476088 0.43523912
376.00000000 0.56472684 0.43527316
376.50000000 0.56466637 0.43533363
377.00000000 0.56457948 0.43542052
377.50000000 0.56446636 0.43553364
378.00000000 0.56432717 0.43567283
378.50000000 0.56416180 0.43583820
379.00000000 0.56396994 0.43603006
379.50000000 0.56375125 0.43624875
380.00000000 0.56350560 0.43649440
380.50000000 0.56323335 0.43676665
381.00000000 0.56293546 0.43706454
381.50000000 0.56261351 0.43738649
382.00000000 0.56226956 0.43773044
382.50000000 0.56190600 0.43809400
383.00000000 0.56152538 0.43847462
383.50000000 0.56113030 0.43886970
384.00000000 0.56072346 0.43927654
384.50000000 0.56030763 0.43969237
385.00000000 0.55988571 0.44011429
385.50000000 0.55946062 0.44053938
386.00000000 0.55903523 0.44096477
386.50000000 0.55861209 0.44138791
387.00000000 0.55819330 0.44180670
387.50000000 0.55778042 0.44221958
388.00000000 0.55737443 0.44262557
388.50000000 0.55697582 0.44302418
389.00000000 0.55658475 0.44341525
389.50000000 0.55620116 0.44379884
390.00000000 0.55582490 0.44417510
390.50000000 0.55545577 0.44454423
391.00000000 0.55509355 0.44490645
391.50000000 0.55473796 0.44526204
392.00000000 0.55438866 0.44561134
392.50000000 0.55404528 0.44595472
393.00000000 0.55370743 0.44629257
393.50000000 0.55337478 0.44662522
394.00000000 0.55304717 0.44695283
394.50000000 0.55272467 0.44727533
395.00000000 0.55240763 0.44759237
395.50000000 0.55209670 0.44790330
396.00000000 0.55179286 0.44820714
396.50000000 0.55149727 0.44850273
397.00000000 0.55121119 0.44878881
397.50000000 0.55093580 0.44906420
398.00000000 0.55067204 0.44932796
398.50000000 0.55042057 0.44957943
399.00000000 0.55018168 0.44981832
399.50000000 0.54995540 0.45004460
400.00000000 0.54974152 0.45025848
400.50000000 0.54953978 0.45046022
401.00000000 0.54934986 0.45065014
401.50000000 0.54917137 0.45082863
402.00000000 0.54900385 0.45099615
402.50000000 0.54884662 0.45115338
403.00000000 0.54869878 0.45130122
403.50000000 0.54855930 0.45144070
404.00000000 0.54842714 0.45157286
404.50000000 0.54830154 0.45169846
405.00000000 0.54818217 0.45181783
405.50000000 0.54806927 0.45193073
406.00000000 0.54796356 0.45203644
406.50000000 0.54786610 0.45213390
407.00000000 0.54777808 0.45222192
407.50000000 0.54770055 0.45229945
408.00000000 0.54763429 0.45236571
408.50000000 0.54757965 0.45242035
409.00000000 0.54753656 0.45246344
409.50000000 0.54750452 0.45249548
410.00000000 0.54748271 0.45251729
410.50000000 0.54747010 0.45252990
411.00000000 0.54746561 0.45253439
411.50000000 0.54746820 0.45253180
412.00000000 0.54747692 0.45252308
412.50000000 0.54749082 0.45250918
413.00000000 0.54750890 0.45249110
413.50000000 0.54752991 0.45247009
414.00000000 0.54755233 0.45244767
414.50000000 0.54757429 0.45242571
415.00000000 0.54759361 0.45240639
415.50000000 0.54760790 0.45239210
416.00000000 0.54761468 0.45238532
416.50000000 0.54761152 0.45238848
417.00000000 0.54759612 0.45240388
417.50000000 0.54756644 0.45243356
418.00000000 0.54752076 0.45247924
418.50000000 0.54745778 0.45254222
419.00000000 0.54737667 0.45262333
419.50000000 0.54727720 0.45272280
420.00000000 0.54715977 0.45284023
420.50000000 0.54702552 0.45297448
421.00000000 0.54687621 0.45312379
421.50000000 0.54671412 0.45328588
422.00000000 0.54654183 0.45345817
422.50000000 0.54636192 0.45363808
423.00000000 0.54617684 0.45382316
423.50000000 0.54598877 0.45401123
424.00000000 0.54579960 0.45420040
424.50000000 0.54561104 0.45438896
425.00000000 0.54542464 0.45457536
425.50000000 0.54524185 0.45475815
426.00000000 0.54506399 0.45493601
426.50000000 0.54489228 0.45510772
427.00000000 0.54472794 0.45527206
427.50000000 0.54457218 0.45542782
428.00000000 0.54442630 0.45557370
428.50000000 0.54429157 0.45570843
429.00000000 0.54416912 0.45583088
429.50000000 0.54405978 0.45594022
430.00000000 0.54396399 0.45603601
430.50000000 0.54388181 0.45611819
431.00000000 0.54381301 0.45618699
431.50000000 0.54375722 0.45624278
432.00000000 0.54371405 0.45628595
432.50000000 0.54368311 0.45631689
433.00000000 0.54366398 0.45633602
433.50000000 0.54365610 0.45634390
434.00000000 0.54365882 0.45634118
434.50000000 0.54367135 0.45632865
435.00000000 0.54369287 0.45630713
435.50000000 0.54372261 0.45627739
436.00000000 0.54375990 0.45624010
436.50000000 0.54380411 0.45619589
437.00000000 0.54385454 0.45614546
437.50000000 0.54391027 0.45608973
438.00000000 0.54397004 0.45602996
438.50000000 0.54403227 0.45596773
439.00000000 0.54409509 0.45590491
439.50000000 0.54415655 0.45584345
440.00000000 0.54421476 0.45578524
440.50000000 0.54426802 0.45573198
441.00000000 0.54431480 0.45568520
441.50000000 0.54435376 0.45564624
442.00000000 0.54438362 0.45561638
442.50000000 0.54440306 0.45559694
443.00000000 0.54441065 0.45558935
443.50000000 0.54440477 0.45559523
444.00000000 0.54438376 0.45561624
444.50000000 0.54434596 0.45565404
445.00000000 0.54428995 0.45571005
445.50000000 0.54421467 0.45578533
446.00000000 0.54411955 0.45588045
446.50000000 0.54400456 0.45599544
447.00000000 0.54387011 0.45612989
447.50000000 0.54371687 0.45628313
448.00000000 0.54354558 0.45645442
448.50000000 0.54335686 0.45664314
449.00000000 0.54315118 0.45684882
449.50000000 0.54292893 0.45707107
450.00000000 0.54269056 0.45730944
450.50000000 0.54243677 0.45756323
451.00000000 0.54216861 0.45783139
451.50000000 0.54188744 0.45811256
452.00000000 0.54159491 0.45840509
452.50000000 0.54129274 0.45870726
453.00000000 0.54098272 0.45901728
453.50000000 0.54066673 0.45933327
454.00000000 0.54034683 0.45965317
454.50000000 0.54002541 0.45997459
455.00000000 0.53970520 0.46029480
455.50000000 0.53938922 0.46061078
456.00000000 0.53908050 0.46091950
456.50000000 0.53878183 0.46121817
457.00000000 0.53849547 0.46150453
457.50000000 0.53822295 0.46177705
458.00000000 0.53796503 0.46203497
458.50000000 0.53772179 0.46227821
459.00000000 0.53749284 0.46250716
459.50000000 0.53727752 0.46272248
460.00000000 0.53707504 0.46292496
460.50000000 0.53688462 0.46311538
461.00000000 0.53670544 0.46329456
461.50000000 0.53653657 0.46346343
462.00000000 0.53637698 0.46362302
462.50000000 0.53622548 0.46377452
463.00000000 0.53608078 0.46391922
463.50000000 0.53594159 0.46405841
464.00000000 0.53580674 0.46419326
464.50000000 0.53567535 0.46432465
465.00000000 0.53554686 0.46445314
465.50000000 0.53542105 0.46457895
466.00000000 0.53529793 0.46470207
466.50000000 0.53517754 0.46482246
467.00000000 0.53505984 0.46494016
467.50000000 0.53494459 0.46505541
468.00000000 0.53483138 0.46516862
468.50000000 0.53471983 0.46528017
469.00000000 0.53460973 0.46539027
469.50000000 0.53450132 0.46549868
470.00000000 0.53439534 0.46560466
470.50000000 0.53429308 0.46570692
471.00000000 0.53419611 0.46580389
471.50000000 0.53410611 0.46589389
472.00000000 0.53402462 0.46597538
472.50000000 0.53395281 0.46604719
473.00000000 0.53389140 0.46610860
473.50000000 0.53384064 0.46615936
474.00000000 0.53380030 0.46619970
474.50000000 0.53376969 0.46623031
475.00000000 0.53374780 0.46625220
475.50000000 0.53373333 0.46626667
476.00000000 0.53372493 0.46627507
476.50000000 0.53372130 0.46627870
477.00000000 0.53372130 0.46627870
477.50000000 0.53372395 0.46627605
478.00000000 0.53372834 0.46627166
478.50000000 0.53373348 0.46626652
479.00000000 0.53373816 0.46626184
479.50000000 0.53374093 0.46625907
480.00000000 0.53374023 0.46625977
480.50000000 0.53373448 0.46626552
481.00000000 0.53372232 0.46627768
481.50000000 0.53370265 0.46629735
482.00000000 0.53367466 0.46632534
482.50000000 0.53363771 0.46636229
483.00000000 0.53359126 0.46640874
483.50000000 0.53353478 0.46646522
484.00000000 0.53346789 0.46653211
484.50000000 0.53339043 0.46660957
485.00000000 0.53330270 0.46669730
485.50000000 0.53320554 0.46679446
486.00000000 0.53310037 0.46689963
486.50000000 0.53298906 0.46701094
487.00000000 0.53287369 0.46712631
487.50000000 0.53275629 0.46724371
488.00000000 0.53263861 0.46736139
488.50000000 0.53252196 0.46747804
489.00000000 0.53240730 0.46759270
489.50000000 0.53229531 0.46770469
490.00000000 0.53218661 0.46781339
490.50000000 0.53208190 0.46791810
491.00000000 0.53198204 0.46801796
491.50000000 0.53188805 0.46811195
492.00000000 0.53180102 0.46819898
492.50000000 0.53172202 0.46827798
493.00000000 0.53165206 0.46834794
493.50000000 0.53159212 0.46840788
494.00000000 0.53154323 0.46845677
494.50000000 0.53150650 0.46849350
495.00000000 0.53148323 0.46851677
495.50000000 0.53147482 0.46852518
496.00000000 0.53148263 0.46851737
496.50000000 0.53150777 0.46849223
497.00000000 0.53155087 0.46844913
497.50000000 0.53161183 0.46838817
498.00000000 0.53168967 0.46831033
498.50000000 0.53178253 0.46821747
499.00000000 0.53188772 0.46811228
499.50000000 0.53200187 0.46799813
500.00000000 0.53212112 0.46787888
500.50000000 0.53224136 0.46775864
501.00000000 0.53235832 0.46764168
501.50000000 0.53246780 0.46753220
502.00000000 0.53256568 0.46743432
502.50000000 0.53264809 0.46735191
503.00000000 0.53271145 0.46728855
503.50000000 0.53275257 0.46724743
504.00000000 0.53276883 0.46723117
504.50000000 0.53275824 0.46724176
505.00000000 0.53271958 0.46728042
505.50000000 0.53265243 0.46734757
506.00000000 0.53255711 0.46744289
506.50000000 0.53243460 0.46756540
507.00000000 0.53228649 0.46771351
507.50000000 0.53211481 0.46788519
508.00000000 0.53192211 0.46807789
508.50000000 0.53171137 0.46828863
509.00000000 0.53148612 0.46851388
509.50000000 0.53125034 0.46874966
510.00000000 0.53100847 0.46899153
510.50000000 0.53076523 0.46923477
511.00000000 0.53052554 0.46947446
511.50000000 0.53029427 0.46970573
512.00000000 0.53007608 0.46992392
512.50000000 0.52987530 0.47012470
513.00000000 0.52969567 0.47030433
513.50000000 0.52954023 0.47045977
514.00000000 0.52941110 0.47058890
514.50000000 0.52930930 0.47069070
515.00000000 0.52923469 0.47076531
515.50000000 0.52918597 0.47081403
516.00000000 0.52916072 0.47083928
516.50000000 0.52915560 0.47084440
517.00000000 0.52916653 0.47083347
517.50000000 0.52918891 0.47081109
518.00000000 0.52921784 0.47078216
518.50000000 0.52924836 0.47075164
519.00000000 0.52927566 0.47072434
519.50000000 0.52929527 0.47070473
520.00000000 0.52930327 0.47069673
520.50000000 0.52929640 0.47070360
521.00000000 0.52927206 0.47072794
521.50000000 0.52922835 0.47077165
522.00000000 0.52916394 0.47083606
522.50000000 0.52907801 0.47092199
523.00000000 0.52897014 0.47102986
523.50000000 0.52884025 0.47115975
524.00000000 0.52868859 0.47131141
524.50000000 0.52851579 0.47148421
525.00000000 0.52832287 0.47167713
525.50000000 0.52811114 0.47188886
526.00000000 0.52788211 0.47211789
526.50000000 0.52763739 0.47236261
527.00000000 0.52737851 0.47262149
527.50000000 0.52710691 0.47289309
528.00000000 0.52682392 0.47317608
528.50000000 0.52653075 0.47346925
529.00000000 0.52622843 0.47377157
529.50000000 0.52591778 0.47408222
530.00000000 0.52559930 0.47440070
530.50000000 0.52527310 0.47472690
531.00000000 0.52493902 0.47506098
531.50000000 0.52459675 0.47540325
532.00000000 0.52424605 0.47575395
532.50000000 0.52388690 0.47611310
533.00000000 0.52351960 0.47648040
533.50000000 0.52314464 0.47685536
534.00000000 0.52276253 0.47723747
534.50000000 0.52237370 0.47762630
535.00000000 0.52197839 0.47802161
535.50000000 0.52157677 0.47842323
536.00000000 0.52116914 0.47883086
536.50000000 0.52075620 0.47924380
537.00000000 0.52033923 0.47966077
537.50000000 0.51992017 0.48007983
538.00000000 0.51950145 0.48049855
538.50000000 0.51908579 0.48091421
539.00000000 0.51867577 0.48132423
539.50000000 0.51827359 0.48172641
540.00000000 0.51788087 0.48211913
540.50000000 0.51749862 0.48250138
541.00000000 0.51712733 0.48287267
541.50000000 0.51676713 0.48323287
542.00000000 0.51641783 0.48358217
542.50000000 0.51607895 0.48392105
543.00000000 0.51574966 0.48425034
543.50000000 0.51542876 0.48457124
544.00000000 0.51511465 0.48488535
544.50000000 0.51480544 0.48519456
545.00000000 0.51449917 0.48550083
545.50000000 0.51419403 0.48580597
546.00000000 0.51388853 0.48611147
546.50000000 0.51358162 0.48641838
547.00000000 0.51327268 0.48672732
547.50000000 0.51296133 0.48703867
548.00000000 0.51264744 0.48735256
548.50000000 0.51233097 0.48766903
549.00000000 0.51201206 0.48798794
549.50000000 0.51169114 0.48830886
550.00000000 0.51136907 0.48863093
550.50000000 0.51104721 0.48895279
551.00000000 0.51072744 0.48927256
551.50000000 0.51041201 0.48958799
552.00000000 0.51010332 0.48989668
552.50000000 0.50980359 0.49019641
553.00000000 0.50951460 0.49048540
553.50000000 0.50923756 0.49076244
554.00000000 0.50897300 0.49102700
554.50000000 0.50872093 0.49127907
555.00000000 0.50848101 0.49151899
555.50000000 0.50825279 0.49174721
556.00000000 0.50803595 0.49196405
556.50000000 0.50783041 0.49216959
557.00000000 0.50763631 0.49236369
557.50000000 0.50745385 0.49254615
558.00000000 0.50728308 0.49271692
558.50000000 0.50712369 0.49287631
559.00000000 0.50697489 0.49302511
559.50000000 0.50683548 0.49316452
560.00000000 0.50670406 0.49329594
560.50000000 0.50657918 0.49342082
561.00000000 0.50645962 0.49354038
561.50000000 0.50634441 0.49365559
562.00000000 0.50623279 0.49376721
562.50000000 0.50612407 0.49387593
563.00000000 0.50601745 0.49398255
563.50000000 0.50591193 0.49408807
564.00000000 0.50580632 0.49419368
564.50000000 0.50569936 0.49430064
565.00000000 0.50558981 0.49441019
565.50000000 0.50547661 0.49452339
566.00000000 0.50535892 0.49464108
566.50000000 0.50523609 0.49476391
567.00000000 0.50510757 0.49489243
567.50000000 0.50497288 0.49502712
568.00000000 0.50483151 0.49516849
568.50000000 0.50468302 0.49531698
569.00000000 0.50452705 0.49547295
569.50000000 0.50436346 0.49563654
570.00000000 0.50419233 0.49580767
570.50000000 0.50401401 0.49598599
571.00000000 0.50382910 0.49617090
571.50000000 0.50363844 0.49636156
572.00000000 0.50344308 0.49655692
572.50000000 0.50324429 0.49675571
573.00000000 0.50304348 0.49695652
573.50000000 0.50284213 0.49715787
574.00000000 0.50264182 0.49735818
574.50000000 0.50244408 0.49755592
575.00000000 0.50225045 0.49774955
575.50000000 0.50206247 0.49793753
576.00000000 0.50188165 0.49811835
576.50000000 0.50170948 0.49829052
577.00000000 0.50154740 0.49845260
577.50000000 0.50139672 0.49860328
578.00000000 0.50125857 0.49874143
578.50000000 0.50113376 0.49886624
579.00000000 0.50102280 0.49897720
579.50000000 0.50092587 0.49907413
580.00000000 0.50084290 0.49915710
580.50000000 0.50077370 0.49922630
581.00000000 0.50071804 0.49928196
581.50000000 0.50067571 0.49932429
582.00000000 0.50064644 0.49935356
582.50000000 0.50062977 0.49937023
583.00000000 0.50062486 0.49937514
583.50000000 0.50063043 0.49936957
584.00000000 0.50064466 0.49935534
584.50000000 0.50066532 0.49933468
585.00000000 0.50068993 0.49931007
585.50000000 0.50071588 0.49928412
586.00000000 0.50074061 0.49925939
586.50000000 0.50076170 0.49923830
587.00000000 0.50077692 0.49922308
587.50000000 0.50078426 0.49921574
588.00000000 0.50078198 0.49921802
588.50000000 0.50076864 0.49923136
589.00000000 0.50074333 0.49925667
589.50000000 0.50070573 0.49929427
590.00000000 0.50065629 0.49934371
590.50000000 0.50059622 0.49940378
591.00000000 0.50052748 0.49947252
591.50000000 0.50045260 0.49954740
592.00000000 0.50037448 0.49962552
592.50000000 0.50029618 0.49970382
593.00000000 0.50022085 0.49977915
593.50000000 0.50015149 0.49984851
594.00000000 0.50009094 0.49990906
594.50000000 0.50004167 0.49995833
595.00000000 0.50000564 0.49999436
595.50000000 0.49998412 0.50001588
596.00000000 0.49997766 0.50002234
596.50000000 0.49998604 0.50001396
597.00000000 0.50000842 0.49999158
597.50000000 0.50004354 0.49995646
598.00000000 0.50008991 0.49991009
598.50000000 0.50014606 0.49985394
599.00000000 0.50021063 0.49978937
599.50000000 0.50028240 0.49971760
600.00000000 0.50036036 0.49963964
600.50000000 0.50044358 0.49955642
601.00000000 0.50053118 0.49946882
601.50000000 0.50062218 0.49937782
602.00000000 0.50071552 0.49928448
602.50000000 0.50081001 0.49918999
603.00000000 0.50090444 0.49909556
603.50000000 0.50099761 0.49900239
604.00000000 0.50108837 0.49891163
604.50000000 0.50117567 0.49882433
605.00000000 0.50125849 0.49874151
605.50000000 0.50133580 0.49866420
606.00000000 0.50140653 0.49859347
606.50000000 0.50146953 0.49853047
607.00000000 0.50152365 0.49847635
607.50000000 0.50156772 0.49843228
608.00000000 0.50160069 0.49839931
608.50000000 0.50162157 0.49837843
609.00000000 0.50162945 0.49837055
609.50000000 0.50162352 0.49837648
610.00000000 0.50160317 0.49839683
610.50000000 0.50156813 0.49843187
611.00000000 0.50151859 0.49848141
611.50000000 0.50145531 0.49854469
612.00000000 0.50137958 0.49862042
612.50000000 0.50129309 0.49870691
613.00000000 0.50119774 0.49880226
613.50000000 0.50109546 0.49890454
614.00000000 0.50098807 0.49901193
614.50000000 0.50087727 0.49912273
615.00000000 0.50076459 0.49923541
615.50000000 0.50065141 0.49934859
616.00000000 0.50053893 0.49946107
616.50000000 0.50042815 0.49957185
617.00000000 0.50031986 0.49968014
617.50000000 0.50021467 0.49978533
618.00000000 0.50011307 0.49988693
618.50000000 0.50001548 0.49998452
619.00000000 0.49992229 0.50007771
619.50000000 0.49983383 0.50016617
620.00000000 0.49975028 0.50024972
620.50000000 0.49967161 0.50032839
621.00000000 0.49959755 0.50040245
621.50000000 0.49952764 0.50047236
622.00000000 0.49946139 0.50053861
622.50000000 0.49939837 0.50060163
623.00000000 0.49933830 0.50066170
623.50000000 0.49928105 0.50071895
624.00000000 0.49922654 0.50077346
624.50000000 0.49917468 0.50082532
625.00000000 0.49912517 0.50087483
625.50000000 0.49907750 0.50092250
626.00000000 0.49903095 0.50096905
626.50000000 0.49898471 0.50101529
627.00000000 0.49893802 0.50106198
627.50000000 0.49889025 0.50110975
628.00000000 0.49884100 0.50115900
628.50000000 0.49879001 0.50120999
629.00000000 0.49873705 0.50126295
629.50000000 0.49868174 0.50131826
630.00000000 0.49862342 0.50137658
630.50000000 0.49856110 0.50143890
631.00000000 0.49849363 0.50150637
631.50000000 0.49841987 0.50158013
632.00000000 0.49833896 0.50166104
632.50000000 0.49825047 0.50174953
633.00000000 0.49815442 0.50184558
633.50000000 0.49805104 0.50194896
634.00000000 0.49794057 0.50205943
634.50000000 0.49782295 0.50217705
635.00000000 0.49769774 0.50230226
635.50000000 0.49756415 0.50243585
636.00000000 0.49742128 0.50257872
636.50000000 0.49726830 0.50273170
637.00000000 0.49710467 0.50289533
637.50000000 0.49693011 0.50306989
638.00000000 0.49674445 0.50325555
638.50000000 0.49654748 0.50345252
639.00000000 0.49633878 0.50366122
639.50000000 0.49611770 0.50388230
640.00000000 0.49588353 0.50411647
640.50000000 0.49563579 0.50436421
641.00000000 0.49537447 0.50462553
641.50000000 0.49510029 0.50489971
642.00000000 0.49481473 0.50518527
642.50000000 0.49452000 0.50548000
643.00000000 0.49421877 0.50578123
643.50000000 0.49391396 0.50608604
644.00000000 0.49360854 0.50639146
644.50000000 0.49330538 0.50669462
645.00000000 0.49300730 0.50699270
645.50000000 0.49271708 0.50728292
646.00000000 0.49243765 0.50756235
646.50000000 0.49217213 0.50782787
647.00000000 0.49192380 0.50807620
647.50000000 0.49169593 0.50830407
648.00000000 0.49149149 0.50850851
648.50000000 0.49131278 0.50868722
649.00000000 0.49116123 0.50883877
649.50000000 0.49103726 0.50896274
650.00000000 0.49094040 0.50905960
650.50000000 0.49086952 0.50913048
651.00000000 0.49082305 0.50917695
651.50000000 0.49079917 0.50920083
652.00000000 0.49079578 0.50920422
652.50000000 0.49081036 0.50918964
653.00000000 0.49083983 0.50916017
653.50000000 0.49088053 0.50911947
654.00000000 0.49092839 0.50907161
654.50000000 0.49097919 0.50902081
655.00000000 0.49102901 0.50897099
655.50000000 0.49107449 0.50892551
656.00000000 0.49111308 0.50888692
656.50000000 0.49114308 0.50885692
657.00000000 0.49116358 0.50883642
657.50000000 0.49117433 0.50882567
658.00000000 0.49117567 0.50882433
658.50000000 0.49116845 0.50883155
659.00000000 0.49115395 0.50884605
659.50000000 0.49113386 0.50886614
660.00000000 0.49111021 0.50888979
660.50000000 0.49108522 0.50891478
661.00000000 0.49106131 0.50893869
661.50000000 0.49104095 0.50895905
662.00000000 0.49102667 0.50897333
662.50000000 0.49102102 0.50897898
663.00000000 0.49102652 0.50897348
663.50000000 0.49104550 0.50895450
664.00000000 0.49107999 0.50892001
664.50000000 0.49113149 0.50886851
665.00000000 0.49120089 0.50879911
665.50000000 0.49128841 0.50871159
666.00000000 0.49139373 0.50860627
666.50000000 0.49151618 0.50848382
667.00000000 0.49165488 0.50834512
667.50000000 0.49180894 0.50819106
668.00000000 0.49197738 0.50802262
668.50000000 0.49215918 0.50784082
669.00000000 0.49235313 0.50764687
669.50000000 0.49255783 0.50744217
670.00000000 0.49277175 0.50722825
670.50000000 0.49299332 0.50700668
671.00000000 0.49322099 0.50677901
671.50000000 0.49345334 0.50654666
672.00000000 0.49368899 0.50631101
672.50000000 0.49392666 0.50607334
673.00000000 0.49416502 0.50583498
673.50000000 0.49440274 0.50559726
674.00000000 0.49463854 0.50536146
674.50000000 0.49487122 0.50512878
675.00000000 0.49509983 0.50490017
675.50000000 0.49532376 0.50467624
676.00000000 0.49554281 0.50445719
676.50000000 0.49575720 0.50424280
677.00000000 0.49596758 0.50403242
677.50000000 0.49617489 0.50382511
678.00000000 0.49638020 0.50361980
678.50000000 0.49658454 0.50341546
679.00000000 0.49678868 0.50321132
679.50000000 0.49699303 0.50300697
680.00000000 0.49719754 0.50280246
680.50000000 0.49740179 0.50259821
681.00000000 0.49760507 0.50239493
681.50000000 0.49780662 0.50219338
682.00000000 0.49800567 0.50199433
682.50000000 0.49820157 0.50179843
683.00000000 0.49839370 0.50160630
683.50000000 0.49858140 0.50141860
684.00000000 0.49876378 0.50123622
684.50000000 0.49893969 0.50106031
685.00000000 0.49910772 0.50089228
685.50000000 0.49926632 0.50073368
686.00000000 0.49941395 0.50058605
686.50000000 0.49954925 0.50045075
687.00000000 0.49967113 0.50032887
687.50000000 0.49977871 0.50022129
688.00000000 0.49987128 0.50012872
688.50000000 0.49994821 0.50005179
689.00000000 0.50000899 0.49999101
689.50000000 0.50005334 0.49994666
690.00000000 0.50008137 0.49991863
690.50000000 0.50009375 0.49990625
691.00000000 0.50009171 0.49990829
691.50000000 0.50007700 0.49992300
692.00000000 0.50005162 0.49994838
692.50000000 0.50001757 0.49998243
693.00000000 0.49997667 0.50002333
693.50000000 0.49993040 0.50006960
694.00000000 0.49987988 0.50012012
694.50000000 0.49982589 0.50017411
695.00000000 0.49976896 0.50023104
695.50000000 0.49970933 0.50029067
696.00000000 0.49964705 0.50035295
696.50000000 0.49958187 0.50041813
697.00000000 0.49951326 0.50048674
697.50000000 0.49944039 0.50055961
698.00000000 0.49936214 0.50063786
698.50000000 0.49927713 0.50072287
699.00000000 0.49918371 0.50081629
699.50000000 0.49908000 0.50092000
700.00000000 0.49896394 0.50103606
700.50000000 0.49883337 0.50116663
701.00000000 0.49868629 0.50131371
701.50000000 0.49852107 0.50147893
702.00000000 0.49833673 0.50166327
702.50000000 0.49813299 0.50186701
703.00000000 0.49791027 0.50208973
703.50000000 0.49766944 0.50233056
704.00000000 0.49741151 0.50258849
704.50000000 0.49713737 0.50286263
705.00000000 0.49684766 0.50315234
705.50000000 0.49654278 0.50345722
706.00000000 0.49622303 0.50377697
706.50000000 0.49588873 0.50411127
707.00000000 0.49554045 0.50445955
707.50000000 0.49517906 0.50482094
708.00000000 0.49480572 0.50519428
708.50000000 0.49442186 0.50557814
709.00000000 0.49402913 0.50597087
709.50000000 0.49362932 0.50637068
710.00000000 0.49322443 0.50677557
710.50000000 0.49281664 0.50718336
711.00000000 0.49240829 0.50759171
711.50000000 0.49200174 0.50799826
712.00000000 0.49159929 0.50840071
712.50000000 0.49120295 0.50879705
713.00000000 0.49081440 0.50918560
713.50000000 0.49043490 0.50956510
714.00000000 0.49006545 0.50993455
714.50000000 0.48970684 0.51029316
715.00000000 0.48935986 0.51064014
715.50000000 0.48902537 0.51097463
716.00000000 0.48870435 0.51129565
716.50000000 0.48839779 0.51160221
717.00000000 0.48810662 0.51189338
717.50000000 0.48783154 0.51216846
718.00000000 0.48757301 0.51242699
718.50000000 0.48733118 0.51266882
719.00000000 0.48710594 0.51289406
719.50000000 0.48689697 0.51310303
720.00000000 0.48670378 0.51329622
720.50000000 0.48652576 0.51347424
721.00000000 0.48636224 0.51363776
721.50000000 0.48621253 0.51378747
722.00000000 0.48607607 0.51392393
722.50000000 0.48595246 0.51404754
723.00000000 0.48584150 0.51415850
723.50000000 0.48574315 0.51425685
724.00000000 0.48565754 0.51434246
724.50000000 0.48558481 0.51441519
725.00000000 0.48552514 0.51447486
725.50000000 0.48547870 0.51452130
726.00000000 0.48544573 0.51455427
726.50000000 0.48542666 0.51457334
727.00000000 0.48542210 0.51457790
727.50000000 0.48543289 0.51456711
728.00000000 0.48545994 0.51454006
728.50000000 0.48550403 0.51449597
729.00000000 0.48556563 0.51443437
729.50000000 0.48564472 0.51435528
730.00000000 0.48574086 0.51425914
730.50000000 0.48585331 0.51414669
731.00000000 0.48598128 0.51401872
731.50000000 0.48612414 0.51387586
732.00000000 0.48628149 0.51371851
732.50000000 0.48645307 0.51354693
733.00000000 0.48663855 0.51336145
733.50000000 0.48683726 0.51316274
734.00000000 0.48704802 0.51295198
734.50000000 0.48726902 0.51273098
735.00000000 0.48749783 0.51250217
735.50000000 0.48773144 0.51226856
736.00000000 0.48796634 0.51203366
736.50000000 0.48819857 0.51180143
737.00000000 0.48842379 0.51157621
737.50000000 0.48863737 0.51136263
738.00000000 0.48883457 0.51116543
738.50000000 0.48901077 0.51098923
739.00000000 0.48916181 0.51083819
739.50000000 0.48928425 0.51071575
740.00000000 0.48937561 0.51062439
740.50000000 0.48943437 0.51056563
741.00000000 0.48945998 0.51054002
741.50000000 0.48945271 0.51054729
742.00000000 0.48941359 0.51058641
742.50000000 0.48934431 0.51065569
743.00000000 0.48924713 0.51075287
743.50000000 0.48912478 0.51087522
744.00000000 0.48898027 0.51101973
744.50000000 0.48881676 0.51118324
745.00000000 0.48863739 0.51136261
745.50000000 0.48844516 0.51155484
746.00000000 0.48824294 0.51175706
746.50000000 0.48803347 0.51196653
747.00000000 0.48781940 0.51218060
747.50000000 0.48760328 0.51239672
748.00000000 0.48738745 0.51261255
748.50000000 0.48717399 0.51282601
749.00000000 0.48696465 0.51303535
749.50000000 0.48676083 0.51323917
750.00000000 0.48656364 0.51343636
750.50000000 0.48637398 0.51362602
751.00000000 0.48619250 0.51380750
751.50000000 0.48601957 0.51398043
752.00000000 0.48585510 0.51414490
752.50000000 0.48569848 0.51430152
753.00000000 0.48554854 0.51445146
753.50000000 0.48540363 0.51459637
754.00000000 0.48526186 0.51473814
754.50000000 0.48512141 0.51487859
755.00000000 0.48498073 0.51501927
755.50000000 0.48483872 0.51516128
756.00000000 0.48469476 0.51530524
756.50000000 0.48454864 0.51545136
757.00000000 0.48440051 0.51559949
757.50000000 0.48425075 0.51574925
758.00000000 0.48409998 0.51590002
758.50000000 0.48394901 0.51605099
759.00000000 0.48379886 0.51620114
759.50000000 0.48365066 0.51634934
760.00000000 0.48350562 0.51649438
760.50000000 0.48336487 0.51663513
761.00000000 0.48322931 0.51677069
761.50000000 0.48309954 0.51690046
762.00000000 0.48297575 0.51702425
762.50000000 0.48285770 0.51714230
763.00000000 0.48274476 0.51725524
763.50000000 0.48263604 0.51736396
764.00000000 0.48253045 0.51746955
764.50000000 0.48242691 0.51757309
765.00000000 0.48232438 0.51767562
765.50000000 0.48222197 0.51777803
766.00000000 0.48211890 0.51788110
766.50000000 0.48201446 0.51798554
767.00000000 0.48190796 0.51809204
767.50000000 0.48179868 0.51820132
768.00000000 0.48168588 0.51831412
768.50000000 0.48156891 0.51843109
769.00000000 0.48144726 0.51855274
769.50000000 0.48132070 0.51867930
770.00000000 0.48118940 0.51881060
770.50000000 0.48105398 0.51894602
771.00000000 0.48091558 0.51908442
771.50000000 0.48077582 0.51922418
772.00000000 0.48063672 0.51936328
772.50000000 0.48050052 0.51949948
773.00000000 0.48036945 0.51963055
773.50000000 0.48024546 0.51975454
774.00000000 0.48013004 0.51986996
774.50000000 0.48002408 0.51997592
775.00000000 0.47992787 0.52007213
775.50000000 0.47984117 0.52015883
776.00000000 0.47976343 0.52023657
776.50000000 0.47969388 0.52030612
777.00000000 0.47963167 0.52036833
777.50000000 0.47957590 0.52042410
778.00000000 0.47952564 0.52047436
778.50000000 0.47947988 0.52052012
779.00000000 0.47943754 0.52056246
779.50000000 0.47939747 0.52060253
780.00000000 0.47935851 0.52064149
780.50000000 0.47931956 0.52068044
781.00000000 0.47927965 0.52072035
781.50000000 0.47923792 0.52076208
782.00000000 0.47919362 0.52080638
782.50000000 0.47914610 0.52085390
783.00000000 0.47909475 0.52090525
783.50000000 0.47903912 0.52096088
784.00000000 0.47897899 0.52102101
784.50000000 0.47891457 0.52108543
785.00000000 0.47884664 0.52115336
785.50000000 0.47877665 0.52122335
786.00000000 0.47870668 0.52129332
786.50000000 0.47863938 0.52136062
787.00000000 0.47857768 0.52142232
787.50000000 0.47852454 0.52147546
788.00000000 0.47848278 0.52151722
788.50000000 0.47845490 0.52154510
789.00000000 0.47844306 0.52155694
789.50000000 0.47844912 0.52155088
790.00000000 0.47847461 0.52152539
790.50000000 0.47852064 0.52147936
791.00000000 0.47858780 0.52141220
791.50000000 0.47867602 0.52132398
792.00000000 0.47878456 0.52121544
792.50000000 0.47891200 0.52108800
793.00000000 0.47905642 0.52094358
793.50000000 0.47921561 0.52078439
794.00000000 0.47938725 0.52061275
794.50000000 0.47956910 0.52043090
795.00000000 0.47975904 0.52024096
795.50000000 0.47995510 0.52004490
796.00000000 0.48015541 0.51984459
796.50000000 0.48035818 0.51964182
797.00000000 0.48056170 0.51943830
797.50000000 0.48076438 0.51923562
798.00000000 0.48096482 0.51903518
798.50000000 0.48116182 0.51883818
799.00000000 0.48135449 0.51864551
799.50000000 0.48154223 0.51845777
800.00000000 0.48172480 0.51827520
800.50000000 0.48190226 0.51809774
801.00000000 0.48207499 0.51792501
801.50000000 0.48224357 0.51775643
802.00000000 0.48240865 0.51759135
802.50000000 0.48257090 0.51742910
803.00000000 0.48273091 0.51726909
803.50000000 0.48288918 0.51711082
804.00000000 0.48304619 0.51695381
804.50000000 0.48320244 0.51679756
805.00000000 0.48335843 0.51664157
805.50000000 0.48351467 0.51648533
806.00000000 0.48367159 0.51632841
806.50000000 0.48382948 0.51617052
807.00000000 0.48398845 0.51601155
807.50000000 0.48414842 0.51585158
808.00000000 0.48430917 0.51569083
808.50000000 0.48447035 0.51552965
809.00000000 0.48463152 0.51536848
809.50000000 0.48479213 0.51520787
810.00000000 0.48495154 0.51504846
810.50000000 0.48510898 0.51489102
811.00000000 0.48526360 0.51473640
811.50000000 0.48541444 0.51458556
812.00000000 0.48556054 0.51443946
812.50000000 0.48570088 0.51429912
813.00000000 0.48583440 0.51416560
813.50000000 0.48596002 0.51403998
814.00000000 0.48607661 0.51392339
814.50000000 0.48618308 0.51381692
815.00000000 0.48627847 0.51372153
815.50000000 0.48636211 0.51363789
816.00000000 0.48643372 0.51356628
816.50000000 0.48649360 0.51350640
817.00000000 0.48654257 0.51345743
817.50000000 0.48658202 0.51341798
818.00000000 0.48661373 0.51338627
818.50000000 0.48663979 0.51336021
819.00000000 0.48666244 0.51333756
819.50000000 0.48668401 0.51331599
820.00000000 0.48670686 0.51329314
820.50000000 0.48673338 0.51326662
821.00000000 0.48676588 0.51323412
821.50000000 0.48680650 0.51319350
822.00000000 0.48685701 0.51314299
822.50000000 0.48691865 0.51308135
823.00000000 0.48699198 0.51300802
823.50000000 0.48707695 0.51292305
824.00000000 0.48717289 0.51282711
824.50000000 0.48727870 0.51272130
825.00000000 0.48739303 0.51260697
825.50000000 0.48751430 0.51248570
826.00000000 0.48764068 0.51235932
826.50000000 0.48777000 0.51223000
827.00000000 0.48789968 0.51210032
827.50000000 0.48802670 0.51197330
828.00000000 0.48814776 0.51185224
828.50000000 0.48825953 0.51174047
829.00000000 0.48835898 0.51164102
829.50000000 0.48844353 0.51155647
830.00000000 0.48851123 0.51148877
830.50000000 0.48856074 0.51143926
831.00000000 0.48859119 0.51140881
831.50000000 0.48860210 0.51139790
832.00000000 0.48859324 0.51140676
832.50000000 0.48856461 0.51143539
833.00000000 0.48851646 0.51148354
833.50000000 0.48844934 0.51155066
834.00000000 0.48836416 0.51163584
834.50000000 0.48826222 0.51173778
835.00000000 0.48814519 0.51185481
835.50000000 0.48801504 0.51198496
836.00000000 0.48787404 0.51212596
836.50000000 0.48772458 0.51227542
837.00000000 0.48756908 0.51243092
837.50000000 0.48740984 0.51259016
838.00000000 0.48724885 0.51275115
838.50000000 0.48708775 0.51291225
839.00000000 0.48692786 0.51307214
839.50000000 0.48677027 0.51322973
840.00000000 0.48661611 0.51338389
840.50000000 0.48646669 0.51353331
841.00000000 0.48632364 0.51367636
841.50000000 0.48618886 0.51381114
842.00000000 0.48606444 0.51393556
842.50000000 0.48595236 0.51404764
843.00000000 0.48585433 0.51414567
843.50000000 0.48577172 0.51422828
844.00000000 0.48570549 0.51429451
844.50000000 0.48565639 0.51434361
845.00000000 0.48562506 0.51437494
845.50000000 0.48561209 0.51438791
846.00000000 0.48561804 0.51438196
846.50000000 0.48564322 0.51435678
847.00000000 0.48568754 0.51431246
847.50000000 0.48575032 0.51424968
848.00000000 0.48583018 0.51416982
848.50000000 0.48592518 0.51407482
849.00000000 0.48603304 0.51396696
849.50000000 0.48615137 0.51384863
850.00000000 0.48627801 0.51372199
850.50000000 0.48641110 0.51358890
851.00000000 0.48654917 0.51345083
851.50000000 0.48669103 0.51330897
852.00000000 0.48683567 0.51316433
852.50000000 0.48698213 0.51301787
853.00000000 0.48712945 0.51287055
853.50000000 0.48727677 0.51272323
854.00000000 0.48742335 0.51257665
854.50000000 0.48756868 0.51243132
855.00000000 0.48771248 0.51228752
855.50000000 0.48785465 0.51214535
856.00000000 0.48799510 0.51200490
856.50000000 0.48813359 0.51186641
857.00000000 0.48826954 0.51173046
857.50000000 0.48840193 0.51159807
858.00000000 0.48852934 0.51147066
858.50000000 0.48865008 0.51134992
859.00000000 0.48876229 0.51123771
859.50000000 0.48886409 0.51113591
860.00000000 0.48895366 0.51104634
860.50000000 0.48902916 0.51097084
861.00000000 0.48908860 0.51091140
861.50000000 0.48912980 0.51087020
862.00000000 0.48915038 0.51084962
862.50000000 0.48914791 0.51085209
863.00000000 0.48912015 0.51087985
863.50000000 0.48906542 0.51093458
864.00000000 0.48898280 0.51101720
864.50000000 0.48887222 0.51112778
865.00000000 0.48873452 0.51126548
865.50000000 0.48857120 0.51142880
866.00000000 0.48838432 0.51161568
866.50000000 0.48817629 0.51182371
867.00000000 0.48794978 0.51205022
867.50000000 0.48770770 0.51229230
868.00000000 0.48745321 0.51254679
868.50000000 0.48718970 0.51281030
869.00000000 0.48692072 0.51307928
869.50000000 0.48664978 0.51335022
870.00000000 0.48638016 0.51361984
870.50000000 0.48611470 0.51388530
871.00000000 0.48585567 0.51414433
871.50000000 0.48560469 0.51439531
872.00000000 0.48536287 0.51463713
872.50000000 0.48513093 0.51486907
873.00000000 0.48490935 0.51509065
873.50000000 0.48469852 0.51530148
874.00000000 0.48449882 0.51550118
874.50000000 0.48431059 0.51568941
875.00000000 0.48413409 0.51586591
875.50000000 0.48396945 0.51603055
876.00000000 0.48381661 0.51618339
876.50000000 0.48367534 0.51632466
877.00000000 0.48354521 0.51645479
877.50000000 0.48342563 0.51657437
878.00000000 0.48331594 0.51668406
878.50000000 0.48321545 0.51678455
879.00000000 0.48312346 0.51687654
879.50000000 0.48303929 0.51696071
880.00000000 0.48296222 0.51703778
880.50000000 0.48289142 0.51710858
881.00000000 0.48282591 0.51717409
881.50000000 0.48276449 0.51723551
882.00000000 0.48270578 0.51729422
882.50000000 0.48264824 0.51735176
883.00000000 0.48259029 0.51740971
883.50000000 0.48253035 0.51746965
884.00000000 0.48246704 0.51753296
884.50000000 0.48239923 0.51760077
885.00000000 0.48232610 0.51767390
885.50000000 0.48224708 0.51775292
886.00000000 0.48216189 0.51783811
886.50000000 0.48207049 0.51792951
887.00000000 0.48197312 0.51802688
887.50000000 0.48187032 0.51812968
888.00000000 0.48176309 0.51823691
888.50000000 0.48165284 0.51834716
889.00000000 0.48154141 0.51845859
889.50000000 0.48143093 0.51856907
890.00000000 0.48132364 0.51867636
890.50000000 0.48122172 0.51877828
891.00000000 0.48112715 0.51887285
891.50000000 0.48104168 0.51895832
892.00000000 0.48096685 0.51903315
892.50000000 0.48090398 0.51909602
893.00000000 0.48085425 0.51914575
893.50000000 0.48081853 0.51918147
894.00000000 0.48079737 0.51920263
894.50000000 0.48079087 0.51920913
895.00000000 0.48079861 0.51920139
895.50000000 0.48081963 0.51918037
896.00000000 0.48085257 0.51914743
896.50000000 0.48089569 0.51910431
897.00000000 0.48094705 0.51905295
897.50000000 0.48100462 0.51899538
898.00000000 0.48106637 0.51893363
898.50000000 0.48113040 0.51886960
899.00000000 0.48119499 0.51880501
899.50000000 0.48125864 0.51874136
900.00000000 0.48132006 0.51867994
900.50000000 0.48137818 0.51862182
901.00000000 0.48143199 0.51856801
901.50000000 0.48148050 0.51851950
902.00000000 0.48152270 0.51847730
902.50000000 0.48155750 0.51844250
903.00000000 0.48158393 0.51841607
903.50000000 0.48160122 0.51839878
904.00000000 0.48160898 0.51839102
904.50000000 0.48160733 0.51839267
905.00000000 0.48159685 0.51840315
905.50000000 0.48157848 0.51842152
906.00000000 0.48155335 0.51844665
906.50000000 0.48152261 0.51847739
907.00000000 0.48148725 0.51851275
907.50000000 0.48144808 0.51855192
908.00000000 0.48140574 0.51859426
908.50000000 0.48136076 0.51863924
909.00000000 0.48131364 0.51868636
909.50000000 0.48126494 0.51873506
910.00000000 0.48121531 0.51878469
910.50000000 0.48116550 0.51883450
911.00000000 0.48111634 0.51888366
911.50000000 0.48106867 0.51893133
912.00000000 0.48102326 0.51897674
912.50000000 0.48098074 0.51901926
913.00000000 0.48094151 0.51905849
913.50000000 0.48090574 0.51909426
914.00000000 0.48087342 0.51912658
914.50000000 0.48084447 0.51915553
915.00000000 0.48081879 0.51918121
915.50000000 0.48079629 0.51920371
916.00000000 0.48077686 0.51922314
916.50000000 0.48076018 0.51923982
917.00000000 0.48074557 0.51925443
917.50000000 0.48073196 0.51926804
918.00000000 0.48071782 0.51928218
918.50000000 0.48070145 0.51929855
919.00000000 0.48068124 0.51931876
919.50000000 0.48065598 0.51934402
920.00000000 0.48062517 0.51937483
920.50000000 0.48058897 0.51941103
921.00000000 0.48054815 0.51945185
921.50000000 0.48050380 0.51949620
922.00000000 0.48045701 0.51954299
922.50000000 0.48040873 0.51959127
923.00000000 0.48035968 0.51964032
923.50000000 0.48031037 0.51968963
924.00000000 0.48026132 0.51973868
924.50000000 0.48021310 0.51978690
925.00000000 0.48016647 0.51983353
925.50000000 0.48012228 0.51987772
926.00000000 0.48008147 0.51991853
926.50000000 0.48004492 0.51995508
927.00000000 0.48001346 0.51998654
927.50000000 0.47998780 0.52001220
928.00000000 0.47996863 0.52003137
928.50000000 0.47995655 0.52004345
929.00000000 0.47995210 0.52004790
929.50000000 0.47995562 0.52004438
930.00000000 0.47996719 0.52003281
930.50000000 0.47998648 0.52001352
931.00000000 0.48001277 0.51998723
931.50000000 0.48004494 0.51995506
932.00000000 0.48008158 0.51991842
932.50000000 0.48012107 0.51987893
933.00000000 0.48016182 0.51983818
933.50000000 0.48020233 0.51979767
934.00000000 0.48024138 0.51975862
934.50000000 0.48027811 0.51972189
935.00000000 0.48031209 0.51968791
935.50000000 0.48034334 0.51965666
936.00000000 0.48037222 0.51962778
936.50000000 0.48039933 0.51960067
937.00000000 0.48042537 0.51957463
937.50000000 0.48045108 0.51954892
938.00000000 0.48047715 0.51952285
938.50000000 0.48050426 0.51949574
939.00000000 0.48053308 0.51946692
939.50000000 0.48056432 0.51943568
940.00000000 0.48059862 0.51940138
940.50000000 0.48063650 0.51936350
941.00000000 0.48067826 0.51932174
941.50000000 0.48072392 0.51927608
942.00000000 0.48077338 0.51922662
942.50000000 0.48082648 0.51917352
943.00000000 0.48088322 0.51911678
943.50000000 0.48094386 0.51905614
944.00000000 0.48100886 0.51899114
944.50000000 0.48107884 0.51892116
945.00000000 0.48115435 0.51884565
945.50000000 0.48123573 0.51876427
946.00000000 0.48132297 0.51867703
946.50000000 0.48141579 0.51858421
947.00000000 0.48151371 0.51848629
947.50000000 0.48161620 0.51838380
948.00000000 0.48172284 0.51827716
948.50000000 0.48183339 0.51816661
949.00000000 0.48194781 0.51805219
949.50000000 0.48206614 0.51793386
950.00000000 0.48218846 0.51781154
950.50000000 0.48231475 0.51768525
951.00000000 0.48244484 0.51755516
951.50000000 0.48257836 0.51742164
952.00000000 0.48271472 0.51728528
952.50000000 0.48285318 0.51714682
953.00000000 0.48299285 0.51700715
953.50000000 0.48313286 0.51686714
954.00000000 0.48327238 0.51672762
954.50000000 0.48341075 0.51658925
955.00000000 0.48354745 0.51645255
955.50000000 0.48368204 0.51631796
956.00000000 0.48381404 0.51618596
956.50000000 0.48394279 0.51605721
957.00000000 0.48406736 0.51593264
957.50000000 0.48418646 0.51581354
958.00000000 0.48429858 0.51570142
958.50000000 0.48440200 0.51559800
959.00000000 0.48449495 0.51550505
959.50000000 0.48457568 0.51542432
960.00000000 0.48464244 0.51535756
960.50000000 0.48469342 0.51530658
961.00000000 0.48472678 0.51527322
961.50000000 0.48474054 0.51525946
962.00000000 0.48473273 0.51526727
962.50000000 0.48470146 0.51529854
963.00000000 0.48464510 0.51535490
963.50000000 0.48456244 0.51543756
964.00000000 0.48445274 0.51554726
964.50000000 0.48431573 0.51568427
965.00000000 0.48415161 0.51584839
965.50000000 0.48396088 0.51603912
966.00000000 0.48374435 0.51625565
966.50000000 0.48350303 0.51649697
967.00000000 0.48323823 0.51676177
967.50000000 0.48295161 0.51704839
968.00000000 0.48264524 0.51735476
968.50000000 0.48232172 0.51767828
969.00000000 0.48198417 0.51801583
969.50000000 0.48163615 0.51836385
970.00000000 0.48128158 0.51871842
970.50000000 0.48092446 0.51907554
971.00000000 0.48056875 0.51943125
971.50000000 0.48021816 0.51978184
972.00000000 0.47987600 0.52012400
972.50000000 0.47954517 0.52045483
973.00000000 0.47922810 0.52077190
973.50000000 0.47892686 0.52107314
974.00000000 0.47864308 0.52135692
974.50000000 0.47837810 0.52162190
975.00000000 0.47813288 0.52186712
975.50000000 0.47790808 0.52209192
976.00000000 0.47770409 0.52229591
976.50000000 0.47752107 0.52247893
977.00000000 0.47735902 0.52264098
977.50000000 0.47721787 0.52278213
978.00000000 0.47709746 0.52290254
978.50000000 0.47699759 0.52300241
979.00000000 0.47691795 0.52308205
979.50000000 0.47685806 0.52314194
980.00000000 0.47681725 0.52318275
980.50000000 0.47679460 0.52320540
981.00000000 0.47678896 0.52321104
981.50000000 0.47679900 0.52320100
982.00000000 0.47682329 0.52317671
982.50000000 0.47686031 0.52313969
983.00000000 0.47690856 0.52309144
983.50000000 0.47696647 0.52303353
984.00000000 0.47703247 0.52296753
984.50000000 0.47710497 0.52289503
985.00000000 0.47718242 0.52281758
985.50000000 0.47726332 0.52273668
986.00000000 0.47734624 0.52265376
986.50000000 0.47742986 0.52257014
987.00000000 0.47751298 0.52248702
987.50000000 0.47759447 0.52240553
988.00000000 0.47767329 0.52232671
988.50000000 0.47774852 0.52225148
989.00000000 0.47781935 0.52218065
989.50000000 0.47788509 0.52211491
990.00000000 0.47794510 0.52205490
990.50000000 0.47799878 0.52200122
991.00000000 0.47804550 0.52195450
991.50000000 0.47808453 0.52191547
992.00000000 0.47811502 0.52188498
992.50000000 0.47813608 0.52186392
993.00000000 0.47814683 0.52185317
993.50000000 0.47814646 0.52185354
994.00000000 0.47813424 0.52186576
994.50000000 0.47810961 0.52189039
995.00000000 0.47807203 0.52192797
995.50000000 0.47802101 0.52197899
996.00000000 0.47795600 0.52204400
996.50000000 0.47787640 0.52212360
997.00000000 0.47778152 0.52221848
997.50000000 0.47767057 0.52232943
998.00000000 0.47754275 0.52245725
998.50000000 0.47739721 0.52260279
999.00000000 0.47723313 0.52276687
999.50000000 0.47704978 0.52295022
