0.00000000 1.00000000 0.00000000
1.00000000 0.99964523 0.00035477
2.00000000 0.99858158 0.00141842
3.00000000 0.99681098 0.00318902
4.00000000 0.99433669 0.00566331
5.00000000 0.99116323 0.00883677
6.00000000 0.98729642 0.01270358
7.00000000 0.98274332 0.01725668
8.00000000 0.97751228 0.02248772
9.00000000 0.97161287 0.02838713
10.00000000 0.96505589 0.03494411
11.00000000 0.95785332 0.04214668
12.00000000 0.95001836 0.04998164
13.00000000 0.94156532 0.05843468
14.00000000 0.93250967 0.06749033
15.00000000 0.92286796 0.07713204
16.00000000 0.91265782 0.08734218
17.00000000 0.90189789 0.09810211
18.00000000 0.89060784 0.10939216
19.00000000 0.87880828 0.12119172
20.00000000 0.86652074 0.13347926
21.00000000 0.85376766 0.14623234
22.00000000 0.84057229 0.15942771
23.00000000 0.82695870 0.17304130
24.00000000 0.81295170 0.18704830
25.00000000 0.79857680 0.20142320
26.00000000 0.78386018 0.21613982
27.00000000 0.76882863 0.23117137
28.00000000 0.75350948 0.24649052
29.00000000 0.73793060 0.26206940
30.00000000 0.72212028 0.27787972
31.00000000 0.70610724 0.29389276
32.00000000 0.68992054 0.31007946
33.00000000 0.67358952 0.32641048
34.00000000 0.65714380 0.34285620
35.00000000 0.64061314 0.35938686
36.00000000 0.62402747 0.37597253
37.00000000 0.60741676 0.39258324
38.00000000 0.59081103 0.40918897
39.00000000 0.57424025 0.42575975
40.00000000 0.55773429 0.44226571
41.00000000 0.54132288 0.45867712
42.00000000 0.52503556 0.47496444
43.00000000 0.50890161 0.49109839
44.00000000 0.49294998 0.50705002
45.00000000 0.47720927 0.52279073
46.00000000 0.46170768 0.53829232
47.00000000 0.44647292 0.55352708
48.00000000 0.43153218 0.56846782
49.00000000 0.41691210 0.58308790
50.00000000 0.40263870 0.59736130
51.00000000 0.38873732 0.61126268
52.00000000 0.37523260 0.62476740
53.00000000 0.36214843 0.63785157
54.00000000 0.34950790 0.65049210
55.00000000 0.33733325 0.66266675
56.00000000 0.32564585 0.67435415
57.00000000 0.31446616 0.68553384
58.00000000 0.30381365 0.69618635
59.00000000 0.29370684 0.70629316
60.00000000 0.28416320 0.71583680
61.00000000 0.27519917 0.72480083
62.00000000 0.26683009 0.73316991
63.00000000 0.25907019 0.74092981
64.00000000 0.25193258 0.74806742
65.00000000 0.24542919 0.75457081
66.00000000 0.23957079 0.76042921
67.00000000 0.23436696 0.76563304
68.00000000 0.22982605 0.77017395
69.00000000 0.22595519 0.77404481
70.00000000 0.22276028 0.77723972
71.00000000 0.22024596 0.77975404
72.00000000 0.21841565 0.78158435
73.00000000 0.21727147 0.78272853
74.00000000 0.21681430 0.78318570
75.00000000 0.21704378 0.78295622
76.00000000 0.21795827 0.78204173
77.00000000 0.21955487 0.78044513
78.00000000 0.22182947 0.77817053
79.00000000 0.22477671 0.77522329
80.00000000 0.22838999 0.77161001
81.00000000 0.23266153 0.76733847
82.00000000 0.23758234 0.76241766
83.00000000 0.24314227 0.75685773
84.00000000 0.24933001 0.75066999
85.00000000 0.25613312 0.74386688
86.00000000 0.26353807 0.73646193
87.00000000 0.27153023 0.72846977
88.00000000 0.28009394 0.71990606
89.00000000 0.28921252 0.71078748
90.00000000 0.29886829 0.70113171
91.00000000 0.30904265 0.69095735
92.00000000 0.31971606 0.68028394
93.00000000 0.33086812 0.66913188
94.00000000 0.34247758 0.65752242
95.00000000 0.35452241 0.64547759
96.00000000 0.36697982 0.63302018
97.00000000 0.37982631 0.62017369
98.00000000 0.39303771 0.60696229
99.00000000 0.40658924 0.59341076
100.00000000 0.42045556 0.57954444
101.00000000 0.43461078 0.56538922
102.00000000 0.44902856 0.55097144
103.00000000 0.46368212 0.53631788
104.00000000 0.47854433 0.52145567
105.00000000 0.49358770 0.50641230
106.00000000 0.50878451 0.49121549
107.00000000 0.52410680 0.47589320
108.00000000 0.53952643 0.46047357
109.00000000 0.55501518 0.44498482
110.00000000 0.57054475 0.42945525
111.00000000 0.58608682 0.41391318
112.00000000 0.60161314 0.39838686
113.00000000 0.61709554 0.38290446
114.00000000 0.63250600 0.36749400
115.00000000 0.64781670 0.35218330
116.00000000 0.66300007 0.33699993
117.00000000 0.67802885 0.32197115
118.00000000 0.69287612 0.30712388
119.00000000 0.70751537 0.29248463
120.00000000 0.72192052 0.27807948
121.00000000 0.73606602 0.26393398
122.00000000 0.74992682 0.25007318
123.00000000 0.76347849 0.23652151
124.00000000 0.77669721 0.22330279
125.00000000 0.78955985 0.21044015
126.00000000 0.80204398 0.19795602
127.00000000 0.81412793 0.18587207
128.00000000 0.82579082 0.17420918
129.00000000 0.83701259 0.16298741
130.00000000 0.84777407 0.15222593
131.00000000 0.85805696 0.14194304
132.00000000 0.86784389 0.13215611
133.00000000 0.87711846 0.12288154
134.00000000 0.88586525 0.11413475
135.00000000 0.89406985 0.10593015
136.00000000 0.90171889 0.09828111
137.00000000 0.90880003 0.09119997
138.00000000 0.91530205 0.08469795
139.00000000 0.92121478 0.07878522
140.00000000 0.92652919 0.07347081
141.00000000 0.93123736 0.06876264
142.00000000 0.93533250 0.06466750
143.00000000 0.93880897 0.06119103
144.00000000 0.94166228 0.05833772
145.00000000 0.94388909 0.05611091
146.00000000 0.94548722 0.05451278
147.00000000 0.94645563 0.05354437
148.00000000 0.94679447 0.05320553
149.00000000 0.94650502 0.05349498
150.00000000 0.94558970 0.05441030
151.00000000 0.94405208 0.05594792
152.00000000 0.94189685 0.05810315
153.00000000 0.93912982 0.06087018
154.00000000 0.93575789 0.06424211
155.00000000 0.93178906 0.06821094
156.00000000 0.92723237 0.07276763
157.00000000 0.92209795 0.07790205
158.00000000 0.91639690 0.08360310
159.00000000 0.91014135 0.08985865
160.00000000 0.90334440 0.09665560
161.00000000 0.89602008 0.10397992
162.00000000 0.88818337 0.11181663
163.00000000 0.87985010 0.12014990
164.00000000 0.87103696 0.12896304
165.00000000 0.86176149 0.13823851
166.00000000 0.85204198 0.14795802
167.00000000 0.84189749 0.15810251
168.00000000 0.83134776 0.16865224
169.00000000 0.82041325 0.17958675
170.00000000 0.80911501 0.19088499
171.00000000 0.79747469 0.20252531
172.00000000 0.78551451 0.21448549
173.00000000 0.77325717 0.22674283
174.00000000 0.76072583 0.23927417
175.00000000 0.74794411 0.25205589
176.00000000 0.73493594 0.26506406
177.00000000 0.72172564 0.27827436
178.00000000 0.70833775 0.29166225
179.00000000 0.69479711 0.30520289
180.00000000 0.68112869 0.31887131
181.00000000 0.66735765 0.33264235
182.00000000 0.65350921 0.34649079
183.00000000 0.63960866 0.36039134
184.00000000 0.62568129 0.37431871
185.00000000 0.61175234 0.38824766
186.00000000 0.59784695 0.40215305
187.00000000 0.58399015 0.41600985
188.00000000 0.57020677 0.42979323
189.00000000 0.55652143 0.44347857
190.00000000 0.54295844 0.45704156
191.00000000 0.52954185 0.47045815
192.00000000 0.51629531 0.48370469
193.00000000 0.50324209 0.49675791
194.00000000 0.49040502 0.50959498
195.00000000 0.47780644 0.52219356
196.00000000 0.46546817 0.53453183
197.00000000 0.45341149 0.54658851
198.00000000 0.44165706 0.55834294
199.00000000 0.43022493 0.56977507
200.00000000 0.41913448 0.58086552
201.00000000 0.40840437 0.59159563
202.00000000 0.39805256 0.60194744
203.00000000 0.38809624 0.61190376
204.00000000 0.37855182 0.62144818
205.00000000 0.36943486 0.63056514
206.00000000 0.36076012 0.63923988
207.00000000 0.35254149 0.64745851
208.00000000 0.34479194 0.65520806
209.00000000 0.33752358 0.66247642
210.00000000 0.33074755 0.66925245
211.00000000 0.32447407 0.67552593
212.00000000 0.31871242 0.68128758
213.00000000 0.31347086 0.68652914
214.00000000 0.30875672 0.69124328
215.00000000 0.30457631 0.69542369
216.00000000 0.30093493 0.69906507
217.00000000 0.29783691 0.70216309
218.00000000 0.29528554 0.70471446
219.00000000 0.29328311 0.70671689
220.00000000 0.29183090 0.70816910
221.00000000 0.29092919 0.70907081
222.00000000 0.29057722 0.70942278
223.00000000 0.29077327 0.70922673
224.00000000 0.29151460 0.70848540
225.00000000 0.29279749 0.70720251
226.00000000 0.29461726 0.70538274
227.00000000 0.29696826 0.70303174
228.00000000 0.29984390 0.70015610
229.00000000 0.30323663 0.69676337
230.00000000 0.30713803 0.69286197
231.00000000 0.31153876 0.68846124
232.00000000 0.31642861 0.68357139
233.00000000 0.32179654 0.67820346
234.00000000 0.32763066 0.67236934
235.00000000 0.33391828 0.66608172
236.00000000 0.34064595 0.65935405
237.00000000 0.34779948 0.65220052
238.00000000 0.35536393 0.64463607
239.00000000 0.36332371 0.63667629
240.00000000 0.37166256 0.62833744
241.00000000 0.38036360 0.61963640
242.00000000 0.38940936 0.61059064
243.00000000 0.39878182 0.60121818
244.00000000 0.40846245 0.59153755
245.00000000 0.41843223 0.58156777
246.00000000 0.42867170 0.57132830
247.00000000 0.43916099 0.56083901
248.00000000 0.44987987 0.55012013
249.00000000 0.46080778 0.53919222
250.00000000 0.47192386 0.52807614
251.00000000 0.48320704 0.51679296
252.00000000 0.49463599 0.50536401
253.00000000 0.50618924 0.49381076
254.00000000 0.51784519 0.48215481
255.00000000 0.52958215 0.47041785
256.00000000 0.54137839 0.45862161
257.00000000 0.55321216 0.44678784
258.00000000 0.56506176 0.43493824
259.00000000 0.57690555 0.42309445
260.00000000 0.58872201 0.41127799
261.00000000 0.60048978 0.39951022
262.00000000 0.61218767 0.38781233
263.00000000 0.62379473 0.37620527
264.00000000 0.63529030 0.36470970
265.00000000 0.64665400 0.35334600
266.00000000 0.65786579 0.34213421
267.00000000 0.66890601 0.33109399
268.00000000 0.67975542 0.32024458
269.00000000 0.69039521 0.30960479
270.00000000 0.70080707 0.29919293
271.00000000 0.71097316 0.28902684
272.00000000 0.72087621 0.27912379
273.00000000 0.73049950 0.26950050
274.00000000 0.73982693 0.26017307
275.00000000 0.74884300 0.25115700
276.00000000 0.75753286 0.24246714
277.00000000 0.76588235 0.23411765
278.00000000 0.77387798 0.22612202
279.00000000 0.78150699 0.21849301
280.00000000 0.78875736 0.21124264
281.00000000 0.79561782 0.20438218
282.00000000 0.80207787 0.19792213
283.00000000 0.80812781 0.19187219
284.00000000 0.81375871 0.18624129
285.00000000 0.81896249 0.18103751
286.00000000 0.82373186 0.17626814
287.00000000 0.82806039 0.17193961
288.00000000 0.83194248 0.16805752
289.00000000 0.83537338 0.16462662
290.00000000 0.83834917 0.16165083
291.00000000 0.84086681 0.15913319
292.00000000 0.84292410 0.15707590
293.00000000 0.84451970 0.15548030
294.00000000 0.84565310 0.15434690
295.00000000 0.84632468 0.15367532
296.00000000 0.84653562 0.15346438
297.00000000 0.84628795 0.15371205
298.00000000 0.84558454 0.15441546
299.00000000 0.84442906 0.15557094
300.00000000 0.84282599 0.15717401
301.00000000 0.84078061 0.15921939
302.00000000 0.83829897 0.16170103
303.00000000 0.83538789 0.16461211
304.00000000 0.83205493 0.16794507
305.00000000 0.82830838 0.17169162
306.00000000 0.82415725 0.17584275
307.00000000 0.81961122 0.18038878
308.00000000 0.81468066 0.18531934
309.00000000 0.80937656 0.19062344
310.00000000 0.80371055 0.19628945
311.00000000 0.79769485 0.20230515
312.00000000 0.79134223 0.20865777
313.00000000 0.78466603 0.21533397
314.00000000 0.77768010 0.22231990
315.00000000 0.77039876 0.22960124
316.00000000 0.76283681 0.23716319
317.00000000 0.75500946 0.24499054
318.00000000 0.74693233 0.25306767
319.00000000 0.73862140 0.26137860
320.00000000 0.73009299 0.26990701
321.00000000 0.72136372 0.27863628
322.00000000 0.71245049 0.28754951
323.00000000 0.70337042 0.29662958
324.00000000 0.69414085 0.30585915
325.00000000 0.68477929 0.31522071
326.00000000 0.67530340 0.32469660
327.00000000 0.66573094 0.33426906
328.00000000 0.65607973 0.34392027
329.00000000 0.64636764 0.35363236
330.00000000 0.63661257 0.36338743
331.00000000 0.62683236 0.37316764
332.00000000 0.61704481 0.38295519
333.00000000 0.60726764 0.39273236
334.00000000 0.59751843 0.40248157
335.00000000 0.58781462 0.41218538
336.00000000 0.57817345 0.42182655
337.00000000 0.56861197 0.43138803
338.00000000 0.55914696 0.44085304
339.00000000 0.54979495 0.45020505
340.00000000 0.54057215 0.45942785
341.00000000 0.53149446 0.46850554
342.00000000 0.52257739 0.47742261
343.00000000 0.51383611 0.48616389
344.00000000 0.50528534 0.49471466
345.00000000 0.49693939 0.50306061
346.00000000 0.48881212 0.51118788
347.00000000 0.48091689 0.51908311
348.00000000 0.47326657 0.52673343
349.00000000 0.46587350 0.53412650
350.00000000 0.45874950 0.54125050
351.00000000 0.45190581 0.54809419
352.00000000 0.44535309 0.55464691
353.00000000 0.43910142 0.56089858
354.00000000 0.43316028 0.56683972
355.00000000 0.42753851 0.57246149
356.00000000 0.42224433 0.57775567
357.00000000 0.41728529 0.58271471
358.00000000 0.41266832 0.58733168
359.00000000 0.40839967 0.59160033
360.00000000 0.40448490 0.59551510
361.00000000 0.40092893 0.59907107
362.00000000 0.39773597 0.60226403
363.00000000 0.39490954 0.60509046
364.00000000 0.39245250 0.60754750
365.00000000 0.39036699 0.60963301
366.00000000 0.38865447 0.61134553
367.00000000 0.38731573 0.61268427
368.00000000 0.38635084 0.61364916
369.00000000 0.38575921 0.61424079
370.00000000 0.38553958 0.61446042
371.00000000 0.38569001 0.61430999
372.00000000 0.38620789 0.61379211
373.00000000 0.38708997 0.61291003
374.00000000 0.38833234 0.61166766
375.00000000 0.38993048 0.61006952
376.00000000 0.39187923 0.60812077
377.00000000 0.39417282 0.60582718
378.00000000 0.39680492 0.60319508
379.00000000 0.39976858 0.60023142
380.00000000 0.40305630 0.59694370
381.00000000 0.40666006 0.59333994
382.00000000 0.41057128 0.58942872
383.00000000 0.41478089 0.58521911
384.00000000 0.41927933 0.58072067
385.00000000 0.42405657 0.57594343
386.00000000 0.42910213 0.57089787
387.00000000 0.43440513 0.56559487
388.00000000 0.43995426 0.56004574
389.00000000 0.44573783 0.55426217
390.00000000 0.45174382 0.54825618
391.00000000 0.45795987 0.54204013
392.00000000 0.46437331 0.53562669
393.00000000 0.47097118 0.52902882
394.00000000 0.47774029 0.52225971
395.00000000 0.48466721 0.51533279
396.00000000 0.49173830 0.50826170
397.00000000 0.49893976 0.50106024
398.00000000 0.50625762 0.49374238
399.00000000 0.51367780 0.48632220
400.00000000 0.52118613 0.47881387
401.00000000 0.52876836 0.47123164
402.00000000 0.53641020 0.46358980
403.00000000 0.54409733 0.45590267
404.00000000 0.55181547 0.44818453
405.00000000 0.55955036 0.44044964
406.00000000 0.56728779 0.43271221
407.00000000 0.57501367 0.42498633
408.00000000 0.58271399 0.41728601
409.00000000 0.59037490 0.40962510
410.00000000 0.59798270 0.40201730
411.00000000 0.60552389 0.39447611
412.00000000 0.61298518 0.38701482
413.00000000 0.62035351 0.37964649
414.00000000 0.62761607 0.37238393
415.00000000 0.63476034 0.36523966
416.00000000 0.64177409 0.35822591
417.00000000 0.64864543 0.35135457
418.00000000 0.65536278 0.34463722
419.00000000 0.66191495 0.33808505
420.00000000 0.66829110 0.33170890
421.00000000 0.67448081 0.32551919
422.00000000 0.68047406 0.31952594
423.00000000 0.68626125 0.31373875
424.00000000 0.69183322 0.30816678
425.00000000 0.69718129 0.30281871
426.00000000 0.70229723 0.29770277
427.00000000 0.70717330 0.29282670
428.00000000 0.71180222 0.28819778
429.00000000 0.71617726 0.28382274
430.00000000 0.72029217 0.27970783
431.00000000 0.72414123 0.27585877
432.00000000 0.72771923 0.27228077
433.00000000 0.73102151 0.26897849
434.00000000 0.73404393 0.26595607
435.00000000 0.73678290 0.26321710
436.00000000 0.73923538 0.26076462
437.00000000 0.74139885 0.25860115
438.00000000 0.74327136 0.25672864
439.00000000 0.74485149 0.25514851
440.00000000 0.74613837 0.25386163
441.00000000 0.74713167 0.25286833
442.00000000 0.74783160 0.25216840
443.00000000 0.74823890 0.25176110
444.00000000 0.74835484 0.25164516
445.00000000 0.74818121 0.25181879
446.00000000 0.74772033 0.25227967
447.00000000 0.74697500 0.25302500
448.00000000 0.74594855 0.25405145
449.00000000 0.74464477 0.25535523
450.00000000 0.74306796 0.25693204
451.00000000 0.74122285 0.25877715
452.00000000 0.73911466 0.26088534
453.00000000 0.73674904 0.26325096
454.00000000 0.73413204 0.26586796
455.00000000 0.73127018 0.26872982
456.00000000 0.72817033 0.27182967
457.00000000 0.72483977 0.27516023
458.00000000 0.72128615 0.27871385
459.00000000 0.71751744 0.28248256
460.00000000 0.71354199 0.28645801
461.00000000 0.70936843 0.29063157
462.00000000 0.70500570 0.29499430
463.00000000 0.70046302 0.29953698
464.00000000 0.69574987 0.30425013
465.00000000 0.69087598 0.30912402
466.00000000 0.68585128 0.31414872
467.00000000 0.68068593 0.31931407
468.00000000 0.67539024 0.32460976
469.00000000 0.66997472 0.33002528
470.00000000 0.66444999 0.33555001
471.00000000 0.65882679 0.34117321
472.00000000 0.65311599 0.34688401
473.00000000 0.64732851 0.35267149
474.00000000 0.64147535 0.35852465
475.00000000 0.63556753 0.36443247
476.00000000 0.62961610 0.37038390
477.00000000 0.62363211 0.37636789
478.00000000 0.61762658 0.38237342
479.00000000 0.61161049 0.38838951
480.00000000 0.60559477 0.39440523
481.00000000 0.59959025 0.40040975
482.00000000 0.59360768 0.40639232
483.00000000 0.58765766 0.41234234
484.00000000 0.58175069 0.41824931
485.00000000 0.57589709 0.42410291
486.00000000 0.57010701 0.42989299
487.00000000 0.56439042 0.43560958
488.00000000 0.55875707 0.44124293
489.00000000 0.55321650 0.44678350
490.00000000 0.54777799 0.45222201
491.00000000 0.54245058 0.45754942
492.00000000 0.53724305 0.46275695
493.00000000 0.53216387 0.46783613
494.00000000 0.52722125 0.47277875
495.00000000 0.52242306 0.47757694
496.00000000 0.51777686 0.48222314
497.00000000 0.51328989 0.48671011
498.00000000 0.50896901 0.49103099
499.00000000 0.50482078 0.49517922
500.00000000 0.50085135 0.49914865
501.00000000 0.49706652 0.50293348
502.00000000 0.49347172 0.50652828
503.00000000 0.49007198 0.50992802
504.00000000 0.48687195 0.51312805
505.00000000 0.48387586 0.51612414
506.00000000 0.48108755 0.51891245
507.00000000 0.47851048 0.52148952
508.00000000 0.47614765 0.52385235
509.00000000 0.47400169 0.52599831
510.00000000 0.47207479 0.52792521
511.00000000 0.47036875 0.52963125
512.00000000 0.46888494 0.53111506
513.00000000 0.46762430 0.53237570
514.00000000 0.46658739 0.53341261
515.00000000 0.46577433 0.53422567
516.00000000 0.46518486 0.53481514
517.00000000 0.46481829 0.53518171
518.00000000 0.46467355 0.53532645
519.00000000 0.46474916 0.53525084
520.00000000 0.46504326 0.53495674
521.00000000 0.46555360 0.53444640
522.00000000 0.46627755 0.53372245
523.00000000 0.46721213 0.53278787
524.00000000 0.46835398 0.53164602
525.00000000 0.46969940 0.53030060
526.00000000 0.47124435 0.52875565
527.00000000 0.47298444 0.52701556
528.00000000 0.47491498 0.52508502
529.00000000 0.47703095 0.52296905
530.00000000 0.47932705 0.52067295
531.00000000 0.48179768 0.51820232
532.00000000 0.48443697 0.51556303
533.00000000 0.48723879 0.51276121
534.00000000 0.49019675 0.50980325
535.00000000 0.49330424 0.50669576
536.00000000 0.49655442 0.50344558
537.00000000 0.49994025 0.50005975
538.00000000 0.50345448 0.49654552
539.00000000 0.50708971 0.49291029
540.00000000 0.51083835 0.48916165
541.00000000 0.51469268 0.48530732
542.00000000 0.51864485 0.48135515
543.00000000 0.52268687 0.47731313
544.00000000 0.52681067 0.47318933
545.00000000 0.53100809 0.46899191
546.00000000 0.53527090 0.46472910
547.00000000 0.53959080 0.46040920
548.00000000 0.54395948 0.45604052
549.00000000 0.54836858 0.45163142
550.00000000 0.55280975 0.44719025
551.00000000 0.55727463 0.44272537
552.00000000 0.56175490 0.43824510
553.00000000 0.56624227 0.43375773
554.00000000 0.57072850 0.42927150
555.00000000 0.57520542 0.42479458
556.00000000 0.57966495 0.42033505
557.00000000 0.58409910 0.41590090
558.00000000 0.58849997 0.41150003
559.00000000 0.59285983 0.40714017
560.00000000 0.59717103 0.40282897
561.00000000 0.60142612 0.39857388
562.00000000 0.60561779 0.39438221
563.00000000 0.60973889 0.39026111
564.00000000 0.61378249 0.38621751
565.00000000 0.61774183 0.38225817
566.00000000 0.62161036 0.37838964
567.00000000 0.62538177 0.37461823
568.00000000 0.62904996 0.37095004
569.00000000 0.63260906 0.36739094
570.00000000 0.63605347 0.36394653
571.00000000 0.63937782 0.36062218
572.00000000 0.64257703 0.35742297
573.00000000 0.64564626 0.35435374
574.00000000 0.64858097 0.35141903
575.00000000 0.65137690 0.34862310
576.00000000 0.65403005 0.34596995
577.00000000 0.65653675 0.34346325
578.00000000 0.65889361 0.34110639
579.00000000 0.66109754 0.33890246
580.00000000 0.66314576 0.33685424
581.00000000 0.66503578 0.33496422
582.00000000 0.66676544 0.33323456
583.00000000 0.66833288 0.33166712
584.00000000 0.66973656 0.33026344
585.00000000 0.67097523 0.32902477
586.00000000 0.67204798 0.32795202
587.00000000 0.67295418 0.32704582
588.00000000 0.67369353 0.32630647
589.00000000 0.67426602 0.32573398
590.00000000 0.67467197 0.32532803
591.00000000 0.67491196 0.32508804
592.00000000 0.67498691 0.32501309
593.00000000 0.67489800 0.32510200
594.00000000 0.67464672 0.32535328
595.00000000 0.67423483 0.32576517
596.00000000 0.67366437 0.32633563
597.00000000 0.67293766 0.32706234
598.00000000 0.67205727 0.32794273
599.00000000 0.67102603 0.32897397
600.00000000 0.66984704 0.33015296
601.00000000 0.66852362 0.33147638
602.00000000 0.66705934 0.33294066
603.00000000 0.66545797 0.33454203
604.00000000 0.66372354 0.33627646
605.00000000 0.66186025 0.33813975
606.00000000 0.65987251 0.34012749
607.00000000 0.65776493 0.34223507
608.00000000 0.65554228 0.34445772
609.00000000 0.65320951 0.34679049
610.00000000 0.65077174 0.34922826
611.00000000 0.64823420 0.35176580
612.00000000 0.64560229 0.35439771
613.00000000 0.64288153 0.35711847
614.00000000 0.64007754 0.35992246
615.00000000 0.63719606 0.36280394
616.00000000 0.63424291 0.36575709
617.00000000 0.63122399 0.36877601
618.00000000 0.62814527 0.37185473
619.00000000 0.62501280 0.37498720
620.00000000 0.62183264 0.37816736
621.00000000 0.61861090 0.38138910
622.00000000 0.61535372 0.38464628
623.00000000 0.61206725 0.38793275
624.00000000 0.60875762 0.39124238
625.00000000 0.60543098 0.39456902
626.00000000 0.60209344 0.39790656
627.00000000 0.59875108 0.40124892
628.00000000 0.59540993 0.40459007
629.00000000 0.59207599 0.40792401
630.00000000 0.58875516 0.41124484
631.00000000 0.58545329 0.41454671
632.00000000 0.58217614 0.41782386
633.00000000 0.57892938 0.42107062
634.00000000 0.57571857 0.42428143
635.00000000 0.57254915 0.42745085
636.00000000 0.56942645 0.43057355
637.00000000 0.56635567 0.43364433
638.00000000 0.56334186 0.43665814
639.00000000 0.56038993 0.43961007
640.00000000 0.55750463 0.44249537
641.00000000 0.55469057 0.44530943
642.00000000 0.55195217 0.44804783
643.00000000 0.54929366 0.45070634
644.00000000 0.54671913 0.45328087
645.00000000 0.54423245 0.45576755
646.00000000 0.54183731 0.45816269
647.00000000 0.53953720 0.46046280
648.00000000 0.53733541 0.46266459
649.00000000 0.53523502 0.46476498
650.00000000 0.53323890 0.46676110
651.00000000 0.53134970 0.46865030
652.00000000 0.52956986 0.47043014
653.00000000 0.52790162 0.47209838
654.00000000 0.52634696 0.47365304
655.00000000 0.52490766 0.47509234
656.00000000 0.52358528 0.47641472
657.00000000 0.52238113 0.47761887
658.00000000 0.52129633 0.47870367
659.00000000 0.52033174 0.47966826
660.00000000 0.51948802 0.48051198
661.00000000 0.51876558 0.48123442
662.00000000 0.51816464 0.48183536
663.00000000 0.51768517 0.48231483
664.00000000 0.51732693 0.48267307
665.00000000 0.51708945 0.48291055
666.00000000 0.51697208 0.48302792
667.00000000 0.51697392 0.48302608
668.00000000 0.51709388 0.48290612
669.00000000 0.51733066 0.48266934
670.00000000 0.51768276 0.48231724
671.00000000 0.51814850 0.48185150
672.00000000 0.51872597 0.48127403
673.00000000 0.51941312 0.48058688
674.00000000 0.52020769 0.47979231
675.00000000 0.52110726 0.47889274
676.00000000 0.52210922 0.47789078
677.00000000 0.52321082 0.47678918
678.00000000 0.52440914 0.47559086
679.00000000 0.52570113 0.47429887
680.00000000 0.52708356 0.47291644
681.00000000 0.52855309 0.47144691
682.00000000 0.53010627 0.46989373
683.00000000 0.53173948 0.46826052
684.00000000 0.53344903 0.46655097
685.00000000 0.53523110 0.46476890
686.00000000 0.53708179 0.46291821
687.00000000 0.53899709 0.46100291
688.00000000 0.54097292 0.45902708
689.00000000 0.54300513 0.45699487
690.00000000 0.54508949 0.45491051
691.00000000 0.54722174 0.45277826
692.00000000 0.54939753 0.45060247
693.00000000 0.55161252 0.44838748
694.00000000 0.55386230 0.44613770
695.00000000 0.55614244 0.44385756
696.00000000 0.55844851 0.44155149
697.00000000 0.56077607 0.43922393
698.00000000 0.56312067 0.43687933
699.00000000 0.56547788 0.43452212
700.00000000 0.56784327 0.43215673
701.00000000 0.57021246 0.42978754
702.00000000 0.57258108 0.42741892
703.00000000 0.57494482 0.42505518
704.00000000 0.57729940 0.42270060
705.00000000 0.57964060 0.42035940
706.00000000 0.58196428 0.41803572
707.00000000 0.58426635 0.41573365
708.00000000 0.58654280 0.41345720
709.00000000 0.58878970 0.41121030
710.00000000 0.59100322 0.40899678
711.00000000 0.59317962 0.40682038
712.00000000 0.59531525 0.40468475
713.00000000 0.59740660 0.40259340
714.00000000 0.59945023 0.40054977
715.00000000 0.60144286 0.39855714
716.00000000 0.60338129 0.39661871
717.00000000 0.60526248 0.39473752
718.00000000 0.60708351 0.39291649
719.00000000 0.60884160 0.39115840
720.00000000 0.61053411 0.38946589
721.00000000 0.61215853 0.38784147
722.00000000 0.61371251 0.38628749
723.00000000 0.61519385 0.38480615
724.00000000 0.61660051 0.38339949
725.00000000 0.61793057 0.38206943
726.00000000 0.61918231 0.38081769
727.00000000 0.62035414 0.37964586
728.00000000 0.62144463 0.37855537
729.00000000 0.62245254 0.37754746
730.00000000 0.62337675 0.37662325
731.00000000 0.62421633 0.37578367
732.00000000 0.62497050 0.37502950
733.00000000 0.62563866 0.37436134
734.00000000 0.62622034 0.37377966
735.00000000 0.62671527 0.37328473
736.00000000 0.62712330 0.37287670
737.00000000 0.62744446 0.37255554
738.00000000 0.62767895 0.37232105
739.00000000 0.62782710 0.37217290
740.00000000 0.62788940 0.37211060
741.00000000 0.62786651 0.37213349
742.00000000 0.62775920 0.37224080
743.00000000 0.62756843 0.37243157
744.00000000 0.62729527 0.37270473
745.00000000 0.62694095 0.37305905
746.00000000 0.62650681 0.37349319
747.00000000 0.62599434 0.37400566
748.00000000 0.62540517 0.37459483
749.00000000 0.62474102 0.37525898
750.00000000 0.62400376 0.37599624
751.00000000 0.62319536 0.37680464
752.00000000 0.62231790 0.37768210
753.00000000 0.62137357 0.37862643
754.00000000 0.62036465 0.37963535
755.00000000 0.61929354 0.38070646
756.00000000 0.61816269 0.38183731
757.00000000 0.61697468 0.38302532
758.00000000 0.61573213 0.38426787
759.00000000 0.61443776 0.38556224
760.00000000 0.61309435 0.38690565
761.00000000 0.61170473 0.38829527
762.00000000 0.61027180 0.38972820
763.00000000 0.60879851 0.39120149
764.00000000 0.60728786 0.39271214
765.00000000 0.60574286 0.39425714
766.00000000 0.60416659 0.39583341
767.00000000 0.60256214 0.39743786
768.00000000 0.60093263 0.39906737
769.00000000 0.59928117 0.40071883
770.00000000 0.59761091 0.40238909
771.00000000 0.59592498 0.40407502
772.00000000 0.59422654 0.40577346
773.00000000 0.59251872 0.40748128
774.00000000 0.59080462 0.40919538
775.00000000 0.58908736 0.41091264
776.00000000 0.58737001 0.41262999
777.00000000 0.58565562 0.41434438
778.00000000 0.58394720 0.41605280
779.00000000 0.58224772 0.41775228
780.00000000 0.58056013 0.41943987
781.00000000 0.57888728 0.42111272
782.00000000 0.57723202 0.42276798
783.00000000 0.57559710 0.42440290
784.00000000 0.57398524 0.42601476
785.00000000 0.57239905 0.42760095
786.00000000 0.57084112 0.42915888
787.00000000 0.56931392 0.43068608
788.00000000 0.56781987 0.43218013
789.00000000 0.56636129 0.43363871
790.00000000 0.56494043 0.43505957
791.00000000 0.56355942 0.43644058
792.00000000 0.56222034 0.43777966
793.00000000 0.56092513 0.43907487
794.00000000 0.55967568 0.44032432
795.00000000 0.55847373 0.44152627
796.00000000 0.55732095 0.44267905
797.00000000 0.55621890 0.44378110
798.00000000 0.55516903 0.44483097
799.00000000 0.55417268 0.44582732
800.00000000 0.55323108 0.44676892
801.00000000 0.55234535 0.44765465
802.00000000 0.55151651 0.44848349
803.00000000 0.55074545 0.44925455
804.00000000 0.55003295 0.44996705
805.00000000 0.54937970 0.45062030
806.00000000 0.54878624 0.45121376
807.00000000 0.54825303 0.45174697
808.00000000 0.54778039 0.45221961
809.00000000 0.54736856 0.45263144
810.00000000 0.54701762 0.45298238
811.00000000 0.54672759 0.45327241
812.00000000 0.54649835 0.45350165
813.00000000 0.54632968 0.45367032
814.00000000 0.54622126 0.45377874
815.00000000 0.54617264 0.45382736
816.00000000 0.54618330 0.45381670
817.00000000 0.54625259 0.45374741
818.00000000 0.54637978 0.45362022
819.00000000 0.54656403 0.45343597
820.00000000 0.54680442 0.45319558
821.00000000 0.54709991 0.45290009
822.00000000 0.54744941 0.45255059
823.00000000 0.54785170 0.45214830
824.00000000 0.54830552 0.45169448
825.00000000 0.54880950 0.45119050
826.00000000 0.54936219 0.45063781
827.00000000 0.54996210 0.45003790
828.00000000 0.55060762 0.44939238
829.00000000 0.55129713 0.44870287
830.00000000 0.55202889 0.44797111
831.00000000 0.55280114 0.44719886
832.00000000 0.55361206 0.44638794
833.00000000 0.55445975 0.44554025
834.00000000 0.55534230 0.44465770
835.00000000 0.55625773 0.44374227
836.00000000 0.55720404 0.44279596
837.00000000 0.55817916 0.44182084
838.00000000 0.55918103 0.44081897
839.00000000 0.56020754 0.43979246
840.00000000 0.56125655 0.43874345
841.00000000 0.56232592 0.43767408
842.00000000 0.56341348 0.43658652
843.00000000 0.56451706 0.43548294
844.00000000 0.56563446 0.43436554
845.00000000 0.56676351 0.43323649
846.00000000 0.56790201 0.43209799
847.00000000 0.56904778 0.43095222
848.00000000 0.57019865 0.42980135
849.00000000 0.57135245 0.42864755
850.00000000 0.57250705 0.42749295
851.00000000 0.57366031 0.42633969
852.00000000 0.57481013 0.42518987
853.00000000 0.57595445 0.42404555
854.00000000 0.57709121 0.42290879
855.00000000 0.57821840 0.42178160
856.00000000 0.57933406 0.42066594
857.00000000 0.58043625 0.41956375
858.00000000 0.58152308 0.41847692
859.00000000 0.58259270 0.41740730
860.00000000 0.58364334 0.41635666
861.00000000 0.58467324 0.41532676
862.00000000 0.58568072 0.41431928
863.00000000 0.58666416 0.41333584
864.00000000 0.58762198 0.41237802
865.00000000 0.58855268 0.41144732
866.00000000 0.58945481 0.41054519
867.00000000 0.59032701 0.40967299
868.00000000 0.59116795 0.40883205
869.00000000 0.59197641 0.40802359
870.00000000 0.59275122 0.40724878
871.00000000 0.59349127 0.40650873
872.00000000 0.59419555 0.40580445
873.00000000 0.59486311 0.40513689
874.00000000 0.59549308 0.40450692
875.00000000 0.59608466 0.40391534
876.00000000 0.59663714 0.40336286
877.00000000 0.59714988 0.40285012
878.00000000 0.59762232 0.40237768
879.00000000 0.59805396 0.40194604
880.00000000 0.59844442 0.40155558
881.00000000 0.59879335 0.40120665
882.00000000 0.59910052 0.40089948
883.00000000 0.59936575 0.40063425
884.00000000 0.59958895 0.40041105
885.00000000 0.59977009 0.40022991
886.00000000 0.59990924 0.40009076
887.00000000 0.60000654 0.39999346
888.00000000 0.60006218 0.39993782
889.00000000 0.60007646 0.39992354
890.00000000 0.60004971 0.39995029
891.00000000 0.59998237 0.40001763
892.00000000 0.59987492 0.40012508
893.00000000 0.59972792 0.40027208
894.00000000 0.59954200 0.40045800
895.00000000 0.59931783 0.40068217
896.00000000 0.59905618 0.40094382
897.00000000 0.59875784 0.40124216
898.00000000 0.59842367 0.40157633
899.00000000 0.59805461 0.40194539
900.00000000 0.59765163 0.40234837
901.00000000 0.59721574 0.40278426
902.00000000 0.59674803 0.40325197
903.00000000 0.59624960 0.40375040
904.00000000 0.59572163 0.40427837
905.00000000 0.59516532 0.40483468
906.00000000 0.59458191 0.40541809
907.00000000 0.59397267 0.40602733
908.00000000 0.59333892 0.40666108
909.00000000 0.59268199 0.40731801
910.00000000 0.59200327 0.40799673
911.00000000 0.59130413 0.40869587
912.00000000 0.59058600 0.40941400
913.00000000 0.58985031 0.41014969
914.00000000 0.58909851 0.41090149
915.00000000 0.58833207 0.41166793
916.00000000 0.58755246 0.41244754
917.00000000 0.58676117 0.41323883
918.00000000 0.58595968 0.41404032
919.00000000 0.58514950 0.41485050
920.00000000 0.58433211 0.41566789
921.00000000 0.58350900 0.41649100
922.00000000 0.58268166 0.41731834
923.00000000 0.58185157 0.41814843
924.00000000 0.58102018 0.41897982
925.00000000 0.58018896 0.41981104
926.00000000 0.57935935 0.42064065
927.00000000 0.57853275 0.42146725
928.00000000 0.57771057 0.42228943
929.00000000 0.57689420 0.42310580
930.00000000 0.57608497 0.42391503
931.00000000 0.57528422 0.42471578
932.00000000 0.57449325 0.42550675
933.00000000 0.57371331 0.42628669
934.00000000 0.57294564 0.42705436
935.00000000 0.57219145 0.42780855
936.00000000 0.57145188 0.42854812
937.00000000 0.57072806 0.42927194
938.00000000 0.57002108 0.42997892
939.00000000 0.56933198 0.43066802
940.00000000 0.56866175 0.43133825
941.00000000 0.56801135 0.43198865
942.00000000 0.56738169 0.43261831
943.00000000 0.56677363 0.43322637
944.00000000 0.56618799 0.43381201
945.00000000 0.56562553 0.43437447
946.00000000 0.56508696 0.43491304
947.00000000 0.56457296 0.43542704
948.00000000 0.56408414 0.43591586
949.00000000 0.56362106 0.43637894
950.00000000 0.56318424 0.43681576
951.00000000 0.56277414 0.43722586
952.00000000 0.56239116 0.43760884
953.00000000 0.56203566 0.43796434
954.00000000 0.56170794 0.43829206
955.00000000 0.56140825 0.43859175
956.00000000 0.56113679 0.43886321
957.00000000 0.56089369 0.43910631
958.00000000 0.56067906 0.43932094
959.00000000 0.56049293 0.43950707
960.00000000 0.56033529 0.43966471
961.00000000 0.56020608 0.43979392
962.00000000 0.56010519 0.43989481
963.00000000 0.56003246 0.43996754
964.00000000 0.55998767 0.44001233
965.00000000 0.55997056 0.44002944
966.00000000 0.55998085 0.44001915
967.00000000 0.56001816 0.43998184
968.00000000 0.56008212 0.43991788
969.00000000 0.56017228 0.43982772
970.00000000 0.56028816 0.43971184
971.00000000 0.56042924 0.43957076
972.00000000 0.56059496 0.43940504
973.00000000 0.56078473 0.43921527
974.00000000 0.56099790 0.43900210
975.00000000 0.56123382 0.43876618
976.00000000 0.56149177 0.43850823
977.00000000 0.56177102 0.43822898
978.00000000 0.56207081 0.43792919
979.00000000 0.56239033 0.43760967
980.00000000 0.56272878 0.43727122
981.00000000 0.56308531 0.43691469
982.00000000 0.56345904 0.43654096
983.00000000 0.56384909 0.43615091
984.00000000 0.56425455 0.43574545
985.00000000 0.56467448 0.43532552
986.00000000 0.56510795 0.43489205
987.00000000 0.56555401 0.43444599
988.00000000 0.56601167 0.43398833
989.00000000 0.56647996 0.43352004
990.00000000 0.56695789 0.43304211
991.00000000 0.56744447 0.43255553
992.00000000 0.56793869 0.43206131
993.00000000 0.56843956 0.43156044
994.00000000 0.56894607 0.43105393
995.00000000 0.56945722 0.43054278
996.00000000 0.56997200 0.43002800
997.00000000 0.57048942 0.42951058
998.00000000 0.57100849 0.42899151
999.00000000 0.57152823 0.42847177
