0.00000000 1.00000000 0.00000000
1.00000000 0.99964523 0.00035477
2.00000000 0.99858174 0.00141826
3.00000000 0.99681205 0.00318795
4.00000000 0.99434037 0.00565963
5.00000000 0.99117255 0.00882745
6.00000000 0.98731610 0.01268390
7.00000000 0.98278011 0.01721989
8.00000000 0.97757528 0.02242472
9.00000000 0.97171379 0.02828621
10.00000000 0.96520935 0.03479065
11.00000000 0.95807709 0.04192291
12.00000000 0.95033352 0.04966648
13.00000000 0.94199648 0.05800352
14.00000000 0.93308508 0.06691492
15.00000000 0.92361963 0.07638037
16.00000000 0.91362157 0.08637843
17.00000000 0.90311341 0.09688659
18.00000000 0.89211869 0.10788131
19.00000000 0.88066184 0.11933816
20.00000000 0.86876818 0.13123182
21.00000000 0.85646381 0.14353619
22.00000000 0.84377556 0.15622444
23.00000000 0.83073088 0.16926912
24.00000000 0.81735783 0.18264217
25.00000000 0.80368494 0.19631506
26.00000000 0.78974118 0.21025882
27.00000000 0.77555587 0.22444413
28.00000000 0.76115861 0.23884139
29.00000000 0.74657922 0.25342078
30.00000000 0.73184763 0.26815237
31.00000000 0.71699385 0.28300615
32.00000000 0.70204789 0.29795211
33.00000000 0.68703967 0.31296033
34.00000000 0.67199895 0.32800105
35.00000000 0.65695529 0.34304471
36.00000000 0.64193795 0.35806205
37.00000000 0.62697586 0.37302414
38.00000000 0.61209751 0.38790249
39.00000000 0.59733094 0.40266906
40.00000000 0.58270363 0.41729637
41.00000000 0.56824247 0.43175753
42.00000000 0.55397372 0.44602628
43.00000000 0.53992290 0.46007710
44.00000000 0.52611482 0.47388518
45.00000000 0.51257346 0.48742654
46.00000000 0.49932198 0.50067802
47.00000000 0.48638262 0.51361738
48.00000000 0.47377674 0.52622326
49.00000000 0.46152471 0.53847529
50.00000000 0.44964591 0.55035409
51.00000000 0.43815870 0.56184130
52.00000000 0.42708040 0.57291960
53.00000000 0.41642723 0.58357277
54.00000000 0.40621432 0.59378568
55.00000000 0.39645568 0.60354432
56.00000000 0.38716419 0.61283581
57.00000000 0.37835156 0.62164844
58.00000000 0.37002834 0.62997166
59.00000000 0.36220392 0.63779608
60.00000000 0.35488646 0.64511354
61.00000000 0.34808298 0.65191702
62.00000000 0.34179926 0.65820074
63.00000000 0.33603990 0.66396010
64.00000000 0.33080831 0.66919169
65.00000000 0.32610670 0.67389330
66.00000000 0.32193609 0.67806391
67.00000000 0.31829632 0.68170368
68.00000000 0.31518607 0.68481393
69.00000000 0.31260286 0.68739714
70.00000000 0.31054308 0.68945692
71.00000000 0.30900199 0.69099801
72.00000000 0.30797376 0.69202624
73.00000000 0.30745151 0.69254849
74.00000000 0.30742728 0.69257272
75.00000000 0.30789213 0.69210787
76.00000000 0.30883612 0.69116388
77.00000000 0.31024837 0.68975163
78.00000000 0.31211708 0.68788292
79.00000000 0.31442960 0.68557040
80.00000000 0.31717243 0.68282757
81.00000000 0.32033129 0.67966871
82.00000000 0.32389116 0.67610884
83.00000000 0.32783631 0.67216369
84.00000000 0.33215036 0.66784964
85.00000000 0.33681633 0.66318367
86.00000000 0.34181668 0.65818332
87.00000000 0.34713335 0.65286665
88.00000000 0.35274781 0.64725219
89.00000000 0.35864116 0.64135884
90.00000000 0.36479408 0.63520592
91.00000000 0.37118698 0.62881302
92.00000000 0.37779998 0.62220002
93.00000000 0.38461299 0.61538701
94.00000000 0.39160577 0.60839423
95.00000000 0.39875795 0.60124205
96.00000000 0.40604908 0.59395092
97.00000000 0.41345872 0.58654128
98.00000000 0.42096645 0.57903355
99.00000000 0.42855191 0.57144809
100.00000000 0.43619490 0.56380510
101.00000000 0.44387536 0.55612464
102.00000000 0.45157348 0.54842652
103.00000000 0.45926970 0.54073030
104.00000000 0.46694477 0.53305523
105.00000000 0.47457979 0.52542021
106.00000000 0.48215626 0.51784374
107.00000000 0.48965614 0.51034386
108.00000000 0.49706183 0.50293817
109.00000000 0.50435626 0.49564374
110.00000000 0.51152292 0.48847708
111.00000000 0.51854586 0.48145414
112.00000000 0.52540977 0.47459023
113.00000000 0.53209998 0.46790002
114.00000000 0.53860246 0.46139754
115.00000000 0.54490393 0.45509607
116.00000000 0.55099179 0.44900821
117.00000000 0.55685420 0.44314580
118.00000000 0.56248006 0.43751994
119.00000000 0.56785905 0.43214095
120.00000000 0.57298166 0.42701834
121.00000000 0.57783914 0.42216086
122.00000000 0.58242356 0.41757644
123.00000000 0.58672780 0.41327220
124.00000000 0.59074556 0.40925444
125.00000000 0.59447135 0.40552865
126.00000000 0.59790050 0.40209950
127.00000000 0.60102914 0.39897086
128.00000000 0.60385422 0.39614578
129.00000000 0.60637349 0.39362651
130.00000000 0.60858548 0.39141452
131.00000000 0.61048952 0.38951048
132.00000000 0.61208569 0.38791431
133.00000000 0.61337483 0.38662517
134.00000000 0.61435852 0.38564148
135.00000000 0.61503906 0.38496094
136.00000000 0.61541945 0.38458055
137.00000000 0.61550336 0.38449664
138.00000000 0.61529512 0.38470488
139.00000000 0.61479969 0.38520031
140.00000000 0.61402265 0.38597735
141.00000000 0.61297014 0.38702986
142.00000000 0.61164886 0.38835114
143.00000000 0.61006604 0.38993396
144.00000000 0.60822940 0.39177060
145.00000000 0.60614712 0.39385288
146.00000000 0.60382783 0.39617217
147.00000000 0.60128054 0.39871946
148.00000000 0.59851465 0.40148535
149.00000000 0.59553990 0.40446010
150.00000000 0.59236634 0.40763366
151.00000000 0.58900430 0.41099570
152.00000000 0.58546434 0.41453566
153.00000000 0.58175725 0.41824275
154.00000000 0.57789401 0.42210599
155.00000000 0.57388575 0.42611425
156.00000000 0.56974372 0.43025628
157.00000000 0.56547925 0.43452075
158.00000000 0.56110376 0.43889624
159.00000000 0.55662869 0.44337131
160.00000000 0.55206548 0.44793452
161.00000000 0.54742556 0.45257444
162.00000000 0.54272030 0.45727970
163.00000000 0.53796099 0.46203901
164.00000000 0.53315884 0.46684116
165.00000000 0.52832490 0.47167510
166.00000000 0.52347010 0.47652990
167.00000000 0.51860516 0.48139484
168.00000000 0.51374063 0.48625937
169.00000000 0.50888683 0.49111317
170.00000000 0.50405384 0.49594616
171.00000000 0.49925149 0.50074851
172.00000000 0.49448932 0.50551068
173.00000000 0.48977658 0.51022342
174.00000000 0.48512222 0.51487778
175.00000000 0.48053486 0.51946514
176.00000000 0.47602278 0.52397722
177.00000000 0.47159393 0.52840607
178.00000000 0.46725588 0.53274412
179.00000000 0.46301585 0.53698415
180.00000000 0.45888066 0.54111934
181.00000000 0.45485677 0.54514323
182.00000000 0.45095024 0.54904976
183.00000000 0.44716673 0.55283327
184.00000000 0.44351151 0.55648849
185.00000000 0.43998944 0.56001056
186.00000000 0.43660498 0.56339502
187.00000000 0.43336218 0.56663782
188.00000000 0.43026469 0.56973531
189.00000000 0.42731573 0.57268427
190.00000000 0.42451815 0.57548185
191.00000000 0.42187437 0.57812563
192.00000000 0.41938641 0.58061359
193.00000000 0.41705590 0.58294410
194.00000000 0.41488407 0.58511593
195.00000000 0.41287178 0.58712822
196.00000000 0.41101947 0.58898053
197.00000000 0.40932723 0.59067277
198.00000000 0.40779477 0.59220523
199.00000000 0.40642145 0.59357855
200.00000000 0.40520627 0.59479373
201.00000000 0.40414788 0.59585212
202.00000000 0.40324461 0.59675539
203.00000000 0.40249445 0.59750555
204.00000000 0.40189510 0.59810490
205.00000000 0.40144395 0.59855605
206.00000000 0.40113810 0.59886190
207.00000000 0.40097439 0.59902561
208.00000000 0.40094939 0.59905061
209.00000000 0.40105943 0.59894057
210.00000000 0.40130061 0.59869939
211.00000000 0.40166881 0.59833119
212.00000000 0.40215970 0.59784030
213.00000000 0.40276878 0.59723122
214.00000000 0.40349136 0.59650864
215.00000000 0.40432259 0.59567741
216.00000000 0.40525750 0.59474250
217.00000000 0.40629096 0.59370904
218.00000000 0.40741774 0.59258226
219.00000000 0.40863250 0.59136750
220.00000000 0.40992981 0.59007019
221.00000000 0.41130418 0.58869582
222.00000000 0.41275004 0.58724996
223.00000000 0.41426179 0.58573821
224.00000000 0.41583378 0.58416622
225.00000000 0.41746033 0.58253967
226.00000000 0.41913579 0.58086421
227.00000000 0.42085447 0.57914553
228.00000000 0.42261072 0.57738928
229.00000000 0.42439892 0.57560108
230.00000000 0.42621347 0.57378653
231.00000000 0.42804885 0.57195115
232.00000000 0.42989960 0.57010040
233.00000000 0.43176031 0.56823969
234.00000000 0.43362569 0.56637431
235.00000000 0.43549054 0.56450946
236.00000000 0.43734977 0.56265023
237.00000000 0.43919840 0.56080160
238.00000000 0.44103159 0.55896841
239.00000000 0.44284465 0.55715535
240.00000000 0.44463301 0.55536699
241.00000000 0.44639229 0.55360771
242.00000000 0.44811825 0.55188175
243.00000000 0.44980682 0.55019318
244.00000000 0.45145412 0.54854588
245.00000000 0.45305645 0.54694355
246.00000000 0.45461029 0.54538971
247.00000000 0.45611232 0.54388768
248.00000000 0.45755940 0.54244060
249.00000000 0.45894861 0.54105139
250.00000000 0.46027722 0.53972278
251.00000000 0.46154269 0.53845731
252.00000000 0.46274271 0.53725729
253.00000000 0.46387515 0.53612485
254.00000000 0.46493811 0.53506189
255.00000000 0.46592986 0.53407014
256.00000000 0.46684892 0.53315108
257.00000000 0.46769397 0.53230603
258.00000000 0.46846391 0.53153609
259.00000000 0.46915786 0.53084214
260.00000000 0.46977510 0.53022490
261.00000000 0.47031515 0.52968485
262.00000000 0.47077768 0.52922232
263.00000000 0.47116258 0.52883742
264.00000000 0.47146993 0.52853007
265.00000000 0.47169997 0.52830003
266.00000000 0.47185314 0.52814686
267.00000000 0.47193003 0.52806997
268.00000000 0.47193145 0.52806855
269.00000000 0.47185831 0.52814169
270.00000000 0.47171173 0.52828827
271.00000000 0.47149297 0.52850703
272.00000000 0.47120341 0.52879659
273.00000000 0.47084462 0.52915538
274.00000000 0.47041826 0.52958174
275.00000000 0.46992615 0.53007385
276.00000000 0.46937020 0.53062980
277.00000000 0.46875246 0.53124754
278.00000000 0.46807506 0.53192494
279.00000000 0.46734027 0.53265973
280.00000000 0.46655039 0.53344961
281.00000000 0.46570786 0.53429214
282.00000000 0.46481516 0.53518484
283.00000000 0.46387486 0.53612514
284.00000000 0.46288956 0.53711044
285.00000000 0.46186194 0.53813806
286.00000000 0.46079473 0.53920527
287.00000000 0.45969067 0.54030933
288.00000000 0.45855254 0.54144746
289.00000000 0.45738316 0.54261684
290.00000000 0.45618536 0.54381464
291.00000000 0.45496196 0.54503804
292.00000000 0.45371580 0.54628420
293.00000000 0.45244972 0.54755028
294.00000000 0.45116653 0.54883347
295.00000000 0.44986904 0.55013096
296.00000000 0.44856003 0.55143997
297.00000000 0.44724225 0.55275775
298.00000000 0.44591842 0.55408158
299.00000000 0.44459121 0.55540879
300.00000000 0.44326324 0.55673676
301.00000000 0.44193709 0.55806291
302.00000000 0.44061529 0.55938471
303.00000000 0.43930028 0.56069972
304.00000000 0.43799446 0.56200554
305.00000000 0.43670016 0.56329984
306.00000000 0.43541961 0.56458039
307.00000000 0.43415498 0.56584502
308.00000000 0.43290837 0.56709163
309.00000000 0.43168178 0.56831822
310.00000000 0.43047712 0.56952288
311.00000000 0.42929623 0.57070377
312.00000000 0.42814084 0.57185916
313.00000000 0.42701260 0.57298740
314.00000000 0.42591305 0.57408695
315.00000000 0.42484365 0.57515635
316.00000000 0.42380575 0.57619425
317.00000000 0.42280061 0.57719939
318.00000000 0.42182939 0.57817061
319.00000000 0.42089313 0.57910687
320.00000000 0.41999281 0.58000719
321.00000000 0.41912927 0.58087073
322.00000000 0.41830326 0.58169674
323.00000000 0.41751545 0.58248455
324.00000000 0.41676638 0.58323362
325.00000000 0.41605651 0.58394349
326.00000000 0.41538620 0.58461380
327.00000000 0.41475570 0.58524430
328.00000000 0.41416518 0.58583482
329.00000000 0.41361470 0.58638530
330.00000000 0.41310425 0.58689575
331.00000000 0.41263370 0.58736630
332.00000000 0.41220286 0.58779714
333.00000000 0.41181143 0.58818857
334.00000000 0.41145905 0.58854095
335.00000000 0.41114527 0.58885473
336.00000000 0.41086955 0.58913045
337.00000000 0.41063129 0.58936871
338.00000000 0.41042983 0.58957017
339.00000000 0.41026441 0.58973559
340.00000000 0.41013425 0.58986575
341.00000000 0.41003847 0.58996153
342.00000000 0.40997615 0.59002385
343.00000000 0.40994632 0.59005368
344.00000000 0.40994795 0.59005205
345.00000000 0.40997997 0.59002003
346.00000000 0.41004126 0.58995874
347.00000000 0.41013067 0.58986933
348.00000000 0.41024700 0.58975300
349.00000000 0.41038903 0.58961097
350.00000000 0.41055549 0.58944451
351.00000000 0.41074510 0.58925490
352.00000000 0.41095655 0.58904345
353.00000000 0.41118850 0.58881150
354.00000000 0.41143961 0.58856039
355.00000000 0.41170850 0.58829150
356.00000000 0.41199380 0.58800620
357.00000000 0.41229411 0.58770589
358.00000000 0.41260806 0.58739194
359.00000000 0.41293423 0.58706577
360.00000000 0.41327124 0.58672876
361.00000000 0.41361770 0.58638230
362.00000000 0.41397223 0.58602777
363.00000000 0.41433345 0.58566655
364.00000000 0.41470001 0.58529999
365.00000000 0.41507058 0.58492942
366.00000000 0.41544383 0.58455617
367.00000000 0.41581847 0.58418153
368.00000000 0.41619324 0.58380676
369.00000000 0.41656690 0.58343310
370.00000000 0.41693824 0.58306176
371.00000000 0.41730609 0.58269391
372.00000000 0.41766931 0.58233069
373.00000000 0.41802681 0.58197319
374.00000000 0.41837753 0.58162247
375.00000000 0.41872044 0.58127956
376.00000000 0.41905457 0.58094543
377.00000000 0.41937900 0.58062100
378.00000000 0.41969281 0.58030719
379.00000000 0.41999518 0.58000482
380.00000000 0.42028529 0.57971471
381.00000000 0.42056240 0.57943760
382.00000000 0.42082578 0.57917422
383.00000000 0.42107478 0.57892522
384.00000000 0.42130877 0.57869123
385.00000000 0.42152718 0.57847282
386.00000000 0.42172950 0.57827050
387.00000000 0.42191523 0.57808477
388.00000000 0.42208395 0.57791605
389.00000000 0.42223527 0.57776473
390.00000000 0.42236885 0.57763115
391.00000000 0.42248442 0.57751558
392.00000000 0.42258172 0.57741828
393.00000000 0.42266055 0.57733945
394.00000000 0.42272079 0.57727921
395.00000000 0.42276231 0.57723769
396.00000000 0.42278507 0.57721493
397.00000000 0.42278907 0.57721093
398.00000000 0.42277433 0.57722567
399.00000000 0.42274095 0.57725905
400.00000000 0.42268904 0.57731096
401.00000000 0.42261877 0.57738123
402.00000000 0.42253036 0.57746964
403.00000000 0.42242405 0.57757595
404.00000000 0.42230012 0.57769988
405.00000000 0.42215890 0.57784110
406.00000000 0.42200074 0.57799926
407.00000000 0.42182603 0.57817397
408.00000000 0.42163519 0.57836481
409.00000000 0.42142867 0.57857133
410.00000000 0.42120695 0.57879305
411.00000000 0.42097052 0.57902948
412.00000000 0.42071991 0.57928009
413.00000000 0.42045566 0.57954434
414.00000000 0.42017835 0.57982165
415.00000000 0.41988855 0.58011145
416.00000000 0.41958686 0.58041314
417.00000000 0.41927390 0.58072610
418.00000000 0.41895030 0.58104970
419.00000000 0.41861669 0.58138331
420.00000000 0.41827374 0.58172626
421.00000000 0.41792208 0.58207792
422.00000000 0.41756240 0.58243760
423.00000000 0.41719537 0.58280463
424.00000000 0.41682165 0.58317835
425.00000000 0.41644193 0.58355807
426.00000000 0.41605690 0.58394310
427.00000000 0.41566722 0.58433278
428.00000000 0.41527358 0.58472642
429.00000000 0.41487665 0.58512335
430.00000000 0.41447710 0.58552290
431.00000000 0.41407561 0.58592439
432.00000000 0.41367281 0.58632719
433.00000000 0.41326936 0.58673064
434.00000000 0.41286590 0.58713410
435.00000000 0.41246306 0.58753694
436.00000000 0.41206143 0.58793857
437.00000000 0.41166163 0.58833837
438.00000000 0.41126422 0.58873578
439.00000000 0.41086979 0.58913021
440.00000000 0.41047888 0.58952112
441.00000000 0.41009201 0.58990799
442.00000000 0.40970971 0.59029029
443.00000000 0.40933245 0.59066755
444.00000000 0.40896073 0.59103927
445.00000000 0.40859497 0.59140503
446.00000000 0.40823563 0.59176437
447.00000000 0.40788309 0.59211691
448.00000000 0.40753776 0.59246224
449.00000000 0.40719999 0.59280001
450.00000000 0.40687012 0.59312988
451.00000000 0.40654847 0.59345153
452.00000000 0.40623533 0.59376467
453.00000000 0.40593098 0.59406902
454.00000000 0.40563566 0.59436434
455.00000000 0.40534958 0.59465042
456.00000000 0.40507296 0.59492704
457.00000000 0.40480596 0.59519404
458.00000000 0.40454873 0.59545127
459.00000000 0.40430140 0.59569860
460.00000000 0.40406407 0.59593593
461.00000000 0.40383683 0.59616317
462.00000000 0.40361972 0.59638028
463.00000000 0.40341278 0.59658722
464.00000000 0.40321602 0.59678398
465.00000000 0.40302944 0.59697056
466.00000000 0.40285300 0.59714700
467.00000000 0.40268665 0.59731335
468.00000000 0.40253031 0.59746969
469.00000000 0.40238391 0.59761609
470.00000000 0.40224733 0.59775267
471.00000000 0.40212044 0.59787956
472.00000000 0.40200310 0.59799690
473.00000000 0.40189515 0.59810485
474.00000000 0.40179641 0.59820359
475.00000000 0.40170670 0.59829330
476.00000000 0.40162581 0.59837419
477.00000000 0.40155352 0.59844648
478.00000000 0.40148960 0.59851040
479.00000000 0.40143380 0.59856620
480.00000000 0.40138587 0.59861413
481.00000000 0.40134554 0.59865446
482.00000000 0.40131253 0.59868747
483.00000000 0.40128655 0.59871345
484.00000000 0.40126731 0.59873269
485.00000000 0.40125450 0.59874550
486.00000000 0.40124780 0.59875220
487.00000000 0.40124690 0.59875310
488.00000000 0.40125146 0.59874854
489.00000000 0.40126116 0.59873884
490.00000000 0.40127566 0.59872434
491.00000000 0.40129463 0.59870537
492.00000000 0.40131771 0.59868229
493.00000000 0.40134458 0.59865542
494.00000000 0.40137489 0.59862511
495.00000000 0.40140829 0.59859171
496.00000000 0.40144446 0.59855554
497.00000000 0.40148306 0.59851694
498.00000000 0.40152376 0.59847624
499.00000000 0.40156623 0.59843377
500.00000000 0.40161014 0.59838986
501.00000000 0.40165519 0.59834481
502.00000000 0.40170106 0.59829894
503.00000000 0.40174745 0.59825255
504.00000000 0.40179406 0.59820594
505.00000000 0.40184061 0.59815939
506.00000000 0.40188681 0.59811319
507.00000000 0.40193239 0.59806761
508.00000000 0.40197708 0.59802292
509.00000000 0.40202062 0.59797938
510.00000000 0.40206276 0.59793724
511.00000000 0.40210326 0.59789674
512.00000000 0.40214187 0.59785813
513.00000000 0.40217839 0.59782161
514.00000000 0.40221257 0.59778743
515.00000000 0.40224423 0.59775577
516.00000000 0.40227315 0.59772685
517.00000000 0.40229915 0.59770085
518.00000000 0.40232205 0.59767795
519.00000000 0.40234167 0.59765833
520.00000000 0.40235787 0.59764213
521.00000000 0.40237048 0.59762952
522.00000000 0.40237939 0.59762061
523.00000000 0.40238446 0.59761554
524.00000000 0.40238559 0.59761441
525.00000000 0.40238267 0.59761733
526.00000000 0.40237563 0.59762437
527.00000000 0.40236439 0.59763561
528.00000000 0.40234889 0.59765111
529.00000000 0.40232909 0.59767091
530.00000000 0.40230494 0.59769506
531.00000000 0.40227644 0.59772356
532.00000000 0.40224357 0.59775643
533.00000000 0.40220634 0.59779366
534.00000000 0.40216474 0.59783526
535.00000000 0.40211881 0.59788119
536.00000000 0.40206858 0.59793142
537.00000000 0.40201409 0.59798591
538.00000000 0.40195538 0.59804462
539.00000000 0.40189252 0.59810748
540.00000000 0.40182557 0.59817443
541.00000000 0.40175460 0.59824540
542.00000000 0.40167969 0.59832031
543.00000000 0.40160092 0.59839908
544.00000000 0.40151839 0.59848161
545.00000000 0.40143219 0.59856781
546.00000000 0.40134242 0.59865758
547.00000000 0.40124920 0.59875080
548.00000000 0.40115263 0.59884737
549.00000000 0.40105284 0.59894716
550.00000000 0.40094994 0.59905006
551.00000000 0.40084407 0.59915593
552.00000000 0.40073536 0.59926464
553.00000000 0.40062395 0.59937605
554.00000000 0.40050998 0.59949002
555.00000000 0.40039360 0.59960640
556.00000000 0.40027495 0.59972505
557.00000000 0.40015420 0.59984580
558.00000000 0.40003149 0.59996851
559.00000000 0.39990699 0.60009301
560.00000000 0.39978087 0.60021913
561.00000000 0.39965327 0.60034673
562.00000000 0.39952437 0.60047563
563.00000000 0.39939433 0.60060567
564.00000000 0.39926331 0.60073669
565.00000000 0.39913147 0.60086853
566.00000000 0.39899898 0.60100102
567.00000000 0.39886600 0.60113400
568.00000000 0.39873267 0.60126733
569.00000000 0.39859917 0.60140083
570.00000000 0.39846564 0.60153436
571.00000000 0.39833223 0.60166777
572.00000000 0.39819908 0.60180092
573.00000000 0.39806634 0.60193366
574.00000000 0.39793415 0.60206585
575.00000000 0.39780264 0.60219736
576.00000000 0.39767194 0.60232806
577.00000000 0.39754219 0.60245781
578.00000000 0.39741349 0.60258651
579.00000000 0.39728598 0.60271402
580.00000000 0.39715977 0.60284023
581.00000000 0.39703496 0.60296504
582.00000000 0.39691167 0.60308833
583.00000000 0.39678999 0.60321001
584.00000000 0.39667003 0.60332997
585.00000000 0.39655187 0.60344813
586.00000000 0.39643561 0.60356439
587.00000000 0.39632132 0.60367868
588.00000000 0.39620908 0.60379092
589.00000000 0.39609896 0.60390104
590.00000000 0.39599103 0.60400897
591.00000000 0.39588536 0.60411464
592.00000000 0.39578199 0.60421801
593.00000000 0.39568097 0.60431903
594.00000000 0.39558235 0.60441765
595.00000000 0.39548618 0.60451382
596.00000000 0.39539247 0.60460753
597.00000000 0.39530126 0.60469874
598.00000000 0.39521257 0.60478743
599.00000000 0.39512641 0.60487359
600.00000000 0.39504281 0.60495719
601.00000000 0.39496176 0.60503824
602.00000000 0.39488327 0.60511673
603.00000000 0.39480733 0.60519267
604.00000000 0.39473394 0.60526606
605.00000000 0.39466308 0.60533692
606.00000000 0.39459474 0.60540526
607.00000000 0.39452890 0.60547110
608.00000000 0.39446554 0.60553446
609.00000000 0.39440461 0.60559539
610.00000000 0.39434609 0.60565391
611.00000000 0.39428995 0.60571005
612.00000000 0.39423614 0.60576386
613.00000000 0.39418461 0.60581539
614.00000000 0.39413532 0.60586468
615.00000000 0.39408822 0.60591178
616.00000000 0.39404324 0.60595676
617.00000000 0.39400033 0.60599967
618.00000000 0.39395944 0.60604056
619.00000000 0.39392048 0.60607952
620.00000000 0.39388341 0.60611659
621.00000000 0.39384815 0.60615185
622.00000000 0.39381462 0.60618538
623.00000000 0.39378277 0.60621723
624.00000000 0.39375251 0.60624749
625.00000000 0.39372377 0.60627623
626.00000000 0.39369648 0.60630352
627.00000000 0.39367056 0.60632944
628.00000000 0.39364593 0.60635407
629.00000000 0.39362253 0.60637747
630.00000000 0.39360028 0.60639972
631.00000000 0.39357909 0.60642091
632.00000000 0.39355891 0.60644109
633.00000000 0.39353964 0.60646036
634.00000000 0.39352123 0.60647877
635.00000000 0.39350359 0.60649641
636.00000000 0.39348665 0.60651335
637.00000000 0.39347034 0.60652966
638.00000000 0.39345459 0.60654541
639.00000000 0.39343931 0.60656069
640.00000000 0.39342445 0.60657555
641.00000000 0.39340992 0.60659008
642.00000000 0.39339565 0.60660435
643.00000000 0.39338158 0.60661842
644.00000000 0.39336763 0.60663237
645.00000000 0.39335374 0.60664626
646.00000000 0.39333983 0.60666017
647.00000000 0.39332583 0.60667417
648.00000000 0.39331169 0.60668831
649.00000000 0.39329734 0.60670266
650.00000000 0.39328272 0.60671728
651.00000000 0.39326777 0.60673223
652.00000000 0.39325243 0.60674757
653.00000000 0.39323667 0.60676333
654.00000000 0.39322042 0.60677958
655.00000000 0.39320365 0.60679635
656.00000000 0.39318631 0.60681369
657.00000000 0.39316837 0.60683163
658.00000000 0.39314979 0.60685021
659.00000000 0.39313054 0.60686946
660.00000000 0.39311059 0.60688941
661.00000000 0.39308993 0.60691007
662.00000000 0.39306852 0.60693148
663.00000000 0.39304636 0.60695364
664.00000000 0.39302342 0.60697658
665.00000000 0.39299968 0.60700032
666.00000000 0.39297514 0.60702486
667.00000000 0.39294979 0.60705021
668.00000000 0.39292361 0.60707639
669.00000000 0.39289660 0.60710340
670.00000000 0.39286874 0.60713126
671.00000000 0.39284003 0.60715997
672.00000000 0.39281047 0.60718953
673.00000000 0.39278006 0.60721994
674.00000000 0.39274878 0.60725122
675.00000000 0.39271664 0.60728336
676.00000000 0.39268364 0.60731636
677.00000000 0.39264978 0.60735022
678.00000000 0.39261506 0.60738494
679.00000000 0.39257951 0.60742049
680.00000000 0.39254311 0.60745689
681.00000000 0.39250589 0.60749411
682.00000000 0.39246787 0.60753213
683.00000000 0.39242905 0.60757095
684.00000000 0.39238947 0.60761053
685.00000000 0.39234913 0.60765087
686.00000000 0.39230808 0.60769192
687.00000000 0.39226633 0.60773367
688.00000000 0.39222393 0.60777607
689.00000000 0.39218089 0.60781911
690.00000000 0.39213725 0.60786275
691.00000000 0.39209305 0.60790695
692.00000000 0.39204832 0.60795168
693.00000000 0.39200310 0.60799690
694.00000000 0.39195743 0.60804257
695.00000000 0.39191133 0.60808867
696.00000000 0.39186485 0.60813515
697.00000000 0.39181802 0.60818198
698.00000000 0.39177088 0.60822912
699.00000000 0.39172345 0.60827655
700.00000000 0.39167578 0.60832422
701.00000000 0.39162789 0.60837211
702.00000000 0.39157982 0.60842018
703.00000000 0.39153159 0.60846841
704.00000000 0.39148325 0.60851675
705.00000000 0.39143482 0.60856518
706.00000000 0.39138633 0.60861367
707.00000000 0.39133781 0.60866219
708.00000000 0.39128929 0.60871071
709.00000000 0.39124080 0.60875920
710.00000000 0.39119237 0.60880763
711.00000000 0.39114404 0.60885596
712.00000000 0.39109584 0.60890416
713.00000000 0.39104778 0.60895222
714.00000000 0.39099991 0.60900009
715.00000000 0.39095226 0.60904774
716.00000000 0.39090486 0.60909514
717.00000000 0.39085772 0.60914228
718.00000000 0.39081090 0.60918910
719.00000000 0.39076440 0.60923560
720.00000000 0.39071827 0.60928173
721.00000000 0.39067252 0.60932748
722.00000000 0.39062718 0.60937282
723.00000000 0.39058228 0.60941772
724.00000000 0.39053783 0.60946217
725.00000000 0.39049386 0.60950614
726.00000000 0.39045039 0.60954961
727.00000000 0.39040743 0.60959257
728.00000000 0.39036500 0.60963500
729.00000000 0.39032311 0.60967689
730.00000000 0.39028179 0.60971821
731.00000000 0.39024103 0.60975897
732.00000000 0.39020085 0.60979915
733.00000000 0.39016127 0.60983873
734.00000000 0.39012228 0.60987772
735.00000000 0.39008390 0.60991610
736.00000000 0.39004613 0.60995387
737.00000000 0.39000898 0.60999102
738.00000000 0.38997245 0.61002755
739.00000000 0.38993654 0.61006346
740.00000000 0.38990127 0.61009873
741.00000000 0.38986663 0.61013337
742.00000000 0.38983262 0.61016738
743.00000000 0.38979924 0.61020076
744.00000000 0.38976649 0.61023351
745.00000000 0.38973437 0.61026563
746.00000000 0.38970287 0.61029713
747.00000000 0.38967199 0.61032801
748.00000000 0.38964173 0.61035827
749.00000000 0.38961208 0.61038792
750.00000000 0.38958303 0.61041697
751.00000000 0.38955457 0.61044543
752.00000000 0.38952670 0.61047330
753.00000000 0.38949940 0.61050060
754.00000000 0.38947266 0.61052734
755.00000000 0.38944648 0.61055352
756.00000000 0.38942084 0.61057916
757.00000000 0.38939573 0.61060427
758.00000000 0.38937113 0.61062887
759.00000000 0.38934703 0.61065297
760.00000000 0.38932342 0.61067658
761.00000000 0.38930028 0.61069972
762.00000000 0.38927760 0.61072240
763.00000000 0.38925536 0.61074464
764.00000000 0.38923354 0.61076646
765.00000000 0.38921213 0.61078787
766.00000000 0.38919111 0.61080889
767.00000000 0.38917046 0.61082954
768.00000000 0.38915017 0.61084983
769.00000000 0.38913023 0.61086977
770.00000000 0.38911060 0.61088940
771.00000000 0.38909128 0.61090872
772.00000000 0.38907225 0.61092775
773.00000000 0.38905349 0.61094651
774.00000000 0.38903498 0.61096502
775.00000000 0.38901671 0.61098329
776.00000000 0.38899866 0.61100134
777.00000000 0.38898081 0.61101919
778.00000000 0.38896315 0.61103685
779.00000000 0.38894565 0.61105435
780.00000000 0.38892831 0.61107169
781.00000000 0.38891111 0.61108889
782.00000000 0.38889403 0.61110597
783.00000000 0.38887705 0.61112295
784.00000000 0.38886017 0.61113983
785.00000000 0.38884336 0.61115664
786.00000000 0.38882661 0.61117339
787.00000000 0.38880992 0.61119008
788.00000000 0.38879326 0.61120674
789.00000000 0.38877663 0.61122337
790.00000000 0.38876000 0.61124000
791.00000000 0.38874338 0.61125662
792.00000000 0.38872674 0.61127326
793.00000000 0.38871009 0.61128991
794.00000000 0.38869340 0.61130660
795.00000000 0.38867667 0.61132333
796.00000000 0.38865989 0.61134011
797.00000000 0.38864305 0.61135695
798.00000000 0.38862614 0.61137386
799.00000000 0.38860916 0.61139084
800.00000000 0.38859210 0.61140790
801.00000000 0.38857495 0.61142505
802.00000000 0.38855772 0.61144228
803.00000000 0.38854038 0.61145962
804.00000000 0.38852294 0.61147706
805.00000000 0.38850540 0.61149460
806.00000000 0.38848775 0.61151225
807.00000000 0.38846999 0.61153001
808.00000000 0.38845211 0.61154789
809.00000000 0.38843412 0.61156588
810.00000000 0.38841602 0.61158398
811.00000000 0.38839779 0.61160221
812.00000000 0.38837945 0.61162055
813.00000000 0.38836100 0.61163900
814.00000000 0.38834243 0.61165757
815.00000000 0.38832374 0.61167626
816.00000000 0.38830494 0.61169506
817.00000000 0.38828604 0.61171396
818.00000000 0.38826702 0.61173298
819.00000000 0.38824790 0.61175210
820.00000000 0.38822868 0.61177132
821.00000000 0.38820936 0.61179064
822.00000000 0.38818995 0.61181005
823.00000000 0.38817045 0.61182955
824.00000000 0.38815087 0.61184913
825.00000000 0.38813121 0.61186879
826.00000000 0.38811147 0.61188853
827.00000000 0.38809167 0.61190833
828.00000000 0.38807180 0.61192820
829.00000000 0.38805187 0.61194813
830.00000000 0.38803190 0.61196810
831.00000000 0.38801188 0.61198812
832.00000000 0.38799183 0.61200817
833.00000000 0.38797174 0.61202826
834.00000000 0.38795163 0.61204837
835.00000000 0.38793150 0.61206850
836.00000000 0.38791136 0.61208864
837.00000000 0.38789122 0.61210878
838.00000000 0.38787108 0.61212892
839.00000000 0.38785095 0.61214905
840.00000000 0.38783084 0.61216916
841.00000000 0.38781075 0.61218925
842.00000000 0.38779069 0.61220931
843.00000000 0.38777067 0.61222933
844.00000000 0.38775070 0.61224930
845.00000000 0.38773077 0.61226923
846.00000000 0.38771091 0.61228909
847.00000000 0.38769111 0.61230889
848.00000000 0.38767138 0.61232862
849.00000000 0.38765173 0.61234827
850.00000000 0.38763216 0.61236784
851.00000000 0.38761268 0.61238732
852.00000000 0.38759330 0.61240670
853.00000000 0.38757402 0.61242598
854.00000000 0.38755484 0.61244516
855.00000000 0.38753578 0.61246422
856.00000000 0.38751683 0.61248317
857.00000000 0.38749800 0.61250200
858.00000000 0.38747930 0.61252070
859.00000000 0.38746074 0.61253926
860.00000000 0.38744230 0.61255770
861.00000000 0.38742401 0.61257599
862.00000000 0.38740585 0.61259415
863.00000000 0.38738785 0.61261215
864.00000000 0.38736999 0.61263001
865.00000000 0.38735228 0.61264772
866.00000000 0.38733473 0.61266527
867.00000000 0.38731734 0.61268266
868.00000000 0.38730010 0.61269990
869.00000000 0.38728303 0.61271697
870.00000000 0.38726612 0.61273388
871.00000000 0.38724938 0.61275062
872.00000000 0.38723280 0.61276720
873.00000000 0.38721638 0.61278362
874.00000000 0.38720014 0.61279986
875.00000000 0.38718406 0.61281594
876.00000000 0.38716815 0.61283185
877.00000000 0.38715241 0.61284759
878.00000000 0.38713684 0.61286316
879.00000000 0.38712143 0.61287857
880.00000000 0.38710619 0.61289381
881.00000000 0.38709112 0.61290888
882.00000000 0.38707621 0.61292379
883.00000000 0.38706147 0.61293853
884.00000000 0.38704689 0.61295311
885.00000000 0.38703247 0.61296753
886.00000000 0.38701820 0.61298180
887.00000000 0.38700410 0.61299590
888.00000000 0.38699015 0.61300985
889.00000000 0.38697635 0.61302365
890.00000000 0.38696270 0.61303730
891.00000000 0.38694920 0.61305080
892.00000000 0.38693585 0.61306415
893.00000000 0.38692263 0.61307737
894.00000000 0.38690956 0.61309044
895.00000000 0.38689662 0.61310338
896.00000000 0.38688381 0.61311619
897.00000000 0.38687114 0.61312886
898.00000000 0.38685859 0.61314141
899.00000000 0.38684616 0.61315384
900.00000000 0.38683386 0.61316614
901.00000000 0.38682167 0.61317833
902.00000000 0.38680959 0.61319041
903.00000000 0.38679762 0.61320238
904.00000000 0.38678576 0.61321424
905.00000000 0.38677400 0.61322600
906.00000000 0.38676234 0.61323766
907.00000000 0.38675077 0.61324923
908.00000000 0.38673929 0.61326071
909.00000000 0.38672791 0.61327209
910.00000000 0.38671660 0.61328340
911.00000000 0.38670538 0.61329462
912.00000000 0.38669423 0.61330577
913.00000000 0.38668316 0.61331684
914.00000000 0.38667216 0.61332784
915.00000000 0.38666123 0.61333877
916.00000000 0.38665035 0.61334965
917.00000000 0.38663954 0.61336046
918.00000000 0.38662879 0.61337121
919.00000000 0.38661809 0.61338191
920.00000000 0.38660745 0.61339255
921.00000000 0.38659685 0.61340315
922.00000000 0.38658630 0.61341370
923.00000000 0.38657579 0.61342421
924.00000000 0.38656532 0.61343468
925.00000000 0.38655488 0.61344512
926.00000000 0.38654449 0.61345551
927.00000000 0.38653412 0.61346588
928.00000000 0.38652379 0.61347621
929.00000000 0.38651348 0.61348652
930.00000000 0.38650320 0.61349680
931.00000000 0.38649295 0.61350705
932.00000000 0.38648272 0.61351728
933.00000000 0.38647251 0.61352749
934.00000000 0.38646232 0.61353768
935.00000000 0.38645215 0.61354785
936.00000000 0.38644199 0.61355801
937.00000000 0.38643185 0.61356815
938.00000000 0.38642172 0.61357828
939.00000000 0.38641161 0.61358839
940.00000000 0.38640151 0.61359849
941.00000000 0.38639142 0.61360858
942.00000000 0.38638134 0.61361866
943.00000000 0.38637127 0.61362873
944.00000000 0.38636122 0.61363878
945.00000000 0.38635117 0.61364883
946.00000000 0.38634113 0.61365887
947.00000000 0.38633110 0.61366890
948.00000000 0.38632108 0.61367892
949.00000000 0.38631106 0.61368894
950.00000000 0.38630106 0.61369894
951.00000000 0.38629107 0.61370893
952.00000000 0.38628108 0.61371892
953.00000000 0.38627111 0.61372889
954.00000000 0.38626114 0.61373886
955.00000000 0.38625119 0.61374881
956.00000000 0.38624125 0.61375875
957.00000000 0.38623132 0.61376868
958.00000000 0.38622140 0.61377860
959.00000000 0.38621150 0.61378850
960.00000000 0.38620161 0.61379839
961.00000000 0.38619174 0.61380826
962.00000000 0.38618188 0.61381812
963.00000000 0.38617204 0.61382796
964.00000000 0.38616222 0.61383778
965.00000000 0.38615242 0.61384758
966.00000000 0.38614264 0.61385736
967.00000000 0.38613288 0.61386712
968.00000000 0.38612314 0.61387686
969.00000000 0.38611343 0.61388657
970.00000000 0.38610374 0.61389626
971.00000000 0.38609408 0.61390592
972.00000000 0.38608444 0.61391556
973.00000000 0.38607483 0.61392517
974.00000000 0.38606526 0.61393474
975.00000000 0.38605571 0.61394429
976.00000000 0.38604620 0.61395380
977.00000000 0.38603672 0.61396328
978.00000000 0.38602728 0.61397272
979.00000000 0.38601787 0.61398213
980.00000000 0.38600850 0.61399150
981.00000000 0.38599917 0.61400083
982.00000000 0.38598987 0.61401013
983.00000000 0.38598062 0.61401938
984.00000000 0.38597141 0.61402859
985.00000000 0.38596224 0.61403776
986.00000000 0.38595312 0.61404688
987.00000000 0.38594404 0.61405596
988.00000000 0.38593500 0.61406500
989.00000000 0.38592601 0.61407399
990.00000000 0.38591708 0.61408292
991.00000000 0.38590818 0.61409182
992.00000000 0.38589934 0.61410066
993.00000000 0.38589055 0.61410945
994.00000000 0.38588181 0.61411819
995.00000000 0.38587312 0.61412688
996.00000000 0.38586448 0.61413552
997.00000000 0.38585590 0.61414410
998.00000000 0.38584737 0.61415263
999.00000000 0.38583889 0.61416111
