0.00000000 1.00000000 0.00000000
1.00000000 0.99902586 0.00097414
2.00000000 0.99655062 0.00344938
3.00000000 0.99308500 0.00691500
4.00000000 0.98898090 0.01101910
5.00000000 0.98447864 0.01552136
6.00000000 0.97974066 0.02025934
7.00000000 0.97487536 0.02512464
8.00000000 0.96995391 0.03004609
9.00000000 0.96502211 0.03497789
10.00000000 0.96010857 0.03989143
11.00000000 0.95523046 0.04476954
12.00000000 0.95039743 0.04960257
13.00000000 0.94561430 0.05438570
14.00000000 0.94088288 0.05911712
15.00000000 0.93620313 0.06379687
16.00000000 0.93157402 0.06842598
17.00000000 0.92699398 0.07300602
18.00000000 0.92246121 0.07753879
19.00000000 0.91797395 0.08202605
20.00000000 0.91353048 0.08646952
21.00000000 0.90912925 0.09087075
22.00000000 0.90476887 0.09523113
23.00000000 0.90044811 0.09955189
24.00000000 0.89616590 0.10383410
25.00000000 0.89192131 0.10807869
26.00000000 0.88771352 0.11228648
27.00000000 0.88354183 0.11645817
28.00000000 0.87940560 0.12059440
29.00000000 0.87530428 0.12469572
30.00000000 0.87123738 0.12876262
31.00000000 0.86720446 0.13279554
32.00000000 0.86320511 0.13679489
33.00000000 0.85923894 0.14076106
34.00000000 0.85530561 0.14469439
35.00000000 0.85140479 0.14859521
36.00000000 0.84753617 0.15246383
37.00000000 0.84369944 0.15630056
38.00000000 0.83989432 0.16010568
39.00000000 0.83612052 0.16387948
40.00000000 0.83237777 0.16762223
41.00000000 0.82866580 0.17133420
42.00000000 0.82498435 0.17501565
43.00000000 0.82133317 0.17866683
44.00000000 0.81771199 0.18228801
45.00000000 0.81412057 0.18587943
46.00000000 0.81055867 0.18944133
47.00000000 0.80702602 0.19297398
48.00000000 0.80352240 0.19647760
49.00000000 0.80004757 0.19995243
50.00000000 0.79660128 0.20339872
51.00000000 0.79318330 0.20681670
52.00000000 0.78979340 0.21020660
53.00000000 0.78643135 0.21356865
54.00000000 0.78309691 0.21690309
55.00000000 0.77978986 0.22021014
56.00000000 0.77650998 0.22349002
57.00000000 0.77325705 0.22674295
58.00000000 0.77003083 0.22996917
59.00000000 0.76683111 0.23316889
60.00000000 0.76365768 0.23634232
61.00000000 0.76051032 0.23948968
62.00000000 0.75738881 0.24261119
63.00000000 0.75429294 0.24570706
64.00000000 0.75122250 0.24877750
65.00000000 0.74817728 0.25182272
66.00000000 0.74515708 0.25484292
67.00000000 0.74216168 0.25783832
68.00000000 0.73919089 0.26080911
69.00000000 0.73624450 0.26375550
70.00000000 0.73332232 0.26667768
71.00000000 0.73042414 0.26957586
72.00000000 0.72754977 0.27245023
73.00000000 0.72469900 0.27530100
74.00000000 0.72187166 0.27812834
75.00000000 0.71906753 0.28093247
76.00000000 0.71628645 0.28371355
77.00000000 0.71352820 0.28647180
78.00000000 0.71079262 0.28920738
79.00000000 0.70807950 0.29192050
80.00000000 0.70538867 0.29461133
81.00000000 0.70271995 0.29728005
82.00000000 0.70007315 0.29992685
83.00000000 0.69744808 0.30255192
84.00000000 0.69484458 0.30515542
85.00000000 0.69226247 0.30773753
86.00000000 0.68970157 0.31029843
87.00000000 0.68716170 0.31283830
88.00000000 0.68464270 0.31535730
89.00000000 0.68214439 0.31785561
90.00000000 0.67966660 0.32033340
91.00000000 0.67720916 0.32279084
92.00000000 0.67477191 0.32522809
93.00000000 0.67235468 0.32764532
94.00000000 0.66995730 0.33004270
95.00000000 0.66757962 0.33242038
96.00000000 0.66522147 0.33477853
97.00000000 0.66288269 0.33711731
98.00000000 0.66056312 0.33943688
99.00000000 0.65826261 0.34173739
100.00000000 0.65598099 0.34401901
101.00000000 0.65371811 0.34628189
102.00000000 0.65147382 0.34852618
103.00000000 0.64924797 0.35075203
104.00000000 0.64704040 0.35295960
105.00000000 0.64485097 0.35514903
106.00000000 0.64267952 0.35732048
107.00000000 0.64052590 0.35947410
108.00000000 0.63838998 0.36161002
109.00000000 0.63627160 0.36372840
110.00000000 0.63417062 0.36582938
111.00000000 0.63208690 0.36791310
112.00000000 0.63002030 0.36997970
113.00000000 0.62797067 0.37202933
114.00000000 0.62593788 0.37406212
115.00000000 0.62392179 0.37607821
116.00000000 0.62192226 0.37807774
117.00000000 0.61993915 0.38006085
118.00000000 0.61797233 0.38202767
119.00000000 0.61602167 0.38397833
120.00000000 0.61408703 0.38591297
121.00000000 0.61216828 0.38783172
122.00000000 0.61026530 0.38973470
123.00000000 0.60837794 0.39162206
124.00000000 0.60650609 0.39349391
125.00000000 0.60464962 0.39535038
126.00000000 0.60280839 0.39719161
127.00000000 0.60098229 0.39901771
128.00000000 0.59917119 0.40082881
129.00000000 0.59737497 0.40262503
130.00000000 0.59559350 0.40440650
131.00000000 0.59382666 0.40617334
132.00000000 0.59207434 0.40792566
133.00000000 0.59033641 0.40966359
134.00000000 0.58861276 0.41138724
135.00000000 0.58690327 0.41309673
136.00000000 0.58520781 0.41479219
137.00000000 0.58352629 0.41647371
138.00000000 0.58185858 0.41814142
139.00000000 0.58020456 0.41979544
140.00000000 0.57856414 0.42143586
141.00000000 0.57693719 0.42306281
142.00000000 0.57532360 0.42467640
143.00000000 0.57372327 0.42627673
144.00000000 0.57213608 0.42786392
145.00000000 0.57056193 0.42943807
146.00000000 0.56900071 0.43099929
147.00000000 0.56745232 0.43254768
148.00000000 0.56591664 0.43408336
149.00000000 0.56439358 0.43560642
150.00000000 0.56288303 0.43711697
151.00000000 0.56138489 0.43861511
152.00000000 0.55989905 0.44010095
153.00000000 0.55842542 0.44157458
154.00000000 0.55696389 0.44303611
155.00000000 0.55551437 0.44448563
156.00000000 0.55407676 0.44592324
157.00000000 0.55265096 0.44734904
158.00000000 0.55123686 0.44876314
159.00000000 0.54983439 0.45016561
160.00000000 0.54844343 0.45155657
161.00000000 0.54706390 0.45293610
162.00000000 0.54569570 0.45430430
163.00000000 0.54433874 0.45566126
164.00000000 0.54299292 0.45700708
165.00000000 0.54165816 0.45834184
166.00000000 0.54033437 0.45966563
167.00000000 0.53902145 0.46097855
168.00000000 0.53771931 0.46228069
169.00000000 0.53642787 0.46357213
170.00000000 0.53514704 0.46485296
171.00000000 0.53387673 0.46612327
172.00000000 0.53261685 0.46738315
173.00000000 0.53136733 0.46863267
174.00000000 0.53012806 0.46987194
175.00000000 0.52889898 0.47110102
176.00000000 0.52767999 0.47232001
177.00000000 0.52647102 0.47352898
178.00000000 0.52527198 0.47472802
179.00000000 0.52408278 0.47591722
180.00000000 0.52290336 0.47709664
181.00000000 0.52173362 0.47826638
182.00000000 0.52057349 0.47942651
183.00000000 0.51942289 0.48057711
184.00000000 0.51828174 0.48171826
185.00000000 0.51714997 0.48285003
186.00000000 0.51602749 0.48397251
187.00000000 0.51491424 0.48508576
188.00000000 0.51381012 0.48618988
189.00000000 0.51271508 0.48728492
190.00000000 0.51162903 0.48837097
191.00000000 0.51055191 0.48944809
192.00000000 0.50948363 0.49051637
193.00000000 0.50842412 0.49157588
194.00000000 0.50737332 0.49262668
195.00000000 0.50633115 0.49366885
196.00000000 0.50529754 0.49470246
197.00000000 0.50427243 0.49572757
198.00000000 0.50325573 0.49674427
199.00000000 0.50224738 0.49775262
200.00000000 0.50124732 0.49875268
201.00000000 0.50025547 0.49974453
202.00000000 0.49927177 0.50072823
203.00000000 0.49829615 0.50170385
204.00000000 0.49732854 0.50267146
205.00000000 0.49636888 0.50363112
206.00000000 0.49541711 0.50458289
207.00000000 0.49447315 0.50552685
208.00000000 0.49353695 0.50646305
209.00000000 0.49260844 0.50739156
210.00000000 0.49168755 0.50831245
211.00000000 0.49077423 0.50922577
212.00000000 0.48986841 0.51013159
213.00000000 0.48897003 0.51102997
214.00000000 0.48807903 0.51192097
215.00000000 0.48719535 0.51280465
216.00000000 0.48631893 0.51368107
217.00000000 0.48544971 0.51455029
218.00000000 0.48458763 0.51541237
219.00000000 0.48373262 0.51626738
220.00000000 0.48288465 0.51711535
221.00000000 0.48204364 0.51795636
222.00000000 0.48120953 0.51879047
223.00000000 0.48038228 0.51961772
224.00000000 0.47956182 0.52043818
225.00000000 0.47874811 0.52125189
226.00000000 0.47794107 0.52205893
227.00000000 0.47714067 0.52285933
228.00000000 0.47634684 0.52365316
229.00000000 0.47555953 0.52444047
230.00000000 0.47477869 0.52522131
231.00000000 0.47400426 0.52599574
232.00000000 0.47323620 0.52676380
233.00000000 0.47247444 0.52752556
234.00000000 0.47171894 0.52828106
235.00000000 0.47096965 0.52903035
236.00000000 0.47022651 0.52977349
237.00000000 0.46948947 0.53051053
238.00000000 0.46875849 0.53124151
239.00000000 0.46803352 0.53196648
240.00000000 0.46731450 0.53268550
241.00000000 0.46660138 0.53339862
242.00000000 0.46589413 0.53410587
243.00000000 0.46519268 0.53480732
244.00000000 0.46449699 0.53550301
245.00000000 0.46380702 0.53619298
246.00000000 0.46312272 0.53687728
247.00000000 0.46244404 0.53755596
248.00000000 0.46177093 0.53822907
249.00000000 0.46110336 0.53889664
250.00000000 0.46044126 0.53955874
251.00000000 0.45978461 0.54021539
252.00000000 0.45913334 0.54086666
253.00000000 0.45848743 0.54151257
254.00000000 0.45784683 0.54215317
255.00000000 0.45721148 0.54278852
256.00000000 0.45658136 0.54341864
257.00000000 0.45595641 0.54404359
258.00000000 0.45533659 0.54466341
259.00000000 0.45472187 0.54527813
260.00000000 0.45411219 0.54588781
261.00000000 0.45350753 0.54649247
262.00000000 0.45290783 0.54709217
263.00000000 0.45231305 0.54768695
264.00000000 0.45172317 0.54827683
265.00000000 0.45113812 0.54886188
266.00000000 0.45055789 0.54944211
267.00000000 0.44998242 0.55001758
268.00000000 0.44941167 0.55058833
269.00000000 0.44884562 0.55115438
270.00000000 0.44828421 0.55171579
271.00000000 0.44772742 0.55227258
272.00000000 0.44717520 0.55282480
273.00000000 0.44662752 0.55337248
274.00000000 0.44608433 0.55391567
275.00000000 0.44554561 0.55445439
276.00000000 0.44501131 0.55498869
277.00000000 0.44448140 0.55551860
278.00000000 0.44395584 0.55604416
279.00000000 0.44343460 0.55656540
280.00000000 0.44291765 0.55708235
281.00000000 0.44240493 0.55759507
282.00000000 0.44189643 0.55810357
283.00000000 0.44139211 0.55860789
284.00000000 0.44089193 0.55910807
285.00000000 0.44039586 0.55960414
286.00000000 0.43990386 0.56009614
287.00000000 0.43941591 0.56058409
288.00000000 0.43893196 0.56106804
289.00000000 0.43845199 0.56154801
290.00000000 0.43797596 0.56202404
291.00000000 0.43750384 0.56249616
292.00000000 0.43703560 0.56296440
293.00000000 0.43657121 0.56342879
294.00000000 0.43611063 0.56388937
295.00000000 0.43565383 0.56434617
296.00000000 0.43520079 0.56479921
297.00000000 0.43475146 0.56524854
298.00000000 0.43430583 0.56569417
299.00000000 0.43386386 0.56613614
300.00000000 0.43342552 0.56657448
301.00000000 0.43299078 0.56700922
302.00000000 0.43255961 0.56744039
303.00000000 0.43213198 0.56786802
304.00000000 0.43170787 0.56829213
305.00000000 0.43128724 0.56871276
306.00000000 0.43087006 0.56912994
307.00000000 0.43045631 0.56954369
308.00000000 0.43004596 0.56995404
309.00000000 0.42963898 0.57036102
310.00000000 0.42923535 0.57076465
311.00000000 0.42883503 0.57116497
312.00000000 0.42843799 0.57156201
313.00000000 0.42804422 0.57195578
314.00000000 0.42765369 0.57234631
315.00000000 0.42726636 0.57273364
316.00000000 0.42688221 0.57311779
317.00000000 0.42650122 0.57349878
318.00000000 0.42612336 0.57387664
319.00000000 0.42574860 0.57425140
320.00000000 0.42537692 0.57462308
321.00000000 0.42500829 0.57499171
322.00000000 0.42464269 0.57535731
323.00000000 0.42428010 0.57571990
324.00000000 0.42392048 0.57607952
325.00000000 0.42356382 0.57643618
326.00000000 0.42321009 0.57678991
327.00000000 0.42285926 0.57714074
328.00000000 0.42251131 0.57748869
329.00000000 0.42216622 0.57783378
330.00000000 0.42182397 0.57817603
331.00000000 0.42148453 0.57851547
332.00000000 0.42114788 0.57885212
333.00000000 0.42081399 0.57918601
334.00000000 0.42048284 0.57951716
335.00000000 0.42015442 0.57984558
336.00000000 0.41982869 0.58017131
337.00000000 0.41950564 0.58049436
338.00000000 0.41918524 0.58081476
339.00000000 0.41886747 0.58113253
340.00000000 0.41855232 0.58144768
341.00000000 0.41823975 0.58176025
342.00000000 0.41792975 0.58207025
343.00000000 0.41762230 0.58237770
344.00000000 0.41731737 0.58268263
345.00000000 0.41701495 0.58298505
346.00000000 0.41671501 0.58328499
347.00000000 0.41641753 0.58358247
348.00000000 0.41612250 0.58387750
349.00000000 0.41582989 0.58417011
350.00000000 0.41553969 0.58446031
351.00000000 0.41525187 0.58474813
352.00000000 0.41496641 0.58503359
353.00000000 0.41468330 0.58531670
354.00000000 0.41440251 0.58559749
355.00000000 0.41412403 0.58587597
356.00000000 0.41384784 0.58615216
357.00000000 0.41357392 0.58642608
358.00000000 0.41330225 0.58669775
359.00000000 0.41303280 0.58696720
360.00000000 0.41276558 0.58723442
361.00000000 0.41250054 0.58749946
362.00000000 0.41223769 0.58776231
363.00000000 0.41197699 0.58802301
364.00000000 0.41171843 0.58828157
365.00000000 0.41146200 0.58853800
366.00000000 0.41120768 0.58879232
367.00000000 0.41095544 0.58904456
368.00000000 0.41070528 0.58929472
369.00000000 0.41045717 0.58954283
370.00000000 0.41021109 0.58978891
371.00000000 0.40996704 0.59003296
372.00000000 0.40972500 0.59027500
373.00000000 0.40948494 0.59051506
374.00000000 0.40924686 0.59075314
375.00000000 0.40901073 0.59098927
376.00000000 0.40877654 0.59122346
377.00000000 0.40854427 0.59145573
378.00000000 0.40831391 0.59168609
379.00000000 0.40808545 0.59191455
380.00000000 0.40785886 0.59214114
381.00000000 0.40763413 0.59236587
382.00000000 0.40741125 0.59258875
383.00000000 0.40719020 0.59280980
384.00000000 0.40697096 0.59302904
385.00000000 0.40675353 0.59324647
386.00000000 0.40653788 0.59346212
387.00000000 0.40632400 0.59367600
388.00000000 0.40611188 0.59388812
389.00000000 0.40590150 0.59409850
390.00000000 0.40569285 0.59430715
391.00000000 0.40548592 0.59451408
392.00000000 0.40528068 0.59471932
393.00000000 0.40507713 0.59492287
394.00000000 0.40487525 0.59512475
395.00000000 0.40467503 0.59532497
396.00000000 0.40447646 0.59552354
397.00000000 0.40427951 0.59572049
398.00000000 0.40408419 0.59591581
399.00000000 0.40389046 0.59610954
400.00000000 0.40369833 0.59630167
401.00000000 0.40350778 0.59649222
402.00000000 0.40331879 0.59668121
403.00000000 0.40313136 0.59686864
404.00000000 0.40294546 0.59705454
405.00000000 0.40276110 0.59723890
406.00000000 0.40257824 0.59742176
407.00000000 0.40239689 0.59760311
408.00000000 0.40221703 0.59778297
409.00000000 0.40203865 0.59796135
410.00000000 0.40186173 0.59813827
411.00000000 0.40168626 0.59831374
412.00000000 0.40151224 0.59848776
413.00000000 0.40133964 0.59866036
414.00000000 0.40116846 0.59883154
415.00000000 0.40099869 0.59900131
416.00000000 0.40083032 0.59916968
417.00000000 0.40066332 0.59933668
418.00000000 0.40049770 0.59950230
419.00000000 0.40033344 0.59966656
420.00000000 0.40017053 0.59982947
421.00000000 0.40000895 0.59999105
422.00000000 0.39984871 0.60015129
423.00000000 0.39968978 0.60031022
424.00000000 0.39953215 0.60046785
425.00000000 0.39937582 0.60062418
426.00000000 0.39922077 0.60077923
427.00000000 0.39906700 0.60093300
428.00000000 0.39891449 0.60108551
429.00000000 0.39876324 0.60123676
430.00000000 0.39861322 0.60138678
431.00000000 0.39846444 0.60153556
432.00000000 0.39831688 0.60168312
433.00000000 0.39817053 0.60182947
434.00000000 0.39802539 0.60197461
435.00000000 0.39788144 0.60211856
436.00000000 0.39773866 0.60226134
437.00000000 0.39759707 0.60240293
438.00000000 0.39745663 0.60254337
439.00000000 0.39731735 0.60268265
440.00000000 0.39717921 0.60282079
441.00000000 0.39704221 0.60295779
442.00000000 0.39690633 0.60309367
443.00000000 0.39677157 0.60322843
444.00000000 0.39663792 0.60336208
445.00000000 0.39650536 0.60349464
446.00000000 0.39637390 0.60362610
447.00000000 0.39624351 0.60375649
448.00000000 0.39611419 0.60388581
449.00000000 0.39598594 0.60401406
450.00000000 0.39585874 0.60414126
451.00000000 0.39573258 0.60426742
452.00000000 0.39560746 0.60439254
453.00000000 0.39548337 0.60451663
454.00000000 0.39536030 0.60463970
455.00000000 0.39523824 0.60476176
456.00000000 0.39511718 0.60488282
457.00000000 0.39499712 0.60500288
458.00000000 0.39487804 0.60512196
459.00000000 0.39475994 0.60524006
460.00000000 0.39464281 0.60535719
461.00000000 0.39452664 0.60547336
462.00000000 0.39441143 0.60558857
463.00000000 0.39429716 0.60570284
464.00000000 0.39418383 0.60581617
465.00000000 0.39407144 0.60592856
466.00000000 0.39395996 0.60604004
467.00000000 0.39384940 0.60615060
468.00000000 0.39373975 0.60626025
469.00000000 0.39363100 0.60636900
470.00000000 0.39352315 0.60647685
471.00000000 0.39341618 0.60658382
472.00000000 0.39331008 0.60668992
473.00000000 0.39320486 0.60679514
474.00000000 0.39310051 0.60689949
475.00000000 0.39299701 0.60700299
476.00000000 0.39289436 0.60710564
477.00000000 0.39279256 0.60720744
478.00000000 0.39269159 0.60730841
479.00000000 0.39259145 0.60740855
480.00000000 0.39249213 0.60750787
481.00000000 0.39239363 0.60760637
482.00000000 0.39229594 0.60770406
483.00000000 0.39219905 0.60780095
484.00000000 0.39210295 0.60789705
485.00000000 0.39200765 0.60799235
486.00000000 0.39191313 0.60808687
487.00000000 0.39181938 0.60818062
488.00000000 0.39172641 0.60827359
489.00000000 0.39163420 0.60836580
490.00000000 0.39154274 0.60845726
491.00000000 0.39145204 0.60854796
492.00000000 0.39136208 0.60863792
493.00000000 0.39127286 0.60872714
494.00000000 0.39118438 0.60881562
495.00000000 0.39109662 0.60890338
496.00000000 0.39100958 0.60899042
497.00000000 0.39092326 0.60907674
498.00000000 0.39083764 0.60916236
499.00000000 0.39075273 0.60924727
500.00000000 0.39066852 0.60933148
501.00000000 0.39058500 0.60941500
502.00000000 0.39050216 0.60949784
503.00000000 0.39042001 0.60957999
504.00000000 0.39033853 0.60966147
505.00000000 0.39025771 0.60974229
506.00000000 0.39017757 0.60982243
507.00000000 0.39009808 0.60990192
508.00000000 0.39001924 0.60998076
509.00000000 0.38994105 0.61005895
510.00000000 0.38986351 0.61013649
511.00000000 0.38978660 0.61021340
512.00000000 0.38971032 0.61028968
513.00000000 0.38963467 0.61036533
514.00000000 0.38955964 0.61044036
515.00000000 0.38948523 0.61051477
516.00000000 0.38941143 0.61058857
517.00000000 0.38933823 0.61066177
518.00000000 0.38926564 0.61073436
519.00000000 0.38919364 0.61080636
520.00000000 0.38912223 0.61087777
521.00000000 0.38905141 0.61094859
522.00000000 0.38898118 0.61101882
523.00000000 0.38891151 0.61108849
524.00000000 0.38884242 0.61115758
525.00000000 0.38877390 0.61122610
526.00000000 0.38870594 0.61129406
527.00000000 0.38863854 0.61136146
528.00000000 0.38857170 0.61142830
529.00000000 0.38850540 0.61149460
530.00000000 0.38843965 0.61156035
531.00000000 0.38837443 0.61162557
532.00000000 0.38830976 0.61169024
533.00000000 0.38824561 0.61175439
534.00000000 0.38818199 0.61181801
535.00000000 0.38811889 0.61188111
536.00000000 0.38805632 0.61194368
537.00000000 0.38799425 0.61200575
538.00000000 0.38793270 0.61206730
539.00000000 0.38787165 0.61212835
540.00000000 0.38781110 0.61218890
541.00000000 0.38775105 0.61224895
542.00000000 0.38769150 0.61230850
543.00000000 0.38763243 0.61236757
544.00000000 0.38757385 0.61242615
545.00000000 0.38751574 0.61248426
546.00000000 0.38745812 0.61254188
547.00000000 0.38740097 0.61259903
548.00000000 0.38734429 0.61265571
549.00000000 0.38728807 0.61271193
550.00000000 0.38723232 0.61276768
551.00000000 0.38717702 0.61282298
552.00000000 0.38712218 0.61287782
553.00000000 0.38706779 0.61293221
554.00000000 0.38701385 0.61298615
555.00000000 0.38696035 0.61303965
556.00000000 0.38690729 0.61309271
557.00000000 0.38685466 0.61314534
558.00000000 0.38680247 0.61319753
559.00000000 0.38675070 0.61324930
560.00000000 0.38669936 0.61330064
561.00000000 0.38664844 0.61335156
562.00000000 0.38659794 0.61340206
563.00000000 0.38654786 0.61345214
564.00000000 0.38649819 0.61350181
565.00000000 0.38644892 0.61355108
566.00000000 0.38640006 0.61359994
567.00000000 0.38635160 0.61364840
568.00000000 0.38630354 0.61369646
569.00000000 0.38625587 0.61374413
570.00000000 0.38620860 0.61379140
571.00000000 0.38616171 0.61383829
572.00000000 0.38611521 0.61388479
573.00000000 0.38606909 0.61393091
574.00000000 0.38602335 0.61397665
575.00000000 0.38597799 0.61402201
576.00000000 0.38593299 0.61406701
577.00000000 0.38588837 0.61411163
578.00000000 0.38584412 0.61415588
579.00000000 0.38580022 0.61419978
580.00000000 0.38575669 0.61424331
581.00000000 0.38571352 0.61428648
582.00000000 0.38567070 0.61432930
583.00000000 0.38562823 0.61437177
584.00000000 0.38558611 0.61441389
585.00000000 0.38554434 0.61445566
586.00000000 0.38550291 0.61449709
587.00000000 0.38546182 0.61453818
588.00000000 0.38542106 0.61457894
589.00000000 0.38538065 0.61461935
590.00000000 0.38534056 0.61465944
591.00000000 0.38530081 0.61469919
592.00000000 0.38526138 0.61473862
593.00000000 0.38522227 0.61477773
594.00000000 0.38518349 0.61481651
595.00000000 0.38514502 0.61485498
596.00000000 0.38510687 0.61489313
597.00000000 0.38506903 0.61493097
598.00000000 0.38503151 0.61496849
599.00000000 0.38499429 0.61500571
600.00000000 0.38495738 0.61504262
601.00000000 0.38492077 0.61507923
602.00000000 0.38488446 0.61511554
603.00000000 0.38484845 0.61515155
604.00000000 0.38481274 0.61518726
605.00000000 0.38477732 0.61522268
606.00000000 0.38474219 0.61525781
607.00000000 0.38470735 0.61529265
608.00000000 0.38467279 0.61532721
609.00000000 0.38463852 0.61536148
610.00000000 0.38460453 0.61539547
611.00000000 0.38457082 0.61542918
612.00000000 0.38453739 0.61546261
613.00000000 0.38450423 0.61549577
614.00000000 0.38447134 0.61552866
615.00000000 0.38443873 0.61556127
616.00000000 0.38440638 0.61559362
617.00000000 0.38437430 0.61562570
618.00000000 0.38434248 0.61565752
619.00000000 0.38431092 0.61568908
620.00000000 0.38427962 0.61572038
621.00000000 0.38424858 0.61575142
622.00000000 0.38421779 0.61578221
623.00000000 0.38418726 0.61581274
624.00000000 0.38415698 0.61584302
625.00000000 0.38412694 0.61587306
626.00000000 0.38409716 0.61590284
627.00000000 0.38406761 0.61593239
628.00000000 0.38403831 0.61596169
629.00000000 0.38400926 0.61599074
630.00000000 0.38398043 0.61601957
631.00000000 0.38395185 0.61604815
632.00000000 0.38392350 0.61607650
633.00000000 0.38389539 0.61610461
634.00000000 0.38386750 0.61613250
635.00000000 0.38383984 0.61616016
636.00000000 0.38381242 0.61618758
637.00000000 0.38378521 0.61621479
638.00000000 0.38375823 0.61624177
639.00000000 0.38373147 0.61626853
640.00000000 0.38370494 0.61629506
641.00000000 0.38367861 0.61632139
642.00000000 0.38365251 0.61634749
643.00000000 0.38362662 0.61637338
644.00000000 0.38360094 0.61639906
645.00000000 0.38357548 0.61642452
646.00000000 0.38355022 0.61644978
647.00000000 0.38352517 0.61647483
648.00000000 0.38350033 0.61649967
649.00000000 0.38347569 0.61652431
650.00000000 0.38345125 0.61654875
651.00000000 0.38342701 0.61657299
652.00000000 0.38340297 0.61659703
653.00000000 0.38337913 0.61662087
654.00000000 0.38335549 0.61664451
655.00000000 0.38333204 0.61666796
656.00000000 0.38330878 0.61669122
657.00000000 0.38328571 0.61671429
658.00000000 0.38326284 0.61673716
659.00000000 0.38324015 0.61675985
660.00000000 0.38321765 0.61678235
661.00000000 0.38319533 0.61680467
662.00000000 0.38317319 0.61682681
663.00000000 0.38315124 0.61684876
664.00000000 0.38312947 0.61687053
665.00000000 0.38310787 0.61689213
666.00000000 0.38308646 0.61691354
667.00000000 0.38306522 0.61693478
668.00000000 0.38304415 0.61695585
669.00000000 0.38302326 0.61697674
670.00000000 0.38300254 0.61699746
671.00000000 0.38298199 0.61701801
672.00000000 0.38296160 0.61703840
673.00000000 0.38294139 0.61705861
674.00000000 0.38292134 0.61707866
675.00000000 0.38290146 0.61709854
676.00000000 0.38288174 0.61711826
677.00000000 0.38286218 0.61713782
678.00000000 0.38284278 0.61715722
679.00000000 0.38282354 0.61717646
680.00000000 0.38280446 0.61719554
681.00000000 0.38278554 0.61721446
682.00000000 0.38276677 0.61723323
683.00000000 0.38274815 0.61725185
684.00000000 0.38272969 0.61727031
685.00000000 0.38271138 0.61728862
686.00000000 0.38269322 0.61730678
687.00000000 0.38267521 0.61732479
688.00000000 0.38265735 0.61734265
689.00000000 0.38263964 0.61736036
690.00000000 0.38262207 0.61737793
691.00000000 0.38260464 0.61739536
692.00000000 0.38258736 0.61741264
693.00000000 0.38257022 0.61742978
694.00000000 0.38255322 0.61744678
695.00000000 0.38253636 0.61746364
696.00000000 0.38251963 0.61748037
697.00000000 0.38250305 0.61749695
698.00000000 0.38248660 0.61751340
699.00000000 0.38247029 0.61752971
700.00000000 0.38245411 0.61754589
701.00000000 0.38243806 0.61756194
702.00000000 0.38242215 0.61757785
703.00000000 0.38240637 0.61759363
704.00000000 0.38239071 0.61760929
705.00000000 0.38237519 0.61762481
706.00000000 0.38235979 0.61764021
707.00000000 0.38234452 0.61765548
708.00000000 0.38232937 0.61767063
709.00000000 0.38231435 0.61768565
710.00000000 0.38229945 0.61770055
711.00000000 0.38228468 0.61771532
712.00000000 0.38227002 0.61772998
713.00000000 0.38225549 0.61774451
714.00000000 0.38224108 0.61775892
715.00000000 0.38222678 0.61777322
716.00000000 0.38221260 0.61778740
717.00000000 0.38219854 0.61780146
718.00000000 0.38218459 0.61781541
719.00000000 0.38217076 0.61782924
720.00000000 0.38215704 0.61784296
721.00000000 0.38214344 0.61785656
722.00000000 0.38212994 0.61787006
723.00000000 0.38211656 0.61788344
724.00000000 0.38210328 0.61789672
725.00000000 0.38209012 0.61790988
726.00000000 0.38207706 0.61792294
727.00000000 0.38206412 0.61793588
728.00000000 0.38205127 0.61794873
729.00000000 0.38203854 0.61796146
730.00000000 0.38202590 0.61797410
731.00000000 0.38201337 0.61798663
732.00000000 0.38200095 0.61799905
733.00000000 0.38198863 0.61801137
734.00000000 0.38197640 0.61802360
735.00000000 0.38196428 0.61803572
736.00000000 0.38195226 0.61804774
737.00000000 0.38194034 0.61805966
738.00000000 0.38192851 0.61807149
739.00000000 0.38191678 0.61808322
740.00000000 0.38190515 0.61809485
741.00000000 0.38189361 0.61810639
742.00000000 0.38188217 0.61811783
743.00000000 0.38187082 0.61812918
744.00000000 0.38185957 0.61814043
745.00000000 0.38184840 0.61815160
746.00000000 0.38183733 0.61816267
747.00000000 0.38182635 0.61817365
748.00000000 0.38181547 0.61818453
749.00000000 0.38180467 0.61819533
750.00000000 0.38179395 0.61820605
751.00000000 0.38178333 0.61821667
752.00000000 0.38177279 0.61822721
753.00000000 0.38176235 0.61823765
754.00000000 0.38175198 0.61824802
755.00000000 0.38174170 0.61825830
756.00000000 0.38173151 0.61826849
757.00000000 0.38172140 0.61827860
758.00000000 0.38171137 0.61828863
759.00000000 0.38170143 0.61829857
760.00000000 0.38169156 0.61830844
761.00000000 0.38168178 0.61831822
762.00000000 0.38167208 0.61832792
763.00000000 0.38166246 0.61833754
764.00000000 0.38165291 0.61834709
765.00000000 0.38164345 0.61835655
766.00000000 0.38163406 0.61836594
767.00000000 0.38162475 0.61837525
768.00000000 0.38161552 0.61838448
769.00000000 0.38160636 0.61839364
770.00000000 0.38159728 0.61840272
771.00000000 0.38158827 0.61841173
772.00000000 0.38157934 0.61842066
773.00000000 0.38157048 0.61842952
774.00000000 0.38156169 0.61843831
775.00000000 0.38155297 0.61844703
776.00000000 0.38154433 0.61845567
777.00000000 0.38153576 0.61846424
778.00000000 0.38152725 0.61847275
779.00000000 0.38151882 0.61848118
780.00000000 0.38151046 0.61848954
781.00000000 0.38150216 0.61849784
782.00000000 0.38149394 0.61850606
783.00000000 0.38148578 0.61851422
784.00000000 0.38147769 0.61852231
785.00000000 0.38146966 0.61853034
786.00000000 0.38146170 0.61853830
787.00000000 0.38145381 0.61854619
788.00000000 0.38144598 0.61855402
789.00000000 0.38143821 0.61856179
790.00000000 0.38143051 0.61856949
791.00000000 0.38142287 0.61857713
792.00000000 0.38141530 0.61858470
793.00000000 0.38140779 0.61859221
794.00000000 0.38140034 0.61859966
795.00000000 0.38139295 0.61860705
796.00000000 0.38138562 0.61861438
797.00000000 0.38137835 0.61862165
798.00000000 0.38137114 0.61862886
799.00000000 0.38136399 0.61863601
800.00000000 0.38135690 0.61864310
801.00000000 0.38134986 0.61865014
802.00000000 0.38134289 0.61865711
803.00000000 0.38133597 0.61866403
804.00000000 0.38132911 0.61867089
805.00000000 0.38132230 0.61867770
806.00000000 0.38131555 0.61868445
807.00000000 0.38130886 0.61869114
808.00000000 0.38130222 0.61869778
809.00000000 0.38129564 0.61870436
810.00000000 0.38128911 0.61871089
811.00000000 0.38128263 0.61871737
812.00000000 0.38127621 0.61872379
813.00000000 0.38126984 0.61873016
814.00000000 0.38126352 0.61873648
815.00000000 0.38125725 0.61874275
816.00000000 0.38125104 0.61874896
817.00000000 0.38124487 0.61875513
818.00000000 0.38123876 0.61876124
819.00000000 0.38123270 0.61876730
820.00000000 0.38122669 0.61877331
821.00000000 0.38122072 0.61877928
822.00000000 0.38121481 0.61878519
823.00000000 0.38120894 0.61879106
824.00000000 0.38120312 0.61879688
825.00000000 0.38119735 0.61880265
826.00000000 0.38119163 0.61880837
827.00000000 0.38118596 0.61881404
828.00000000 0.38118033 0.61881967
829.00000000 0.38117474 0.61882526
830.00000000 0.38116921 0.61883079
831.00000000 0.38116372 0.61883628
832.00000000 0.38115827 0.61884173
833.00000000 0.38115287 0.61884713
834.00000000 0.38114751 0.61885249
835.00000000 0.38114220 0.61885780
836.00000000 0.38113693 0.61886307
837.00000000 0.38113170 0.61886830
838.00000000 0.38112652 0.61887348
839.00000000 0.38112138 0.61887862
840.00000000 0.38111628 0.61888372
841.00000000 0.38111122 0.61888878
842.00000000 0.38110621 0.61889379
843.00000000 0.38110123 0.61889877
844.00000000 0.38109630 0.61890370
845.00000000 0.38109141 0.61890859
846.00000000 0.38108655 0.61891345
847.00000000 0.38108174 0.61891826
848.00000000 0.38107697 0.61892303
849.00000000 0.38107224 0.61892776
850.00000000 0.38106754 0.61893246
851.00000000 0.38106288 0.61893712
852.00000000 0.38105827 0.61894173
853.00000000 0.38105369 0.61894631
854.00000000 0.38104914 0.61895086
855.00000000 0.38104464 0.61895536
856.00000000 0.38104017 0.61895983
857.00000000 0.38103574 0.61896426
858.00000000 0.38103134 0.61896866
859.00000000 0.38102698 0.61897302
860.00000000 0.38102266 0.61897734
861.00000000 0.38101837 0.61898163
862.00000000 0.38101412 0.61898588
863.00000000 0.38100990 0.61899010
864.00000000 0.38100572 0.61899428
865.00000000 0.38100157 0.61899843
866.00000000 0.38099746 0.61900254
867.00000000 0.38099338 0.61900662
868.00000000 0.38098933 0.61901067
869.00000000 0.38098532 0.61901468
870.00000000 0.38098133 0.61901867
871.00000000 0.38097739 0.61902261
872.00000000 0.38097347 0.61902653
873.00000000 0.38096959 0.61903041
874.00000000 0.38096574 0.61903426
875.00000000 0.38096192 0.61903808
876.00000000 0.38095813 0.61904187
877.00000000 0.38095437 0.61904563
878.00000000 0.38095064 0.61904936
879.00000000 0.38094695 0.61905305
880.00000000 0.38094328 0.61905672
881.00000000 0.38093964 0.61906036
882.00000000 0.38093604 0.61906396
883.00000000 0.38093246 0.61906754
884.00000000 0.38092892 0.61907108
885.00000000 0.38092540 0.61907460
886.00000000 0.38092191 0.61907809
887.00000000 0.38091845 0.61908155
888.00000000 0.38091502 0.61908498
889.00000000 0.38091161 0.61908839
890.00000000 0.38090824 0.61909176
891.00000000 0.38090489 0.61909511
892.00000000 0.38090157 0.61909843
893.00000000 0.38089828 0.61910172
894.00000000 0.38089501 0.61910499
895.00000000 0.38089177 0.61910823
896.00000000 0.38088856 0.61911144
897.00000000 0.38088537 0.61911463
898.00000000 0.38088221 0.61911779
899.00000000 0.38087908 0.61912092
900.00000000 0.38087597 0.61912403
901.00000000 0.38087289 0.61912711
902.00000000 0.38086983 0.61913017
903.00000000 0.38086680 0.61913320
904.00000000 0.38086379 0.61913621
905.00000000 0.38086081 0.61913919
906.00000000 0.38085785 0.61914215
907.00000000 0.38085492 0.61914508
908.00000000 0.38085201 0.61914799
909.00000000 0.38084912 0.61915088
910.00000000 0.38084626 0.61915374
911.00000000 0.38084342 0.61915658
912.00000000 0.38084061 0.61915939
913.00000000 0.38083781 0.61916219
914.00000000 0.38083504 0.61916496
915.00000000 0.38083230 0.61916770
916.00000000 0.38082957 0.61917043
917.00000000 0.38082687 0.61917313
918.00000000 0.38082419 0.61917581
919.00000000 0.38082153 0.61917847
920.00000000 0.38081890 0.61918110
921.00000000 0.38081629 0.61918371
922.00000000 0.38081369 0.61918631
923.00000000 0.38081112 0.61918888
924.00000000 0.38080857 0.61919143
925.00000000 0.38080604 0.61919396
926.00000000 0.38080353 0.61919647
927.00000000 0.38080105 0.61919895
928.00000000 0.38079858 0.61920142
929.00000000 0.38079613 0.61920387
930.00000000 0.38079371 0.61920629
931.00000000 0.38079130 0.61920870
932.00000000 0.38078891 0.61921109
933.00000000 0.38078654 0.61921346
934.00000000 0.38078420 0.61921580
935.00000000 0.38078187 0.61921813
936.00000000 0.38077956 0.61922044
937.00000000 0.38077727 0.61922273
938.00000000 0.38077499 0.61922501
939.00000000 0.38077274 0.61922726
940.00000000 0.38077051 0.61922949
941.00000000 0.38076829 0.61923171
942.00000000 0.38076609 0.61923391
943.00000000 0.38076391 0.61923609
944.00000000 0.38076175 0.61923825
945.00000000 0.38075960 0.61924040
946.00000000 0.38075748 0.61924252
947.00000000 0.38075537 0.61924463
948.00000000 0.38075328 0.61924672
949.00000000 0.38075120 0.61924880
950.00000000 0.38074914 0.61925086
951.00000000 0.38074710 0.61925290
952.00000000 0.38074508 0.61925492
953.00000000 0.38074307 0.61925693
954.00000000 0.38074108 0.61925892
955.00000000 0.38073911 0.61926089
956.00000000 0.38073715 0.61926285
957.00000000 0.38073520 0.61926480
958.00000000 0.38073328 0.61926672
959.00000000 0.38073137 0.61926863
960.00000000 0.38072947 0.61927053
961.00000000 0.38072759 0.61927241
962.00000000 0.38072573 0.61927427
963.00000000 0.38072388 0.61927612
964.00000000 0.38072205 0.61927795
965.00000000 0.38072023 0.61927977
966.00000000 0.38071843 0.61928157
967.00000000 0.38071664 0.61928336
968.00000000 0.38071486 0.61928514
969.00000000 0.38071310 0.61928690
970.00000000 0.38071136 0.61928864
971.00000000 0.38070963 0.61929037
972.00000000 0.38070791 0.61929209
973.00000000 0.38070621 0.61929379
974.00000000 0.38070452 0.61929548
975.00000000 0.38070285 0.61929715
976.00000000 0.38070119 0.61929881
977.00000000 0.38069954 0.61930046
978.00000000 0.38069791 0.61930209
979.00000000 0.38069629 0.61930371
980.00000000 0.38069468 0.61930532
981.00000000 0.38069309 0.61930691
982.00000000 0.38069150 0.61930850
983.00000000 0.38068994 0.61931006
984.00000000 0.38068838 0.61931162
985.00000000 0.38068684 0.61931316
986.00000000 0.38068531 0.61931469
987.00000000 0.38068380 0.61931620
988.00000000 0.38068229 0.61931771
989.00000000 0.38068080 0.61931920
990.00000000 0.38067932 0.61932068
991.00000000 0.38067785 0.61932215
992.00000000 0.38067640 0.61932360
993.00000000 0.38067495 0.61932505
994.00000000 0.38067352 0.61932648
995.00000000 0.38067210 0.61932790
996.00000000 0.38067069 0.61932931
997.00000000 0.38066930 0.61933070
998.00000000 0.38066791 0.61933209
999.00000000 0.38066654 0.61933346
