0.00000000 0.00009100 0.00824756 0.00398765 0.00044719 0.21730518 0.00593771 0.76398371 
1.00000000 0.00009092 0.00824821 0.00398783 0.00044684 0.21731331 0.00593774 0.76397516 
2.00000000 0.00009072 0.00825095 0.00398820 0.00044556 0.21734405 0.00593778 0.76394274 
3.00000000 0.00009041 0.00825695 0.00398895 0.00044373 0.21740404 0.00593789 0.76387804 
4.00000000 0.00009005 0.00826633 0.00398986 0.00044180 0.21749379 0.00593800 0.76378016 
5.00000000 0.00008969 0.00827811 0.00399086 0.00044106 0.21760484 0.00593785 0.76365760 
6.00000000 0.00008942 0.00829211 0.00399204 0.00044301 0.21773701 0.00593720 0.76350921 
7.00000000 0.00008934 0.00831076 0.00399425 0.00044972 0.21791834 0.00593586 0.76330173 
8.00000000 0.00008963 0.00833973 0.00399899 0.00046334 0.21820670 0.00593405 0.76296756 
9.00000000 0.00009050 0.00838580 0.00400789 0.00048594 0.21867192 0.00593214 0.76242582 
10.00000000 0.00009219 0.00845374 0.00402196 0.00051923 0.21936154 0.00593048 0.76162087 
11.00000000 0.00009492 0.00854401 0.00404105 0.00056455 0.22027843 0.00592905 0.76054800 
12.00000000 0.00009895 0.00865312 0.00406407 0.00062293 0.22138430 0.00592749 0.75924913 
13.00000000 0.00010459 0.00877654 0.00408969 0.00069535 0.22263057 0.00592545 0.75777782 
14.00000000 0.00011218 0.00891212 0.00411727 0.00078289 0.22399451 0.00592301 0.75615803 
15.00000000 0.00012208 0.00906142 0.00414718 0.00088683 0.22549394 0.00592101 0.75436754 
16.00000000 0.00013457 0.00922792 0.00418045 0.00100868 0.22716819 0.00592084 0.75235935 
17.00000000 0.00014983 0.00941368 0.00421793 0.00115030 0.22903894 0.00592390 0.75010543 
18.00000000 0.00016808 0.00961729 0.00425976 0.00131411 0.23108200 0.00593098 0.74762778 
19.00000000 0.00018962 0.00983483 0.00430544 0.00150335 0.23323431 0.00594220 0.74499026 
20.00000000 0.00021487 0.01006307 0.00435454 0.00172175 0.23543567 0.00595740 0.74225269 
21.00000000 0.00024424 0.01030289 0.00440768 0.00197266 0.23767706 0.00597676 0.73941870 
22.00000000 0.00027798 0.01056001 0.00446678 0.00225802 0.24001906 0.00600125 0.73641689 
23.00000000 0.00031625 0.01084219 0.00453439 0.00257859 0.24256280 0.00603256 0.73313322 
24.00000000 0.00035917 0.01115450 0.00461246 0.00293585 0.24538921 0.00607255 0.72947627 
25.00000000 0.00040700 0.01149646 0.00470123 0.00333386 0.24850494 0.00612234 0.72543417 
26.00000000 0.00046023 0.01186277 0.00479895 0.00377938 0.25182994 0.00618178 0.72108694 
27.00000000 0.00051933 0.01224681 0.00490258 0.00428034 0.25523581 0.00624960 0.71656553 
28.00000000 0.00058439 0.01264445 0.00500930 0.00484463 0.25861120 0.00632423 0.71198181 
29.00000000 0.00065496 0.01305572 0.00511788 0.00547984 0.26191269 0.00640477 0.70737415 
30.00000000 0.00073023 0.01348319 0.00522897 0.00619359 0.26516847 0.00649135 0.70270420 
31.00000000 0.00080965 0.01392851 0.00534412 0.00699321 0.26843467 0.00658454 0.69790530 
32.00000000 0.00089338 0.01439021 0.00546434 0.00788435 0.27173677 0.00668430 0.69294666 
33.00000000 0.00098242 0.01486403 0.00558904 0.00886912 0.27503839 0.00678947 0.68786753 
34.00000000 0.00107793 0.01534483 0.00571620 0.00994534 0.27825985 0.00689848 0.68275739 
35.00000000 0.00118021 0.01582830 0.00584354 0.01110762 0.28133316 0.00701072 0.67769646 
36.00000000 0.00128814 0.01631160 0.00597008 0.01234959 0.28425390 0.00712769 0.67269900 
37.00000000 0.00139959 0.01679258 0.00609683 0.01366548 0.28709194 0.00725297 0.66770061 
38.00000000 0.00151243 0.01726832 0.00622600 0.01505078 0.28995150 0.00739080 0.66260017 
39.00000000 0.00162561 0.01773524 0.00635949 0.01650227 0.29290558 0.00754413 0.65732769 
40.00000000 0.00173954 0.01819215 0.00649762 0.01801765 0.29594812 0.00771322 0.65189169 
41.00000000 0.00185551 0.01864400 0.00663903 0.01959534 0.29899551 0.00789592 0.64637468 
42.00000000 0.00197455 0.01910230 0.00678161 0.02123434 0.30193687 0.00808941 0.64088091 
43.00000000 0.00209646 0.01958084 0.00692420 0.02293338 0.30470109 0.00829218 0.63547184 
44.00000000 0.00222026 0.02008892 0.00706765 0.02468917 0.30729741 0.00850477 0.63013181 
45.00000000 0.00234542 0.02062634 0.00721451 0.02649575 0.30980244 0.00872892 0.62478662 
46.00000000 0.00247289 0.02118350 0.00736731 0.02834643 0.31230179 0.00896564 0.61936243 
47.00000000 0.00260504 0.02174717 0.00752685 0.03023623 0.31482603 0.00921384 0.61384484 
48.00000000 0.00274433 0.02230869 0.00769150 0.03216136 0.31732713 0.00947043 0.60829656 
49.00000000 0.00289156 0.02286959 0.00785806 0.03411652 0.31971200 0.00973202 0.60282025 
50.00000000 0.00304507 0.02344114 0.00802364 0.03609409 0.32190632 0.00999709 0.59749265 
51.00000000 0.00320163 0.02403791 0.00818726 0.03808770 0.32390019 0.01026713 0.59231818 
52.00000000 0.00335867 0.02466868 0.00834981 0.04009758 0.32574309 0.01054578 0.58723639 
53.00000000 0.00351571 0.02533087 0.00851272 0.04213269 0.32749591 0.01083626 0.58217584 
54.00000000 0.00367410 0.02601260 0.00867655 0.04420763 0.32917964 0.01113871 0.57711076 
55.00000000 0.00383571 0.02670177 0.00884054 0.04633640 0.33075978 0.01144925 0.57207654 
56.00000000 0.00400149 0.02739490 0.00900314 0.04852663 0.33217554 0.01176190 0.56713639 
57.00000000 0.00417106 0.02809864 0.00916282 0.05077678 0.33338849 0.01207235 0.56232987 
58.00000000 0.00434383 0.02882277 0.00931883 0.05307629 0.33441432 0.01238093 0.55764304 
59.00000000 0.00452081 0.02957043 0.00947134 0.05540860 0.33531614 0.01269288 0.55301981 
60.00000000 0.00470496 0.03033311 0.00962072 0.05775711 0.33616359 0.01301551 0.54840500 
61.00000000 0.00489970 0.03109437 0.00976663 0.06011199 0.33698461 0.01335384 0.54378886 
62.00000000 0.00510710 0.03184081 0.00990772 0.06247272 0.33774175 0.01370762 0.53922228 
63.00000000 0.00532724 0.03257367 0.01004223 0.06484448 0.33834892 0.01407139 0.53479207 
64.00000000 0.00555880 0.03331271 0.01016885 0.06723180 0.33871654 0.01443782 0.53057348 
65.00000000 0.00580023 0.03408835 0.01028737 0.06963510 0.33879688 0.01480174 0.52659033 
66.00000000 0.00605084 0.03492630 0.01039870 0.07205164 0.33860375 0.01516246 0.52280631 
67.00000000 0.00631100 0.03583468 0.01050422 0.07447891 0.33819833 0.01552254 0.51915031 
68.00000000 0.00658110 0.03680151 0.01060477 0.07691706 0.33765294 0.01588437 0.51555824 
69.00000000 0.00686052 0.03780274 0.01069998 0.07936766 0.33701809 0.01624696 0.51200404 
70.00000000 0.00714778 0.03881428 0.01078820 0.08182857 0.33631358 0.01660553 0.50850205 
71.00000000 0.00744157 0.03982021 0.01086698 0.08428743 0.33554646 0.01695440 0.50508294 
72.00000000 0.00774179 0.04081416 0.01093406 0.08671841 0.33473940 0.01729099 0.50176117 
73.00000000 0.00804972 0.04179595 0.01098843 0.08908589 0.33394500 0.01761835 0.49851666 
74.00000000 0.00836708 0.04276652 0.01103069 0.09135510 0.33323105 0.01794420 0.49530536 
75.00000000 0.00869420 0.04372400 0.01106258 0.09350436 0.33264500 0.01827700 0.49209287 
76.00000000 0.00902881 0.04466298 0.01108627 0.09553114 0.33218466 0.01862090 0.48888524 
77.00000000 0.00936717 0.04557798 0.01110401 0.09744889 0.33179811 0.01897273 0.48573111 
78.00000000 0.00970664 0.04646910 0.01111827 0.09927746 0.33141243 0.01932289 0.48269322 
79.00000000 0.01004784 0.04734493 0.01113156 0.10103320 0.33097236 0.01966000 0.47981011 
80.00000000 0.01039462 0.04821956 0.01114601 0.10272349 0.33046535 0.01997655 0.47707443 
81.00000000 0.01075157 0.04910539 0.01116266 0.10434837 0.32991870 0.02027220 0.47444111 
82.00000000 0.01112017 0.05000724 0.01118088 0.10590812 0.32937148 0.02055284 0.47185926 
83.00000000 0.01149591 0.05092083 0.01119845 0.10741132 0.32884097 0.02082605 0.46930648 
84.00000000 0.01186922 0.05183567 0.01121257 0.10887725 0.32830641 0.02109598 0.46680290 
85.00000000 0.01223029 0.05274069 0.01122147 0.11033076 0.32771940 0.02136116 0.46439624 
86.00000000 0.01257427 0.05363068 0.01122553 0.11179274 0.32703297 0.02161656 0.46212725 
87.00000000 0.01290310 0.05451053 0.01122738 0.11327239 0.32623065 0.02185835 0.45999759 
88.00000000 0.01322298 0.05539368 0.01123081 0.11476619 0.32533708 0.02208756 0.45796171 
89.00000000 0.01353946 0.05629442 0.01123905 0.11626395 0.32440249 0.02231029 0.45595034 
90.00000000 0.01385359 0.05721890 0.01125361 0.11775734 0.32347158 0.02253433 0.45391066 
91.00000000 0.01416167 0.05816070 0.01127434 0.11924470 0.32255836 0.02276437 0.45183586 
92.00000000 0.01445924 0.05910291 0.01130054 0.12072968 0.32164301 0.02299918 0.44976544 
93.00000000 0.01474621 0.06002398 0.01133201 0.12221426 0.32069108 0.02323265 0.44775983 
94.00000000 0.01502892 0.06090391 0.01136905 0.12368984 0.31968246 0.02345799 0.44586783 
95.00000000 0.01531745 0.06172903 0.01141182 0.12513298 0.31863121 0.02367244 0.44410507 
96.00000000 0.01561979 0.06249559 0.01145955 0.12651126 0.31758208 0.02387925 0.44245246 
97.00000000 0.01593697 0.06321121 0.01151017 0.12779742 0.31658583 0.02408577 0.44087264 
98.00000000 0.01626221 0.06389248 0.01156097 0.12898225 0.31567162 0.02429834 0.43933213 
99.00000000 0.01658516 0.06455887 0.01161036 0.13007787 0.31483488 0.02451718 0.43781567 
100.00000000 0.01689829 0.06522605 0.01165955 0.13110927 0.31404571 0.02473516 0.43632598 
101.00000000 0.01720066 0.06590251 0.01171288 0.13209960 0.31327122 0.02494168 0.43487146 
102.00000000 0.01749673 0.06658976 0.01177628 0.13305809 0.31249946 0.02512906 0.43345062 
103.00000000 0.01779156 0.06728493 0.01185447 0.13397816 0.31174952 0.02529726 0.43204411 
104.00000000 0.01808618 0.06798373 0.01194868 0.13484668 0.31105878 0.02545395 0.43062199 
105.00000000 0.01837648 0.06868279 0.01205630 0.13565677 0.31045502 0.02561008 0.42916256 
106.00000000 0.01865632 0.06937933 0.01217288 0.13641516 0.30993302 0.02577386 0.42766944 
107.00000000 0.01892294 0.07006875 0.01229518 0.13714037 0.30945114 0.02594691 0.42617471 
108.00000000 0.01918004 0.07074342 0.01242302 0.13785376 0.30894975 0.02612514 0.42472488 
109.00000000 0.01943600 0.07139551 0.01255882 0.13856931 0.30838063 0.02630332 0.42335641 
110.00000000 0.01969830 0.07202292 0.01270538 0.13928925 0.30772948 0.02647969 0.42207499 
111.00000000 0.01996867 0.07263360 0.01286345 0.14000864 0.30701673 0.02665738 0.42085152 
112.00000000 0.02024219 0.07324444 0.01303085 0.14072539 0.30627764 0.02684198 0.41963751 
113.00000000 0.02051020 0.07387434 0.01320354 0.14144747 0.30553802 0.02703684 0.41838960 
114.00000000 0.02076472 0.07453463 0.01337797 0.14219176 0.30480209 0.02723957 0.41708925 
115.00000000 0.02100147 0.07522185 0.01355259 0.14297467 0.30405686 0.02744281 0.41574975 
116.00000000 0.02122007 0.07591703 0.01372742 0.14380027 0.30328732 0.02763871 0.41440917 
117.00000000 0.02142242 0.07659236 0.01390236 0.14465465 0.30249096 0.02782388 0.41311336 
118.00000000 0.02161111 0.07722195 0.01407591 0.14551225 0.30167859 0.02800135 0.41189884 
119.00000000 0.02178917 0.07779145 0.01424538 0.14635127 0.30085922 0.02817873 0.41078478 
120.00000000 0.02196107 0.07830200 0.01440842 0.14716698 0.30002279 0.02836380 0.40977493 
121.00000000 0.02213334 0.07876699 0.01456512 0.14797371 0.29913660 0.02856034 0.40886390 
122.00000000 0.02231383 0.07920470 0.01471867 0.14879527 0.29815692 0.02876692 0.40804368 
123.00000000 0.02250947 0.07963112 0.01487411 0.14965129 0.29704559 0.02897945 0.40730897 
124.00000000 0.02272379 0.08005589 0.01503569 0.15054769 0.29578192 0.02919491 0.40666010 
125.00000000 0.02295613 0.08048192 0.01520514 0.15147557 0.29436526 0.02941327 0.40610271 
126.00000000 0.02320292 0.08090790 0.01538149 0.15241754 0.29280967 0.02963637 0.40564412 
127.00000000 0.02346009 0.08133216 0.01556240 0.15335649 0.29113779 0.02986504 0.40528603 
128.00000000 0.02372485 0.08175585 0.01574560 0.15428095 0.28938043 0.03009669 0.40501562 
129.00000000 0.02399591 0.08218399 0.01592962 0.15518419 0.28757689 0.03032536 0.40480405 
130.00000000 0.02427295 0.08262377 0.01611338 0.15605888 0.28576718 0.03054456 0.40461928 
131.00000000 0.02455608 0.08308088 0.01629575 0.15689271 0.28397762 0.03075092 0.40444603 
132.00000000 0.02484563 0.08355569 0.01647569 0.15767047 0.28221113 0.03094609 0.40429529 
133.00000000 0.02514200 0.08404211 0.01665338 0.15838307 0.28045035 0.03113539 0.40419370 
134.00000000 0.02544559 0.08453105 0.01683101 0.15903651 0.27867249 0.03132452 0.40415884 
135.00000000 0.02575627 0.08501702 0.01701242 0.15965207 0.27686764 0.03151632 0.40417827 
136.00000000 0.02607257 0.08550322 0.01720124 0.16025604 0.27504837 0.03171017 0.40420840 
137.00000000 0.02639103 0.08600109 0.01739866 0.16086600 0.27324207 0.03190407 0.40419707 
138.00000000 0.02670669 0.08652354 0.01760210 0.16148275 0.27147143 0.03209764 0.40411584 
139.00000000 0.02701460 0.08707540 0.01780615 0.16209253 0.26973920 0.03229324 0.40397886 
140.00000000 0.02731196 0.08764766 0.01800538 0.16267698 0.26802944 0.03249434 0.40383424 
141.00000000 0.02759954 0.08822049 0.01819701 0.16322359 0.26632435 0.03270279 0.40373224 
142.00000000 0.02788132 0.08877441 0.01838168 0.16373004 0.26462514 0.03291719 0.40369022 
143.00000000 0.02816215 0.08930313 0.01856193 0.16420090 0.26296082 0.03313365 0.40367741 
144.00000000 0.02844516 0.08981989 0.01873967 0.16464047 0.26137455 0.03334840 0.40363187 
145.00000000 0.02873045 0.09035165 0.01891439 0.16504743 0.25989530 0.03356051 0.40350028 
146.00000000 0.02901573 0.09092304 0.01908330 0.16541563 0.25851687 0.03377268 0.40327274 
147.00000000 0.02929832 0.09153974 0.01924314 0.16574088 0.25720169 0.03398947 0.40298677 
148.00000000 0.02957748 0.09218330 0.01939246 0.16602840 0.25590639 0.03421362 0.40269836 
149.00000000 0.02985541 0.09282182 0.01953263 0.16629378 0.25461111 0.03444319 0.40244207 
150.00000000 0.03013578 0.09342880 0.01966696 0.16655562 0.25333295 0.03467117 0.40220873 
151.00000000 0.03042057 0.09399702 0.01979846 0.16682519 0.25211424 0.03488836 0.40195616 
152.00000000 0.03070774 0.09453815 0.01992820 0.16710075 0.25099190 0.03508775 0.40164550 
153.00000000 0.03099154 0.09506914 0.02005545 0.16737123 0.24996910 0.03526778 0.40127575 
154.00000000 0.03126574 0.09559572 0.02017959 0.16762763 0.24900986 0.03543245 0.40088901 
155.00000000 0.03152818 0.09610555 0.02030214 0.16787430 0.24806042 0.03558816 0.40054125 
156.00000000 0.03178389 0.09657573 0.02042699 0.16813130 0.24708192 0.03573980 0.40026037 
157.00000000 0.03204358 0.09698855 0.02055851 0.16842611 0.24607219 0.03588870 0.40002235 
158.00000000 0.03231779 0.09734363 0.02069901 0.16878130 0.24506142 0.03603373 0.39976313 
159.00000000 0.03261037 0.09765819 0.02084737 0.16920553 0.24408429 0.03617418 0.39942008 
160.00000000 0.03291552 0.09795540 0.02100010 0.16969203 0.24314893 0.03631183 0.39897618 
161.00000000 0.03322073 0.09824871 0.02115402 0.17022436 0.24222589 0.03645070 0.39847559 
162.00000000 0.03351407 0.09853279 0.02130857 0.17078558 0.24126613 0.03659448 0.39799837 
163.00000000 0.03379090 0.09878760 0.02146633 0.17136446 0.24023546 0.03674383 0.39761142 
164.00000000 0.03405436 0.09899322 0.02163143 0.17195530 0.23914215 0.03689550 0.39732805 
165.00000000 0.03430931 0.09914585 0.02180707 0.17255385 0.23803905 0.03704418 0.39710069 
166.00000000 0.03455463 0.09926379 0.02199389 0.17315406 0.23699905 0.03718604 0.39684853 
167.00000000 0.03478015 0.09937894 0.02218977 0.17374805 0.23608096 0.03732144 0.39650069 
168.00000000 0.03497061 0.09951896 0.02239109 0.17432904 0.23530895 0.03745493 0.39602641 
169.00000000 0.03511439 0.09969346 0.02259424 0.17489498 0.23467616 0.03759248 0.39543428 
170.00000000 0.03521146 0.09989334 0.02279623 0.17545015 0.23416444 0.03773755 0.39474682 
171.00000000 0.03527480 0.10010173 0.02299427 0.17600330 0.23376232 0.03788882 0.39397476 
172.00000000 0.03532363 0.10030647 0.02318524 0.17656456 0.23346732 0.03804095 0.39311182 
173.00000000 0.03537268 0.10050626 0.02336595 0.17714282 0.23327210 0.03818784 0.39215236 
174.00000000 0.03542499 0.10070928 0.02353444 0.17774379 0.23314600 0.03832590 0.39111559 
175.00000000 0.03547327 0.10092757 0.02369170 0.17836870 0.23302919 0.03845544 0.39005414 
176.00000000 0.03550863 0.10117103 0.02384207 0.17901442 0.23284963 0.03857949 0.38903474 
177.00000000 0.03553052 0.10144426 0.02399167 0.17967426 0.23255515 0.03870152 0.38810262 
178.00000000 0.03555063 0.10174725 0.02414518 0.18033793 0.23213889 0.03882393 0.38725620 
179.00000000 0.03558760 0.10207855 0.02430319 0.18099222 0.23163917 0.03894805 0.38645121 
180.00000000 0.03565624 0.10243803 0.02446195 0.18162483 0.23111333 0.03907561 0.38563001 
181.00000000 0.03575883 0.10282658 0.02461570 0.18222953 0.23060327 0.03920973 0.38475635 
182.00000000 0.03588471 0.10324298 0.02476014 0.18280834 0.23011458 0.03935471 0.38383454 
183.00000000 0.03601825 0.10368065 0.02489490 0.18336830 0.22962148 0.03951432 0.38290211 
184.00000000 0.03614978 0.10412805 0.02502341 0.18391514 0.22909143 0.03968998 0.38200220 
185.00000000 0.03628231 0.10457318 0.02515040 0.18444754 0.22850932 0.03988010 0.38115715 
186.00000000 0.03642950 0.10500923 0.02527883 0.18495607 0.22788253 0.04008090 0.38036295 
187.00000000 0.03660626 0.10543790 0.02540864 0.18542881 0.22722509 0.04028819 0.37960510 
188.00000000 0.03681842 0.10586884 0.02553797 0.18586085 0.22653710 0.04049893 0.37887788 
189.00000000 0.03705828 0.10631563 0.02566574 0.18626148 0.22579898 0.04071142 0.37818847 
190.00000000 0.03730907 0.10678968 0.02579336 0.18665349 0.22498804 0.04092439 0.37754197 
191.00000000 0.03755460 0.10729518 0.02592383 0.18706315 0.22410710 0.04113604 0.37692011 
192.00000000 0.03778740 0.10782829 0.02605860 0.18750567 0.22320234 0.04134388 0.37627382 
193.00000000 0.03801015 0.10838129 0.02619440 0.18797569 0.22235266 0.04154572 0.37554009 
194.00000000 0.03823012 0.10894823 0.02632300 0.18845190 0.22163294 0.04174041 0.37467340 
195.00000000 0.03845091 0.10952854 0.02643462 0.18891381 0.22107385 0.04192774 0.37367054 
196.00000000 0.03866752 0.11012681 0.02652333 0.18935765 0.22064340 0.04210756 0.37257374 
197.00000000 0.03886892 0.11074965 0.02659077 0.18979828 0.22026303 0.04227900 0.37145035 
198.00000000 0.03904628 0.11140135 0.02664565 0.19025599 0.21985077 0.04244092 0.37035903 
199.00000000 0.03920119 0.11208111 0.02669873 0.19073814 0.21936626 0.04259316 0.36932141 
200.00000000 0.03934772 0.11278374 0.02675649 0.19122847 0.21882804 0.04273757 0.36831798 
201.00000000 0.03950639 0.11350314 0.02681752 0.19169278 0.21829102 0.04287762 0.36731153 
202.00000000 0.03969323 0.11423504 0.02687412 0.19209875 0.21780223 0.04301628 0.36628035 
203.00000000 0.03991091 0.11497583 0.02691813 0.19243662 0.21736841 0.04315345 0.36523666 
204.00000000 0.04014763 0.11571783 0.02694696 0.19272535 0.21695838 0.04328504 0.36421881 
205.00000000 0.04038434 0.11644492 0.02696584 0.19299965 0.21653628 0.04340507 0.36326391 
206.00000000 0.04060520 0.11713400 0.02698452 0.19328709 0.21609885 0.04350975 0.36238058 
207.00000000 0.04080482 0.11776347 0.02701130 0.19359172 0.21568600 0.04360107 0.36154162 
208.00000000 0.04098835 0.11832372 0.02704850 0.19389622 0.21535439 0.04368671 0.36070211 
209.00000000 0.04116567 0.11882166 0.02709289 0.19418111 0.21513335 0.04377610 0.35982922 
210.00000000 0.04134423 0.11927632 0.02714061 0.19444608 0.21499675 0.04387509 0.35892092 
211.00000000 0.04152520 0.11970914 0.02719247 0.19471683 0.21487232 0.04398322 0.35800083 
212.00000000 0.04170464 0.12013481 0.02725513 0.19503199 0.21468352 0.04409563 0.35709428 
213.00000000 0.04187778 0.12055691 0.02733688 0.19541916 0.21439660 0.04420795 0.35620472 
214.00000000 0.04204261 0.12096982 0.02744094 0.19587563 0.21404101 0.04432051 0.35530948 
215.00000000 0.04220062 0.12136639 0.02756111 0.19636617 0.21368876 0.04443877 0.35437817 
216.00000000 0.04235474 0.12174664 0.02768295 0.19684064 0.21340676 0.04456976 0.35339851 
217.00000000 0.04250658 0.12212075 0.02778991 0.19726074 0.21321499 0.04471694 0.35239008 
218.00000000 0.04265513 0.12250331 0.02787106 0.19761824 0.21307732 0.04487743 0.35139752 
219.00000000 0.04279740 0.12290266 0.02792561 0.19793276 0.21292938 0.04504362 0.35046857 
220.00000000 0.04293069 0.12331324 0.02796177 0.19823252 0.21272388 0.04520857 0.34962931 
221.00000000 0.04305484 0.12371693 0.02799088 0.19853346 0.21246271 0.04537123 0.34886995 
222.00000000 0.04317334 0.12409333 0.02802069 0.19883098 0.21219482 0.04553778 0.34814905 
223.00000000 0.04329275 0.12443225 0.02805185 0.19910817 0.21198400 0.04571772 0.34741327 
224.00000000 0.04342057 0.12473898 0.02807956 0.19935254 0.21187102 0.04591718 0.34662014 
225.00000000 0.04356288 0.12502876 0.02809905 0.19956817 0.21185544 0.04613410 0.34575160 
226.00000000 0.04372274 0.12531469 0.02811043 0.19977501 0.21190598 0.04635869 0.34481246 
227.00000000 0.04390016 0.12559736 0.02811955 0.19999702 0.21198882 0.04657905 0.34381803 
228.00000000 0.04409332 0.12586249 0.02813438 0.20024832 0.21209271 0.04678789 0.34278088 
229.00000000 0.04430061 0.12608844 0.02815956 0.20052611 0.21223408 0.04698613 0.34170507 
230.00000000 0.04452280 0.12625870 0.02819318 0.20081430 0.21244070 0.04718096 0.34058935 
231.00000000 0.04476453 0.12637010 0.02822794 0.20109521 0.21272815 0.04737989 0.33943418 
232.00000000 0.04503436 0.12643040 0.02825616 0.20136144 0.21308628 0.04758475 0.33824661 
233.00000000 0.04534300 0.12644809 0.02827521 0.20161945 0.21348497 0.04778981 0.33703947 
234.00000000 0.04570006 0.12642345 0.02828953 0.20188236 0.21389402 0.04798519 0.33582538 
235.00000000 0.04611072 0.12634756 0.02830783 0.20215761 0.21430211 0.04816321 0.33461096 
236.00000000 0.04657379 0.12620934 0.02833753 0.20243820 0.21472030 0.04832336 0.33339748 
237.00000000 0.04708182 0.12600577 0.02838023 0.20270271 0.21516880 0.04847222 0.33218844 
238.00000000 0.04762298 0.12574794 0.02843116 0.20292324 0.21565912 0.04861864 0.33099692 
239.00000000 0.04818388 0.12545901 0.02848262 0.20307611 0.21618482 0.04876796 0.32984559 
240.00000000 0.04875281 0.12516607 0.02852906 0.20314933 0.21672458 0.04891986 0.32875829 
241.00000000 0.04932207 0.12489238 0.02857012 0.20314407 0.21725230 0.04907094 0.32774812 
242.00000000 0.04988812 0.12465368 0.02860993 0.20307206 0.21774697 0.04921982 0.32680941 
243.00000000 0.05044982 0.12445842 0.02865361 0.20295198 0.21819757 0.04937031 0.32591828 
244.00000000 0.05100582 0.12430978 0.02870347 0.20280603 0.21860296 0.04953022 0.32504172 
245.00000000 0.05155323 0.12420765 0.02875750 0.20265664 0.21896910 0.04970673 0.32414916 
246.00000000 0.05208802 0.12414905 0.02881069 0.20252433 0.21930671 0.04990147 0.32321972 
247.00000000 0.05260674 0.12412784 0.02885802 0.20242730 0.21962982 0.05010851 0.32224178 
248.00000000 0.05310764 0.12413586 0.02889679 0.20238206 0.21995336 0.05031654 0.32120776 
249.00000000 0.05359003 0.12416629 0.02892699 0.20240382 0.22028864 0.05051396 0.32011026 
250.00000000 0.05405222 0.12421668 0.02894982 0.20250588 0.22063754 0.05069378 0.31894407 
251.00000000 0.05449005 0.12428895 0.02896596 0.20269736 0.22098943 0.05085542 0.31771283 
252.00000000 0.05489779 0.12438598 0.02897510 0.20298006 0.22132427 0.05100249 0.31643431 
253.00000000 0.05527128 0.12450697 0.02897701 0.20334694 0.22162129 0.05113839 0.31513813 
254.00000000 0.05561142 0.12464451 0.02897336 0.20378434 0.22186782 0.05126299 0.31385557 
255.00000000 0.05592526 0.12478619 0.02896888 0.20427702 0.22206264 0.05137297 0.31260703 
256.00000000 0.05622351 0.12492030 0.02897053 0.20481341 0.22221267 0.05146501 0.31139457 
257.00000000 0.05651576 0.12504169 0.02898509 0.20538849 0.22232581 0.05153895 0.31020422 
258.00000000 0.05680656 0.12515323 0.02901691 0.20600215 0.22240461 0.05159841 0.30901814 
259.00000000 0.05709451 0.12526164 0.02906714 0.20665321 0.22244492 0.05164840 0.30783017 
260.00000000 0.05737428 0.12537049 0.02913433 0.20733324 0.22244095 0.05169226 0.30665445 
261.00000000 0.05763962 0.12547603 0.02921544 0.20802519 0.22239350 0.05173033 0.30551990 
262.00000000 0.05788561 0.12557031 0.02930676 0.20870743 0.22231496 0.05176164 0.30445329 
263.00000000 0.05810934 0.12564999 0.02940456 0.20936076 0.22222636 0.05178701 0.30346197 
264.00000000 0.05830960 0.12572345 0.02950582 0.20997486 0.22214765 0.05181085 0.30252777 
265.00000000 0.05848684 0.12580953 0.02960912 0.21055098 0.22208828 0.05183965 0.30161560 
266.00000000 0.05864383 0.12592759 0.02971549 0.21109862 0.22204475 0.05187804 0.30069168 
267.00000000 0.05878670 0.12608496 0.02982800 0.21162835 0.22200659 0.05192539 0.29974002 
268.00000000 0.05892524 0.12626942 0.02995000 0.21214629 0.22196587 0.05197596 0.29876723 
269.00000000 0.05907173 0.12645224 0.03008252 0.21265424 0.22192281 0.05202274 0.29779372 
270.00000000 0.05923816 0.12660129 0.03022271 0.21315396 0.22188263 0.05206220 0.29683905 
271.00000000 0.05943291 0.12669727 0.03036435 0.21365198 0.22184467 0.05209658 0.29591225 
272.00000000 0.05965860 0.12674372 0.03050035 0.21416106 0.22179118 0.05213215 0.29501295 
273.00000000 0.05991179 0.12676457 0.03062616 0.21469622 0.22168586 0.05217480 0.29414061 
274.00000000 0.06018419 0.12679026 0.03074178 0.21526686 0.22148737 0.05222635 0.29330318 
275.00000000 0.06046429 0.12684146 0.03085101 0.21587004 0.22117169 0.05228439 0.29251712 
276.00000000 0.06073891 0.12692148 0.03095856 0.21648965 0.22074893 0.05234578 0.29179669 
277.00000000 0.06099529 0.12702124 0.03106712 0.21710227 0.22026333 0.05241112 0.29113962 
278.00000000 0.06122408 0.12713099 0.03117627 0.21768690 0.21977602 0.05248620 0.29051954 
279.00000000 0.06142253 0.12724876 0.03128383 0.21823354 0.21934050 0.05257875 0.28989208 
280.00000000 0.06159604 0.12737998 0.03138868 0.21874578 0.21898349 0.05269253 0.28921350 
281.00000000 0.06175667 0.12752949 0.03149266 0.21923570 0.21869982 0.05282359 0.28846207 
282.00000000 0.06191848 0.12769307 0.03160017 0.21971559 0.21846201 0.05296173 0.28764895 
283.00000000 0.06209162 0.12785604 0.03171560 0.22019300 0.21823746 0.05309644 0.28680984 
284.00000000 0.06227828 0.12800157 0.03184078 0.22067109 0.21800263 0.05322292 0.28598273 
285.00000000 0.06247291 0.12812323 0.03197443 0.22115153 0.21774621 0.05334396 0.28518774 
286.00000000 0.06266614 0.12823216 0.03211394 0.22163751 0.21746131 0.05346661 0.28442234 
287.00000000 0.06284954 0.12835321 0.03225818 0.22213521 0.21713482 0.05359602 0.28367302 
288.00000000 0.06301835 0.12851234 0.03240952 0.22265200 0.21674469 0.05373065 0.28293245 
289.00000000 0.06317089 0.12872397 0.03257381 0.22319187 0.21626904 0.05386200 0.28220842 
290.00000000 0.06330657 0.12898584 0.03275814 0.22375209 0.21570028 0.05397914 0.28151793 
291.00000000 0.06342548 0.12928327 0.03296722 0.22432406 0.21505363 0.05407484 0.28087149 
292.00000000 0.06353089 0.12959780 0.03320021 0.22489794 0.21436303 0.05414934 0.28026079 
293.00000000 0.06363248 0.12991420 0.03344984 0.22546787 0.21366520 0.05420962 0.27966079 
294.00000000 0.06374646 0.13022267 0.03370473 0.22603507 0.21298020 0.05426512 0.27904577 
295.00000000 0.06389079 0.13051740 0.03395432 0.22660646 0.21230015 0.05432289 0.27840798 
296.00000000 0.06407773 0.13079497 0.03419367 0.22718957 0.21159465 0.05438518 0.27776422 
297.00000000 0.06430787 0.13105488 0.03442535 0.22778632 0.21083196 0.05445018 0.27714343 
298.00000000 0.06456944 0.13130142 0.03465723 0.22838926 0.21000469 0.05451490 0.27656307 
299.00000000 0.06484374 0.13154334 0.03489753 0.22898129 0.20914408 0.05457785 0.27601217 
300.00000000 0.06511346 0.13178986 0.03514989 0.22953913 0.20831220 0.05463986 0.27545560 
301.00000000 0.06536914 0.13204521 0.03541156 0.23003929 0.20757417 0.05470272 0.27485791 
302.00000000 0.06561074 0.13230599 0.03567555 0.23046385 0.20696679 0.05476690 0.27421019 
303.00000000 0.06584465 0.13256346 0.03593529 0.23080314 0.20648286 0.05483058 0.27354001 
304.00000000 0.06607883 0.13280910 0.03618833 0.23105586 0.20607939 0.05489099 0.27289751 
305.00000000 0.06631875 0.13303904 0.03643642 0.23122837 0.20570269 0.05494730 0.27232743 
306.00000000 0.06656637 0.13325358 0.03668203 0.23133387 0.20531490 0.05500292 0.27184633 
307.00000000 0.06682160 0.13345204 0.03692397 0.23139018 0.20490789 0.05506546 0.27143885 
308.00000000 0.06708432 0.13362754 0.03715598 0.23141671 0.20449851 0.05514423 0.27107271 
309.00000000 0.06735476 0.13376698 0.03736969 0.23143198 0.20411075 0.05524659 0.27071925 
310.00000000 0.06763252 0.13385763 0.03755998 0.23145204 0.20375779 0.05537525 0.27036479 
311.00000000 0.06791571 0.13389621 0.03772895 0.23148820 0.20343555 0.05552790 0.27000748 
312.00000000 0.06820141 0.13389311 0.03788577 0.23154409 0.20312976 0.05569900 0.26964685 
313.00000000 0.06848770 0.13386787 0.03804224 0.23161300 0.20282962 0.05588235 0.26927722 
314.00000000 0.06877579 0.13383876 0.03820676 0.23167774 0.20253633 0.05607300 0.26889161 
315.00000000 0.06907053 0.13381461 0.03838055 0.23171454 0.20225826 0.05626783 0.26849368 
316.00000000 0.06937854 0.13379424 0.03855845 0.23170014 0.20199598 0.05646526 0.26810740 
317.00000000 0.06970522 0.13377289 0.03873361 0.23161919 0.20173036 0.05666484 0.26777390 
318.00000000 0.07005232 0.13375019 0.03890273 0.23146807 0.20142547 0.05686720 0.26753401 
319.00000000 0.07041696 0.13373390 0.03906837 0.23125375 0.20104575 0.05707398 0.26740729 
320.00000000 0.07079277 0.13373603 0.03923702 0.23098902 0.20057751 0.05728710 0.26738055 
321.00000000 0.07117290 0.13376385 0.03941437 0.23068630 0.20004264 0.05750767 0.26741226 
322.00000000 0.07155323 0.13381276 0.03960107 0.23035252 0.19949560 0.05773502 0.26744980 
323.00000000 0.07193390 0.13386730 0.03979159 0.22998771 0.19900255 0.05796675 0.26745020 
324.00000000 0.07231890 0.13391031 0.03997715 0.22958754 0.19861298 0.05819954 0.26739357 
325.00000000 0.07271496 0.13393375 0.04015044 0.22914722 0.19833950 0.05843065 0.26728347 
326.00000000 0.07313064 0.13394385 0.04030904 0.22866358 0.19815586 0.05865903 0.26713801 
327.00000000 0.07357559 0.13395735 0.04045532 0.22813533 0.19801131 0.05888548 0.26697962 
328.00000000 0.07405950 0.13399127 0.04059332 0.22756319 0.19785244 0.05911154 0.26682874 
329.00000000 0.07459090 0.13405210 0.04072530 0.22695118 0.19764143 0.05933766 0.26670144 
330.00000000 0.07517583 0.13412999 0.04085085 0.22630806 0.19736430 0.05956203 0.26660895 
331.00000000 0.07581654 0.13420070 0.04096885 0.22564758 0.19702933 0.05978089 0.26655611 
332.00000000 0.07651043 0.13423473 0.04108036 0.22498659 0.19666036 0.05999012 0.26653741 
333.00000000 0.07724958 0.13420912 0.04118960 0.22434130 0.19628872 0.06018694 0.26653473 
334.00000000 0.07802132 0.13411501 0.04130215 0.22372325 0.19594583 0.06037114 0.26652129 
335.00000000 0.07881051 0.13395675 0.04142163 0.22313639 0.19565858 0.06054498 0.26647116 
336.00000000 0.07960267 0.13374475 0.04154766 0.22257662 0.19544794 0.06071228 0.26636808 
337.00000000 0.08038624 0.13348875 0.04167672 0.22203368 0.19532881 0.06087703 0.26620878 
338.00000000 0.08115258 0.13319621 0.04180524 0.22149485 0.19530899 0.06104234 0.26599979 
339.00000000 0.08189505 0.13287551 0.04193291 0.22094823 0.19538855 0.06121003 0.26574971 
340.00000000 0.08260853 0.13253998 0.04206379 0.22038308 0.19556145 0.06138118 0.26546200 
341.00000000 0.08328988 0.13220825 0.04220443 0.21978725 0.19581952 0.06155715 0.26513352 
342.00000000 0.08393903 0.13189851 0.04236019 0.21914548 0.19615759 0.06173989 0.26475932 
343.00000000 0.08455972 0.13161895 0.04253242 0.21844163 0.19657762 0.06193124 0.26433842 
344.00000000 0.08515927 0.13136155 0.04271818 0.21766442 0.19708958 0.06213156 0.26387544 
345.00000000 0.08574649 0.13110523 0.04291220 0.21681254 0.19770702 0.06233898 0.26337754 
346.00000000 0.08632859 0.13082827 0.04310884 0.21589604 0.19843869 0.06254996 0.26284960 
347.00000000 0.08690907 0.13052182 0.04330283 0.21493365 0.19928021 0.06276053 0.26229189 
348.00000000 0.08748735 0.13019500 0.04348871 0.21394736 0.20021056 0.06296758 0.26170345 
349.00000000 0.08805988 0.12986870 0.04366059 0.21295685 0.20119526 0.06316982 0.26108890 
350.00000000 0.08862134 0.12956400 0.04381357 0.21197647 0.20219452 0.06336775 0.26046236 
351.00000000 0.08916502 0.12929438 0.04394648 0.21101600 0.20317189 0.06356237 0.25984387 
352.00000000 0.08968259 0.12906548 0.04406414 0.21008379 0.20410025 0.06375309 0.25925066 
353.00000000 0.09016472 0.12887902 0.04417661 0.20918929 0.20496468 0.06393627 0.25868941 
354.00000000 0.09060361 0.12873581 0.04429493 0.20834228 0.20576310 0.06410554 0.25815474 
355.00000000 0.09099634 0.12863531 0.04442565 0.20754819 0.20650552 0.06425406 0.25763494 
356.00000000 0.09134657 0.12857264 0.04456766 0.20680271 0.20721194 0.06437715 0.25712133 
357.00000000 0.09166318 0.12853546 0.04471362 0.20609064 0.20790830 0.06447364 0.25661516 
358.00000000 0.09195635 0.12850375 0.04485524 0.20539152 0.20861974 0.06454495 0.25612846 
359.00000000 0.09223302 0.12845406 0.04498892 0.20468951 0.20936254 0.06459274 0.25567922 
360.00000000 0.09249448 0.12836639 0.04511781 0.20398200 0.21013827 0.06461687 0.25528418 
361.00000000 0.09273816 0.12822927 0.04524918 0.20328194 0.21093416 0.06461502 0.25495227 
362.00000000 0.09296275 0.12804058 0.04538975 0.20261179 0.21172962 0.06458421 0.25468129 
363.00000000 0.09317294 0.12780532 0.04554255 0.20199108 0.21250547 0.06452330 0.25445933 
364.00000000 0.09337984 0.12753329 0.04570746 0.20142451 0.21325016 0.06443486 0.25426990 
365.00000000 0.09359659 0.12723804 0.04588441 0.20089882 0.21395951 0.06432488 0.25409774 
366.00000000 0.09383256 0.12693612 0.04607689 0.20039062 0.21463125 0.06420011 0.25393244 
367.00000000 0.09409041 0.12664459 0.04629232 0.19987927 0.21526016 0.06406482 0.25376842 
368.00000000 0.09436837 0.12637635 0.04653846 0.19935621 0.21583824 0.06391971 0.25360266 
369.00000000 0.09466557 0.12613538 0.04681784 0.19882467 0.21635990 0.06376381 0.25343283 
370.00000000 0.09498615 0.12591493 0.04712440 0.19829111 0.21682774 0.06359816 0.25325751 
371.00000000 0.09533837 0.12570023 0.04744507 0.19775492 0.21725491 0.06342854 0.25307796 
372.00000000 0.09572888 0.12547476 0.04776567 0.19720526 0.21766165 0.06326507 0.25289871 
373.00000000 0.09615601 0.12522754 0.04807789 0.19662801 0.21806612 0.06311825 0.25272617 
374.00000000 0.09660734 0.12495806 0.04838277 0.19601758 0.21847439 0.06299373 0.25256613 
375.00000000 0.09706439 0.12467601 0.04868851 0.19538418 0.21887609 0.06288923 0.25242159 
376.00000000 0.09751194 0.12439565 0.04900413 0.19475075 0.21925042 0.06279611 0.25229100 
377.00000000 0.09794574 0.12412803 0.04933351 0.19414129 0.21957985 0.06270444 0.25216715 
378.00000000 0.09837326 0.12387579 0.04967354 0.19356852 0.21986346 0.06260838 0.25203704 
379.00000000 0.09880733 0.12363305 0.05001715 0.19302934 0.22012116 0.06250843 0.25188353 
380.00000000 0.09925738 0.12338875 0.05035844 0.19251131 0.22038600 0.06240944 0.25168867 
381.00000000 0.09972466 0.12313021 0.05069616 0.19200485 0.22068989 0.06231642 0.25143782 
382.00000000 0.10020377 0.12284452 0.05103253 0.19151263 0.22105220 0.06223173 0.25112262 
383.00000000 0.10068831 0.12251855 0.05136834 0.19105047 0.22147745 0.06215570 0.25074117 
384.00000000 0.10117528 0.12214015 0.05169830 0.19064024 0.22196133 0.06208951 0.25029520 
385.00000000 0.10166527 0.12170180 0.05201070 0.19030011 0.22249893 0.06203736 0.24978584 
386.00000000 0.10215861 0.12120565 0.05229185 0.19003809 0.22308900 0.06200599 0.24921081 
387.00000000 0.10265118 0.12066717 0.05253206 0.18985248 0.22373064 0.06200171 0.24856475 
388.00000000 0.10313334 0.12011510 0.05272920 0.18973699 0.22441486 0.06202714 0.24784337 
389.00000000 0.10359362 0.11958637 0.05288806 0.18968525 0.22511718 0.06207993 0.24704959 
390.00000000 0.10402453 0.11911718 0.05301637 0.18969145 0.22579785 0.06215469 0.24619792 
391.00000000 0.10442613 0.11873380 0.05312060 0.18974835 0.22641099 0.06224663 0.24531350 
392.00000000 0.10480442 0.11844800 0.05320423 0.18984558 0.22691763 0.06235450 0.24442564 
393.00000000 0.10516585 0.11825929 0.05326883 0.18996996 0.22729554 0.06248090 0.24355963 
394.00000000 0.10551147 0.11816210 0.05331656 0.19010733 0.22754158 0.06263010 0.24273087 
395.00000000 0.10583459 0.11815325 0.05335203 0.19024474 0.22766675 0.06280456 0.24194407 
396.00000000 0.10612343 0.11823496 0.05338257 0.19037158 0.22768775 0.06300255 0.24119716 
397.00000000 0.10636710 0.11841233 0.05341630 0.19047958 0.22762015 0.06321835 0.24048619 
398.00000000 0.10656111 0.11868800 0.05345912 0.19056302 0.22747653 0.06344511 0.23980710 
399.00000000 0.10670901 0.11905845 0.05351238 0.19061961 0.22726908 0.06367826 0.23915321 
400.00000000 0.10682007 0.11951385 0.05357281 0.19065115 0.22701317 0.06391693 0.23851204 
401.00000000 0.10690528 0.12004120 0.05363464 0.19066223 0.22672855 0.06416262 0.23786547 
402.00000000 0.10697437 0.12062823 0.05369277 0.19065710 0.22643668 0.06441609 0.23719476 
403.00000000 0.10703520 0.12126557 0.05374546 0.19063627 0.22615462 0.06467500 0.23648788 
404.00000000 0.10709521 0.12194601 0.05379526 0.19059574 0.22588856 0.06493422 0.23574499 
405.00000000 0.10716312 0.12266227 0.05384733 0.19052947 0.22563130 0.06518877 0.23497774 
406.00000000 0.10724906 0.12340592 0.05390609 0.19043355 0.22536578 0.06543685 0.23420275 
407.00000000 0.10736264 0.12416906 0.05397255 0.19030831 0.22507279 0.06568064 0.23343401 
408.00000000 0.10750987 0.12494753 0.05404440 0.19015646 0.22473834 0.06592377 0.23267964 
409.00000000 0.10769083 0.12574289 0.05411890 0.18997873 0.22435729 0.06616702 0.23194433 
410.00000000 0.10789922 0.12656103 0.05419679 0.18977024 0.22393232 0.06640538 0.23123501 
411.00000000 0.10812443 0.12740819 0.05428423 0.18951971 0.22346974 0.06662853 0.23056517 
412.00000000 0.10835479 0.12828694 0.05439115 0.18921260 0.22297495 0.06682517 0.22995440 
413.00000000 0.10858062 0.12919467 0.05452655 0.18883751 0.22244965 0.06698829 0.22942270 
414.00000000 0.10879599 0.13012495 0.05469377 0.18839305 0.22189096 0.06711817 0.22898311 
415.00000000 0.10899857 0.13107010 0.05488860 0.18789141 0.22129261 0.06722091 0.22863779 
416.00000000 0.10918794 0.13202296 0.05510131 0.18735619 0.22064775 0.06730399 0.22837984 
417.00000000 0.10936327 0.13297721 0.05532143 0.18681567 0.21995218 0.06737163 0.22819861 
418.00000000 0.10952233 0.13392694 0.05554260 0.18629469 0.21920590 0.06742297 0.22808458 
419.00000000 0.10966323 0.13486628 0.05576472 0.18580881 0.21841230 0.06745400 0.22803066 
420.00000000 0.10978762 0.13578955 0.05599201 0.18536353 0.21757608 0.06746150 0.22802971 
421.00000000 0.10990252 0.13669167 0.05622849 0.18495827 0.21670163 0.06744632 0.22807110 
422.00000000 0.11001915 0.13756822 0.05647414 0.18459201 0.21579347 0.06741351 0.22813950 
423.00000000 0.11014931 0.13841417 0.05672412 0.18426651 0.21485934 0.06736976 0.22821678 
424.00000000 0.11030141 0.13922227 0.05697134 0.18398538 0.21391438 0.06732007 0.22828515 
425.00000000 0.11047810 0.13998310 0.05721051 0.18374999 0.21298266 0.06726616 0.22832948 
426.00000000 0.11067636 0.14068797 0.05744090 0.18355592 0.21209205 0.06720763 0.22833917 
427.00000000 0.11088945 0.14133301 0.05766563 0.18339342 0.21126314 0.06714503 0.22831031 
428.00000000 0.11110933 0.14192150 0.05788790 0.18325244 0.21049859 0.06708265 0.22824758 
429.00000000 0.11132846 0.14246236 0.05810664 0.18312886 0.20978039 0.06702888 0.22816441 
430.00000000 0.11154079 0.14296557 0.05831494 0.18302753 0.20907734 0.06699375 0.22808008 
431.00000000 0.11174168 0.14343729 0.05850259 0.18296062 0.20835829 0.06698498 0.22801455 
432.00000000 0.11192716 0.14387799 0.05866156 0.18294214 0.20760298 0.06700496 0.22798321 
433.00000000 0.11209254 0.14428549 0.05879094 0.18298118 0.20680574 0.06705010 0.22799400 
434.00000000 0.11223089 0.14466119 0.05889820 0.18307694 0.20597225 0.06711285 0.22804766 
435.00000000 0.11233242 0.14501504 0.05899534 0.18321829 0.20511423 0.06718504 0.22813964 
436.00000000 0.11238600 0.14536478 0.05909234 0.18338872 0.20424631 0.06726060 0.22826125 
437.00000000 0.11238312 0.14572912 0.05919190 0.18357367 0.20338656 0.06733655 0.22839909 
438.00000000 0.11232211 0.14611975 0.05928860 0.18376514 0.20255824 0.06741221 0.22853394 
439.00000000 0.11220948 0.14653860 0.05937275 0.18396095 0.20178879 0.06748758 0.22864186 
440.00000000 0.11205680 0.14698290 0.05943677 0.18415920 0.20110375 0.06756153 0.22869905 
441.00000000 0.11187506 0.14745422 0.05948014 0.18435217 0.20051785 0.06763101 0.22868956 
442.00000000 0.11166988 0.14796491 0.05950969 0.18452420 0.20002812 0.06769166 0.22861154 
443.00000000 0.11144069 0.14853726 0.05953527 0.18465572 0.19961336 0.06773982 0.22847788 
444.00000000 0.11118388 0.14919581 0.05956374 0.18473166 0.19924030 0.06777450 0.22831012 
445.00000000 0.11089770 0.14995741 0.05959552 0.18474927 0.19887306 0.06779803 0.22812902 
446.00000000 0.11058553 0.15082461 0.05962564 0.18472055 0.19848214 0.06781439 0.22794714 
447.00000000 0.11025557 0.15178550 0.05964834 0.18466752 0.19805038 0.06782587 0.22776683 
448.00000000 0.10991755 0.15281957 0.05966185 0.18461275 0.19757471 0.06783022 0.22758336 
449.00000000 0.10957928 0.15390546 0.05967014 0.18457103 0.19706342 0.06782042 0.22739024 
450.00000000 0.10924542 0.15502559 0.05968038 0.18454738 0.19653048 0.06778784 0.22718291 
451.00000000 0.10891890 0.15616510 0.05969806 0.18454202 0.19598968 0.06772679 0.22695945 
452.00000000 0.10860324 0.15730752 0.05972327 0.18455763 0.19545136 0.06763786 0.22671912 
453.00000000 0.10830331 0.15843197 0.05975062 0.18460277 0.19492269 0.06752781 0.22646085 
454.00000000 0.10802351 0.15951532 0.05977272 0.18468875 0.19441067 0.06740605 0.22618298 
455.00000000 0.10776470 0.16053870 0.05978543 0.18482215 0.19392502 0.06727967 0.22588433 
456.00000000 0.10752222 0.16149469 0.05979101 0.18499786 0.19347848 0.06715007 0.22556566 
457.00000000 0.10728682 0.16239076 0.05979723 0.18519768 0.19308398 0.06701337 0.22523015 
458.00000000 0.10704876 0.16324564 0.05981256 0.18539586 0.19275082 0.06686437 0.22488199 
459.00000000 0.10680355 0.16407983 0.05984097 0.18556885 0.19248205 0.06670113 0.22452363 
460.00000000 0.10655610 0.16490594 0.05987956 0.18570332 0.19227397 0.06652710 0.22415401 
461.00000000 0.10632022 0.16572513 0.05992051 0.18579814 0.19211714 0.06634930 0.22376955 
462.00000000 0.10611317 0.16653195 0.05995592 0.18585947 0.19199813 0.06617364 0.22336773 
463.00000000 0.10594867 0.16732335 0.05998275 0.18589250 0.19190135 0.06600081 0.22295057 
464.00000000 0.10583259 0.16810512 0.06000489 0.18589550 0.19181155 0.06582555 0.22252480 
465.00000000 0.10576337 0.16889075 0.06003138 0.18586011 0.19171653 0.06564002 0.22209784 
466.00000000 0.10573574 0.16969434 0.06007242 0.18577752 0.19160864 0.06543905 0.22167228 
467.00000000 0.10574501 0.17052283 0.06013559 0.18564629 0.19148323 0.06522350 0.22124355 
468.00000000 0.10578993 0.17137226 0.06022413 0.18547643 0.19133482 0.06499989 0.22080255 
469.00000000 0.10587374 0.17222914 0.06033734 0.18528698 0.19115431 0.06477666 0.22034183 
470.00000000 0.10600369 0.17307516 0.06047221 0.18509817 0.19092964 0.06455984 0.21986130 
471.00000000 0.10618963 0.17389258 0.06062456 0.18492231 0.19064941 0.06435111 0.21937039 
472.00000000 0.10644211 0.17466761 0.06078916 0.18475887 0.19030735 0.06414920 0.21888571 
473.00000000 0.10677080 0.17539017 0.06095920 0.18459613 0.18990467 0.06395330 0.21842572 
474.00000000 0.10718334 0.17605140 0.06112651 0.18441839 0.18944901 0.06376562 0.21800573 
475.00000000 0.10768418 0.17664190 0.06128303 0.18421363 0.18895074 0.06359148 0.21763505 
476.00000000 0.10827366 0.17715254 0.06142302 0.18397750 0.18841946 0.06343722 0.21731659 
477.00000000 0.10894793 0.17757705 0.06154504 0.18371184 0.18786383 0.06330710 0.21704720 
478.00000000 0.10969994 0.17791384 0.06165255 0.18342033 0.18729497 0.06320130 0.21681707 
479.00000000 0.11052076 0.17816545 0.06175301 0.18310529 0.18673085 0.06311589 0.21660875 
480.00000000 0.11140063 0.17833559 0.06185571 0.18276842 0.18619731 0.06304492 0.21639741 
481.00000000 0.11232989 0.17842518 0.06196914 0.18241519 0.18572262 0.06298309 0.21615489 
482.00000000 0.11330000 0.17843006 0.06209868 0.18205946 0.18532688 0.06292776 0.21585716 
483.00000000 0.11430430 0.17834221 0.06224538 0.18172414 0.18501191 0.06287944 0.21549261 
484.00000000 0.11533759 0.17815478 0.06240593 0.18143570 0.18475787 0.06284107 0.21506704 
485.00000000 0.11639449 0.17786837 0.06257392 0.18121426 0.18452917 0.06281659 0.21460320 
486.00000000 0.11746795 0.17749445 0.06274210 0.18106442 0.18428703 0.06280963 0.21413442 
487.00000000 0.11854906 0.17705337 0.06290490 0.18097259 0.18400275 0.06282230 0.21369502 
488.00000000 0.11962806 0.17656810 0.06306058 0.18091284 0.18366531 0.06285427 0.21331084 
489.00000000 0.12069545 0.17605807 0.06321201 0.18085828 0.18328008 0.06290237 0.21299375 
490.00000000 0.12174268 0.17553721 0.06336573 0.18079167 0.18286028 0.06296120 0.21274123 
491.00000000 0.12276232 0.17501599 0.06352968 0.18071017 0.18241694 0.06302470 0.21254021 
492.00000000 0.12374786 0.17450440 0.06371099 0.18062279 0.18195355 0.06308789 0.21237250 
493.00000000 0.12469290 0.17401274 0.06391480 0.18054403 0.18146825 0.06314772 0.21221956 
494.00000000 0.12558973 0.17355014 0.06414395 0.18048793 0.18096044 0.06320275 0.21206507 
495.00000000 0.12642872 0.17312254 0.06439924 0.18046564 0.18043585 0.06325210 0.21189590 
496.00000000 0.12719971 0.17273206 0.06467981 0.18048594 0.17990523 0.06329465 0.21170261 
497.00000000 0.12789446 0.17237840 0.06498347 0.18055635 0.17937760 0.06332916 0.21148056 
498.00000000 0.12850848 0.17206164 0.06530674 0.18068257 0.17885357 0.06335551 0.21123150 
499.00000000 0.12904149 0.17178386 0.06564462 0.18086514 0.17832487 0.06337593 0.21096410 
500.00000000 0.12949744 0.17154791 0.06599052 0.18109548 0.17778147 0.06339529 0.21069190 
501.00000000 0.12988511 0.17135365 0.06633725 0.18135439 0.17722213 0.06341937 0.21042811 
502.00000000 0.13021868 0.17119409 0.06667909 0.18161556 0.17666134 0.06345208 0.21017916 
503.00000000 0.13051701 0.17105404 0.06701396 0.18185335 0.17612762 0.06349314 0.20994088 
504.00000000 0.13080062 0.17091252 0.06734391 0.18205153 0.17565294 0.06353803 0.20970045 
505.00000000 0.13108722 0.17074857 0.06767354 0.18220847 0.17525864 0.06358030 0.20944326 
506.00000000 0.13138737 0.17054752 0.06800727 0.18233599 0.17494613 0.06361489 0.20916082 
507.00000000 0.13170238 0.17030498 0.06834713 0.18245240 0.17469778 0.06364013 0.20885521 
508.00000000 0.13202522 0.17002679 0.06869222 0.18257300 0.17448730 0.06365750 0.20853798 
509.00000000 0.13234412 0.16972524 0.06903969 0.18270264 0.17429353 0.06366971 0.20822506 
510.00000000 0.13264734 0.16941314 0.06938662 0.18283351 0.17411031 0.06367859 0.20793050 
511.00000000 0.13292661 0.16909851 0.06973140 0.18294859 0.17394832 0.06368431 0.20766226 
512.00000000 0.13317776 0.16878278 0.07007363 0.18302869 0.17382905 0.06368666 0.20742144 
513.00000000 0.13339926 0.16846230 0.07041225 0.18305923 0.17377491 0.06368734 0.20720470 
514.00000000 0.13359098 0.16813087 0.07074356 0.18303401 0.17380072 0.06369184 0.20700802 
515.00000000 0.13375491 0.16778081 0.07106055 0.18295466 0.17391040 0.06370933 0.20682935 
516.00000000 0.13389669 0.16740325 0.07135425 0.18282732 0.17409971 0.06375059 0.20666821 
517.00000000 0.13402592 0.16698917 0.07161634 0.18265933 0.17436198 0.06382476 0.20652250 
518.00000000 0.13415379 0.16653208 0.07184141 0.18245838 0.17469234 0.06393680 0.20638521 
519.00000000 0.13428848 0.16603155 0.07202804 0.18223408 0.17508781 0.06408654 0.20624350 
520.00000000 0.13443035 0.16549640 0.07217833 0.18199970 0.17554474 0.06426980 0.20608067 
521.00000000 0.13456992 0.16494589 0.07229640 0.18177068 0.17605674 0.06448074 0.20587963 
522.00000000 0.13469081 0.16440741 0.07238681 0.18155910 0.17661549 0.06471409 0.20562628 
523.00000000 0.13477745 0.16391014 0.07245355 0.18136708 0.17721340 0.06496635 0.20531202 
524.00000000 0.13482354 0.16347599 0.07250003 0.18118380 0.17784595 0.06523555 0.20493514 
525.00000000 0.13483599 0.16311131 0.07252977 0.18098942 0.17851187 0.06552044 0.20450121 
526.00000000 0.13483151 0.16280378 0.07254649 0.18076486 0.17921131 0.06581989 0.20402215 
527.00000000 0.13482737 0.16252708 0.07255338 0.18050244 0.17994310 0.06613305 0.20351358 
528.00000000 0.13483240 0.16225121 0.07255204 0.18021149 0.18070206 0.06645982 0.20299098 
529.00000000 0.13484387 0.16195352 0.07254214 0.17991540 0.18147755 0.06680102 0.20246650 
530.00000000 0.13485164 0.16162515 0.07252226 0.17964130 0.18225346 0.06715790 0.20194830 
531.00000000 0.13484586 0.16127145 0.07249116 0.17940795 0.18300994 0.06753102 0.20144262 
532.00000000 0.13482274 0.16090728 0.07244878 0.17921885 0.18372676 0.06791921 0.20095637 
533.00000000 0.13478474 0.16055059 0.07239636 0.17906372 0.18438792 0.06831892 0.20049775 
534.00000000 0.13473599 0.16021807 0.07233594 0.17892592 0.18498617 0.06872424 0.20007366 
535.00000000 0.13467696 0.15992429 0.07226946 0.17878997 0.18552493 0.06912777 0.19968663 
536.00000000 0.13460326 0.15968239 0.07219807 0.17864413 0.18601542 0.06952216 0.19933457 
537.00000000 0.13451014 0.15950302 0.07212199 0.17847763 0.18646994 0.06990188 0.19901539 
538.00000000 0.13439940 0.15939062 0.07204088 0.17827613 0.18689508 0.07026443 0.19873346 
539.00000000 0.13428334 0.15933965 0.07195428 0.17802082 0.18728889 0.07061060 0.19850243 
540.00000000 0.13418228 0.15933361 0.07186197 0.17769363 0.18764411 0.07094379 0.19834062 
541.00000000 0.13411695 0.15934875 0.07176400 0.17728613 0.18795491 0.07126866 0.19826060 
542.00000000 0.13410054 0.15936117 0.07166085 0.17680638 0.18822224 0.07158966 0.19825915 
543.00000000 0.13413533 0.15935439 0.07155361 0.17627835 0.18845368 0.07190989 0.19831475 
544.00000000 0.13421546 0.15932395 0.07144435 0.17573320 0.18865763 0.07223032 0.19839509 
545.00000000 0.13433352 0.15927728 0.07133624 0.17519644 0.18883630 0.07254943 0.19847079 
546.00000000 0.13448612 0.15922916 0.07123300 0.17467825 0.18898264 0.07286350 0.19852733 
547.00000000 0.13467539 0.15919426 0.07113782 0.17417232 0.18908393 0.07316761 0.19856866 
548.00000000 0.13490595 0.15917951 0.07105240 0.17366344 0.18913010 0.07345703 0.19861158 
549.00000000 0.13517999 0.15918038 0.07097659 0.17313847 0.18912150 0.07372825 0.19867482 
550.00000000 0.13549381 0.15918333 0.07090920 0.17259408 0.18907066 0.07397934 0.19876958 
551.00000000 0.13583800 0.15917327 0.07084952 0.17203736 0.18899629 0.07420940 0.19889615 
552.00000000 0.13620067 0.15914238 0.07079911 0.17148015 0.18891320 0.07441747 0.19904702 
553.00000000 0.13657128 0.15909558 0.07076241 0.17093174 0.18882454 0.07460189 0.19921255 
554.00000000 0.13694301 0.15904954 0.07074569 0.17039537 0.18872084 0.07476078 0.19938477 
555.00000000 0.13731286 0.15902487 0.07075461 0.16987086 0.18858600 0.07489337 0.19955742 
556.00000000 0.13768054 0.15903583 0.07079197 0.16936075 0.18840557 0.07500094 0.19972441 
557.00000000 0.13804714 0.15908375 0.07085704 0.16887432 0.18817186 0.07508629 0.19987959 
558.00000000 0.13841459 0.15915823 0.07094709 0.16842578 0.18788321 0.07515177 0.20001933 
559.00000000 0.13878556 0.15924430 0.07106005 0.16802718 0.18753971 0.07519708 0.20014612 
560.00000000 0.13916339 0.15933049 0.07119636 0.16768104 0.18713991 0.07521875 0.20027007 
561.00000000 0.13955150 0.15941209 0.07135855 0.16737821 0.18668111 0.07521214 0.20040640 
562.00000000 0.13995221 0.15948840 0.07154878 0.16710290 0.18616291 0.07517495 0.20056985 
563.00000000 0.14036561 0.15955704 0.07176670 0.16684157 0.18559099 0.07510968 0.20076842 
564.00000000 0.14078861 0.15961115 0.07200919 0.16658991 0.18497824 0.07502335 0.20099955 
565.00000000 0.14121445 0.15964247 0.07227235 0.16635416 0.18434212 0.07492409 0.20125036 
566.00000000 0.14163233 0.15964883 0.07255426 0.16614693 0.18369917 0.07481668 0.20150181 
567.00000000 0.14202782 0.15964071 0.07285648 0.16598106 0.18306009 0.07469968 0.20173416 
568.00000000 0.14238453 0.15964157 0.07318299 0.16586517 0.18242797 0.07456642 0.20193135 
569.00000000 0.14268773 0.15967977 0.07353706 0.16580300 0.18179982 0.07440942 0.20208318 
570.00000000 0.14292904 0.15977596 0.07391810 0.16579557 0.18116971 0.07422561 0.20218601 
571.00000000 0.14311034 0.15993320 0.07432043 0.16584265 0.18053176 0.07401885 0.20224276 
572.00000000 0.14324452 0.16013618 0.07473489 0.16594160 0.17988211 0.07379856 0.20226215 
573.00000000 0.14335210 0.16035954 0.07515237 0.16608411 0.17922022 0.07357543 0.20225623 
574.00000000 0.14345453 0.16058027 0.07556718 0.16625432 0.17854981 0.07335728 0.20223661 
575.00000000 0.14356702 0.16078692 0.07597794 0.16643069 0.17787926 0.07314755 0.20221062 
576.00000000 0.14369416 0.16098100 0.07638577 0.16659194 0.17722102 0.07294696 0.20217915 
577.00000000 0.14383032 0.16117068 0.07679107 0.16672451 0.17658909 0.07275689 0.20213744 
578.00000000 0.14396420 0.16136172 0.07719090 0.16682749 0.17599516 0.07258210 0.20207842 
579.00000000 0.14408416 0.16155213 0.07757882 0.16691198 0.17544501 0.07243076 0.20199714 
580.00000000 0.14418109 0.16173351 0.07794729 0.16699546 0.17493705 0.07231137 0.20189423 
581.00000000 0.14424771 0.16189735 0.07829164 0.16709433 0.17446381 0.07222851 0.20177666 
582.00000000 0.14427638 0.16204052 0.07861281 0.16721872 0.17401574 0.07218008 0.20165574 
583.00000000 0.14425855 0.16216589 0.07891697 0.16737123 0.17358581 0.07215831 0.20154325 
584.00000000 0.14418734 0.16227784 0.07921208 0.16754883 0.17317248 0.07215385 0.20144758 
585.00000000 0.14406175 0.16237732 0.07950366 0.16774528 0.17277982 0.07216056 0.20137161 
586.00000000 0.14388930 0.16246066 0.07979224 0.16795240 0.17241482 0.07217787 0.20131271 
587.00000000 0.14368490 0.16252357 0.08007407 0.16816052 0.17208312 0.07220928 0.20126455 
588.00000000 0.14346611 0.16256731 0.08034419 0.16836009 0.17178452 0.07225817 0.20121962 
589.00000000 0.14324738 0.16260302 0.08059938 0.16854510 0.17151031 0.07232416 0.20117065 
590.00000000 0.14303607 0.16265120 0.08083905 0.16871678 0.17124436 0.07240245 0.20111010 
591.00000000 0.14283197 0.16273623 0.08106363 0.16888525 0.17096786 0.07248677 0.20102829 
592.00000000 0.14262977 0.16287858 0.08127201 0.16906695 0.17066551 0.07257397 0.20091320 
593.00000000 0.14242322 0.16308862 0.08145998 0.16927800 0.17032975 0.07266716 0.20075326 
594.00000000 0.14220908 0.16336523 0.08162115 0.16952599 0.16996129 0.07277507 0.20054219 
595.00000000 0.14198954 0.16369903 0.08174984 0.16980466 0.16956672 0.07290799 0.20028222 
596.00000000 0.14177269 0.16407698 0.08184432 0.17009473 0.16915565 0.07307257 0.19998307 
597.00000000 0.14157085 0.16448537 0.08190830 0.17037079 0.16873934 0.07326878 0.19965658 
598.00000000 0.14139757 0.16491013 0.08194992 0.17061105 0.16833086 0.07349039 0.19931007 
599.00000000 0.14126437 0.16533633 0.08197878 0.17080550 0.16794430 0.07372840 0.19894232 
600.00000000 0.14117862 0.16574875 0.08200246 0.17095956 0.16759148 0.07397502 0.19854410 
601.00000000 0.14114297 0.16613417 0.08202444 0.17109230 0.16727724 0.07422596 0.19810292 
602.00000000 0.14115610 0.16648338 0.08204407 0.17123093 0.16699672 0.07447990 0.19760890 
603.00000000 0.14121354 0.16679109 0.08205875 0.17140438 0.16673762 0.07473602 0.19705860 
604.00000000 0.14130778 0.16705341 0.08206692 0.17163832 0.16648720 0.07499170 0.19645467 
605.00000000 0.14142795 0.16726529 0.08207029 0.17195248 0.16624034 0.07524172 0.19580192 
606.00000000 0.14156005 0.16742042 0.08207413 0.17235949 0.16600363 0.07547959 0.19510269 
607.00000000 0.14168920 0.16751432 0.08208544 0.17286394 0.16579246 0.07569982 0.19435481 
608.00000000 0.14180382 0.16754865 0.08211025 0.17346091 0.16562282 0.07589958 0.19355396 
609.00000000 0.14189969 0.16753388 0.08215178 0.17413494 0.16550248 0.07607858 0.19269865 
610.00000000 0.14198143 0.16748805 0.08221039 0.17486144 0.16542688 0.07623740 0.19179441 
611.00000000 0.14206023 0.16743137 0.08228548 0.17561152 0.16538168 0.07637564 0.19085407 
612.00000000 0.14214888 0.16737908 0.08237760 0.17635909 0.16535031 0.07649139 0.18989365 
613.00000000 0.14225689 0.16733581 0.08248921 0.17708719 0.16532169 0.07658233 0.18892687 
614.00000000 0.14238811 0.16729484 0.08262300 0.17779057 0.16529381 0.07664797 0.18796170 
615.00000000 0.14254190 0.16724203 0.08277891 0.17847321 0.16527145 0.07669124 0.18700125 
616.00000000 0.14271681 0.16716215 0.08295188 0.17914215 0.16526069 0.07671854 0.18604778 
617.00000000 0.14291441 0.16704387 0.08313233 0.17980091 0.16526397 0.07673782 0.18510669 
618.00000000 0.14314060 0.16688178 0.08330963 0.18044623 0.16527824 0.07675614 0.18418738 
619.00000000 0.14340354 0.16667628 0.08347658 0.18106948 0.16529568 0.07677776 0.18330067 
620.00000000 0.14370927 0.16643313 0.08363210 0.18166132 0.16530529 0.07680400 0.18245489 
621.00000000 0.14405806 0.16616343 0.08378042 0.18221621 0.16529368 0.07683456 0.18165365 
622.00000000 0.14444357 0.16588339 0.08392737 0.18273382 0.16524543 0.07686935 0.18089708 
623.00000000 0.14485540 0.16561262 0.08407633 0.18321611 0.16514419 0.07690983 0.18018553 
624.00000000 0.14528269 0.16537057 0.08422643 0.18366252 0.16497607 0.07695907 0.17952266 
625.00000000 0.14571665 0.16517144 0.08437387 0.18406693 0.16473506 0.07702081 0.17891524 
626.00000000 0.14615079 0.16501896 0.08451515 0.18441913 0.16442802 0.07709836 0.17836958 
627.00000000 0.14657955 0.16490324 0.08464982 0.18471035 0.16407591 0.07719388 0.17788725 
628.00000000 0.14699734 0.16480154 0.08478078 0.18493892 0.16370984 0.07730844 0.17746314 
629.00000000 0.14739956 0.16468346 0.08491221 0.18511181 0.16336352 0.07744224 0.17708721 
630.00000000 0.14778532 0.16451873 0.08504690 0.18524049 0.16306598 0.07759459 0.17674800 
631.00000000 0.14815950 0.16428498 0.08518502 0.18533390 0.16283804 0.07776357 0.17643500 
632.00000000 0.14853150 0.16397274 0.08532500 0.18539384 0.16269310 0.07794599 0.17613784 
633.00000000 0.14891042 0.16358623 0.08546565 0.18541591 0.16264005 0.07813812 0.17584362 
634.00000000 0.14929951 0.16313968 0.08560789 0.18539519 0.16268502 0.07833688 0.17553584 
635.00000000 0.14969360 0.16265075 0.08575483 0.18533242 0.16283007 0.07854073 0.17519761 
636.00000000 0.15008104 0.16213420 0.08591017 0.18523652 0.16306987 0.07874964 0.17481857 
637.00000000 0.15044874 0.16159879 0.08607628 0.18512201 0.16338895 0.07896392 0.17440130 
638.00000000 0.15078701 0.16104875 0.08625308 0.18500314 0.16376229 0.07918276 0.17396298 
639.00000000 0.15109202 0.16048767 0.08643829 0.18488856 0.16415968 0.07940328 0.17353050 
640.00000000 0.15136575 0.15992125 0.08662882 0.18477959 0.16455162 0.07962087 0.17313210 
641.00000000 0.15161442 0.15935598 0.08682238 0.18467241 0.16491413 0.07983031 0.17279037 
642.00000000 0.15184669 0.15879493 0.08701852 0.18456174 0.16523119 0.08002711 0.17251982 
643.00000000 0.15207214 0.15823435 0.08721877 0.18444282 0.16549565 0.08020793 0.17232834 
644.00000000 0.15229949 0.15766513 0.08742581 0.18431077 0.16570965 0.08036994 0.17221921 
645.00000000 0.15253411 0.15707957 0.08764240 0.18415855 0.16588471 0.08050953 0.17219113 
646.00000000 0.15277501 0.15647963 0.08787034 0.18397644 0.16604021 0.08062203 0.17223634 
647.00000000 0.15301339 0.15588071 0.08810950 0.18375467 0.16619909 0.08070295 0.17233970 
648.00000000 0.15323451 0.15530757 0.08835733 0.18348808 0.16638068 0.08075030 0.17248152 
649.00000000 0.15342343 0.15478457 0.08860883 0.18318025 0.16659226 0.08076641 0.17264425 
650.00000000 0.15357195 0.15432601 0.08885725 0.18284429 0.16682314 0.08075770 0.17281966 
651.00000000 0.15368319 0.15393281 0.08909525 0.18249922 0.16704554 0.08073235 0.17301164 
652.00000000 0.15377078 0.15359709 0.08931638 0.18216319 0.16722321 0.08069710 0.17323226 
653.00000000 0.15385302 0.15331125 0.08951624 0.18184698 0.16732439 0.08065512 0.17349300 
654.00000000 0.15394541 0.15307468 0.08969301 0.18155140 0.16733230 0.08060630 0.17379690 
655.00000000 0.15405587 0.15289292 0.08984711 0.18126961 0.16724824 0.08054970 0.17413655 
656.00000000 0.15418485 0.15277001 0.08998042 0.18099255 0.16708708 0.08048649 0.17449859 
657.00000000 0.15432901 0.15270021 0.09009553 0.18071420 0.16686891 0.08042153 0.17487060 
658.00000000 0.15448489 0.15266559 0.09019545 0.18043462 0.16661217 0.08036236 0.17524493 
659.00000000 0.15465002 0.15264184 0.09028380 0.18016030 0.16633081 0.08031604 0.17561718 
660.00000000 0.15482138 0.15260873 0.09036484 0.17990281 0.16603510 0.08028578 0.17598135 
661.00000000 0.15499354 0.15255888 0.09044271 0.17967653 0.16573279 0.08026949 0.17632605 
662.00000000 0.15515876 0.15250008 0.09052017 0.17949604 0.16542843 0.08026144 0.17663509 
663.00000000 0.15530974 0.15245043 0.09059734 0.17937349 0.16512077 0.08025590 0.17689234 
664.00000000 0.15544344 0.15243010 0.09067139 0.17931630 0.16480101 0.08025028 0.17708748 
665.00000000 0.15556343 0.15245479 0.09073719 0.17932521 0.16445496 0.08024575 0.17721867 
666.00000000 0.15567875 0.15253435 0.09078891 0.17939294 0.16406983 0.08024498 0.17729024 
667.00000000 0.15579944 0.15267620 0.09082159 0.17950393 0.16364254 0.08024911 0.17730719 
668.00000000 0.15593098 0.15288935 0.09083209 0.17963619 0.16318421 0.08025626 0.17727092 
669.00000000 0.15607104 0.15318450 0.09081881 0.17976537 0.16271747 0.08026315 0.17717967 
670.00000000 0.15621068 0.15356865 0.09078083 0.17986997 0.16226803 0.08026845 0.17703339 
671.00000000 0.15633946 0.15403759 0.09071747 0.17993573 0.16185567 0.08027523 0.17683885 
672.00000000 0.15645108 0.15457181 0.09062894 0.17995805 0.16148942 0.08029017 0.17661052 
673.00000000 0.15654652 0.15513934 0.09051815 0.17994193 0.16116870 0.08031942 0.17636595 
674.00000000 0.15663311 0.15570458 0.09039210 0.17989993 0.16088813 0.08036387 0.17611828 
675.00000000 0.15672042 0.15623902 0.09026164 0.17984885 0.16064235 0.08041714 0.17587058 
676.00000000 0.15681568 0.15672815 0.09013912 0.17980613 0.16042801 0.08046780 0.17561511 
677.00000000 0.15692156 0.15717127 0.09003501 0.17978662 0.16024292 0.08050476 0.17533787 
678.00000000 0.15703779 0.15757472 0.08995511 0.17980078 0.16008364 0.08052231 0.17502566 
679.00000000 0.15716506 0.15794352 0.08989957 0.17985413 0.15994331 0.08052218 0.17467223 
680.00000000 0.15730809 0.15827655 0.08986437 0.17994764 0.15981067 0.08051150 0.17428117 
681.00000000 0.15747566 0.15856728 0.08984423 0.18007828 0.15967105 0.08049824 0.17386527 
682.00000000 0.15767735 0.15880791 0.08983560 0.18023985 0.15950878 0.08048704 0.17344346 
683.00000000 0.15791946 0.15899324 0.08983827 0.18042456 0.15931028 0.08047782 0.17303637 
684.00000000 0.15820251 0.15912176 0.08985493 0.18062513 0.15906640 0.08046752 0.17266175 
685.00000000 0.15852159 0.15919450 0.08988956 0.18083719 0.15877337 0.08045334 0.17233045 
686.00000000 0.15886841 0.15921347 0.08994589 0.18106075 0.15843263 0.08043470 0.17204415 
687.00000000 0.15923388 0.15918117 0.09002674 0.18129986 0.15804965 0.08041255 0.17179615 
688.00000000 0.15960993 0.15910110 0.09013439 0.18156024 0.15763257 0.08038668 0.17157508 
689.00000000 0.15999040 0.15897855 0.09027090 0.18184587 0.15719057 0.08035381 0.17136990 
690.00000000 0.16037119 0.15882092 0.09043755 0.18215645 0.15673176 0.08030850 0.17117364 
691.00000000 0.16074997 0.15863722 0.09063356 0.18248708 0.15626057 0.08024699 0.17098461 
692.00000000 0.16112660 0.15843691 0.09085477 0.18282965 0.15577573 0.08017123 0.17080511 
693.00000000 0.16150398 0.15822826 0.09109326 0.18317467 0.15527053 0.08009033 0.17063897 
694.00000000 0.16188858 0.15801732 0.09133843 0.18351236 0.15473579 0.08001800 0.17048953 
695.00000000 0.16228870 0.15780748 0.09157966 0.18383310 0.15416467 0.07996724 0.17035915 
696.00000000 0.16271071 0.15759931 0.09180956 0.18412818 0.15355710 0.07994496 0.17025018 
697.00000000 0.16315470 0.15739030 0.09202641 0.18439138 0.15292140 0.07994973 0.17016608 
698.00000000 0.16361209 0.15717502 0.09223458 0.18462075 0.15227253 0.07997343 0.17011160 
699.00000000 0.16406632 0.15694665 0.09244248 0.18481872 0.15162873 0.08000547 0.17009163 
700.00000000 0.16449640 0.15670019 0.09265888 0.18498953 0.15100872 0.08003713 0.17010914 
701.00000000 0.16488213 0.15643554 0.09288935 0.18513440 0.15043069 0.08006395 0.17016394 
702.00000000 0.16520948 0.15615821 0.09313455 0.18524685 0.14991227 0.08008554 0.17025309 
703.00000000 0.16547439 0.15587607 0.09339088 0.18531129 0.14947019 0.08010427 0.17037292 
704.00000000 0.16568344 0.15559427 0.09365245 0.18530656 0.14911824 0.08012421 0.17052084 
705.00000000 0.16585101 0.15531184 0.09391323 0.18521370 0.14886397 0.08015073 0.17069552 
706.00000000 0.16599407 0.15502254 0.09416819 0.18502414 0.14870610 0.08019004 0.17089491 
707.00000000 0.16612698 0.15471930 0.09441331 0.18474420 0.14863517 0.08024789 0.17111315 
708.00000000 0.16625810 0.15439871 0.09464484 0.18439364 0.14863841 0.08032773 0.17133858 
709.00000000 0.16638908 0.15406240 0.09485883 0.18399943 0.14870676 0.08042907 0.17155443 
710.00000000 0.16651625 0.15371485 0.09505166 0.18358830 0.14883952 0.08054712 0.17174230 
711.00000000 0.16663320 0.15336007 0.09522165 0.18318124 0.14904323 0.08067387 0.17188674 
712.00000000 0.16673293 0.15300095 0.09537047 0.18279122 0.14932526 0.08080073 0.17197844 
713.00000000 0.16680871 0.15264286 0.09550341 0.18242328 0.14968622 0.08092123 0.17201428 
714.00000000 0.16685399 0.15229931 0.09562796 0.18207518 0.15011616 0.08103285 0.17199456 
715.00000000 0.16686281 0.15199483 0.09575152 0.18173806 0.15059609 0.08113689 0.17191980 
716.00000000 0.16683177 0.15176133 0.09587970 0.18139780 0.15110287 0.08123684 0.17178969 
717.00000000 0.16676211 0.15162876 0.09601568 0.18103797 0.15161423 0.08133624 0.17160500 
718.00000000 0.16666019 0.15161481 0.09616064 0.18064446 0.15211162 0.08143729 0.17137098 
719.00000000 0.16653536 0.15171929 0.09631472 0.18021041 0.15258024 0.08154056 0.17109942 
720.00000000 0.16639639 0.15192579 0.09647780 0.17973920 0.15300732 0.08164534 0.17080817 
721.00000000 0.16624838 0.15220939 0.09664965 0.17924411 0.15338067 0.08174997 0.17051784 
722.00000000 0.16609139 0.15254605 0.09682897 0.17874438 0.15368980 0.08185190 0.17024752 
723.00000000 0.16592111 0.15291905 0.09701210 0.17825927 0.15392947 0.08194808 0.17001093 
724.00000000 0.16573106 0.15332031 0.09719248 0.17780261 0.15410374 0.08203594 0.16981387 
725.00000000 0.16551561 0.15374736 0.09736173 0.17737981 0.15422736 0.08211480 0.16965333 
726.00000000 0.16527262 0.15419895 0.09751206 0.17698815 0.15432292 0.08218710 0.16951820 
727.00000000 0.16500452 0.15467205 0.09763851 0.17661993 0.15441487 0.08225854 0.16939157 
728.00000000 0.16471742 0.15516135 0.09774016 0.17626661 0.15452318 0.08233675 0.16925453 
729.00000000 0.16441842 0.15566010 0.09781964 0.17592270 0.15465973 0.08242858 0.16909082 
730.00000000 0.16411249 0.15616063 0.09788183 0.17558791 0.15482826 0.08253744 0.16889144 
731.00000000 0.16380011 0.15665342 0.09793229 0.17526775 0.15502695 0.08266168 0.16865780 
732.00000000 0.16347715 0.15712583 0.09797636 0.17497238 0.15525083 0.08279493 0.16840252 
733.00000000 0.16313749 0.15756195 0.09801905 0.17471427 0.15549210 0.08292806 0.16814708 
734.00000000 0.16277748 0.15794471 0.09806535 0.17450508 0.15573807 0.08305200 0.16791730 
735.00000000 0.16239980 0.15825992 0.09812004 0.17435305 0.15596914 0.08316023 0.16773782 
736.00000000 0.16201419 0.15850016 0.09818665 0.17426161 0.15615981 0.08325015 0.16762743 
737.00000000 0.16163446 0.15866629 0.09826612 0.17422983 0.15628388 0.08332327 0.16759615 
738.00000000 0.16127330 0.15876561 0.09835601 0.17425412 0.15632240 0.08338426 0.16764429 
739.00000000 0.16093787 0.15880839 0.09845099 0.17433004 0.15627050 0.08343946 0.16776275 
740.00000000 0.16062829 0.15880502 0.09854409 0.17445316 0.15613951 0.08349517 0.16793476 
741.00000000 0.16033941 0.15876524 0.09862828 0.17461912 0.15595286 0.08355617 0.16813892 
742.00000000 0.16006446 0.15869875 0.09869803 0.17482355 0.15573704 0.08362423 0.16835393 
743.00000000 0.15979814 0.15861604 0.09875068 0.17506269 0.15551174 0.08369706 0.16856366 
744.00000000 0.15953737 0.15852838 0.09878733 0.17533490 0.15528339 0.08376803 0.16876059 
745.00000000 0.15928022 0.15844729 0.09881275 0.17564197 0.15504456 0.08382741 0.16894580 
746.00000000 0.15902446 0.15838385 0.09883409 0.17598912 0.15477800 0.08386520 0.16912528 
747.00000000 0.15876805 0.15834815 0.09885882 0.17638307 0.15446243 0.08387488 0.16930459 
748.00000000 0.15851189 0.15834841 0.09889256 0.17682859 0.15407738 0.08385646 0.16948471 
749.00000000 0.15826288 0.15838957 0.09893745 0.17732484 0.15360640 0.08381749 0.16966137 
750.00000000 0.15803475 0.15847188 0.09899157 0.17786348 0.15303923 0.08377150 0.16982760 
751.00000000 0.15784455 0.15859047 0.09905008 0.17842942 0.15237366 0.08373420 0.16997761 
752.00000000 0.15770623 0.15873705 0.09910774 0.17900416 0.15161670 0.08371895 0.17010917 
753.00000000 0.15762438 0.15890318 0.09916182 0.17957015 0.15078414 0.08373316 0.17022316 
754.00000000 0.15759213 0.15908407 0.09921382 0.18011420 0.14989776 0.08377711 0.17032090 
755.00000000 0.15759446 0.15928021 0.09926937 0.18062878 0.14898050 0.08384519 0.17040150 
756.00000000 0.15761525 0.15949566 0.09933662 0.18111128 0.14805110 0.08392901 0.17046109 
757.00000000 0.15764414 0.15973386 0.09942396 0.18156244 0.14712035 0.08402068 0.17049458 
758.00000000 0.15767945 0.15999343 0.09953784 0.18198507 0.14619036 0.08411533 0.17049853 
759.00000000 0.15772621 0.16026672 0.09968144 0.18238286 0.14525764 0.08421207 0.17047305 
760.00000000 0.15779111 0.16054195 0.09985405 0.18275866 0.14431925 0.08431375 0.17042123 
761.00000000 0.15787758 0.16080769 0.10005111 0.18311235 0.14337935 0.08442596 0.17034596 
762.00000000 0.15798364 0.16105739 0.10026439 0.18343879 0.14245351 0.08455590 0.17024638 
763.00000000 0.15810286 0.16129134 0.10048237 0.18372730 0.14156861 0.08471139 0.17011613 
764.00000000 0.15822673 0.16151571 0.10069120 0.18396312 0.14075838 0.08489994 0.16994491 
765.00000000 0.15834630 0.16173961 0.10087682 0.18413076 0.14005645 0.08512742 0.16972264 
766.00000000 0.15845264 0.16197177 0.10102808 0.18421812 0.13948935 0.08539636 0.16944368 
767.00000000 0.15853684 0.16221769 0.10113991 0.18422015 0.13907197 0.08570459 0.16910884 
768.00000000 0.15859088 0.16247795 0.10121482 0.18414103 0.13880634 0.08604507 0.16872391 
769.00000000 0.15860931 0.16274752 0.10126189 0.18399431 0.13868319 0.08640761 0.16829618 
770.00000000 0.15859096 0.16301652 0.10129330 0.18380103 0.13868544 0.08678187 0.16783088 
771.00000000 0.15853953 0.16327208 0.10131975 0.18358629 0.13879226 0.08716015 0.16732994 
772.00000000 0.15846242 0.16350103 0.10134682 0.18337468 0.13898282 0.08753873 0.16679350 
773.00000000 0.15836827 0.16369290 0.10137403 0.18318569 0.13923898 0.08791689 0.16622323 
774.00000000 0.15826418 0.16384244 0.10139706 0.18302970 0.13954685 0.08829436 0.16562541 
775.00000000 0.15815350 0.16395174 0.10141159 0.18290580 0.13989694 0.08866837 0.16501205 
776.00000000 0.15803486 0.16403154 0.10141639 0.18280224 0.14028294 0.08903243 0.16439960 
777.00000000 0.15790260 0.16410105 0.10141374 0.18269953 0.14069966 0.08937741 0.16380600 
778.00000000 0.15774873 0.16418516 0.10140776 0.18257549 0.14114101 0.08969460 0.16324726 
779.00000000 0.15756587 0.16430899 0.10140184 0.18241067 0.14159891 0.08997895 0.16273476 
780.00000000 0.15735069 0.16449092 0.10139719 0.18219284 0.14206340 0.09023099 0.16227397 
781.00000000 0.15710667 0.16473677 0.10139311 0.18191920 0.14252369 0.09045639 0.16186416 
782.00000000 0.15684513 0.16503747 0.10138828 0.18159627 0.14297045 0.09066383 0.16149858 
783.00000000 0.15658331 0.16537192 0.10138172 0.18123781 0.14339868 0.09086217 0.16116440 
784.00000000 0.15633975 0.16571428 0.10137243 0.18086176 0.14381042 0.09105853 0.16084283 
785.00000000 0.15612874 0.16604264 0.10135784 0.18048705 0.14421570 0.09125782 0.16051021 
786.00000000 0.15595646 0.16634544 0.10133248 0.18013044 0.14463085 0.09146326 0.16014107 
787.00000000 0.15582078 0.16662303 0.10128825 0.17980391 0.14507397 0.09167705 0.15971301 
788.00000000 0.15571481 0.16688481 0.10121687 0.17951251 0.14555869 0.09190009 0.15921224 
789.00000000 0.15563199 0.16714444 0.10111329 0.17925324 0.14608828 0.09213084 0.15863792 
790.00000000 0.15556986 0.16741623 0.10097810 0.17901523 0.14665241 0.09236449 0.15800367 
791.00000000 0.15553027 0.16771381 0.10081727 0.17878179 0.14722823 0.09259327 0.15733536 
792.00000000 0.15551674 0.16804966 0.10063958 0.17853420 0.14778611 0.09280836 0.15666536 
793.00000000 0.15553098 0.16843339 0.10045345 0.17825663 0.14829831 0.09300245 0.15602478 
794.00000000 0.15557141 0.16886832 0.10026484 0.17794045 0.14874666 0.09317180 0.15543652 
795.00000000 0.15563471 0.16934780 0.10007707 0.17758643 0.14912546 0.09331701 0.15491152 
796.00000000 0.15571921 0.16985453 0.09989197 0.17720390 0.14943894 0.09344222 0.15444923 
797.00000000 0.15582718 0.17036440 0.09971102 0.17680774 0.14969556 0.09355318 0.15404091 
798.00000000 0.15596383 0.17085444 0.09953571 0.17641462 0.14990269 0.09365492 0.15367381 
799.00000000 0.15613322 0.17131101 0.09936725 0.17604025 0.15006399 0.09374987 0.15333443 
800.00000000 0.15633348 0.17173407 0.09920662 0.17569820 0.15017999 0.09383718 0.15301047 
801.00000000 0.15655433 0.17213494 0.09905502 0.17539977 0.15025048 0.09391354 0.15269193 
802.00000000 0.15677907 0.17252870 0.09891444 0.17515387 0.15027660 0.09397528 0.15237203 
803.00000000 0.15699058 0.17292541 0.09878738 0.17496614 0.15026135 0.09402085 0.15204830 
804.00000000 0.15717821 0.17332478 0.09867549 0.17483752 0.15020820 0.09405253 0.15172326 
805.00000000 0.15734186 0.17371683 0.09857791 0.17476340 0.15011972 0.09407642 0.15140386 
806.00000000 0.15749068 0.17408744 0.09849061 0.17473419 0.14999765 0.09410056 0.15109888 
807.00000000 0.15763750 0.17442502 0.09840758 0.17473760 0.14984507 0.09413220 0.15081502 
808.00000000 0.15779270 0.17472453 0.09832336 0.17476172 0.14966880 0.09417543 0.15055346 
809.00000000 0.15796115 0.17498707 0.09823562 0.17479732 0.14947986 0.09423036 0.15030862 
810.00000000 0.15814379 0.17521660 0.09814618 0.17483835 0.14929096 0.09429377 0.15007035 
811.00000000 0.15834166 0.17541689 0.09806011 0.17488035 0.14911213 0.09436053 0.14982832 
812.00000000 0.15855892 0.17559125 0.09798343 0.17491784 0.14894679 0.09442488 0.14957689 
813.00000000 0.15880237 0.17574463 0.09792115 0.17494273 0.14879018 0.09448110 0.14931784 
814.00000000 0.15907788 0.17588530 0.09787697 0.17494527 0.14863141 0.09452364 0.14905953 
815.00000000 0.15938640 0.17602326 0.09785458 0.17491730 0.14845843 0.09454713 0.14881289 
816.00000000 0.15972288 0.17616536 0.09785919 0.17485596 0.14826363 0.09454674 0.14858625 
817.00000000 0.16007899 0.17631011 0.09789743 0.17476514 0.14804740 0.09451912 0.14838181 
818.00000000 0.16044825 0.17644565 0.09797530 0.17465381 0.14781808 0.09446357 0.14819534 
819.00000000 0.16082981 0.17655321 0.09809496 0.17453176 0.14758887 0.09438272 0.14801868 
820.00000000 0.16122803 0.17661492 0.09825282 0.17440527 0.14737357 0.09428213 0.14784325 
821.00000000 0.16164782 0.17662243 0.09844034 0.17427512 0.14718285 0.09416865 0.14766278 
822.00000000 0.16208876 0.17658180 0.09864740 0.17413790 0.14702194 0.09404789 0.14747431 
823.00000000 0.16254190 0.17651217 0.09886656 0.17398975 0.14689001 0.09392201 0.14727759 
824.00000000 0.16299160 0.17643880 0.09909548 0.17383001 0.14678111 0.09378913 0.14707387 
825.00000000 0.16342132 0.17638412 0.09933612 0.17366245 0.14668605 0.09364504 0.14686491 
826.00000000 0.16382008 0.17636123 0.09959119 0.17349382 0.14659414 0.09348655 0.14665299 
827.00000000 0.16418598 0.17637243 0.09986021 0.17333112 0.14649416 0.09331456 0.14644153 
828.00000000 0.16452467 0.17641227 0.10013802 0.17318005 0.14637478 0.09313472 0.14623549 
829.00000000 0.16484432 0.17647243 0.10041646 0.17304560 0.14622575 0.09295505 0.14604039 
830.00000000 0.16515019 0.17654522 0.10068806 0.17293397 0.14604031 0.09278202 0.14586024 
831.00000000 0.16544200 0.17662462 0.10094893 0.17285375 0.14581799 0.09261725 0.14569546 
832.00000000 0.16571498 0.17670525 0.10119917 0.17281496 0.14556636 0.09245707 0.14554220 
833.00000000 0.16596304 0.17678115 0.10144077 0.17282556 0.14530078 0.09229477 0.14539392 
834.00000000 0.16618163 0.17684617 0.10167478 0.17288731 0.14504161 0.09212418 0.14524432 
835.00000000 0.16636864 0.17689620 0.10189972 0.17299339 0.14480956 0.09194239 0.14509010 
836.00000000 0.16652367 0.17693181 0.10211229 0.17312993 0.14462038 0.09175010 0.14493183 
837.00000000 0.16664695 0.17695911 0.10230958 0.17328089 0.14448078 0.09154993 0.14477276 
838.00000000 0.16673934 0.17698742 0.10249127 0.17343395 0.14438724 0.09134420 0.14461658 
839.00000000 0.16680338 0.17702468 0.10265994 0.17358402 0.14432826 0.09113397 0.14446575 
840.00000000 0.16684456 0.17707326 0.10281935 0.17373270 0.14428892 0.09092024 0.14432097 
841.00000000 0.16687138 0.17712886 0.10297155 0.17388461 0.14425606 0.09070615 0.14418140 
842.00000000 0.16689326 0.17718357 0.10311487 0.17404282 0.14422198 0.09049842 0.14404508 
843.00000000 0.16691716 0.17723133 0.10324395 0.17420604 0.14418581 0.09030658 0.14390913 
844.00000000 0.16694474 0.17727251 0.10335164 0.17436851 0.14415238 0.09013995 0.14377027 
845.00000000 0.16697197 0.17731436 0.10343177 0.17452215 0.14413010 0.09000403 0.14362561 
846.00000000 0.16699119 0.17736699 0.10348146 0.17465934 0.14412900 0.08989819 0.14347383 
847.00000000 0.16699412 0.17743725 0.10350205 0.17477501 0.14415918 0.08981587 0.14331653 
848.00000000 0.16697419 0.17752439 0.10349869 0.17486723 0.14422923 0.08974715 0.14315912 
849.00000000 0.16692703 0.17762020 0.10347898 0.17493674 0.14434415 0.08968214 0.14301076 
850.00000000 0.16684952 0.17771362 0.10345149 0.17498614 0.14450283 0.08961344 0.14288296 
851.00000000 0.16673847 0.17779660 0.10342473 0.17501969 0.14469670 0.08953663 0.14278718 
852.00000000 0.16658997 0.17786799 0.10340657 0.17504357 0.14491064 0.08944930 0.14273196 
853.00000000 0.16639988 0.17793348 0.10340363 0.17506579 0.14512674 0.08934963 0.14272086 
854.00000000 0.16616510 0.17800260 0.10342027 0.17509482 0.14532966 0.08923583 0.14275172 
855.00000000 0.16588479 0.17808542 0.10345736 0.17513662 0.14551164 0.08910667 0.14281751 
856.00000000 0.16556077 0.17819111 0.10351124 0.17519104 0.14567488 0.08896279 0.14290817 
857.00000000 0.16519716 0.17832879 0.10357365 0.17524958 0.14583003 0.08880779 0.14301299 
858.00000000 0.16479980 0.17850888 0.10363285 0.17529630 0.14599114 0.08864822 0.14312280 
859.00000000 0.16437619 0.17874259 0.10367598 0.17531256 0.14616904 0.08849231 0.14323134 
860.00000000 0.16393580 0.17903877 0.10369195 0.17528361 0.14636635 0.08834803 0.14333549 
861.00000000 0.16348998 0.17939985 0.10367411 0.17520396 0.14657614 0.08822159 0.14343438 
862.00000000 0.16305073 0.17981964 0.10362174 0.17507866 0.14678475 0.08811717 0.14352731 
863.00000000 0.16262878 0.18028489 0.10353988 0.17492033 0.14697740 0.08803761 0.14361111 
864.00000000 0.16223184 0.18077986 0.10343763 0.17474357 0.14714411 0.08798535 0.14367765 
865.00000000 0.16186401 0.18129154 0.10332548 0.17455973 0.14728351 0.08796265 0.14371308 
866.00000000 0.16152717 0.18181236 0.10321256 0.17437379 0.14740352 0.08797078 0.14369982 
867.00000000 0.16122388 0.18233899 0.10310459 0.17418402 0.14751904 0.08800855 0.14362094 
868.00000000 0.16096038 0.18286857 0.10300320 0.17398348 0.14764785 0.08807113 0.14346538 
869.00000000 0.16074803 0.18339549 0.10290677 0.17376241 0.14780578 0.08814991 0.14323160 
870.00000000 0.16060201 0.18391092 0.10281215 0.17351046 0.14800238 0.08823381 0.14292827 
871.00000000 0.16053782 0.18440530 0.10271673 0.17321852 0.14823813 0.08831177 0.14257174 
872.00000000 0.16056704 0.18487147 0.10261976 0.17288043 0.14850397 0.08837558 0.14218177 
873.00000000 0.16069434 0.18530572 0.10252277 0.17249478 0.14878331 0.08842185 0.14177723 
874.00000000 0.16091656 0.18570593 0.10242928 0.17206652 0.14905608 0.08845247 0.14137316 
875.00000000 0.16122351 0.18606860 0.10234381 0.17160732 0.14930416 0.08847367 0.14097893 
876.00000000 0.16159952 0.18638769 0.10227095 0.17113363 0.14951690 0.08849396 0.14059736 
877.00000000 0.16202473 0.18665710 0.10221433 0.17066278 0.14969497 0.08852173 0.14022436 
878.00000000 0.16247610 0.18687547 0.10217598 0.17020804 0.14985120 0.08856317 0.13985004 
879.00000000 0.16292905 0.18704994 0.10215589 0.16977470 0.15000746 0.08862121 0.13946175 
880.00000000 0.16335992 0.18719579 0.10215156 0.16935868 0.15018877 0.08869610 0.13904918 
881.00000000 0.16374905 0.18733173 0.10215793 0.16894848 0.15041616 0.08878709 0.13860956 
882.00000000 0.16408327 0.18747345 0.10216783 0.16852992 0.15070065 0.08889447 0.13815042 
883.00000000 0.16435676 0.18762913 0.10217323 0.16809196 0.15103973 0.08902070 0.13768850 
884.00000000 0.16457028 0.18779859 0.10216715 0.16763124 0.15141741 0.08917030 0.13724504 
885.00000000 0.16472913 0.18797585 0.10214537 0.16715379 0.15180761 0.08934860 0.13683964 
886.00000000 0.16484057 0.18815317 0.10210734 0.16667350 0.15217965 0.08956029 0.13648549 
887.00000000 0.16491102 0.18832463 0.10205565 0.16620823 0.15250424 0.08980835 0.13618788 
888.00000000 0.16494402 0.18848808 0.10199482 0.16577526 0.15275824 0.09009375 0.13594583 
889.00000000 0.16493966 0.18864522 0.10192982 0.16538726 0.15292742 0.09041536 0.13575524 
890.00000000 0.16489551 0.18880042 0.10186512 0.16504988 0.15300743 0.09077006 0.13561157 
891.00000000 0.16480829 0.18895942 0.10180428 0.16476080 0.15300324 0.09115278 0.13551118 
892.00000000 0.16467548 0.18912843 0.10175000 0.16451034 0.15292732 0.09155686 0.13545157 
893.00000000 0.16449636 0.18931298 0.10170415 0.16428329 0.15279649 0.09197513 0.13543161 
894.00000000 0.16427275 0.18951584 0.10166764 0.16406221 0.15262788 0.09240155 0.13545213 
895.00000000 0.16400947 0.18973424 0.10164034 0.16383190 0.15243485 0.09283278 0.13551642 
896.00000000 0.16371474 0.18995747 0.10162129 0.16358384 0.15222455 0.09326848 0.13562963 
897.00000000 0.16340008 0.19016652 0.10160924 0.16331918 0.15199808 0.09371020 0.13579671 
898.00000000 0.16307966 0.19033666 0.10160330 0.16304859 0.15175317 0.09415921 0.13601941 
899.00000000 0.16276872 0.19044275 0.10160329 0.16278897 0.15148780 0.09461463 0.13629384 
900.00000000 0.16248129 0.19046574 0.10160959 0.16255823 0.15120225 0.09507259 0.13661031 
901.00000000 0.16222790 0.19039769 0.10162280 0.16237007 0.15089842 0.09552695 0.13695618 
902.00000000 0.16201458 0.19024285 0.10164323 0.16223060 0.15057702 0.09597106 0.13732068 
903.00000000 0.16184384 0.19001411 0.10167080 0.16213767 0.15023424 0.09639988 0.13769946 
904.00000000 0.16171720 0.18972668 0.10170516 0.16208294 0.14986000 0.09681155 0.13809648 
905.00000000 0.16163750 0.18939239 0.10174611 0.16205536 0.14943851 0.09720784 0.13852229 
906.00000000 0.16160979 0.18901724 0.10179397 0.16204489 0.14895129 0.09759325 0.13898958 
907.00000000 0.16164025 0.18860222 0.10185005 0.16204506 0.14838160 0.09797294 0.13950787 
908.00000000 0.16173390 0.18814580 0.10191683 0.16205412 0.14771933 0.09835008 0.14007993 
909.00000000 0.16189223 0.18764598 0.10199809 0.16207437 0.14696495 0.09872357 0.14070081 
910.00000000 0.16211200 0.18710141 0.10209853 0.16211013 0.14613118 0.09908708 0.14135968 
911.00000000 0.16238567 0.18651168 0.10222316 0.16216484 0.14524192 0.09942985 0.14204289 
912.00000000 0.16270310 0.18587761 0.10237623 0.16223834 0.14432857 0.09973919 0.14273696 
913.00000000 0.16305363 0.18520196 0.10256011 0.16232557 0.14342464 0.10000362 0.14343048 
914.00000000 0.16342762 0.18449024 0.10277434 0.16241712 0.14255981 0.10021560 0.14411528 
915.00000000 0.16381726 0.18375078 0.10301529 0.16250147 0.14175489 0.10037298 0.14478733 
916.00000000 0.16421694 0.18299385 0.10327665 0.16256773 0.14101871 0.10047889 0.14544722 
917.00000000 0.16462308 0.18223019 0.10355041 0.16260781 0.14034834 0.10054072 0.14609946 
918.00000000 0.16503355 0.18147009 0.10382804 0.16261748 0.13973250 0.10056869 0.14674964 
919.00000000 0.16544658 0.18072359 0.10410134 0.16259642 0.13915760 0.10057445 0.14740002 
920.00000000 0.16585930 0.18000108 0.10436274 0.16254787 0.13861415 0.10056968 0.14804518 
921.00000000 0.16626663 0.17931318 0.10460568 0.16247807 0.13810134 0.10056464 0.14867047 
922.00000000 0.16666113 0.17866894 0.10482526 0.16239557 0.13762767 0.10056695 0.14925449 
923.00000000 0.16703411 0.17807317 0.10501923 0.16231000 0.13720760 0.10058064 0.14977525 
924.00000000 0.16737775 0.17752424 0.10518871 0.16223063 0.13685573 0.10060627 0.15021667 
925.00000000 0.16768719 0.17701424 0.10533813 0.16216521 0.13658096 0.10064191 0.15057235 
926.00000000 0.16796165 0.17653174 0.10547426 0.16211969 0.13638303 0.10068466 0.15084498 
927.00000000 0.16820395 0.17606584 0.10560438 0.16209876 0.13625217 0.10073202 0.15104288 
928.00000000 0.16841879 0.17560957 0.10573445 0.16210641 0.13617151 0.10078243 0.15117684 
929.00000000 0.16861076 0.17516080 0.10586783 0.16214582 0.13612077 0.10083481 0.15125920 
930.00000000 0.16878274 0.17472066 0.10600516 0.16221838 0.13608073 0.10088753 0.15130479 
931.00000000 0.16893517 0.17429100 0.10614525 0.16232240 0.13603775 0.10093727 0.15133116 
932.00000000 0.16906579 0.17387256 0.10628629 0.16245219 0.13598790 0.10097887 0.15135640 
933.00000000 0.16917033 0.17346479 0.10642649 0.16259799 0.13593952 0.10100622 0.15139466 
934.00000000 0.16924393 0.17306679 0.10656365 0.16274696 0.13591263 0.10101415 0.15145190 
935.00000000 0.16928329 0.17267815 0.10669440 0.16288458 0.13593473 0.10100037 0.15152448 
936.00000000 0.16928902 0.17229849 0.10681431 0.16299632 0.13603358 0.10096623 0.15160206 
937.00000000 0.16926723 0.17192569 0.10691942 0.16306909 0.13622943 0.10091586 0.15167327 
938.00000000 0.16922992 0.17155394 0.10700855 0.16309262 0.13652953 0.10085418 0.15173127 
939.00000000 0.16919362 0.17117317 0.10708480 0.16306062 0.13692674 0.10078509 0.15177597 
940.00000000 0.16917669 0.17077098 0.10715501 0.16297162 0.13740268 0.10071093 0.15181208 
941.00000000 0.16919602 0.17033587 0.10722712 0.16282879 0.13793432 0.10063327 0.15184461 
942.00000000 0.16926407 0.16986003 0.10730678 0.16263857 0.13850148 0.10055415 0.15187492 
943.00000000 0.16938733 0.16933968 0.10739529 0.16240858 0.13909267 0.10047644 0.15190001 
944.00000000 0.16956621 0.16877316 0.10748992 0.16214568 0.13970721 0.10040268 0.15191513 
945.00000000 0.16979624 0.16815862 0.10758630 0.16185515 0.14035317 0.10033301 0.15191752 
946.00000000 0.17006965 0.16749332 0.10768121 0.16154141 0.14104241 0.10026376 0.15190823 
947.00000000 0.17037709 0.16677594 0.10777410 0.16120955 0.14178485 0.10018794 0.15189054 
948.00000000 0.17070903 0.16601024 0.10786670 0.16086653 0.14258415 0.10009770 0.15186565 
949.00000000 0.17105695 0.16520783 0.10796149 0.16052111 0.14343625 0.09998763 0.15182874 
950.00000000 0.17141423 0.16438729 0.10806037 0.16018217 0.14433094 0.09985686 0.15176813 
951.00000000 0.17177705 0.16356967 0.10816451 0.15985640 0.14525558 0.09970872 0.15166806 
952.00000000 0.17214484 0.16277258 0.10827516 0.15954652 0.14619952 0.09954820 0.15151318 
953.00000000 0.17251975 0.16200624 0.10839464 0.15925124 0.14715762 0.09937890 0.15129162 
954.00000000 0.17290500 0.16127381 0.10852649 0.15896672 0.14813187 0.09920113 0.15099498 
955.00000000 0.17330230 0.16057497 0.10867425 0.15868860 0.14913124 0.09901251 0.15061613 
956.00000000 0.17370948 0.15991017 0.10883985 0.15841306 0.15016977 0.09881023 0.15014743 
957.00000000 0.17412002 0.15928244 0.10902228 0.15813687 0.15126321 0.09859368 0.14958151 
958.00000000 0.17452498 0.15869590 0.10921755 0.15785674 0.15242435 0.09836568 0.14891479 
959.00000000 0.17491702 0.15815241 0.10941974 0.15756940 0.15365801 0.09813200 0.14815143 
960.00000000 0.17529441 0.15764908 0.10962246 0.15727273 0.15495684 0.09789957 0.14730490 
961.00000000 0.17566304 0.15717867 0.10982001 0.15696785 0.15629967 0.09767493 0.14639583 
962.00000000 0.17603506 0.15673238 0.11000784 0.15666054 0.15765366 0.09746342 0.14544710 
963.00000000 0.17642485 0.15630288 0.11018253 0.15636071 0.15898061 0.09726944 0.14447898 
964.00000000 0.17684385 0.15588581 0.11034165 0.15607930 0.16024602 0.09709690 0.14350647 
965.00000000 0.17729642 0.15547949 0.11048373 0.15582365 0.16142824 0.09694915 0.14253932 
966.00000000 0.17777803 0.15508452 0.11060865 0.15559354 0.16252424 0.09682788 0.14158315 
967.00000000 0.17827606 0.15470448 0.11071837 0.15538017 0.16354972 0.09673130 0.14063990 
968.00000000 0.17877231 0.15434782 0.11081729 0.15516861 0.16453343 0.09665301 0.13970753 
969.00000000 0.17924633 0.15402891 0.11091169 0.15494270 0.16550760 0.09658277 0.13878001 
970.00000000 0.17967884 0.15376630 0.11100802 0.15468974 0.16649821 0.09650954 0.13784935 
971.00000000 0.18005516 0.15357747 0.11111063 0.15440321 0.16751839 0.09642544 0.13690970 
972.00000000 0.18036801 0.15347220 0.11122033 0.15408242 0.16856697 0.09632849 0.13596160 
973.00000000 0.18061882 0.15344780 0.11133440 0.15373024 0.16963210 0.09622265 0.13501398 
974.00000000 0.18081705 0.15348889 0.11144841 0.15335034 0.17069750 0.09611545 0.13408236 
975.00000000 0.18097726 0.15357191 0.11155857 0.15294538 0.17174836 0.09601467 0.13318384 
976.00000000 0.18111518 0.15367228 0.11166340 0.15251675 0.17277453 0.09592615 0.13233171 
977.00000000 0.18124376 0.15377086 0.11176402 0.15206505 0.17377062 0.09585323 0.13153245 
978.00000000 0.18137065 0.15385744 0.11186306 0.15159022 0.17473460 0.09579745 0.13078659 
979.00000000 0.18149765 0.15393051 0.11196315 0.15109071 0.17566634 0.09575933 0.13009229 
980.00000000 0.18162259 0.15399449 0.11206614 0.15056216 0.17656688 0.09573857 0.12944918 
981.00000000 0.18174238 0.15405651 0.11217327 0.14999700 0.17743744 0.09573339 0.12886000 
982.00000000 0.18185608 0.15412457 0.11228602 0.14938632 0.17827728 0.09574009 0.12832964 
983.00000000 0.18196617 0.15420682 0.11240652 0.14872371 0.17908056 0.09575335 0.12786287 
984.00000000 0.18207818 0.15431066 0.11253706 0.14800978 0.17983410 0.09576742 0.12746281 
985.00000000 0.18219905 0.15444040 0.11267879 0.14725508 0.18051810 0.09577770 0.12713087 
986.00000000 0.18233527 0.15459410 0.11283057 0.14647961 0.18111089 0.09578180 0.12686776 
987.00000000 0.18249105 0.15476205 0.11298889 0.14570867 0.18159580 0.09577955 0.12667398 
988.00000000 0.18266662 0.15492920 0.11314899 0.14496682 0.18196708 0.09577214 0.12654915 
989.00000000 0.18285697 0.15508099 0.11330666 0.14427246 0.18223141 0.09576085 0.12649065 
990.00000000 0.18305169 0.15520993 0.11345949 0.14363534 0.18240451 0.09574623 0.12649281 
991.00000000 0.18323640 0.15531912 0.11360701 0.14305742 0.18250431 0.09572787 0.12654786 
992.00000000 0.18339594 0.15542066 0.11375016 0.14253595 0.18254421 0.09570459 0.12664849 
993.00000000 0.18351838 0.15552986 0.11389074 0.14206661 0.18252905 0.09567442 0.12679094 
994.00000000 0.18359851 0.15565839 0.11403150 0.14164572 0.18245501 0.09563438 0.12697650 
995.00000000 0.18363885 0.15580992 0.11417661 0.14127093 0.18231284 0.09558036 0.12721047 
996.00000000 0.18364783 0.15598022 0.11433174 0.14094146 0.18209247 0.09550776 0.12749852 
997.00000000 0.18363572 0.15616064 0.11450288 0.14065831 0.18178691 0.09541299 0.12784255 
998.00000000 0.18361088 0.15634264 0.11469419 0.14042472 0.18139411 0.09529531 0.12823815 
999.00000000 0.18357750 0.15652096 0.11490571 0.14024626 0.18091667 0.09515796 0.12867494 
