0.00000000 1.00000000 0.00000000 0.00000000 0.00000000 0.00000000 0.00000000 0.00000000 
1.00000000 0.99971313 0.00027283 0.00000108 0.00000124 0.00000159 0.00000666 0.00000348 
2.00000000 0.99885336 0.00109049 0.00000434 0.00000495 0.00000638 0.00002660 0.00001389 
3.00000000 0.99742321 0.00245046 0.00000988 0.00001114 0.00001439 0.00005974 0.00003118 
4.00000000 0.99542685 0.00434859 0.00001786 0.00001985 0.00002565 0.00010594 0.00005527 
5.00000000 0.99287005 0.00677911 0.00002849 0.00003108 0.00004023 0.00016500 0.00008604 
6.00000000 0.98976018 0.00973468 0.00004207 0.00004489 0.00005818 0.00023667 0.00012334 
7.00000000 0.98610614 0.01320641 0.00005892 0.00006131 0.00007958 0.00032066 0.00016698 
8.00000000 0.98191837 0.01718390 0.00007942 0.00008040 0.00010453 0.00041663 0.00021676 
9.00000000 0.97720893 0.02165514 0.00010400 0.00010221 0.00013312 0.00052416 0.00027244 
10.00000000 0.97199148 0.02660653 0.00013315 0.00012681 0.00016546 0.00064282 0.00033376 
11.00000000 0.96628137 0.03202280 0.00016738 0.00015427 0.00020168 0.00077208 0.00040042 
12.00000000 0.96009552 0.03788713 0.00020725 0.00018469 0.00024190 0.00091138 0.00047213 
13.00000000 0.95345218 0.04418139 0.00025334 0.00021817 0.00028626 0.00106012 0.00054854 
14.00000000 0.94637060 0.05088646 0.00030627 0.00025480 0.00033489 0.00121769 0.00062930 
15.00000000 0.93887079 0.05798245 0.00036664 0.00029471 0.00038793 0.00138343 0.00071405 
16.00000000 0.93097340 0.06544890 0.00043508 0.00033801 0.00044552 0.00155667 0.00080242 
17.00000000 0.92269967 0.07326477 0.00051224 0.00038479 0.00050781 0.00173670 0.00089402 
18.00000000 0.91407148 0.08140838 0.00059877 0.00043518 0.00057499 0.00192274 0.00098846 
19.00000000 0.90511137 0.08985749 0.00069534 0.00048927 0.00064722 0.00211399 0.00108533 
20.00000000 0.89584214 0.09858958 0.00080257 0.00054720 0.00072467 0.00230964 0.00118420 
21.00000000 0.88628637 0.10758239 0.00092106 0.00060911 0.00080749 0.00250893 0.00128465 
22.00000000 0.87646615 0.11681416 0.00105137 0.00067511 0.00089583 0.00271113 0.00138626 
23.00000000 0.86640322 0.12626349 0.00119400 0.00074533 0.00098979 0.00291555 0.00148862 
24.00000000 0.85611949 0.13590883 0.00134950 0.00081986 0.00108950 0.00312149 0.00159134 
25.00000000 0.84563755 0.14572799 0.00151836 0.00089877 0.00119507 0.00332824 0.00169403 
26.00000000 0.83498087 0.15569799 0.00170107 0.00098215 0.00130660 0.00353502 0.00179630 
27.00000000 0.82417358 0.16579520 0.00189805 0.00107008 0.00142419 0.00374110 0.00189779 
28.00000000 0.81323992 0.17599593 0.00210966 0.00116264 0.00154791 0.00394579 0.00199814 
29.00000000 0.80220360 0.18627699 0.00233618 0.00125993 0.00167781 0.00414846 0.00209704 
30.00000000 0.79108753 0.19661603 0.00257783 0.00136199 0.00181389 0.00434854 0.00219419 
31.00000000 0.77991390 0.20699140 0.00283484 0.00146887 0.00195618 0.00454545 0.00228935 
32.00000000 0.76870447 0.21738196 0.00310740 0.00158058 0.00210471 0.00473860 0.00238228 
33.00000000 0.75748063 0.22776692 0.00339571 0.00169715 0.00225949 0.00492734 0.00247276 
34.00000000 0.74626281 0.23812652 0.00369988 0.00181859 0.00242055 0.00511107 0.00256058 
35.00000000 0.73506944 0.24844297 0.00401995 0.00194495 0.00258790 0.00528928 0.00264552 
36.00000000 0.72391620 0.25870118 0.00435588 0.00207624 0.00276150 0.00546159 0.00272741 
37.00000000 0.71281632 0.26888844 0.00470761 0.00221244 0.00294131 0.00562777 0.00280611 
38.00000000 0.70178193 0.27899314 0.00507510 0.00235345 0.00312726 0.00578764 0.00288148 
39.00000000 0.69082541 0.28900338 0.00545837 0.00249914 0.00331929 0.00594101 0.00295341 
40.00000000 0.67996016 0.29890628 0.00585744 0.00264935 0.00351736 0.00608763 0.00302178 
41.00000000 0.66920058 0.30868802 0.00627231 0.00280391 0.00372145 0.00622722 0.00308651 
42.00000000 0.65856137 0.31833454 0.00670287 0.00296269 0.00393150 0.00635953 0.00314750 
43.00000000 0.64805685 0.32783220 0.00714887 0.00312555 0.00414741 0.00648439 0.00320472 
44.00000000 0.63770051 0.33716824 0.00760996 0.00329234 0.00436903 0.00660172 0.00325818 
45.00000000 0.62750499 0.34633080 0.00808575 0.00346288 0.00459613 0.00671151 0.00330795 
46.00000000 0.61748211 0.35530889 0.00857583 0.00363690 0.00482844 0.00681374 0.00335409 
47.00000000 0.60764283 0.36409247 0.00907979 0.00381410 0.00506569 0.00690841 0.00339670 
48.00000000 0.59799693 0.37267282 0.00959712 0.00399415 0.00530766 0.00699546 0.00343587 
49.00000000 0.58855283 0.38104254 0.01012718 0.00417671 0.00555411 0.00707491 0.00347171 
50.00000000 0.57931791 0.38919534 0.01066915 0.00436149 0.00580486 0.00714690 0.00350434 
51.00000000 0.57029923 0.39712520 0.01122215 0.00454815 0.00605969 0.00721167 0.00353391 
52.00000000 0.56150422 0.40482562 0.01178526 0.00473637 0.00631833 0.00726963 0.00356058 
53.00000000 0.55294112 0.41228927 0.01235761 0.00492572 0.00658054 0.00732121 0.00358455 
54.00000000 0.54461863 0.41950829 0.01293845 0.00511573 0.00684605 0.00736683 0.00360603 
55.00000000 0.53654528 0.42647499 0.01352710 0.00530590 0.00711465 0.00740684 0.00362524 
56.00000000 0.52872880 0.43318254 0.01412289 0.00549571 0.00738612 0.00744154 0.00364240 
57.00000000 0.52117572 0.43962530 0.01472508 0.00568470 0.00766024 0.00747120 0.00365776 
58.00000000 0.51389147 0.44579871 0.01533287 0.00587249 0.00793671 0.00749617 0.00367157 
59.00000000 0.50688098 0.45169871 0.01594548 0.00605871 0.00821517 0.00751686 0.00368408 
60.00000000 0.50014948 0.45732090 0.01656215 0.00624298 0.00849523 0.00753371 0.00369555 
61.00000000 0.49370307 0.46266002 0.01718223 0.00642487 0.00877646 0.00754711 0.00370623 
62.00000000 0.48754880 0.46770997 0.01780501 0.00660391 0.00905854 0.00755741 0.00371636 
63.00000000 0.48169425 0.47246422 0.01842974 0.00677960 0.00934117 0.00756485 0.00372616 
64.00000000 0.47614677 0.47691653 0.01905548 0.00695153 0.00962414 0.00756969 0.00373586 
65.00000000 0.47091287 0.48106153 0.01968113 0.00711938 0.00990721 0.00757222 0.00374565 
66.00000000 0.46599763 0.48489523 0.02030542 0.00728293 0.01019016 0.00757284 0.00375579 
67.00000000 0.46140438 0.48841530 0.02092710 0.00744200 0.01047273 0.00757197 0.00376652 
68.00000000 0.45713438 0.49162142 0.02154492 0.00759639 0.01075468 0.00757008 0.00377814 
69.00000000 0.45318630 0.49451571 0.02215778 0.00774586 0.01103579 0.00756759 0.00379097 
70.00000000 0.44955551 0.49710352 0.02276472 0.00789011 0.01131592 0.00756488 0.00380532 
71.00000000 0.44623343 0.49939400 0.02336489 0.00802890 0.01159494 0.00756235 0.00382148 
72.00000000 0.44320771 0.50139987 0.02395756 0.00816207 0.01187268 0.00756041 0.00383970 
73.00000000 0.44046356 0.50313616 0.02454210 0.00828957 0.01214891 0.00755954 0.00386015 
74.00000000 0.43798612 0.50461778 0.02511806 0.00841142 0.01242332 0.00756032 0.00388299 
75.00000000 0.43576293 0.50585710 0.02568513 0.00852759 0.01269555 0.00756335 0.00390834 
76.00000000 0.43378545 0.50686256 0.02624316 0.00863806 0.01296518 0.00756926 0.00393633 
77.00000000 0.43204895 0.50763879 0.02679204 0.00874277 0.01323180 0.00757859 0.00396706 
78.00000000 0.43055097 0.50818829 0.02733158 0.00884177 0.01349493 0.00759184 0.00400062 
79.00000000 0.42928899 0.50851373 0.02786150 0.00893523 0.01375408 0.00760940 0.00403707 
80.00000000 0.42825853 0.50861988 0.02838134 0.00902347 0.01400874 0.00763159 0.00407645 
81.00000000 0.42745239 0.50851425 0.02889066 0.00910687 0.01425835 0.00765869 0.00411879 
82.00000000 0.42686119 0.50820642 0.02938905 0.00918581 0.01450243 0.00769095 0.00416414 
83.00000000 0.42647467 0.50770674 0.02987628 0.00926059 0.01474051 0.00772862 0.00421259 
84.00000000 0.42628289 0.50702501 0.03035228 0.00933148 0.01497220 0.00777190 0.00426424 
85.00000000 0.42627689 0.50616993 0.03081710 0.00939875 0.01519718 0.00782097 0.00431917 
86.00000000 0.42644870 0.50514923 0.03127085 0.00946272 0.01541516 0.00787593 0.00437741 
87.00000000 0.42679072 0.50397027 0.03171357 0.00952376 0.01562590 0.00793685 0.00443892 
88.00000000 0.42729519 0.50264068 0.03214525 0.00958221 0.01582920 0.00800382 0.00450364 
89.00000000 0.42795425 0.50116827 0.03256575 0.00963837 0.01602494 0.00807694 0.00457148 
90.00000000 0.42876052 0.49956031 0.03297491 0.00969250 0.01621303 0.00815636 0.00464237 
91.00000000 0.42970794 0.49782278 0.03337256 0.00974486 0.01639345 0.00824216 0.00471624 
92.00000000 0.43079218 0.49595997 0.03375845 0.00979584 0.01656614 0.00833438 0.00479303 
93.00000000 0.43201036 0.49397489 0.03413227 0.00984588 0.01673104 0.00843293 0.00487262 
94.00000000 0.43336019 0.49187011 0.03449368 0.00989552 0.01688803 0.00853763 0.00495484 
95.00000000 0.43483944 0.48964815 0.03484240 0.00994526 0.01703699 0.00864826 0.00503950 
96.00000000 0.43644603 0.48731118 0.03517847 0.00999550 0.01717784 0.00876461 0.00512638 
97.00000000 0.43817896 0.48485990 0.03550223 0.01004656 0.01731054 0.00888650 0.00521531 
98.00000000 0.44003927 0.48229267 0.03581427 0.01009876 0.01743512 0.00901378 0.00530614 
99.00000000 0.44203024 0.47960538 0.03611522 0.01015247 0.01755166 0.00914629 0.00539874 
100.00000000 0.44415652 0.47679274 0.03640548 0.01020816 0.01766021 0.00928389 0.00549299 
101.00000000 0.44642227 0.47385019 0.03668512 0.01026636 0.01776090 0.00942642 0.00558875 
102.00000000 0.44882925 0.47077580 0.03695394 0.01032750 0.01785389 0.00957374 0.00568587 
103.00000000 0.45137576 0.46757107 0.03721178 0.01039188 0.01793952 0.00972574 0.00578425 
104.00000000 0.45405684 0.46424047 0.03745868 0.01045964 0.01801827 0.00988230 0.00588380 
105.00000000 0.45686517 0.46079035 0.03769512 0.01053084 0.01809076 0.01004326 0.00598449 
106.00000000 0.45979215 0.45722795 0.03792192 0.01060562 0.01815763 0.01020843 0.00608630 
107.00000000 0.46282854 0.45356097 0.03814012 0.01068423 0.01821941 0.01037759 0.00618915 
108.00000000 0.46596463 0.44979751 0.03835084 0.01076700 0.01827649 0.01055059 0.00629293 
109.00000000 0.46919047 0.44594606 0.03855529 0.01085427 0.01832913 0.01072733 0.00639746 
110.00000000 0.47249610 0.44201510 0.03875470 0.01094620 0.01837751 0.01090784 0.00650255 
111.00000000 0.47587213 0.43801260 0.03895044 0.01104276 0.01842188 0.01109217 0.00660801 
112.00000000 0.47930991 0.43394579 0.03914384 0.01114382 0.01846257 0.01128039 0.00671368 
113.00000000 0.48280146 0.42982133 0.03933605 0.01124924 0.01850004 0.01147243 0.00681944 
114.00000000 0.48633884 0.42564605 0.03952789 0.01135907 0.01853477 0.01166818 0.00692520 
115.00000000 0.48991340 0.42142777 0.03971983 0.01147349 0.01856712 0.01186750 0.00703090 
116.00000000 0.49351531 0.41717565 0.03991215 0.01159268 0.01859733 0.01207028 0.00713659 
117.00000000 0.49713362 0.41290011 0.04010513 0.01171672 0.01862552 0.01227656 0.00724235 
118.00000000 0.50075660 0.40861224 0.04029921 0.01184543 0.01865176 0.01248640 0.00734836 
119.00000000 0.50437208 0.40432353 0.04049498 0.01197844 0.01867622 0.01269989 0.00745486 
120.00000000 0.50796740 0.40004580 0.04069314 0.01211534 0.01869922 0.01291704 0.00756206 
121.00000000 0.51152926 0.39579149 0.04089440 0.01225578 0.01872118 0.01313773 0.00767016 
122.00000000 0.51504414 0.39157325 0.04109941 0.01239958 0.01874256 0.01336182 0.00777924 
123.00000000 0.51849941 0.38740289 0.04130884 0.01254660 0.01876377 0.01358917 0.00788932 
124.00000000 0.52188477 0.38328999 0.04152335 0.01269670 0.01878516 0.01381969 0.00800034 
125.00000000 0.52519292 0.37924124 0.04174365 0.01284955 0.01880707 0.01405334 0.00811223 
126.00000000 0.52841885 0.37526120 0.04197041 0.01300470 0.01882992 0.01429000 0.00822492 
127.00000000 0.53155796 0.37135403 0.04220418 0.01316165 0.01885429 0.01452948 0.00833840 
128.00000000 0.53460413 0.36752550 0.04244531 0.01332002 0.01888086 0.01477146 0.00845273 
129.00000000 0.53754866 0.36378392 0.04269393 0.01347954 0.01891036 0.01501558 0.00856801 
130.00000000 0.54038058 0.36013995 0.04295001 0.01364009 0.01894339 0.01526165 0.00868433 
131.00000000 0.54308796 0.35660534 0.04321339 0.01380151 0.01898036 0.01550962 0.00880181 
132.00000000 0.54565928 0.35319166 0.04348386 0.01396351 0.01902147 0.01575972 0.00892050 
133.00000000 0.54808419 0.34990962 0.04376104 0.01412563 0.01906679 0.01601226 0.00904047 
134.00000000 0.55035327 0.34676930 0.04404436 0.01428736 0.01911648 0.01626750 0.00916174 
135.00000000 0.55245758 0.34378051 0.04433293 0.01444830 0.01917080 0.01652557 0.00928432 
136.00000000 0.55438866 0.34095284 0.04462555 0.01460821 0.01923011 0.01678640 0.00940823 
137.00000000 0.55613922 0.33829476 0.04492084 0.01476709 0.01929478 0.01704985 0.00953345 
138.00000000 0.55770418 0.33581254 0.04521745 0.01492500 0.01936504 0.01731586 0.00965993 
139.00000000 0.55908119 0.33350952 0.04551434 0.01508200 0.01944087 0.01758447 0.00978761 
140.00000000 0.56027030 0.33138648 0.04581086 0.01523806 0.01952206 0.01785584 0.00991641 
141.00000000 0.56127277 0.32944273 0.04610675 0.01539309 0.01960827 0.01813012 0.01004627 
142.00000000 0.56209001 0.32767724 0.04640197 0.01554707 0.01969919 0.01840739 0.01017713 
143.00000000 0.56272340 0.32608902 0.04669648 0.01570008 0.01979456 0.01868752 0.01030895 
144.00000000 0.56317494 0.32467647 0.04699015 0.01585237 0.01989419 0.01897027 0.01044160 
145.00000000 0.56344849 0.32343623 0.04728275 0.01600433 0.01999793 0.01925537 0.01057490 
146.00000000 0.56355042 0.32236241 0.04757408 0.01615635 0.02010556 0.01954259 0.01070859 
147.00000000 0.56348934 0.32144689 0.04786403 0.01630879 0.02021679 0.01983179 0.01084237 
148.00000000 0.56327479 0.32068056 0.04815252 0.01646195 0.02033134 0.02012282 0.01097601 
149.00000000 0.56291579 0.32005486 0.04843943 0.01661610 0.02044897 0.02041548 0.01110936 
150.00000000 0.56241991 0.31956276 0.04872437 0.01677157 0.02056955 0.02070944 0.01124240 
151.00000000 0.56179320 0.31919890 0.04900662 0.01692875 0.02069308 0.02100427 0.01137518 
152.00000000 0.56104073 0.31895897 0.04928525 0.01708811 0.02081962 0.02129954 0.01150778 
153.00000000 0.56016730 0.31883889 0.04955929 0.01725014 0.02094921 0.02159490 0.01164027 
154.00000000 0.55917784 0.31883438 0.04982792 0.01741526 0.02108178 0.02189012 0.01177270 
155.00000000 0.55807740 0.31894096 0.05009051 0.01758380 0.02121712 0.02218509 0.01190511 
156.00000000 0.55687072 0.31915442 0.05034664 0.01775604 0.02135492 0.02247971 0.01203754 
157.00000000 0.55556193 0.31947121 0.05059595 0.01793227 0.02149487 0.02277373 0.01217003 
158.00000000 0.55415466 0.31988830 0.05083810 0.01811289 0.02163672 0.02306677 0.01230256 
159.00000000 0.55265241 0.32040267 0.05107275 0.01829844 0.02178035 0.02335834 0.01243504 
160.00000000 0.55105909 0.32101075 0.05129970 0.01848957 0.02192571 0.02364787 0.01256731 
161.00000000 0.54937922 0.32170810 0.05151895 0.01868699 0.02207276 0.02393487 0.01269911 
162.00000000 0.54761776 0.32248963 0.05173079 0.01889133 0.02222139 0.02421888 0.01283022 
163.00000000 0.54577954 0.32335032 0.05193577 0.01910302 0.02237140 0.02449943 0.01296052 
164.00000000 0.54386848 0.32428613 0.05213455 0.01932222 0.02252263 0.02477600 0.01308998 
165.00000000 0.54188709 0.32529463 0.05232781 0.01954886 0.02267501 0.02504787 0.01321873 
166.00000000 0.53983666 0.32637479 0.05251606 0.01978273 0.02282865 0.02531417 0.01334692 
167.00000000 0.53771795 0.32752627 0.05269961 0.02002356 0.02298388 0.02557393 0.01347480 
168.00000000 0.53553212 0.32874838 0.05287857 0.02027100 0.02314113 0.02582620 0.01360260 
169.00000000 0.53328116 0.33003966 0.05305292 0.02052470 0.02330082 0.02607015 0.01373059 
170.00000000 0.53096760 0.33139809 0.05322256 0.02078416 0.02346330 0.02630518 0.01385911 
171.00000000 0.52859393 0.33282173 0.05338733 0.02104881 0.02362886 0.02653083 0.01398851 
172.00000000 0.52616210 0.33430912 0.05354705 0.02131804 0.02379779 0.02674677 0.01411914 
173.00000000 0.52367378 0.33585899 0.05370156 0.02159126 0.02397045 0.02695268 0.01425128 
174.00000000 0.52113093 0.33746963 0.05385075 0.02186802 0.02414732 0.02714825 0.01438510 
175.00000000 0.51853658 0.33913815 0.05399450 0.02214801 0.02432894 0.02733317 0.01452064 
176.00000000 0.51589544 0.34086007 0.05413259 0.02243096 0.02451582 0.02750719 0.01465793 
177.00000000 0.51321397 0.34262945 0.05426467 0.02271650 0.02470836 0.02767008 0.01479697 
178.00000000 0.51049994 0.34443948 0.05439021 0.02300408 0.02490683 0.02782157 0.01493790 
179.00000000 0.50776174 0.34628308 0.05450862 0.02329291 0.02511145 0.02796130 0.01508090 
180.00000000 0.50500780 0.34815326 0.05461944 0.02358210 0.02532240 0.02808884 0.01522616 
181.00000000 0.50224626 0.35004311 0.05472246 0.02387076 0.02553992 0.02820368 0.01537380 
182.00000000 0.49948489 0.35194567 0.05481777 0.02415812 0.02576437 0.02830536 0.01552382 
183.00000000 0.49673115 0.35385392 0.05490568 0.02444352 0.02599613 0.02839351 0.01567609 
184.00000000 0.49399197 0.35576104 0.05498664 0.02472638 0.02623563 0.02846790 0.01583044 
185.00000000 0.49127352 0.35766084 0.05506115 0.02500609 0.02648325 0.02852842 0.01598672 
186.00000000 0.48858088 0.35954822 0.05512977 0.02528197 0.02673934 0.02857502 0.01614482 
187.00000000 0.48591790 0.36141919 0.05519306 0.02555331 0.02700423 0.02860766 0.01630465 
188.00000000 0.48328747 0.36327072 0.05525171 0.02581941 0.02727827 0.02862629 0.01646612 
189.00000000 0.48069195 0.36510017 0.05530640 0.02607969 0.02756181 0.02863090 0.01662909 
190.00000000 0.47813377 0.36690473 0.05535783 0.02633358 0.02785515 0.02862154 0.01679340 
191.00000000 0.47561593 0.36868105 0.05540666 0.02658054 0.02815842 0.02859848 0.01695892 
192.00000000 0.47314204 0.37042508 0.05545358 0.02681997 0.02847148 0.02856222 0.01712562 
193.00000000 0.47071598 0.37213235 0.05549942 0.02705125 0.02879387 0.02851358 0.01729355 
194.00000000 0.46834120 0.37379844 0.05554528 0.02727385 0.02912481 0.02845364 0.01746277 
195.00000000 0.46601997 0.37541979 0.05559252 0.02748750 0.02946335 0.02838361 0.01763325 
196.00000000 0.46375280 0.37699423 0.05564264 0.02769224 0.02980850 0.02830476 0.01780483 
197.00000000 0.46153850 0.37852124 0.05569710 0.02788840 0.03015928 0.02821829 0.01797719 
198.00000000 0.45937475 0.38000161 0.05575716 0.02807645 0.03051479 0.02812527 0.01814997 
199.00000000 0.45725908 0.38143651 0.05582388 0.02825686 0.03087413 0.02802665 0.01832289 
200.00000000 0.45518980 0.38282656 0.05589820 0.02843008 0.03123635 0.02792320 0.01849580 
201.00000000 0.45316655 0.38417122 0.05598099 0.02859648 0.03160047 0.02781555 0.01866873 
202.00000000 0.45119012 0.38546882 0.05607318 0.02875642 0.03196554 0.02770413 0.01884180 
203.00000000 0.44926192 0.38671698 0.05617574 0.02891025 0.03233073 0.02758925 0.01901513 
204.00000000 0.44738340 0.38791325 0.05628970 0.02905828 0.03269538 0.02747118 0.01918880 
205.00000000 0.44555559 0.38905548 0.05641607 0.02920073 0.03305901 0.02735030 0.01936283 
206.00000000 0.44377904 0.39014174 0.05655594 0.02933776 0.03342120 0.02722716 0.01953715 
207.00000000 0.44205420 0.39117000 0.05671043 0.02946964 0.03378147 0.02710253 0.01971173 
208.00000000 0.44038188 0.39213751 0.05688071 0.02959685 0.03413928 0.02697732 0.01988645 
209.00000000 0.43876368 0.39304055 0.05706788 0.02972020 0.03449398 0.02685253 0.02006118 
210.00000000 0.43720212 0.39387450 0.05727287 0.02984084 0.03484492 0.02672913 0.02023562 
211.00000000 0.43570040 0.39463436 0.05749622 0.02996010 0.03519152 0.02660808 0.02040933 
212.00000000 0.43426195 0.39531541 0.05773804 0.03007925 0.03553336 0.02649024 0.02058176 
213.00000000 0.43288994 0.39591383 0.05799807 0.03019929 0.03587008 0.02637647 0.02075231 
214.00000000 0.43158688 0.39642696 0.05827585 0.03032085 0.03620135 0.02626763 0.02092048 
215.00000000 0.43035436 0.39685324 0.05857093 0.03044419 0.03652677 0.02616457 0.02108594 
216.00000000 0.42919311 0.39719197 0.05888305 0.03056935 0.03684589 0.02606808 0.02124855 
217.00000000 0.42810304 0.39744312 0.05921219 0.03069618 0.03715828 0.02597889 0.02140830 
218.00000000 0.42708330 0.39760733 0.05955846 0.03082443 0.03746361 0.02589761 0.02156525 
219.00000000 0.42613232 0.39768602 0.05992197 0.03095374 0.03776174 0.02582476 0.02171945 
220.00000000 0.42524783 0.39768152 0.06030269 0.03108367 0.03805264 0.02576073 0.02187092 
221.00000000 0.42442705 0.39759691 0.06070038 0.03121372 0.03833638 0.02570586 0.02201971 
222.00000000 0.42366707 0.39743557 0.06111462 0.03134344 0.03861304 0.02566039 0.02216587 
223.00000000 0.42296541 0.39720045 0.06154486 0.03147260 0.03888269 0.02562446 0.02230953 
224.00000000 0.42232036 0.39689370 0.06199046 0.03160115 0.03914547 0.02559807 0.02245078 
225.00000000 0.42173097 0.39651674 0.06245072 0.03172924 0.03940160 0.02558107 0.02258967 
226.00000000 0.42119660 0.39607086 0.06292474 0.03185705 0.03965142 0.02557316 0.02272617 
227.00000000 0.42071637 0.39555799 0.06341143 0.03198470 0.03989543 0.02557393 0.02286015 
228.00000000 0.42028862 0.39498124 0.06390945 0.03211216 0.04013418 0.02558286 0.02299149 
229.00000000 0.41991079 0.39434488 0.06441728 0.03223930 0.04036826 0.02559938 0.02312010 
230.00000000 0.41957971 0.39365384 0.06493336 0.03236599 0.04059826 0.02562288 0.02324596 
231.00000000 0.41929217 0.39291290 0.06545622 0.03249218 0.04082474 0.02565268 0.02336911 
232.00000000 0.41904563 0.39212601 0.06598455 0.03261789 0.04104817 0.02568812 0.02348963 
233.00000000 0.41883852 0.39129605 0.06651712 0.03274321 0.04126889 0.02572862 0.02360758 
234.00000000 0.41867024 0.39042506 0.06705260 0.03286832 0.04148707 0.02577378 0.02372294 
235.00000000 0.41854074 0.38951478 0.06758936 0.03299345 0.04170268 0.02582335 0.02383564 
236.00000000 0.41844997 0.38856721 0.06812551 0.03311893 0.04191556 0.02587724 0.02394558 
237.00000000 0.41839747 0.38758477 0.06865898 0.03324517 0.04212553 0.02593541 0.02405266 
238.00000000 0.41838223 0.38657028 0.06918781 0.03337262 0.04233240 0.02599781 0.02415686 
239.00000000 0.41840284 0.38552667 0.06971027 0.03350166 0.04253606 0.02606428 0.02425822 
240.00000000 0.41845760 0.38445684 0.07022497 0.03363258 0.04273641 0.02613473 0.02435686 
241.00000000 0.41854466 0.38336365 0.07073072 0.03376557 0.04293336 0.02620912 0.02445292 
242.00000000 0.41866209 0.38224991 0.07122636 0.03390079 0.04312678 0.02628757 0.02454651 
243.00000000 0.41880790 0.38111841 0.07171069 0.03403843 0.04331664 0.02637026 0.02463767 
244.00000000 0.41898001 0.37997192 0.07218244 0.03417882 0.04350308 0.02645728 0.02472646 
245.00000000 0.41917621 0.37881323 0.07264030 0.03432238 0.04368653 0.02654845 0.02481290 
246.00000000 0.41939405 0.37764528 0.07308305 0.03446962 0.04386766 0.02664330 0.02489705 
247.00000000 0.41963081 0.37647115 0.07350959 0.03462106 0.04404719 0.02674120 0.02497899 
248.00000000 0.41988356 0.37529421 0.07391896 0.03477723 0.04422573 0.02684146 0.02505884 
249.00000000 0.42014915 0.37411803 0.07431028 0.03493860 0.04440367 0.02694354 0.02513673 
250.00000000 0.42042419 0.37294646 0.07468279 0.03510556 0.04458118 0.02704697 0.02521285 
251.00000000 0.42070476 0.37178387 0.07503585 0.03527835 0.04475839 0.02715129 0.02528750 
252.00000000 0.42098613 0.37063531 0.07536911 0.03545704 0.04493545 0.02725586 0.02536110 
253.00000000 0.42126269 0.36950638 0.07568257 0.03564156 0.04511257 0.02735997 0.02543425 
254.00000000 0.42152847 0.36840273 0.07597660 0.03583173 0.04528989 0.02746292 0.02550765 
255.00000000 0.42177789 0.36732924 0.07625192 0.03602739 0.04546729 0.02756424 0.02558202 
256.00000000 0.42200669 0.36628918 0.07650947 0.03622850 0.04564430 0.02766379 0.02565806 
257.00000000 0.42221246 0.36528382 0.07675030 0.03643516 0.04582018 0.02776173 0.02573635 
258.00000000 0.42239444 0.36431272 0.07697547 0.03664761 0.04599413 0.02785828 0.02581736 
259.00000000 0.42255263 0.36337470 0.07718599 0.03686609 0.04616548 0.02795360 0.02590150 
260.00000000 0.42268670 0.36246906 0.07738276 0.03709084 0.04633385 0.02804773 0.02598907 
261.00000000 0.42279503 0.36159642 0.07756658 0.03732201 0.04649900 0.02814072 0.02608024 
262.00000000 0.42287468 0.36075886 0.07773818 0.03755968 0.04666073 0.02823281 0.02617505 
263.00000000 0.42292185 0.35995944 0.07789824 0.03780386 0.04681879 0.02832445 0.02627338 
264.00000000 0.42293250 0.35920151 0.07804746 0.03805445 0.04697294 0.02841616 0.02637498 
265.00000000 0.42290281 0.35848829 0.07818664 0.03831121 0.04712316 0.02850827 0.02647962 
266.00000000 0.42282907 0.35782289 0.07831666 0.03857373 0.04726987 0.02860068 0.02658710 
267.00000000 0.42270748 0.35720850 0.07843845 0.03884155 0.04741389 0.02869280 0.02669733 
268.00000000 0.42253398 0.35664855 0.07855285 0.03911427 0.04755631 0.02878373 0.02681031 
269.00000000 0.42230437 0.35614668 0.07866047 0.03939168 0.04769813 0.02887261 0.02692605 
270.00000000 0.42201471 0.35570642 0.07876165 0.03967377 0.04783997 0.02895890 0.02704456 
271.00000000 0.42166182 0.35533075 0.07885644 0.03996065 0.04798200 0.02904250 0.02716584 
272.00000000 0.42124352 0.35502184 0.07894469 0.04025233 0.04812400 0.02912369 0.02728992 
273.00000000 0.42075856 0.35478105 0.07902623 0.04054870 0.04826565 0.02920295 0.02741687 
274.00000000 0.42020615 0.35460928 0.07910091 0.04084942 0.04840662 0.02928085 0.02754676 
275.00000000 0.41958560 0.35450737 0.07916859 0.04115414 0.04854666 0.02935803 0.02767962 
276.00000000 0.41889627 0.35447601 0.07922917 0.04146249 0.04868547 0.02943520 0.02781538 
277.00000000 0.41813814 0.35451539 0.07928257 0.04177424 0.04882272 0.02951308 0.02795385 
278.00000000 0.41731234 0.35462460 0.07932882 0.04208914 0.04895802 0.02959230 0.02809477 
279.00000000 0.41642143 0.35480138 0.07936809 0.04240688 0.04909110 0.02967325 0.02823786 
280.00000000 0.41546908 0.35504232 0.07940085 0.04272702 0.04922188 0.02975599 0.02838286 
281.00000000 0.41445940 0.35534338 0.07942782 0.04304906 0.04935048 0.02984029 0.02852958 
282.00000000 0.41339637 0.35570039 0.07944987 0.04337261 0.04947707 0.02992585 0.02867785 
283.00000000 0.41228367 0.35610929 0.07946787 0.04369752 0.04960169 0.03001239 0.02882757 
284.00000000 0.41112510 0.35656585 0.07948254 0.04402385 0.04972414 0.03009988 0.02897863 
285.00000000 0.40992515 0.35706521 0.07949434 0.04435184 0.04984403 0.03018842 0.02913100 
286.00000000 0.40868941 0.35760155 0.07950356 0.04468165 0.04996105 0.03027815 0.02928464 
287.00000000 0.40742430 0.35816831 0.07951037 0.04501331 0.05007518 0.03036900 0.02943953 
288.00000000 0.40613642 0.35875895 0.07951485 0.04534674 0.05018683 0.03046056 0.02959564 
289.00000000 0.40483172 0.35936767 0.07951700 0.04568184 0.05029673 0.03055209 0.02975294 
290.00000000 0.40351512 0.35998987 0.07951670 0.04601860 0.05040572 0.03064260 0.02991139 
291.00000000 0.40219058 0.36062194 0.07951370 0.04635719 0.05051452 0.03073107 0.03007101 
292.00000000 0.40086164 0.36126079 0.07950767 0.04669774 0.05062360 0.03081663 0.03023193 
293.00000000 0.39953188 0.36190333 0.07949825 0.04704025 0.05073326 0.03089864 0.03039438 
294.00000000 0.39820527 0.36254610 0.07948516 0.04738433 0.05084372 0.03097672 0.03055870 
295.00000000 0.39688632 0.36318507 0.07946822 0.04772923 0.05095522 0.03105066 0.03072528 
296.00000000 0.39558027 0.36381544 0.07944747 0.04807386 0.05106794 0.03112050 0.03089451 
297.00000000 0.39429334 0.36443120 0.07942311 0.04841699 0.05118202 0.03118656 0.03106679 
298.00000000 0.39303285 0.36502491 0.07939556 0.04875734 0.05129749 0.03124939 0.03124246 
299.00000000 0.39180710 0.36558786 0.07936539 0.04909372 0.05141440 0.03130980 0.03142174 
300.00000000 0.39062461 0.36611085 0.07933320 0.04942496 0.05153304 0.03136861 0.03160473 
301.00000000 0.38949318 0.36658535 0.07929962 0.04974995 0.05165403 0.03142652 0.03179136 
302.00000000 0.38841912 0.36700448 0.07926520 0.05006753 0.05177837 0.03148390 0.03198139 
303.00000000 0.38740696 0.36736345 0.07923040 0.05037661 0.05190720 0.03154080 0.03217458 
304.00000000 0.38645969 0.36765925 0.07919558 0.05067624 0.05204149 0.03159706 0.03237069 
305.00000000 0.38557940 0.36788996 0.07916103 0.05096564 0.05218174 0.03165256 0.03256966 
306.00000000 0.38476779 0.36805402 0.07912701 0.05124424 0.05232791 0.03170748 0.03277155 
307.00000000 0.38402664 0.36814962 0.07909378 0.05151150 0.05247954 0.03176242 0.03297650 
308.00000000 0.38335803 0.36817450 0.07906162 0.05176676 0.05263611 0.03181833 0.03318465 
309.00000000 0.38276452 0.36812585 0.07903088 0.05200918 0.05279724 0.03187630 0.03339604 
310.00000000 0.38224910 0.36800043 0.07900198 0.05223776 0.05296287 0.03193728 0.03361058 
311.00000000 0.38181505 0.36779477 0.07897547 0.05245157 0.05313318 0.03200191 0.03382805 
312.00000000 0.38146528 0.36750575 0.07895194 0.05264999 0.05330844 0.03207045 0.03404815 
313.00000000 0.38120142 0.36713149 0.07893197 0.05283286 0.05348885 0.03214295 0.03427045 
314.00000000 0.38102289 0.36667234 0.07891593 0.05300057 0.05367442 0.03221942 0.03449441 
315.00000000 0.38092664 0.36613128 0.07890391 0.05315389 0.05386498 0.03229993 0.03471936 
316.00000000 0.38090770 0.36551338 0.07889573 0.05329382 0.05406020 0.03238461 0.03494456 
317.00000000 0.38096052 0.36482450 0.07889109 0.05342146 0.05425957 0.03247358 0.03516927 
318.00000000 0.38108032 0.36406980 0.07888981 0.05353806 0.05446223 0.03256687 0.03539291 
319.00000000 0.38126370 0.36325291 0.07889189 0.05364512 0.05466679 0.03266455 0.03561505 
320.00000000 0.38150852 0.36237596 0.07889753 0.05374451 0.05487118 0.03276687 0.03583542 
321.00000000 0.38181312 0.36144041 0.07890697 0.05383847 0.05507276 0.03287443 0.03605385 
322.00000000 0.38217545 0.36044800 0.07892027 0.05392943 0.05526857 0.03298820 0.03627008 
323.00000000 0.38259277 0.35940133 0.07893725 0.05401984 0.05545572 0.03310928 0.03648381 
324.00000000 0.38306170 0.35830391 0.07895744 0.05411193 0.05563185 0.03323855 0.03669463 
325.00000000 0.38357848 0.35716002 0.07898021 0.05420763 0.05579520 0.03337637 0.03690209 
326.00000000 0.38413884 0.35597473 0.07900490 0.05430871 0.05594458 0.03352246 0.03710579 
327.00000000 0.38473750 0.35475433 0.07903086 0.05441684 0.05607902 0.03367613 0.03730531 
328.00000000 0.38536759 0.35350676 0.07905749 0.05453374 0.05619751 0.03383667 0.03750025 
329.00000000 0.38602060 0.35224144 0.07908420 0.05466115 0.05629879 0.03400365 0.03769018 
330.00000000 0.38668715 0.35096842 0.07911048 0.05480062 0.05638153 0.03417717 0.03787464 
331.00000000 0.38735826 0.34969695 0.07913597 0.05495335 0.05644450 0.03435778 0.03805319 
332.00000000 0.38802661 0.34843423 0.07916055 0.05512003 0.05648684 0.03454621 0.03822553 
333.00000000 0.38868709 0.34718489 0.07918430 0.05530092 0.05650809 0.03474323 0.03839149 
334.00000000 0.38933659 0.34595150 0.07920729 0.05549602 0.05650801 0.03494947 0.03855113 
335.00000000 0.38997292 0.34473578 0.07922938 0.05570531 0.05648646 0.03516549 0.03870466 
336.00000000 0.39059377 0.34353987 0.07925002 0.05592883 0.05644322 0.03539186 0.03885242 
337.00000000 0.39119611 0.34236700 0.07926821 0.05616655 0.05637816 0.03562914 0.03899483 
338.00000000 0.39177638 0.34122114 0.07928283 0.05641814 0.05629147 0.03587775 0.03913229 
339.00000000 0.39233126 0.34010621 0.07929284 0.05668274 0.05618389 0.03613779 0.03926527 
340.00000000 0.39285846 0.33902516 0.07929761 0.05695895 0.05605674 0.03640883 0.03939424 
341.00000000 0.39335701 0.33797964 0.07929690 0.05724500 0.05591176 0.03668995 0.03951976 
342.00000000 0.39382711 0.33697004 0.07929080 0.05753910 0.05575065 0.03697991 0.03964240 
343.00000000 0.39426957 0.33599600 0.07927961 0.05783970 0.05557484 0.03727749 0.03976280 
344.00000000 0.39468505 0.33505692 0.07926375 0.05814546 0.05538545 0.03758174 0.03988163 
345.00000000 0.39507358 0.33415238 0.07924378 0.05845510 0.05518347 0.03789202 0.03999966 
346.00000000 0.39543440 0.33328233 0.07922039 0.05876704 0.05497015 0.03820790 0.04011778 
347.00000000 0.39576619 0.33244693 0.07919443 0.05907931 0.05474716 0.03852894 0.04023704 
348.00000000 0.39606762 0.33164630 0.07916671 0.05938966 0.05451658 0.03885451 0.04035862 
349.00000000 0.39633767 0.33088035 0.07913789 0.05969589 0.05428057 0.03918383 0.04048379 
350.00000000 0.39657560 0.33014882 0.07910836 0.05999621 0.05404115 0.03951611 0.04061375 
351.00000000 0.39678047 0.32945178 0.07907829 0.06028937 0.05379996 0.03985062 0.04074951 
352.00000000 0.39695064 0.32878995 0.07904779 0.06057460 0.05355840 0.04018674 0.04089186 
353.00000000 0.39708364 0.32816481 0.07901719 0.06085126 0.05331785 0.04052386 0.04104138 
354.00000000 0.39717649 0.32757827 0.07898708 0.06111863 0.05307982 0.04086122 0.04119849 
355.00000000 0.39722655 0.32703192 0.07895830 0.06137585 0.05284594 0.04119784 0.04136361 
356.00000000 0.39723236 0.32652628 0.07893166 0.06162217 0.05261784 0.04153261 0.04153707 
357.00000000 0.39719417 0.32606046 0.07890774 0.06185711 0.05239691 0.04186444 0.04171916 
358.00000000 0.39711353 0.32563247 0.07888671 0.06208056 0.05218427 0.04219240 0.04191006 
359.00000000 0.39699250 0.32524005 0.07886852 0.06229252 0.05198083 0.04251578 0.04210979 
360.00000000 0.39683272 0.32488145 0.07885312 0.06249283 0.05178751 0.04283407 0.04231830 
361.00000000 0.39663530 0.32455543 0.07884071 0.06268095 0.05160536 0.04314678 0.04253547 
362.00000000 0.39640155 0.32426055 0.07883182 0.06285604 0.05143555 0.04345336 0.04276112 
363.00000000 0.39613405 0.32399409 0.07882714 0.06301731 0.05127925 0.04375317 0.04299499 
364.00000000 0.39583743 0.32375139 0.07882726 0.06316441 0.05113738 0.04404553 0.04323660 
365.00000000 0.39551810 0.32352612 0.07883251 0.06329763 0.05101060 0.04432983 0.04348521 
366.00000000 0.39518325 0.32331131 0.07884291 0.06341783 0.05089925 0.04460562 0.04373984 
367.00000000 0.39483938 0.32310073 0.07885833 0.06352614 0.05080355 0.04487251 0.04399937 
368.00000000 0.39449135 0.32288987 0.07887862 0.06362358 0.05072362 0.04513021 0.04426275 
369.00000000 0.39414224 0.32267607 0.07890373 0.06371083 0.05065959 0.04537841 0.04452914 
370.00000000 0.39379402 0.32245774 0.07893365 0.06378824 0.05061159 0.04561685 0.04479791 
371.00000000 0.39344871 0.32223338 0.07896840 0.06385595 0.05057965 0.04584531 0.04506860 
372.00000000 0.39310895 0.32200085 0.07900790 0.06391411 0.05056376 0.04606369 0.04534074 
373.00000000 0.39277795 0.32175750 0.07905199 0.06396295 0.05056390 0.04627197 0.04561375 
374.00000000 0.39245853 0.32150108 0.07910051 0.06400278 0.05058008 0.04647012 0.04588691 
375.00000000 0.39215214 0.32123064 0.07915338 0.06403392 0.05061240 0.04665806 0.04615945 
376.00000000 0.39185834 0.32094699 0.07921065 0.06405671 0.05066103 0.04683555 0.04643073 
377.00000000 0.39157499 0.32065238 0.07927244 0.06407153 0.05072615 0.04700225 0.04670026 
378.00000000 0.39129915 0.32034958 0.07933885 0.06407905 0.05080781 0.04715776 0.04696779 
379.00000000 0.39102791 0.32004100 0.07940985 0.06408034 0.05090597 0.04730177 0.04723316 
380.00000000 0.39075893 0.31972829 0.07948524 0.06407694 0.05102036 0.04743405 0.04749620 
381.00000000 0.39049033 0.31941250 0.07956474 0.06407072 0.05115049 0.04755454 0.04775668 
382.00000000 0.39022042 0.31909455 0.07964816 0.06406359 0.05129560 0.04766337 0.04801431 
383.00000000 0.38994747 0.31877544 0.07973552 0.06405719 0.05145470 0.04776084 0.04826882 
384.00000000 0.38966996 0.31845601 0.07982729 0.06405264 0.05162664 0.04784742 0.04852004 
385.00000000 0.38938706 0.31813637 0.07992433 0.06405050 0.05181024 0.04792368 0.04876782 
386.00000000 0.38909915 0.31781543 0.08002776 0.06405093 0.05200456 0.04799016 0.04901200 
387.00000000 0.38880781 0.31749111 0.08013867 0.06405394 0.05220891 0.04804724 0.04925233 
388.00000000 0.38851517 0.31716113 0.08025785 0.06405953 0.05242287 0.04809503 0.04948842 
389.00000000 0.38822306 0.31682415 0.08038554 0.06406779 0.05264619 0.04813343 0.04971984 
390.00000000 0.38793228 0.31648036 0.08052154 0.06407881 0.05287859 0.04816215 0.04994627 
391.00000000 0.38764245 0.31613146 0.08066541 0.06409255 0.05311964 0.04818092 0.05016756 
392.00000000 0.38735259 0.31577973 0.08081672 0.06410880 0.05336882 0.04818953 0.05038380 
393.00000000 0.38706189 0.31542706 0.08097521 0.06412725 0.05362550 0.04818787 0.05059522 
394.00000000 0.38677050 0.31507413 0.08114079 0.06414756 0.05388902 0.04817593 0.05080208 
395.00000000 0.38647988 0.31472018 0.08131342 0.06416950 0.05415864 0.04815385 0.05100452 
396.00000000 0.38619280 0.31436326 0.08149306 0.06419287 0.05443349 0.04812206 0.05120246 
397.00000000 0.38591300 0.31400050 0.08167961 0.06421735 0.05471252 0.04808130 0.05139572 
398.00000000 0.38564466 0.31362862 0.08187312 0.06424236 0.05499464 0.04803255 0.05158405 
399.00000000 0.38539177 0.31324430 0.08207389 0.06426705 0.05527889 0.04797679 0.05176731 
400.00000000 0.38515754 0.31284469 0.08228239 0.06429047 0.05556463 0.04791477 0.05194551 
401.00000000 0.38494403 0.31242781 0.08249909 0.06431191 0.05585152 0.04784682 0.05211881 
402.00000000 0.38475211 0.31199283 0.08272417 0.06433125 0.05613928 0.04777293 0.05228742 
403.00000000 0.38458169 0.31154000 0.08295721 0.06434914 0.05642743 0.04769300 0.05245152 
404.00000000 0.38443209 0.31107043 0.08319723 0.06436691 0.05671500 0.04760713 0.05261122 
405.00000000 0.38430245 0.31058556 0.08344279 0.06438628 0.05700054 0.04751579 0.05276659 
406.00000000 0.38419196 0.31008670 0.08369238 0.06440895 0.05728239 0.04741987 0.05291776 
407.00000000 0.38410007 0.30957468 0.08394468 0.06443622 0.05755895 0.04732046 0.05306494 
408.00000000 0.38402646 0.30904990 0.08419866 0.06446876 0.05782901 0.04721877 0.05320844 
409.00000000 0.38397084 0.30851255 0.08445356 0.06450663 0.05809172 0.04711607 0.05334862 
410.00000000 0.38393291 0.30796296 0.08470872 0.06454927 0.05834663 0.04701368 0.05348583 
411.00000000 0.38391216 0.30740183 0.08496345 0.06459566 0.05859356 0.04691301 0.05362034 
412.00000000 0.38390778 0.30683040 0.08521703 0.06464431 0.05883262 0.04681545 0.05375241 
413.00000000 0.38391861 0.30625044 0.08546870 0.06469339 0.05906423 0.04672225 0.05388237 
414.00000000 0.38394304 0.30566426 0.08571776 0.06474085 0.05928916 0.04663428 0.05401065 
415.00000000 0.38397909 0.30507457 0.08596340 0.06478480 0.05950843 0.04655195 0.05413776 
416.00000000 0.38402465 0.30448429 0.08620465 0.06482381 0.05972309 0.04647538 0.05426412 
417.00000000 0.38407783 0.30389625 0.08644032 0.06485718 0.05993395 0.04640453 0.05438995 
418.00000000 0.38413737 0.30331265 0.08666907 0.06488485 0.06014147 0.04633951 0.05451509 
419.00000000 0.38420291 0.30273471 0.08688963 0.06490716 0.06034582 0.04628064 0.05463913 
420.00000000 0.38427499 0.30216257 0.08710097 0.06492443 0.06054711 0.04622842 0.05476150 
421.00000000 0.38435448 0.30159574 0.08730238 0.06493662 0.06074578 0.04618330 0.05488171 
422.00000000 0.38444179 0.30103401 0.08749336 0.06494319 0.06094272 0.04614555 0.05499938 
423.00000000 0.38453612 0.30047825 0.08767348 0.06494330 0.06113936 0.04611515 0.05511434 
424.00000000 0.38463511 0.29993086 0.08784221 0.06493606 0.06133742 0.04609182 0.05522651 
425.00000000 0.38473503 0.29939556 0.08799891 0.06492078 0.06153865 0.04607513 0.05533593 
426.00000000 0.38483134 0.29887681 0.08814282 0.06489707 0.06174458 0.04606464 0.05544274 
427.00000000 0.38491925 0.29837920 0.08827316 0.06486477 0.06195640 0.04606003 0.05554718 
428.00000000 0.38499425 0.29790705 0.08838913 0.06482379 0.06217499 0.04606120 0.05564958 
429.00000000 0.38505225 0.29746426 0.08848987 0.06477403 0.06240095 0.04606834 0.05575030 
430.00000000 0.38508954 0.29705439 0.08857453 0.06471550 0.06263461 0.04608189 0.05584954 
431.00000000 0.38510273 0.29668069 0.08864240 0.06464849 0.06287597 0.04610250 0.05594722 
432.00000000 0.38508859 0.29634602 0.08869318 0.06457370 0.06312473 0.04613092 0.05604286 
433.00000000 0.38504400 0.29605271 0.08872725 0.06449226 0.06338024 0.04616784 0.05613571 
434.00000000 0.38496590 0.29580253 0.08874566 0.06440550 0.06364176 0.04621385 0.05622481 
435.00000000 0.38485123 0.29559694 0.08874998 0.06431465 0.06390865 0.04626934 0.05630921 
436.00000000 0.38469682 0.29543743 0.08874194 0.06422069 0.06418057 0.04633445 0.05638810 
437.00000000 0.38449945 0.29532577 0.08872317 0.06412428 0.06445748 0.04640903 0.05646083 
438.00000000 0.38425600 0.29526388 0.08869510 0.06402600 0.06473949 0.04649267 0.05652685 
439.00000000 0.38396382 0.29525346 0.08865911 0.06392654 0.06502661 0.04658473 0.05658571 
440.00000000 0.38362103 0.29529546 0.08861670 0.06382684 0.06531857 0.04668447 0.05663694 
441.00000000 0.38322663 0.29538973 0.08856958 0.06372807 0.06561471 0.04679123 0.05668004 
442.00000000 0.38278055 0.29553509 0.08851959 0.06363153 0.06591411 0.04690461 0.05671453 
443.00000000 0.38228332 0.29572957 0.08846851 0.06353846 0.06621568 0.04702461 0.05673984 
444.00000000 0.38173590 0.29597083 0.08841789 0.06345011 0.06651828 0.04715159 0.05675540 
445.00000000 0.38113947 0.29625634 0.08836906 0.06336783 0.06682067 0.04728613 0.05676051 
446.00000000 0.38049554 0.29658335 0.08832319 0.06329317 0.06712157 0.04742877 0.05675441 
447.00000000 0.37980609 0.29694871 0.08828146 0.06322794 0.06741960 0.04757991 0.05673631 
448.00000000 0.37907364 0.29734877 0.08824499 0.06317399 0.06771338 0.04773967 0.05670556 
449.00000000 0.37830118 0.29777965 0.08821471 0.06313300 0.06800165 0.04790798 0.05666182 
450.00000000 0.37749200 0.29823749 0.08819116 0.06310631 0.06828329 0.04808457 0.05660518 
451.00000000 0.37664966 0.29871863 0.08817433 0.06309490 0.06855743 0.04826894 0.05653611 
452.00000000 0.37577818 0.29921940 0.08816383 0.06309949 0.06882336 0.04846035 0.05645539 
453.00000000 0.37488235 0.29973575 0.08815918 0.06312071 0.06908040 0.04865775 0.05636386 
454.00000000 0.37396775 0.30026303 0.08816013 0.06315919 0.06932780 0.04885984 0.05626225 
455.00000000 0.37304036 0.30079632 0.08816680 0.06321540 0.06956467 0.04906529 0.05615116 
456.00000000 0.37210577 0.30133116 0.08817961 0.06328947 0.06979008 0.04927288 0.05603102 
457.00000000 0.37116830 0.30186442 0.08819908 0.06338109 0.07000310 0.04948177 0.05590225 
458.00000000 0.37023050 0.30239485 0.08822556 0.06348942 0.07020297 0.04969141 0.05576530 
459.00000000 0.36929323 0.30292289 0.08825926 0.06361321 0.07038914 0.04990154 0.05562074 
460.00000000 0.36835628 0.30345005 0.08830030 0.06375088 0.07056134 0.05011191 0.05546925 
461.00000000 0.36741914 0.30397801 0.08834882 0.06390062 0.07071960 0.05032214 0.05531167 
462.00000000 0.36648152 0.30450818 0.08840491 0.06406047 0.07086424 0.05053166 0.05514902 
463.00000000 0.36554336 0.30504174 0.08846846 0.06422833 0.07099584 0.05073977 0.05498250 
464.00000000 0.36460459 0.30558007 0.08853883 0.06440207 0.07111516 0.05094577 0.05481352 
465.00000000 0.36366488 0.30612493 0.08861475 0.06457973 0.07122306 0.05114902 0.05464364 
466.00000000 0.36272388 0.30667831 0.08869433 0.06475969 0.07132035 0.05134896 0.05447447 
467.00000000 0.36178175 0.30724163 0.08877544 0.06494071 0.07140778 0.05154511 0.05430759 
468.00000000 0.36083978 0.30781499 0.08885601 0.06512187 0.07148592 0.05173703 0.05414440 
469.00000000 0.35990047 0.30839698 0.08893438 0.06530235 0.07155528 0.05192436 0.05398617 
470.00000000 0.35896701 0.30898516 0.08900933 0.06548122 0.07161630 0.05210690 0.05383409 
471.00000000 0.35804225 0.30957712 0.08908000 0.06565732 0.07166947 0.05228452 0.05368933 
472.00000000 0.35712790 0.31017138 0.08914578 0.06582924 0.07171542 0.05245709 0.05355320 
473.00000000 0.35622426 0.31076762 0.08920622 0.06599544 0.07175503 0.05262435 0.05342708 
474.00000000 0.35533077 0.31136614 0.08926103 0.06615449 0.07178947 0.05278573 0.05331236 
475.00000000 0.35444689 0.31196694 0.08931004 0.06630519 0.07182018 0.05294048 0.05321028 
476.00000000 0.35357294 0.31256888 0.08935314 0.06644663 0.07184877 0.05308780 0.05312184 
477.00000000 0.35271035 0.31316958 0.08939027 0.06657818 0.07187678 0.05322711 0.05304773 
478.00000000 0.35186131 0.31376580 0.08942129 0.06669940 0.07190553 0.05335830 0.05298836 
479.00000000 0.35102824 0.31435412 0.08944602 0.06680998 0.07193598 0.05348174 0.05294393 
480.00000000 0.35021343 0.31493124 0.08946433 0.06690970 0.07196863 0.05359822 0.05291444 
481.00000000 0.34941943 0.31549372 0.08947630 0.06699845 0.07200364 0.05370878 0.05289969 
482.00000000 0.34864976 0.31603706 0.08948234 0.06707615 0.07204089 0.05381451 0.05289930 
483.00000000 0.34790970 0.31655505 0.08948326 0.06714270 0.07208009 0.05391650 0.05291268 
484.00000000 0.34720636 0.31703964 0.08948025 0.06719792 0.07212098 0.05401572 0.05293913 
485.00000000 0.34654785 0.31748170 0.08947468 0.06724150 0.07216333 0.05411298 0.05297796 
486.00000000 0.34594202 0.31787246 0.08946792 0.06727320 0.07220707 0.05420883 0.05302851 
487.00000000 0.34539526 0.31820462 0.08946115 0.06729295 0.07225228 0.05430353 0.05309020 
488.00000000 0.34491194 0.31847304 0.08945520 0.06730106 0.07229922 0.05439708 0.05316245 
489.00000000 0.34449453 0.31867457 0.08945050 0.06729825 0.07234826 0.05448931 0.05324458 
490.00000000 0.34414420 0.31880739 0.08944716 0.06728559 0.07239988 0.05458009 0.05333570 
491.00000000 0.34386145 0.31887035 0.08944514 0.06726428 0.07245457 0.05466948 0.05343473 
492.00000000 0.34364638 0.31886256 0.08944449 0.06723552 0.07251278 0.05475787 0.05354040 
493.00000000 0.34349869 0.31878340 0.08944548 0.06720034 0.07257474 0.05484594 0.05365141 
494.00000000 0.34341751 0.31863269 0.08944867 0.06715959 0.07264045 0.05493458 0.05376652 
495.00000000 0.34340149 0.31841068 0.08945480 0.06711396 0.07270958 0.05502483 0.05388465 
496.00000000 0.34344911 0.31811788 0.08946468 0.06706411 0.07278146 0.05511780 0.05400496 
497.00000000 0.34355928 0.31775460 0.08947895 0.06701075 0.07285508 0.05521461 0.05412672 
498.00000000 0.34373161 0.31732067 0.08949796 0.06695476 0.07292924 0.05531641 0.05424935 
499.00000000 0.34396634 0.31681561 0.08952169 0.06689716 0.07300268 0.05542426 0.05437225 
500.00000000 0.34426380 0.31623907 0.08954977 0.06683913 0.07307432 0.05553907 0.05449485 
501.00000000 0.34462370 0.31559155 0.08958151 0.06678181 0.07314342 0.05566144 0.05461655 
502.00000000 0.34504474 0.31487484 0.08961603 0.06672634 0.07320969 0.05579163 0.05473672 
503.00000000 0.34552456 0.31409200 0.08965228 0.06667378 0.07327321 0.05592957 0.05485459 
504.00000000 0.34606023 0.31324690 0.08968921 0.06662523 0.07333432 0.05607495 0.05496915 
505.00000000 0.34664889 0.31234342 0.08972588 0.06658197 0.07339341 0.05622733 0.05507910 
506.00000000 0.34728827 0.31138476 0.08976163 0.06654551 0.07345080 0.05638629 0.05518273 
507.00000000 0.34797677 0.31037321 0.08979630 0.06651757 0.07350656 0.05655148 0.05527811 
508.00000000 0.34871312 0.30931030 0.08983015 0.06649995 0.07356050 0.05672273 0.05536325 
509.00000000 0.34949589 0.30819739 0.08986384 0.06649433 0.07361218 0.05689998 0.05543639 
510.00000000 0.35032303 0.30703624 0.08989812 0.06650215 0.07366092 0.05708330 0.05549625 
511.00000000 0.35119182 0.30582919 0.08993360 0.06652459 0.07370588 0.05727275 0.05554217 
512.00000000 0.35209915 0.30457907 0.08997058 0.06656261 0.07374625 0.05746833 0.05557402 
513.00000000 0.35304180 0.30328886 0.09000902 0.06661710 0.07378131 0.05766978 0.05559214 
514.00000000 0.35401672 0.30196146 0.09004863 0.06668883 0.07381070 0.05787653 0.05559713 
515.00000000 0.35502094 0.30059964 0.09008902 0.06677841 0.07383449 0.05808769 0.05558982 
516.00000000 0.35605134 0.29920626 0.09012982 0.06688616 0.07385326 0.05830198 0.05557118 
517.00000000 0.35710442 0.29778459 0.09017067 0.06701202 0.07386799 0.05851793 0.05554238 
518.00000000 0.35817631 0.29633830 0.09021132 0.06715558 0.07387991 0.05873385 0.05550474 
519.00000000 0.35926300 0.29487139 0.09025153 0.06731622 0.07389028 0.05894797 0.05545962 
520.00000000 0.36036043 0.29338801 0.09029118 0.06749326 0.07390033 0.05915846 0.05540833 
521.00000000 0.36146451 0.29189246 0.09033024 0.06768589 0.07391128 0.05936360 0.05535202 
522.00000000 0.36257075 0.29038941 0.09036881 0.06789307 0.07392443 0.05956177 0.05529176 
523.00000000 0.36367380 0.28888430 0.09040705 0.06811327 0.07394130 0.05975162 0.05522867 
524.00000000 0.36476714 0.28738365 0.09044516 0.06834422 0.07396369 0.05993207 0.05516407 
525.00000000 0.36584322 0.28589492 0.09048338 0.06858298 0.07399369 0.06010222 0.05509959 
526.00000000 0.36689400 0.28442596 0.09052204 0.06882616 0.07403349 0.06026136 0.05503700 
527.00000000 0.36791174 0.28298417 0.09056163 0.06907039 0.07408516 0.06040888 0.05497803 
528.00000000 0.36888970 0.28157573 0.09060296 0.06931270 0.07415041 0.06054443 0.05492407 
529.00000000 0.36982256 0.28020514 0.09064720 0.06955074 0.07423034 0.06066794 0.05487609 
530.00000000 0.37070648 0.27887521 0.09069589 0.06978270 0.07432533 0.06077975 0.05483464 
531.00000000 0.37153896 0.27758732 0.09075085 0.07000715 0.07443514 0.06088051 0.05480007 
532.00000000 0.37231868 0.27634185 0.09081398 0.07022277 0.07455907 0.06097097 0.05477269 
533.00000000 0.37304547 0.27513840 0.09088707 0.07042820 0.07469621 0.06105176 0.05475289 
534.00000000 0.37372022 0.27397593 0.09097165 0.07062214 0.07484565 0.06112322 0.05474119 
535.00000000 0.37434489 0.27285272 0.09106891 0.07080339 0.07500654 0.06118538 0.05473817 
536.00000000 0.37492211 0.27176645 0.09117972 0.07097096 0.07517808 0.06123815 0.05474452 
537.00000000 0.37545471 0.27071461 0.09130469 0.07112407 0.07535948 0.06128143 0.05476101 
538.00000000 0.37594503 0.26969500 0.09144425 0.07126207 0.07554992 0.06131519 0.05478855 
539.00000000 0.37639443 0.26870625 0.09159879 0.07138448 0.07574860 0.06133946 0.05482799 
540.00000000 0.37680326 0.26774797 0.09176871 0.07149107 0.07595467 0.06135429 0.05488003 
541.00000000 0.37717129 0.26682050 0.09195436 0.07158207 0.07616713 0.06135976 0.05494490 
542.00000000 0.37749835 0.26592430 0.09215599 0.07165837 0.07638463 0.06135609 0.05502227 
543.00000000 0.37778488 0.26505954 0.09237360 0.07172153 0.07660531 0.06134381 0.05511134 
544.00000000 0.37803198 0.26422599 0.09260680 0.07177359 0.07682684 0.06132382 0.05521098 
545.00000000 0.37824104 0.26342341 0.09285473 0.07181668 0.07704670 0.06129731 0.05532012 
546.00000000 0.37841323 0.26265205 0.09311611 0.07185261 0.07726263 0.06126550 0.05543787 
547.00000000 0.37854905 0.26191289 0.09338948 0.07188253 0.07747305 0.06122934 0.05556366 
548.00000000 0.37864843 0.26120740 0.09367338 0.07190693 0.07767737 0.06118942 0.05569707 
549.00000000 0.37871110 0.26053695 0.09396662 0.07192583 0.07787577 0.06114600 0.05583773 
550.00000000 0.37873700 0.25990221 0.09426834 0.07193916 0.07806886 0.06109928 0.05598515 
551.00000000 0.37872658 0.25930285 0.09457797 0.07194709 0.07825715 0.06104965 0.05613871 
552.00000000 0.37868077 0.25873771 0.09489509 0.07195027 0.07844070 0.06099787 0.05629758 
553.00000000 0.37860081 0.25820526 0.09521922 0.07194984 0.07861909 0.06094498 0.05646081 
554.00000000 0.37848814 0.25770388 0.09554971 0.07194734 0.07879155 0.06089216 0.05662723 
555.00000000 0.37834451 0.25723198 0.09588570 0.07194460 0.07895709 0.06084062 0.05679550 
556.00000000 0.37817213 0.25678781 0.09622607 0.07194362 0.07911472 0.06079149 0.05696415 
557.00000000 0.37797391 0.25636926 0.09656949 0.07194644 0.07926333 0.06074586 0.05713172 
558.00000000 0.37775324 0.25597387 0.09691443 0.07195501 0.07940181 0.06070475 0.05729689 
559.00000000 0.37751352 0.25559930 0.09725931 0.07197108 0.07952905 0.06066906 0.05745869 
560.00000000 0.37725733 0.25524399 0.09760258 0.07199605 0.07964412 0.06063949 0.05761643 
561.00000000 0.37698573 0.25490780 0.09794294 0.07203100 0.07974651 0.06061635 0.05776966 
562.00000000 0.37669797 0.25459220 0.09827935 0.07207683 0.07983612 0.06059961 0.05791792 
563.00000000 0.37639189 0.25429994 0.09861109 0.07213443 0.07991311 0.06058896 0.05806058 
564.00000000 0.37606473 0.25403434 0.09893760 0.07220488 0.07997760 0.06058403 0.05819681 
565.00000000 0.37571409 0.25379848 0.09925834 0.07228954 0.08002938 0.06058457 0.05832560 
566.00000000 0.37533843 0.25359475 0.09957263 0.07238993 0.08006787 0.06059049 0.05844591 
567.00000000 0.37493714 0.25342487 0.09987959 0.07250746 0.08009235 0.06060183 0.05855677 
568.00000000 0.37451014 0.25329016 0.10017818 0.07264324 0.08010230 0.06061863 0.05865735 
569.00000000 0.37405745 0.25319179 0.10046734 0.07279784 0.08009771 0.06064083 0.05874704 
570.00000000 0.37357900 0.25313079 0.10074613 0.07297131 0.08007918 0.06066818 0.05882542 
571.00000000 0.37307474 0.25310774 0.10101386 0.07316322 0.08004782 0.06070025 0.05889238 
572.00000000 0.37254499 0.25312247 0.10127021 0.07337274 0.08000501 0.06073645 0.05894813 
573.00000000 0.37199059 0.25317399 0.10151522 0.07359871 0.07995221 0.06077604 0.05899324 
574.00000000 0.37141280 0.25326075 0.10174923 0.07383968 0.07989089 0.06081806 0.05902859 
575.00000000 0.37081301 0.25338112 0.10197276 0.07409392 0.07982253 0.06086137 0.05905528 
576.00000000 0.37019257 0.25353374 0.10218628 0.07435954 0.07974867 0.06090464 0.05907455 
577.00000000 0.36955276 0.25371750 0.10239011 0.07463455 0.07967082 0.06094652 0.05908774 
578.00000000 0.36889516 0.25393120 0.10258427 0.07491699 0.07959033 0.06098582 0.05909622 
579.00000000 0.36822182 0.25417318 0.10276857 0.07520491 0.07950825 0.06102179 0.05910148 
580.00000000 0.36753523 0.25444118 0.10294271 0.07549629 0.07942538 0.06105414 0.05910506 
581.00000000 0.36683783 0.25473277 0.10310641 0.07578900 0.07934242 0.06108307 0.05910851 
582.00000000 0.36613135 0.25504586 0.10325948 0.07608071 0.07926020 0.06110905 0.05911334 
583.00000000 0.36541630 0.25537943 0.10340183 0.07636899 0.07917983 0.06113275 0.05912087 
584.00000000 0.36469181 0.25573368 0.10353330 0.07665151 0.07910259 0.06115486 0.05913224 
585.00000000 0.36395605 0.25610983 0.10365364 0.07692629 0.07902962 0.06117613 0.05914844 
586.00000000 0.36320700 0.25650937 0.10376244 0.07719175 0.07896176 0.06119735 0.05917035 
587.00000000 0.36244320 0.25693334 0.10385918 0.07744670 0.07889938 0.06121935 0.05919886 
588.00000000 0.36166431 0.25738176 0.10394340 0.07769010 0.07884261 0.06124289 0.05923492 
589.00000000 0.36087117 0.25785350 0.10401477 0.07792085 0.07879169 0.06126858 0.05927944 
590.00000000 0.36006550 0.25834654 0.10407310 0.07813763 0.07874720 0.06129682 0.05933321 
591.00000000 0.35924960 0.25885831 0.10411831 0.07833893 0.07871018 0.06132784 0.05939683 
592.00000000 0.35842603 0.25938593 0.10415036 0.07852313 0.07868201 0.06136186 0.05947067 
593.00000000 0.35759756 0.25992622 0.10416929 0.07868878 0.07866406 0.06139919 0.05955489 
594.00000000 0.35676714 0.26047571 0.10417523 0.07883469 0.07865748 0.06144030 0.05964945 
595.00000000 0.35593780 0.26103068 0.10416849 0.07896004 0.07866307 0.06148574 0.05975417 
596.00000000 0.35511238 0.26158752 0.10414969 0.07906441 0.07868129 0.06153608 0.05986863 
597.00000000 0.35429319 0.26214310 0.10411967 0.07914771 0.07871235 0.06159182 0.05999216 
598.00000000 0.35348171 0.26269513 0.10407950 0.07921024 0.07875613 0.06165341 0.06012388 
599.00000000 0.35267868 0.26324217 0.10403035 0.07925267 0.07881206 0.06172125 0.06026282 
600.00000000 0.35188436 0.26378337 0.10397336 0.07927614 0.07887898 0.06179577 0.06040802 
601.00000000 0.35109916 0.26431791 0.10390952 0.07928222 0.07895518 0.06187730 0.06055870 
602.00000000 0.35032400 0.26484461 0.10383966 0.07927291 0.07903867 0.06196599 0.06071416 
603.00000000 0.34956044 0.26536178 0.10376431 0.07925048 0.07912757 0.06206166 0.06087374 
604.00000000 0.34881040 0.26586749 0.10368378 0.07921738 0.07922048 0.06216381 0.06103666 
605.00000000 0.34807567 0.26636002 0.10359811 0.07917612 0.07931660 0.06227164 0.06120185 
606.00000000 0.34735759 0.26683814 0.10350720 0.07912921 0.07941557 0.06238423 0.06136805 
607.00000000 0.34665701 0.26730124 0.10341085 0.07907911 0.07951724 0.06250067 0.06153389 
608.00000000 0.34597445 0.26774905 0.10330891 0.07902810 0.07962137 0.06262008 0.06169804 
609.00000000 0.34531035 0.26818148 0.10320140 0.07897808 0.07972766 0.06274160 0.06185944 
610.00000000 0.34466503 0.26859851 0.10308856 0.07893040 0.07983588 0.06286433 0.06201728 
611.00000000 0.34403845 0.26900040 0.10297097 0.07888573 0.07994611 0.06298729 0.06217105 
612.00000000 0.34342979 0.26938799 0.10284943 0.07884411 0.08005875 0.06310950 0.06232043 
613.00000000 0.34283736 0.26976280 0.10272497 0.07880525 0.08017429 0.06323010 0.06246522 
614.00000000 0.34225879 0.27012697 0.10259869 0.07876883 0.08029297 0.06334850 0.06260526 
615.00000000 0.34169164 0.27048271 0.10247153 0.07873491 0.08041444 0.06346438 0.06274039 
616.00000000 0.34113412 0.27083179 0.10234422 0.07870409 0.08053771 0.06357773 0.06287035 
617.00000000 0.34058563 0.27117504 0.10221707 0.07867745 0.08066131 0.06368877 0.06299472 
618.00000000 0.34004676 0.27151225 0.10209010 0.07865640 0.08078358 0.06379799 0.06311292 
619.00000000 0.33951894 0.27184238 0.10196301 0.07864241 0.08090292 0.06390609 0.06322425 
620.00000000 0.33900386 0.27216398 0.10183539 0.07863690 0.08101780 0.06401404 0.06332804 
621.00000000 0.33850307 0.27247552 0.10170679 0.07864105 0.08112680 0.06412294 0.06342383 
622.00000000 0.33801795 0.27277544 0.10157684 0.07865580 0.08122855 0.06423394 0.06351148 
623.00000000 0.33754993 0.27306199 0.10144524 0.07868174 0.08132190 0.06434793 0.06359128 
624.00000000 0.33710077 0.27333299 0.10131190 0.07871909 0.08140603 0.06446537 0.06366385 
625.00000000 0.33667260 0.27358581 0.10117686 0.07876772 0.08148068 0.06458623 0.06373010 
626.00000000 0.33626767 0.27381754 0.10104039 0.07882731 0.08154600 0.06471000 0.06379108 
627.00000000 0.33588796 0.27402541 0.10090292 0.07889748 0.08160235 0.06483592 0.06384795 
628.00000000 0.33553492 0.27420712 0.10076497 0.07897798 0.08164993 0.06496315 0.06390192 
629.00000000 0.33520951 0.27436097 0.10062708 0.07906868 0.08168862 0.06509086 0.06395428 
630.00000000 0.33491250 0.27448570 0.10048973 0.07916951 0.08171798 0.06521824 0.06400632 
631.00000000 0.33464485 0.27458020 0.10035329 0.07928034 0.08173749 0.06534448 0.06405935 
632.00000000 0.33440774 0.27464333 0.10021801 0.07940090 0.08174677 0.06546864 0.06411461 
633.00000000 0.33420233 0.27467406 0.10008402 0.07953086 0.08174576 0.06558970 0.06417327 
634.00000000 0.33402926 0.27467184 0.09995135 0.07966990 0.08173471 0.06570659 0.06423636 
635.00000000 0.33388822 0.27463691 0.09981999 0.07981781 0.08171414 0.06581814 0.06430480 
636.00000000 0.33377790 0.27457035 0.09968991 0.07997447 0.08168483 0.06592314 0.06437940 
637.00000000 0.33369645 0.27447362 0.09956122 0.08013971 0.08164772 0.06602035 0.06446093 
638.00000000 0.33364214 0.27434782 0.09943426 0.08031319 0.08160394 0.06610854 0.06455012 
639.00000000 0.33361388 0.27419296 0.09930977 0.08049434 0.08155469 0.06618665 0.06464771 
640.00000000 0.33361143 0.27400770 0.09918891 0.08068248 0.08150106 0.06625391 0.06475450 
641.00000000 0.33363514 0.27378962 0.09907319 0.08087681 0.08144396 0.06630989 0.06487138 
642.00000000 0.33368556 0.27353584 0.09896424 0.08107655 0.08138405 0.06635441 0.06499935 
643.00000000 0.33376310 0.27324367 0.09886362 0.08128073 0.08132185 0.06638755 0.06513949 
644.00000000 0.33386805 0.27291096 0.09877262 0.08148809 0.08125786 0.06640949 0.06529294 
645.00000000 0.33400076 0.27253603 0.09869219 0.08169695 0.08119272 0.06642058 0.06546077 
646.00000000 0.33416187 0.27211751 0.09862296 0.08190531 0.08112714 0.06642127 0.06564395 
647.00000000 0.33435216 0.27165429 0.09856531 0.08211105 0.08106189 0.06641208 0.06584321 
648.00000000 0.33457222 0.27114581 0.09851941 0.08231228 0.08099770 0.06639352 0.06605907 
649.00000000 0.33482183 0.27059256 0.09848530 0.08250747 0.08093517 0.06636589 0.06629178 
650.00000000 0.33509973 0.26999633 0.09846295 0.08269552 0.08087482 0.06632929 0.06654136 
651.00000000 0.33540369 0.26936011 0.09845236 0.08287555 0.08081709 0.06628360 0.06680760 
652.00000000 0.33573093 0.26868757 0.09845368 0.08304677 0.08076237 0.06622866 0.06709002 
653.00000000 0.33607870 0.26798230 0.09846723 0.08320844 0.08071093 0.06616449 0.06738791 
654.00000000 0.33644461 0.26724733 0.09849350 0.08335996 0.08066284 0.06609155 0.06770022 
655.00000000 0.33682664 0.26648507 0.09853299 0.08350095 0.08061788 0.06601085 0.06802562 
656.00000000 0.33722274 0.26569778 0.09858614 0.08363131 0.08057562 0.06592395 0.06836245 
657.00000000 0.33763049 0.26488809 0.09865323 0.08375098 0.08053549 0.06583289 0.06870884 
658.00000000 0.33804675 0.26405943 0.09873443 0.08385977 0.08049688 0.06573992 0.06906283 
659.00000000 0.33846772 0.26321604 0.09882997 0.08395711 0.08045921 0.06564744 0.06942251 
660.00000000 0.33888928 0.26236252 0.09894024 0.08404215 0.08042183 0.06555779 0.06978619 
661.00000000 0.33930740 0.26150332 0.09906582 0.08411394 0.08038385 0.06547319 0.07015248 
662.00000000 0.33971854 0.26064233 0.09920736 0.08417173 0.08034407 0.06539566 0.07052030 
663.00000000 0.34011991 0.25978267 0.09936540 0.08421518 0.08030094 0.06532699 0.07088891 
664.00000000 0.34050961 0.25892680 0.09954010 0.08424434 0.08025271 0.06526870 0.07125774 
665.00000000 0.34088662 0.25807655 0.09973116 0.08425955 0.08019764 0.06522218 0.07162629 
666.00000000 0.34125089 0.25723323 0.09993771 0.08426123 0.08013414 0.06518873 0.07199408 
667.00000000 0.34160323 0.25639748 0.10015831 0.08424984 0.08006098 0.06516971 0.07236044 
668.00000000 0.34194527 0.25556940 0.10039101 0.08422600 0.07997726 0.06516651 0.07272455 
669.00000000 0.34227909 0.25474865 0.10063333 0.08419060 0.07988238 0.06518060 0.07308534 
670.00000000 0.34260680 0.25393495 0.10088236 0.08414497 0.07977603 0.06521335 0.07344155 
671.00000000 0.34292996 0.25312854 0.10113490 0.08409075 0.07965814 0.06526592 0.07379180 
672.00000000 0.34324916 0.25233054 0.10138771 0.08402972 0.07952884 0.06533923 0.07413481 
673.00000000 0.34356387 0.25154306 0.10163780 0.08396352 0.07938835 0.06543388 0.07446952 
674.00000000 0.34387255 0.25076886 0.10188259 0.08389361 0.07923696 0.06555021 0.07479521 
675.00000000 0.34417321 0.25001085 0.10212001 0.08382120 0.07907485 0.06568834 0.07511153 
676.00000000 0.34446398 0.24927149 0.10234842 0.08374742 0.07890208 0.06584827 0.07541834 
677.00000000 0.34474371 0.24855226 0.10256649 0.08367328 0.07871871 0.06602992 0.07571563 
678.00000000 0.34501222 0.24785351 0.10277319 0.08359955 0.07852505 0.06623316 0.07600333 
679.00000000 0.34527023 0.24717448 0.10296773 0.08352660 0.07832201 0.06645771 0.07628124 
680.00000000 0.34551892 0.24651372 0.10314969 0.08345413 0.07811141 0.06670304 0.07654909 
681.00000000 0.34575929 0.24586955 0.10331905 0.08338125 0.07789609 0.06696823 0.07680654 
682.00000000 0.34599158 0.24524064 0.10347619 0.08330663 0.07767975 0.06725191 0.07705330 
683.00000000 0.34621506 0.24462625 0.10362171 0.08322890 0.07746650 0.06755237 0.07728921 
684.00000000 0.34642821 0.24402623 0.10375636 0.08314694 0.07726037 0.06786769 0.07751420 
685.00000000 0.34662920 0.24344070 0.10388084 0.08306011 0.07706482 0.06819596 0.07772839 
686.00000000 0.34681651 0.24286958 0.10399579 0.08296829 0.07688238 0.06853545 0.07793199 
687.00000000 0.34698933 0.24231236 0.10410181 0.08287180 0.07671466 0.06888467 0.07812536 
688.00000000 0.34714774 0.24176788 0.10419946 0.08277136 0.07656235 0.06924235 0.07830886 
689.00000000 0.34729267 0.24123433 0.10428929 0.08266804 0.07642541 0.06960745 0.07848282 
690.00000000 0.34742586 0.24070927 0.10437178 0.08256329 0.07630324 0.06997914 0.07864741 
691.00000000 0.34754982 0.24018962 0.10444732 0.08245894 0.07619486 0.07035681 0.07880263 
692.00000000 0.34766756 0.23967179 0.10451611 0.08235710 0.07609910 0.07074003 0.07894831 
693.00000000 0.34778217 0.23915209 0.10457817 0.08226005 0.07601484 0.07112845 0.07908424 
694.00000000 0.34789603 0.23862740 0.10463341 0.08217007 0.07594116 0.07152164 0.07921028 
695.00000000 0.34801002 0.23809597 0.10468175 0.08208930 0.07587751 0.07191901 0.07932645 
696.00000000 0.34812297 0.23755792 0.10472312 0.08201962 0.07582363 0.07231979 0.07943296 
697.00000000 0.34823180 0.23701522 0.10475756 0.08196270 0.07577942 0.07272313 0.07953016 
698.00000000 0.34833239 0.23647091 0.10478529 0.08192002 0.07574473 0.07312823 0.07961843 
699.00000000 0.34842065 0.23592816 0.10480660 0.08189294 0.07571925 0.07353432 0.07969808 
700.00000000 0.34849359 0.23538933 0.10482196 0.08188278 0.07570246 0.07394060 0.07976928 
701.00000000 0.34854974 0.23485564 0.10483195 0.08189081 0.07569375 0.07434609 0.07983203 
702.00000000 0.34858901 0.23432724 0.10483728 0.08191814 0.07569263 0.07474946 0.07988624 
703.00000000 0.34861219 0.23380369 0.10483878 0.08196572 0.07569877 0.07514913 0.07993171 
704.00000000 0.34862043 0.23328430 0.10483730 0.08203430 0.07571202 0.07554343 0.07996822 
705.00000000 0.34861489 0.23276836 0.10483363 0.08212443 0.07573224 0.07593092 0.07999554 
706.00000000 0.34859660 0.23225524 0.10482834 0.08223657 0.07575919 0.07631057 0.08001349 
707.00000000 0.34856636 0.23174456 0.10482176 0.08237113 0.07579244 0.07668179 0.08002195 
708.00000000 0.34852443 0.23123652 0.10481385 0.08252840 0.07583149 0.07704437 0.08002094 
709.00000000 0.34847030 0.23073233 0.10480425 0.08270843 0.07587593 0.07739818 0.08001058 
710.00000000 0.34840254 0.23023433 0.10479244 0.08291087 0.07592567 0.07774303 0.07999112 
711.00000000 0.34831922 0.22974569 0.10477786 0.08313483 0.07598099 0.07807858 0.07996282 
712.00000000 0.34821863 0.22926957 0.10476011 0.08337894 0.07604252 0.07840431 0.07992593 
713.00000000 0.34810026 0.22880809 0.10473904 0.08364146 0.07611110 0.07871952 0.07988053 
714.00000000 0.34796537 0.22836174 0.10471479 0.08392056 0.07618757 0.07902330 0.07982667 
715.00000000 0.34781687 0.22792946 0.10468763 0.08421442 0.07627281 0.07931447 0.07976435 
716.00000000 0.34765858 0.22750936 0.10465776 0.08452136 0.07636767 0.07959163 0.07969366 
717.00000000 0.34749406 0.22709977 0.10462524 0.08483976 0.07647309 0.07985325 0.07961484 
718.00000000 0.34732565 0.22670011 0.10458991 0.08516800 0.07659009 0.08009796 0.07952830 
719.00000000 0.34715403 0.22631116 0.10455145 0.08550438 0.07671966 0.08032480 0.07943452 
720.00000000 0.34697831 0.22593494 0.10450953 0.08584712 0.07686270 0.08053335 0.07933405 
721.00000000 0.34679641 0.22557429 0.10446384 0.08619433 0.07701999 0.08072374 0.07922740 
722.00000000 0.34660557 0.22523258 0.10441411 0.08654412 0.07719214 0.08089638 0.07911509 
723.00000000 0.34640256 0.22491359 0.10436005 0.08689460 0.07737975 0.08105178 0.07899767 
724.00000000 0.34618380 0.22462159 0.10430129 0.08724383 0.07758343 0.08119034 0.07887572 
725.00000000 0.34594564 0.22436106 0.10423737 0.08758982 0.07780386 0.08131231 0.07874993 
726.00000000 0.34568473 0.22413623 0.10416783 0.08793060 0.07804170 0.08141791 0.07862099 
727.00000000 0.34539867 0.22395035 0.10409225 0.08826425 0.07829750 0.08150742 0.07848956 
728.00000000 0.34508635 0.22380519 0.10401024 0.08858908 0.07857159 0.08158128 0.07835627 
729.00000000 0.34474798 0.22370109 0.10392144 0.08890372 0.07886408 0.08164004 0.07822165 
730.00000000 0.34438457 0.22363748 0.10382539 0.08920711 0.07917492 0.08168429 0.07808624 
731.00000000 0.34399714 0.22361382 0.10372154 0.08949833 0.07950397 0.08171454 0.07795066 
732.00000000 0.34358597 0.22363035 0.10360927 0.08977641 0.07985109 0.08173120 0.07781571 
733.00000000 0.34315033 0.22368838 0.10348810 0.09004014 0.08021611 0.08173454 0.07768240 
734.00000000 0.34268861 0.22379007 0.10335776 0.09028807 0.08059879 0.08172476 0.07755194 
735.00000000 0.34219889 0.22393789 0.10321825 0.09051869 0.08099866 0.08170200 0.07742562 
736.00000000 0.34167955 0.22413399 0.10306969 0.09073071 0.08141499 0.08166626 0.07730481 
737.00000000 0.34112978 0.22437984 0.10291215 0.09092330 0.08184675 0.08161734 0.07719084 
738.00000000 0.34054963 0.22467610 0.10274543 0.09109624 0.08229269 0.08155487 0.07708503 
739.00000000 0.33993992 0.22502279 0.10256897 0.09124982 0.08275132 0.08147847 0.07698870 
740.00000000 0.33930181 0.22541941 0.10238192 0.09138479 0.08322097 0.08138801 0.07690309 
741.00000000 0.33863655 0.22586507 0.10218332 0.09150215 0.08369968 0.08128385 0.07682937 
742.00000000 0.33794526 0.22635853 0.10197231 0.09160313 0.08418529 0.08116692 0.07676855 
743.00000000 0.33722889 0.22689826 0.10174829 0.09168903 0.08467549 0.08103858 0.07672146 
744.00000000 0.33648820 0.22748250 0.10151100 0.09176118 0.08516792 0.08090039 0.07668881 
745.00000000 0.33572381 0.22810952 0.10126058 0.09182066 0.08566032 0.08075380 0.07667130 
746.00000000 0.33493623 0.22877762 0.10099759 0.09186817 0.08615064 0.08060008 0.07666968 
747.00000000 0.33412596 0.22948506 0.10072304 0.09190389 0.08663696 0.08044032 0.07668477 
748.00000000 0.33329378 0.23022977 0.10043840 0.09192762 0.08711746 0.08027560 0.07671738 
749.00000000 0.33244094 0.23100896 0.10014549 0.09193908 0.08759028 0.08010712 0.07676813 
750.00000000 0.33156940 0.23181892 0.09984633 0.09193832 0.08805344 0.07993617 0.07683741 
751.00000000 0.33068191 0.23265507 0.09954295 0.09192587 0.08850484 0.07976409 0.07692527 
752.00000000 0.32978176 0.23351226 0.09923719 0.09190286 0.08894238 0.07959212 0.07703144 
753.00000000 0.32887249 0.23438529 0.09893069 0.09187067 0.08936413 0.07942132 0.07715541 
754.00000000 0.32795749 0.23526930 0.09862497 0.09183060 0.08976855 0.07925264 0.07729645 
755.00000000 0.32703981 0.23615988 0.09832155 0.09178354 0.09015472 0.07908688 0.07745363 
756.00000000 0.32612221 0.23705290 0.09802201 0.09172989 0.09052245 0.07892475 0.07762580 
757.00000000 0.32520750 0.23794421 0.09772793 0.09166975 0.09087225 0.07876675 0.07781161 
758.00000000 0.32429884 0.23882931 0.09744074 0.09160320 0.09120525 0.07861312 0.07800954 
759.00000000 0.32339991 0.23970329 0.09716156 0.09153056 0.09152297 0.07846372 0.07821801 
760.00000000 0.32251482 0.24056082 0.09689116 0.09145259 0.09182701 0.07831811 0.07843549 
761.00000000 0.32164781 0.24139654 0.09663003 0.09137049 0.09211879 0.07817576 0.07866058 
762.00000000 0.32080274 0.24220534 0.09637851 0.09128589 0.09239925 0.07803633 0.07889195 
763.00000000 0.31998263 0.24298276 0.09613700 0.09120075 0.09266868 0.07789987 0.07912832 
764.00000000 0.31918938 0.24372525 0.09590601 0.09111733 0.09292667 0.07776698 0.07936838 
765.00000000 0.31842367 0.24443030 0.09568624 0.09103802 0.09317232 0.07763863 0.07961082 
766.00000000 0.31768516 0.24509641 0.09547853 0.09096507 0.09340454 0.07751596 0.07985434 
767.00000000 0.31697271 0.24572291 0.09528396 0.09090018 0.09362240 0.07740007 0.08009777 
768.00000000 0.31628481 0.24630961 0.09510391 0.09084428 0.09382542 0.07729187 0.08034010 
769.00000000 0.31561988 0.24685645 0.09494007 0.09079732 0.09401365 0.07719213 0.08058050 
770.00000000 0.31497669 0.24736307 0.09479434 0.09075855 0.09418759 0.07710158 0.08081818 
771.00000000 0.31435453 0.24782869 0.09466865 0.09072686 0.09434797 0.07702099 0.08105232 
772.00000000 0.31375324 0.24825208 0.09456463 0.09070134 0.09449553 0.07695118 0.08128200 
773.00000000 0.31317308 0.24863187 0.09448337 0.09068162 0.09463093 0.07689288 0.08150625 
774.00000000 0.31261450 0.24896689 0.09442532 0.09066804 0.09475465 0.07684655 0.08172405 
775.00000000 0.31207794 0.24925638 0.09439040 0.09066145 0.09486699 0.07681235 0.08193450 
776.00000000 0.31156373 0.24950012 0.09437823 0.09066289 0.09496808 0.07679010 0.08213685 
777.00000000 0.31107207 0.24969836 0.09438849 0.09067322 0.09505789 0.07677943 0.08233054 
778.00000000 0.31060311 0.24985163 0.09442100 0.09069281 0.09513638 0.07677993 0.08251514 
779.00000000 0.31015706 0.24996063 0.09447573 0.09072133 0.09520365 0.07679120 0.08269041 
780.00000000 0.30973428 0.25002605 0.09455262 0.09075778 0.09526020 0.07681285 0.08285621 
781.00000000 0.30933532 0.25004860 0.09465142 0.09080052 0.09530708 0.07684447 0.08301259 
782.00000000 0.30896091 0.25002897 0.09477153 0.09084750 0.09534589 0.07688551 0.08315969 
783.00000000 0.30861171 0.24996805 0.09491199 0.09089660 0.09537858 0.07693533 0.08329775 
784.00000000 0.30828809 0.24986702 0.09507155 0.09094599 0.09540711 0.07699324 0.08342700 
785.00000000 0.30798977 0.24972767 0.09524875 0.09099449 0.09543318 0.07705860 0.08354754 
786.00000000 0.30771554 0.24955247 0.09544200 0.09104175 0.09545803 0.07713083 0.08365938 
787.00000000 0.30746329 0.24934458 0.09564966 0.09108833 0.09548236 0.07720931 0.08376248 
788.00000000 0.30723027 0.24910758 0.09587018 0.09113542 0.09550642 0.07729327 0.08385688 
789.00000000 0.30701356 0.24884508 0.09610218 0.09118443 0.09553019 0.07738172 0.08394284 
790.00000000 0.30681049 0.24856046 0.09634456 0.09123648 0.09555358 0.07747348 0.08402096 
791.00000000 0.30661886 0.24825668 0.09659645 0.09129200 0.09557662 0.07756730 0.08409208 
792.00000000 0.30643697 0.24793646 0.09685714 0.09135052 0.09559960 0.07766209 0.08415722 
793.00000000 0.30626343 0.24760244 0.09712578 0.09141073 0.09562316 0.07775706 0.08421740 
794.00000000 0.30609701 0.24725734 0.09740126 0.09147082 0.09564831 0.07785176 0.08427349 
795.00000000 0.30593657 0.24690398 0.09768210 0.09152888 0.09567637 0.07794597 0.08432612 
796.00000000 0.30578104 0.24654523 0.09796653 0.09158318 0.09570878 0.07803957 0.08437567 
797.00000000 0.30562948 0.24618374 0.09825269 0.09163237 0.09574694 0.07813254 0.08442224 
798.00000000 0.30548100 0.24582194 0.09853891 0.09167544 0.09579198 0.07822495 0.08446578 
799.00000000 0.30533468 0.24546199 0.09882384 0.09171151 0.09584468 0.07831719 0.08450612 
800.00000000 0.30518937 0.24510591 0.09910653 0.09173969 0.09590544 0.07840999 0.08454307 
801.00000000 0.30504367 0.24475576 0.09938633 0.09175884 0.09597437 0.07850450 0.08457654 
802.00000000 0.30489592 0.24441367 0.09966268 0.09176757 0.09605146 0.07860218 0.08460652 
803.00000000 0.30474436 0.24408191 0.09993502 0.09176432 0.09613666 0.07870453 0.08463319 
804.00000000 0.30458728 0.24376286 0.10020262 0.09174744 0.09622996 0.07881301 0.08465682 
805.00000000 0.30442303 0.24345900 0.10046449 0.09171548 0.09633141 0.07892884 0.08467775 
806.00000000 0.30425002 0.24317292 0.10071933 0.09166735 0.09644101 0.07905302 0.08469635 
807.00000000 0.30406653 0.24290733 0.10096559 0.09160261 0.09655866 0.07918631 0.08471297 
808.00000000 0.30387072 0.24266493 0.10120152 0.09152158 0.09668409 0.07932923 0.08472793 
809.00000000 0.30366063 0.24244819 0.10142538 0.09142535 0.09681680 0.07948208 0.08474157 
810.00000000 0.30343447 0.24225893 0.10163561 0.09131574 0.09695605 0.07964500 0.08475420 
811.00000000 0.30319092 0.24209805 0.10183099 0.09119502 0.09710084 0.07981801 0.08476617 
812.00000000 0.30292931 0.24196534 0.10201082 0.09106569 0.09724991 0.08000115 0.08477778 
813.00000000 0.30264968 0.24185955 0.10217484 0.09093015 0.09740181 0.08019462 0.08478935 
814.00000000 0.30235266 0.24177869 0.10232319 0.09079059 0.09755492 0.08039884 0.08480110 
815.00000000 0.30203925 0.24172044 0.10245626 0.09064894 0.09770750 0.08061444 0.08481317 
816.00000000 0.30171052 0.24168251 0.10257453 0.09050701 0.09785776 0.08084215 0.08482553 
817.00000000 0.30136753 0.24166294 0.10267848 0.09036664 0.09800380 0.08108268 0.08483792 
818.00000000 0.30101107 0.24166026 0.10276854 0.09022989 0.09814368 0.08133661 0.08484994 
819.00000000 0.30064158 0.24167360 0.10284509 0.09009906 0.09827541 0.08160426 0.08486101 
820.00000000 0.30025891 0.24170277 0.10290846 0.08997660 0.09839703 0.08188567 0.08487057 
821.00000000 0.29986224 0.24174823 0.10295908 0.08986497 0.09850674 0.08218060 0.08487814 
822.00000000 0.29945012 0.24181093 0.10299745 0.08976655 0.09860295 0.08248861 0.08488339 
823.00000000 0.29902074 0.24189191 0.10302421 0.08968360 0.09868426 0.08280913 0.08488615 
824.00000000 0.29857239 0.24199182 0.10304014 0.08961842 0.09874931 0.08314154 0.08488637 
825.00000000 0.29810389 0.24211063 0.10304605 0.08957347 0.09879665 0.08348531 0.08488400 
826.00000000 0.29761476 0.24224742 0.10304273 0.08955153 0.09882457 0.08383997 0.08487903 
827.00000000 0.29710528 0.24240052 0.10303094 0.08955563 0.09883111 0.08420511 0.08487142 
828.00000000 0.29657631 0.24256777 0.10301136 0.08958883 0.09881416 0.08458033 0.08486125 
829.00000000 0.29602904 0.24274682 0.10298466 0.08965397 0.09877161 0.08496522 0.08484869 
830.00000000 0.29546472 0.24293542 0.10295150 0.08975334 0.09870148 0.08535939 0.08483414 
831.00000000 0.29488459 0.24313154 0.10291262 0.08988857 0.09860197 0.08576253 0.08481818 
832.00000000 0.29428988 0.24333330 0.10286877 0.09006067 0.09847138 0.08617440 0.08480160 
833.00000000 0.29368194 0.24353881 0.10282081 0.09027009 0.09830822 0.08659480 0.08478533 
834.00000000 0.29306239 0.24374593 0.10276966 0.09051690 0.09811119 0.08702345 0.08477048 
835.00000000 0.29243324 0.24395217 0.10271628 0.09080085 0.09787932 0.08745987 0.08475827 
836.00000000 0.29179689 0.24415467 0.10266160 0.09112144 0.09761215 0.08790319 0.08475005 
837.00000000 0.29115609 0.24435045 0.10260639 0.09147795 0.09730969 0.08835220 0.08474723 
838.00000000 0.29051372 0.24453665 0.10255111 0.09186955 0.09697241 0.08880531 0.08475125 
839.00000000 0.28987256 0.24471092 0.10249587 0.09229534 0.09660109 0.08926072 0.08476350 
840.00000000 0.28923514 0.24487159 0.10244041 0.09275431 0.09619679 0.08971647 0.08478529 
841.00000000 0.28860358 0.24501782 0.10238431 0.09324524 0.09576081 0.09017047 0.08481777 
842.00000000 0.28797959 0.24514945 0.10232706 0.09376641 0.09529493 0.09062056 0.08486199 
843.00000000 0.28736457 0.24526688 0.10226826 0.09431537 0.09480151 0.09106456 0.08491885 
844.00000000 0.28675983 0.24537070 0.10220759 0.09488887 0.09428361 0.09150028 0.08498912 
845.00000000 0.28616672 0.24546144 0.10214485 0.09548303 0.09374491 0.09192566 0.08507339 
846.00000000 0.28558680 0.24553934 0.10207976 0.09609366 0.09318957 0.09233886 0.08517201 
847.00000000 0.28502188 0.24560422 0.10201195 0.09671679 0.09262194 0.09273826 0.08528497 
848.00000000 0.28447382 0.24565559 0.10194086 0.09734896 0.09204644 0.09312247 0.08541187 
849.00000000 0.28394437 0.24569286 0.10186580 0.09798738 0.09146749 0.09349028 0.08555183 
850.00000000 0.28343495 0.24571567 0.10178598 0.09862974 0.09088948 0.09384057 0.08570361 
851.00000000 0.28294652 0.24572409 0.10170057 0.09927398 0.09031674 0.09417236 0.08586574 
852.00000000 0.28247968 0.24571866 0.10160881 0.09991796 0.08975344 0.09448477 0.08603668 
853.00000000 0.28203485 0.24570017 0.10151004 0.10055926 0.08920349 0.09477714 0.08621506 
854.00000000 0.28161266 0.24566925 0.10140388 0.10119504 0.08867046 0.09504892 0.08639980 
855.00000000 0.28121431 0.24562588 0.10129035 0.10182207 0.08815759 0.09529967 0.08659012 
856.00000000 0.28084182 0.24556901 0.10117000 0.10243674 0.08766793 0.09552888 0.08678562 
857.00000000 0.28049797 0.24549644 0.10104394 0.10303514 0.08720441 0.09573593 0.08698617 
858.00000000 0.28018603 0.24540507 0.10091371 0.10361325 0.08676992 0.09592013 0.08719189 
859.00000000 0.27990921 0.24529141 0.10078109 0.10416714 0.08636723 0.09608079 0.08740311 
860.00000000 0.27967017 0.24515222 0.10064778 0.10469331 0.08599881 0.09621744 0.08762027 
861.00000000 0.27947059 0.24498505 0.10051510 0.10518887 0.08566664 0.09632990 0.08784385 
862.00000000 0.27931107 0.24478857 0.10038391 0.10565166 0.08537221 0.09641837 0.08807421 
863.00000000 0.27919135 0.24456260 0.10025453 0.10608014 0.08511653 0.09648332 0.08831154 
864.00000000 0.27911060 0.24430788 0.10012689 0.10647316 0.08490034 0.09652534 0.08855578 
865.00000000 0.27906796 0.24402566 0.10000068 0.10682968 0.08472432 0.09654503 0.08880668 
866.00000000 0.27906286 0.24371709 0.09987552 0.10714856 0.08458927 0.09654286 0.08906385 
867.00000000 0.27909534 0.24338277 0.09975110 0.10742861 0.08449613 0.09651918 0.08932687 
868.00000000 0.27916614 0.24302232 0.09962736 0.10766868 0.08444595 0.09647426 0.08959530 
869.00000000 0.27927655 0.24263428 0.09950453 0.10786794 0.08443976 0.09640827 0.08986868 
870.00000000 0.27942808 0.24221636 0.09938324 0.10802605 0.08447846 0.09632134 0.09014647 
871.00000000 0.27962194 0.24176602 0.09926446 0.10814325 0.08456270 0.09621359 0.09042805 
872.00000000 0.27985847 0.24128122 0.09914934 0.10822032 0.08469267 0.09608526 0.09071272 
873.00000000 0.28013669 0.24076117 0.09903907 0.10825846 0.08486794 0.09593688 0.09099978 
874.00000000 0.28045412 0.24020675 0.09893466 0.10825922 0.08508720 0.09576947 0.09128857 
875.00000000 0.28080685 0.23962056 0.09883683 0.10822438 0.08534815 0.09558471 0.09157852 
876.00000000 0.28118994 0.23900652 0.09874604 0.10815597 0.08564747 0.09538500 0.09186907 
877.00000000 0.28159797 0.23836928 0.09866257 0.10805624 0.08598103 0.09517336 0.09215955 
878.00000000 0.28202552 0.23771358 0.09858669 0.10792762 0.08634413 0.09495330 0.09244916 
879.00000000 0.28246757 0.23704374 0.09851867 0.10777274 0.08673194 0.09472849 0.09273685 
880.00000000 0.28291949 0.23636350 0.09845883 0.10759436 0.08713980 0.09450256 0.09302146 
881.00000000 0.28337695 0.23567611 0.09840735 0.10739544 0.08756354 0.09427885 0.09330176 
882.00000000 0.28383558 0.23498464 0.09836421 0.10717916 0.08799956 0.09406027 0.09357659 
883.00000000 0.28429073 0.23429231 0.09832907 0.10694894 0.08844487 0.09384923 0.09384485 
884.00000000 0.28473734 0.23360281 0.09830126 0.10670850 0.08889691 0.09364766 0.09410552 
885.00000000 0.28517016 0.23292032 0.09827978 0.10646174 0.08935340 0.09345704 0.09435757 
886.00000000 0.28558411 0.23224937 0.09826334 0.10621248 0.08981215 0.09327860 0.09459994 
887.00000000 0.28597473 0.23159460 0.09825044 0.10596425 0.09027095 0.09311343 0.09483159 
888.00000000 0.28633849 0.23096034 0.09823944 0.10571998 0.09072748 0.09296269 0.09505158 
889.00000000 0.28667294 0.23035028 0.09822873 0.10548189 0.09117930 0.09282774 0.09525913 
890.00000000 0.28697666 0.22976723 0.09821686 0.10525149 0.09162388 0.09271021 0.09545368 
891.00000000 0.28724904 0.22921301 0.09820277 0.10502965 0.09205863 0.09261204 0.09563486 
892.00000000 0.28749005 0.22868852 0.09818585 0.10481676 0.09248113 0.09253530 0.09580241 
893.00000000 0.28769983 0.22819409 0.09816587 0.10461281 0.09288921 0.09248201 0.09595618 
894.00000000 0.28787833 0.22773005 0.09814282 0.10441752 0.09328122 0.09245390 0.09609616 
895.00000000 0.28802497 0.22729721 0.09811669 0.10423037 0.09365604 0.09245218 0.09622255 
896.00000000 0.28813832 0.22689730 0.09808722 0.10405081 0.09401307 0.09247744 0.09633583 
897.00000000 0.28821623 0.22653295 0.09805394 0.10387836 0.09435200 0.09252971 0.09643682 
898.00000000 0.28825604 0.22620738 0.09801617 0.10371276 0.09467259 0.09260857 0.09652650 
899.00000000 0.28825520 0.22592374 0.09797328 0.10355407 0.09497438 0.09271341 0.09660593 
900.00000000 0.28821178 0.22568449 0.09792490 0.10340250 0.09525669 0.09284358 0.09667606 
901.00000000 0.28812487 0.22549099 0.09787102 0.10325830 0.09551872 0.09299846 0.09673764 
902.00000000 0.28799453 0.22534337 0.09781210 0.10312158 0.09575975 0.09317745 0.09679121 
903.00000000 0.28782156 0.22524090 0.09774902 0.10299217 0.09597944 0.09337978 0.09683714 
904.00000000 0.28760694 0.22518240 0.09768296 0.10286974 0.09617794 0.09360438 0.09687565 
905.00000000 0.28735131 0.22516687 0.09761536 0.10275396 0.09635591 0.09384972 0.09690686 
906.00000000 0.28705469 0.22519386 0.09754778 0.10264470 0.09651450 0.09411376 0.09693072 
907.00000000 0.28671638 0.22526362 0.09748175 0.10254211 0.09665515 0.09439393 0.09694707 
908.00000000 0.28633522 0.22537703 0.09741868 0.10244663 0.09677950 0.09468726 0.09695567 
909.00000000 0.28591003 0.22553520 0.09735975 0.10235886 0.09688929 0.09499051 0.09695636 
910.00000000 0.28544011 0.22573892 0.09730589 0.10227941 0.09698626 0.09530035 0.09694907 
911.00000000 0.28492572 0.22598808 0.09725779 0.10220884 0.09707203 0.09561359 0.09693395 
912.00000000 0.28436847 0.22628115 0.09721609 0.10214769 0.09714802 0.09592733 0.09691125 
913.00000000 0.28377143 0.22661489 0.09718150 0.10209649 0.09721537 0.09623906 0.09688127 
914.00000000 0.28313908 0.22698427 0.09715495 0.10205581 0.09727499 0.09654669 0.09684422 
915.00000000 0.28247700 0.22738283 0.09713764 0.10202621 0.09732768 0.09684848 0.09680016 
916.00000000 0.28179135 0.22780331 0.09713096 0.10200823 0.09737430 0.09714295 0.09674891 
917.00000000 0.28108811 0.22823837 0.09713639 0.10200240 0.09741588 0.09742878 0.09669008 
918.00000000 0.28037257 0.22868142 0.09715533 0.10200923 0.09745364 0.09770479 0.09662301 
919.00000000 0.27964884 0.22912708 0.09718892 0.10202935 0.09748892 0.09797002 0.09654687 
920.00000000 0.27891987 0.22957129 0.09723798 0.10206345 0.09752291 0.09822378 0.09646071 
921.00000000 0.27818779 0.23001101 0.09730304 0.10211221 0.09755657 0.09846579 0.09636358 
922.00000000 0.27745447 0.23044359 0.09738440 0.10217609 0.09759043 0.09869624 0.09625478 
923.00000000 0.27672207 0.23086620 0.09748230 0.10225516 0.09762459 0.09891574 0.09613395 
924.00000000 0.27599345 0.23127544 0.09759699 0.10234894 0.09765873 0.09912525 0.09600120 
925.00000000 0.27527215 0.23166726 0.09772880 0.10245642 0.09769222 0.09932599 0.09585716 
926.00000000 0.27456221 0.23203717 0.09787811 0.10257614 0.09772422 0.09951922 0.09570293 
927.00000000 0.27386774 0.23238058 0.09804538 0.10270637 0.09775379 0.09970612 0.09554001 
928.00000000 0.27319252 0.23269328 0.09823109 0.10284521 0.09778008 0.09988767 0.09537015 
929.00000000 0.27253966 0.23297171 0.09843572 0.10299068 0.09780243 0.10006455 0.09519524 
930.00000000 0.27191137 0.23321325 0.09865966 0.10314089 0.09782048 0.10023720 0.09501716 
931.00000000 0.27130884 0.23341631 0.09890312 0.10329408 0.09783415 0.10040595 0.09483756 
932.00000000 0.27073239 0.23358033 0.09916602 0.10344876 0.09784352 0.10057119 0.09465778 
933.00000000 0.27018164 0.23370560 0.09944794 0.10360374 0.09784876 0.10073353 0.09447879 
934.00000000 0.26965585 0.23379305 0.09974800 0.10375806 0.09784995 0.10089390 0.09430119 
935.00000000 0.26915416 0.23384404 0.10006502 0.10391085 0.09784691 0.10105360 0.09412543 
936.00000000 0.26867584 0.23386022 0.10039755 0.10406110 0.09783912 0.10121426 0.09395191 
937.00000000 0.26822043 0.23384333 0.10074409 0.10420749 0.09782576 0.10137771 0.09378119 
938.00000000 0.26778768 0.23379526 0.10110317 0.10434837 0.09780573 0.10154572 0.09361406 
939.00000000 0.26737750 0.23371799 0.10147341 0.10448182 0.09777799 0.10171976 0.09345153 
940.00000000 0.26698977 0.23361369 0.10185340 0.10460595 0.09774169 0.10190074 0.09329476 
941.00000000 0.26662416 0.23348473 0.10224168 0.10471917 0.09769643 0.10208887 0.09314496 
942.00000000 0.26628005 0.23333359 0.10263658 0.10482050 0.09764236 0.10228369 0.09300323 
943.00000000 0.26595646 0.23316276 0.10303631 0.10490972 0.09758010 0.10248419 0.09287047 
944.00000000 0.26565220 0.23297447 0.10343894 0.10498736 0.09751067 0.10268904 0.09274732 
945.00000000 0.26536605 0.23277050 0.10384255 0.10505463 0.09743534 0.10289678 0.09263414 
946.00000000 0.26509695 0.23255207 0.10424525 0.10511323 0.09735550 0.10310599 0.09253102 
947.00000000 0.26484406 0.23231990 0.10464522 0.10516507 0.09727250 0.10331537 0.09243787 
948.00000000 0.26460672 0.23207448 0.10504070 0.10521205 0.09718760 0.10352391 0.09235454 
949.00000000 0.26438425 0.23181632 0.10543006 0.10525571 0.09710185 0.10373093 0.09228088 
950.00000000 0.26417586 0.23154612 0.10581178 0.10529707 0.09701612 0.10393618 0.09221686 
951.00000000 0.26398064 0.23126478 0.10618467 0.10533646 0.09693115 0.10413978 0.09216252 
952.00000000 0.26379776 0.23097309 0.10654786 0.10537354 0.09684767 0.10434204 0.09211805 
953.00000000 0.26362670 0.23067153 0.10690082 0.10540749 0.09676660 0.10454321 0.09208365 
954.00000000 0.26346747 0.23036000 0.10724322 0.10543727 0.09668925 0.10474324 0.09205955 
955.00000000 0.26332065 0.23003780 0.10757473 0.10546187 0.09661744 0.10494158 0.09204592 
956.00000000 0.26318734 0.22970371 0.10789483 0.10548051 0.09655352 0.10513721 0.09204287 
957.00000000 0.26306902 0.22935627 0.10820270 0.10549266 0.09650026 0.10532868 0.09205041 
958.00000000 0.26296727 0.22899403 0.10849725 0.10549800 0.09646064 0.10551429 0.09206851 
959.00000000 0.26288363 0.22861587 0.10877725 0.10549620 0.09643774 0.10569224 0.09209707 
960.00000000 0.26281936 0.22822121 0.10904147 0.10548681 0.09643452 0.10586066 0.09213597 
961.00000000 0.26277532 0.22781016 0.10928878 0.10546916 0.09645387 0.10601767 0.09218505 
962.00000000 0.26275186 0.22738358 0.10951811 0.10544228 0.09649859 0.10616141 0.09224417 
963.00000000 0.26274877 0.22694296 0.10972850 0.10540502 0.09657145 0.10629009 0.09231321 
964.00000000 0.26276541 0.22649021 0.10991899 0.10535601 0.09667524 0.10640208 0.09239206 
965.00000000 0.26280088 0.22602736 0.11008863 0.10529383 0.09681272 0.10649591 0.09248067 
966.00000000 0.26285432 0.22555622 0.11023651 0.10521702 0.09698658 0.10657031 0.09257903 
967.00000000 0.26292525 0.22507812 0.11036179 0.10512427 0.09719927 0.10662416 0.09268715 
968.00000000 0.26301367 0.22459374 0.11046371 0.10501452 0.09745293 0.10665646 0.09280498 
969.00000000 0.26312003 0.22410322 0.11054163 0.10488720 0.09774917 0.10666632 0.09293242 
970.00000000 0.26324487 0.22360647 0.11059506 0.10474235 0.09808897 0.10665300 0.09306927 
971.00000000 0.26338836 0.22310364 0.11062371 0.10458064 0.09847257 0.10661587 0.09321520 
972.00000000 0.26354985 0.22259552 0.11062758 0.10440327 0.09889949 0.10655445 0.09336984 
973.00000000 0.26372760 0.22208388 0.11060708 0.10421171 0.09936858 0.10646836 0.09353279 
974.00000000 0.26391884 0.22157145 0.11056299 0.10400755 0.09987826 0.10635721 0.09370371 
975.00000000 0.26412011 0.22106169 0.11049642 0.10379234 0.10042663 0.10622063 0.09388218 
976.00000000 0.26432771 0.22055838 0.11040863 0.10356769 0.10101165 0.10605821 0.09406773 
977.00000000 0.26453823 0.22006522 0.11030079 0.10333530 0.10163120 0.10586960 0.09425966 
978.00000000 0.26474881 0.21958546 0.11017382 0.10309708 0.10228311 0.10565462 0.09445709 
979.00000000 0.26495734 0.21912178 0.11002835 0.10285507 0.10296514 0.10541330 0.09465901 
980.00000000 0.26516241 0.21867624 0.10986472 0.10261141 0.10367482 0.10514597 0.09486442 
981.00000000 0.26536319 0.21825035 0.10968314 0.10236818 0.10440941 0.10485327 0.09507247 
982.00000000 0.26555922 0.21784510 0.10948386 0.10212746 0.10516577 0.10453607 0.09528252 
983.00000000 0.26575018 0.21746116 0.10926736 0.10189132 0.10594038 0.10419544 0.09549415 
984.00000000 0.26593569 0.21709889 0.10903453 0.10166190 0.10672935 0.10383261 0.09570702 
985.00000000 0.26611514 0.21675852 0.10878671 0.10144129 0.10752860 0.10344892 0.09592082 
986.00000000 0.26628753 0.21644027 0.10852575 0.10123141 0.10833404 0.10304580 0.09613520 
987.00000000 0.26645157 0.21614440 0.10825390 0.10103385 0.10914172 0.10262479 0.09634977 
988.00000000 0.26660575 0.21587128 0.10797370 0.10084979 0.10994787 0.10218757 0.09656403 
989.00000000 0.26674856 0.21562127 0.10768777 0.10068004 0.11074898 0.10173598 0.09677739 
990.00000000 0.26687874 0.21539470 0.10739866 0.10052521 0.11154172 0.10127190 0.09698907 
991.00000000 0.26699533 0.21519169 0.10710873 0.10038589 0.11232304 0.10079724 0.09719808 
992.00000000 0.26709765 0.21501225 0.10682024 0.10026268 0.11309024 0.10031370 0.09740324 
993.00000000 0.26718496 0.21485626 0.10653543 0.10015617 0.11384107 0.09982276 0.09760335 
994.00000000 0.26725618 0.21472376 0.10625665 0.10006671 0.11457384 0.09932553 0.09779733 
995.00000000 0.26730958 0.21461506 0.10598649 0.09999434 0.11528722 0.09882285 0.09798446 
996.00000000 0.26734281 0.21453078 0.10572778 0.09993867 0.11598011 0.09831533 0.09816453 
997.00000000 0.26735306 0.21447170 0.10548350 0.09989906 0.11665132 0.09780352 0.09833783 
998.00000000 0.26733754 0.21443858 0.10525664 0.09987476 0.11729934 0.09728807 0.09850507 
999.00000000 0.26729379 0.21443191 0.10504997 0.09986519 0.11792217 0.09676981 0.09866715 
