0.00000000 1.00000000 0.00000000 0.00000000 0.00000000 0.00000000 0.00000000 0.00000000 
1.00000000 0.99971311 0.00027285 0.00000108 0.00000124 0.00000159 0.00000666 0.00000348 
2.00000000 0.99885302 0.00109081 0.00000434 0.00000495 0.00000638 0.00002661 0.00001389 
3.00000000 0.99742151 0.00245207 0.00000988 0.00001115 0.00001439 0.00005979 0.00003120 
4.00000000 0.99542154 0.00435362 0.00001786 0.00001987 0.00002567 0.00010610 0.00005534 
5.00000000 0.99285722 0.00679127 0.00002850 0.00003115 0.00004027 0.00016538 0.00008621 
6.00000000 0.98973379 0.00975970 0.00004209 0.00004503 0.00005827 0.00023743 0.00012368 
7.00000000 0.98605760 0.01325246 0.00005896 0.00006157 0.00007977 0.00032202 0.00016761 
8.00000000 0.98183620 0.01726187 0.00007952 0.00008084 0.00010488 0.00041887 0.00021782 
9.00000000 0.97707847 0.02177894 0.00010421 0.00010291 0.00013372 0.00052764 0.00027410 
10.00000000 0.97179467 0.02679328 0.00013354 0.00012788 0.00016644 0.00064796 0.00033623 
11.00000000 0.96599636 0.03229320 0.00016807 0.00015583 0.00020317 0.00077940 0.00040396 
12.00000000 0.95969627 0.03826584 0.00020839 0.00018688 0.00024409 0.00092152 0.00047701 
13.00000000 0.95290802 0.04469746 0.00025513 0.00022112 0.00028938 0.00107381 0.00055508 
14.00000000 0.94564605 0.05157348 0.00030895 0.00025868 0.00033923 0.00123573 0.00063786 
15.00000000 0.93792573 0.05887842 0.00037055 0.00029969 0.00039384 0.00140674 0.00072504 
16.00000000 0.92976351 0.06659570 0.00044062 0.00034427 0.00045341 0.00158624 0.00081625 
17.00000000 0.92117700 0.07470762 0.00051991 0.00039256 0.00051813 0.00177361 0.00091117 
18.00000000 0.91218481 0.08319552 0.00060916 0.00044470 0.00058820 0.00196819 0.00100942 
19.00000000 0.90280611 0.09204016 0.00070913 0.00050084 0.00066384 0.00216929 0.00111063 
20.00000000 0.89306033 0.10122209 0.00082059 0.00056112 0.00074525 0.00237620 0.00121443 
21.00000000 0.88296706 0.11072173 0.00094427 0.00062570 0.00083267 0.00258815 0.00132042 
22.00000000 0.87254636 0.12051909 0.00108091 0.00069472 0.00092633 0.00280439 0.00142819 
23.00000000 0.86181924 0.13059327 0.00123124 0.00076833 0.00102645 0.00302413 0.00153734 
24.00000000 0.85080791 0.14092222 0.00139595 0.00084666 0.00113323 0.00324657 0.00164746 
25.00000000 0.83953557 0.15148297 0.00157572 0.00092986 0.00124686 0.00347087 0.00175814 
26.00000000 0.82802582 0.16225218 0.00177122 0.00101808 0.00136751 0.00369621 0.00186899 
27.00000000 0.81630193 0.17320687 0.00198303 0.00111145 0.00149538 0.00392173 0.00197961 
28.00000000 0.80438655 0.18432476 0.00221173 0.00121013 0.00163067 0.00414656 0.00208961 
29.00000000 0.79230200 0.19558388 0.00245783 0.00131425 0.00177357 0.00436987 0.00219861 
30.00000000 0.78007119 0.20696182 0.00272178 0.00142392 0.00192426 0.00459079 0.00230624 
31.00000000 0.76771828 0.21843494 0.00300401 0.00153926 0.00208285 0.00480852 0.00241216 
32.00000000 0.75526886 0.22997829 0.00330487 0.00166035 0.00224943 0.00502220 0.00251599 
33.00000000 0.74274922 0.24156630 0.00362469 0.00178725 0.00242410 0.00523103 0.00261741 
34.00000000 0.73018522 0.25317381 0.00396372 0.00192002 0.00260694 0.00543420 0.00271608 
35.00000000 0.71760147 0.26477703 0.00432214 0.00205868 0.00279804 0.00563094 0.00281170 
36.00000000 0.70502115 0.27635359 0.00470007 0.00220322 0.00299752 0.00582050 0.00290395 
37.00000000 0.69246672 0.28788191 0.00509752 0.00235361 0.00320544 0.00600222 0.00299258 
38.00000000 0.67996093 0.29934020 0.00551442 0.00250979 0.00342182 0.00617549 0.00307736 
39.00000000 0.66752729 0.31070600 0.00595062 0.00267166 0.00364662 0.00633971 0.00315810 
40.00000000 0.65518965 0.32195657 0.00640588 0.00283915 0.00387977 0.00649434 0.00323464 
41.00000000 0.64297105 0.33307000 0.00687990 0.00301215 0.00412120 0.00663884 0.00330684 
42.00000000 0.63089279 0.34402616 0.00737232 0.00319057 0.00437087 0.00677269 0.00337460 
43.00000000 0.61897432 0.35480677 0.00788270 0.00337426 0.00462876 0.00689539 0.00343781 
44.00000000 0.60723423 0.36539447 0.00841053 0.00356303 0.00489486 0.00700648 0.00349639 
45.00000000 0.59569172 0.37577143 0.00895520 0.00375665 0.00516912 0.00710558 0.00355029 
46.00000000 0.58436735 0.38591856 0.00951600 0.00395485 0.00545144 0.00719235 0.00359945 
47.00000000 0.57328267 0.39581586 0.01009211 0.00415731 0.00574167 0.00726651 0.00364387 
48.00000000 0.56245868 0.40544391 0.01068265 0.00436368 0.00603967 0.00732786 0.00368355 
49.00000000 0.55191414 0.41478551 0.01128670 0.00457361 0.00634531 0.00737620 0.00371852 
50.00000000 0.54166462 0.42382661 0.01190330 0.00478666 0.00665851 0.00741146 0.00374885 
51.00000000 0.53172303 0.43255577 0.01253148 0.00500236 0.00697917 0.00743358 0.00377462 
52.00000000 0.52210118 0.44096270 0.01317020 0.00522020 0.00730714 0.00744262 0.00379598 
53.00000000 0.51281143 0.44903661 0.01381835 0.00543963 0.00764218 0.00743870 0.00381309 
54.00000000 0.50386736 0.45676555 0.01447479 0.00566013 0.00798399 0.00742199 0.00382617 
55.00000000 0.49528306 0.46413708 0.01513836 0.00588112 0.00833223 0.00739269 0.00383546 
56.00000000 0.48707153 0.47113979 0.01580788 0.00610206 0.00868659 0.00735097 0.00384119 
57.00000000 0.47924333 0.47776460 0.01648221 0.00632236 0.00904678 0.00729708 0.00384364 
58.00000000 0.47180641 0.48400498 0.01716022 0.00654142 0.00941259 0.00723128 0.00384309 
59.00000000 0.46476706 0.48985605 0.01784073 0.00675859 0.00978379 0.00715394 0.00383984 
60.00000000 0.45813131 0.49531318 0.01852248 0.00697322 0.01016008 0.00706553 0.00383420 
61.00000000 0.45190562 0.50037133 0.01920417 0.00718469 0.01054107 0.00696658 0.00382654 
62.00000000 0.44609641 0.50502550 0.01988447 0.00739240 0.01092630 0.00685770 0.00381723 
63.00000000 0.44070856 0.50927211 0.02056206 0.00759583 0.01131527 0.00673952 0.00380665 
64.00000000 0.43574406 0.51311034 0.02123572 0.00779446 0.01170751 0.00661270 0.00379521 
65.00000000 0.43120171 0.51654239 0.02190426 0.00798777 0.01210259 0.00647793 0.00378334 
66.00000000 0.42707838 0.51957236 0.02256656 0.00817522 0.01250009 0.00633595 0.00377145 
67.00000000 0.42337100 0.52220425 0.02322148 0.00835624 0.01289953 0.00618753 0.00375997 
68.00000000 0.42007828 0.52444043 0.02386779 0.00853028 0.01330039 0.00603352 0.00374931 
69.00000000 0.41720104 0.52628121 0.02450422 0.00869682 0.01370210 0.00587477 0.00373985 
70.00000000 0.41474102 0.52772604 0.02512946 0.00885533 0.01410407 0.00571216 0.00373192 
71.00000000 0.41269899 0.52877528 0.02574225 0.00900532 0.01450576 0.00554655 0.00372585 
72.00000000 0.41107318 0.52943161 0.02634141 0.00914631 0.01490672 0.00537884 0.00372193 
73.00000000 0.40985918 0.52970023 0.02692589 0.00927780 0.01530650 0.00520998 0.00372043 
74.00000000 0.40905094 0.52958781 0.02749473 0.00939932 0.01570465 0.00504095 0.00372161 
75.00000000 0.40864229 0.52910105 0.02804710 0.00951046 0.01610061 0.00487276 0.00372572 
76.00000000 0.40862782 0.52824584 0.02858224 0.00961092 0.01649370 0.00470646 0.00373301 
77.00000000 0.40900249 0.52702758 0.02909951 0.00970049 0.01688318 0.00454305 0.00374371 
78.00000000 0.40976048 0.52545230 0.02959840 0.00977907 0.01726826 0.00438348 0.00375802 
79.00000000 0.41089403 0.52352773 0.03007854 0.00984666 0.01764824 0.00422867 0.00377614 
80.00000000 0.41239331 0.52126350 0.03053967 0.00990326 0.01802248 0.00407951 0.00379827 
81.00000000 0.41424733 0.51867029 0.03098158 0.00994893 0.01839039 0.00393691 0.00382458 
82.00000000 0.41644555 0.51575835 0.03140403 0.00998373 0.01875138 0.00380174 0.00385521 
83.00000000 0.41897893 0.51253658 0.03180668 0.01000783 0.01910481 0.00367490 0.00389028 
84.00000000 0.42183988 0.50901250 0.03218908 0.01002145 0.01945001 0.00355721 0.00392986 
85.00000000 0.42502107 0.50519344 0.03255083 0.01002493 0.01978626 0.00344949 0.00397399 
86.00000000 0.42851385 0.50108788 0.03289158 0.01001868 0.02011290 0.00335245 0.00402266 
87.00000000 0.43230732 0.49670631 0.03321117 0.01000320 0.02042931 0.00326679 0.00407589 
88.00000000 0.43638879 0.49206080 0.03350963 0.00997902 0.02073490 0.00319320 0.00413366 
89.00000000 0.44074514 0.48716371 0.03378708 0.00994668 0.02102909 0.00313234 0.00419596 
90.00000000 0.44536432 0.48202635 0.03404371 0.00990680 0.02131124 0.00308485 0.00426274 
91.00000000 0.45023597 0.47665846 0.03427963 0.00986002 0.02158064 0.00305134 0.00433395 
92.00000000 0.45535073 0.47106888 0.03449491 0.00980707 0.02183656 0.00303236 0.00440948 
93.00000000 0.46069867 0.46526708 0.03468957 0.00974874 0.02207835 0.00302838 0.00448922 
94.00000000 0.46626796 0.45926435 0.03486363 0.00968584 0.02230544 0.00303979 0.00457299 
95.00000000 0.47204447 0.45307425 0.03501712 0.00961921 0.02251739 0.00306693 0.00466063 
96.00000000 0.47801261 0.44671173 0.03515012 0.00954971 0.02271382 0.00311007 0.00475193 
97.00000000 0.48415672 0.44019192 0.03526271 0.00947821 0.02289435 0.00316942 0.00484666 
98.00000000 0.49046192 0.43352920 0.03535500 0.00940563 0.02305856 0.00324511 0.00494457 
99.00000000 0.49691399 0.42673732 0.03542717 0.00933295 0.02320598 0.00333721 0.00504539 
100.00000000 0.50349832 0.41983025 0.03547958 0.00926121 0.02333614 0.00344567 0.00514883 
101.00000000 0.51019905 0.41282306 0.03551273 0.00919152 0.02344863 0.00357039 0.00525464 
102.00000000 0.51699893 0.40573185 0.03552735 0.00912499 0.02354315 0.00371120 0.00536253 
103.00000000 0.52388050 0.39857284 0.03552427 0.00906273 0.02361951 0.00386789 0.00547226 
104.00000000 0.53082745 0.39136105 0.03550434 0.00900582 0.02367755 0.00404023 0.00558356 
105.00000000 0.53782554 0.38410960 0.03546830 0.00895532 0.02371712 0.00422795 0.00569618 
106.00000000 0.54486226 0.37683005 0.03541679 0.00891229 0.02373810 0.00443070 0.00580981 
107.00000000 0.55192549 0.36953369 0.03535040 0.00887780 0.02374038 0.00464809 0.00592415 
108.00000000 0.55900207 0.36223286 0.03526970 0.00885293 0.02372396 0.00487960 0.00603888 
109.00000000 0.56607712 0.35494147 0.03517537 0.00883877 0.02368894 0.00512465 0.00615367 
110.00000000 0.57313469 0.34767440 0.03506818 0.00883638 0.02363556 0.00538259 0.00626819 
111.00000000 0.58015919 0.34044614 0.03494896 0.00884676 0.02356409 0.00565272 0.00638213 
112.00000000 0.58713663 0.33326961 0.03481858 0.00887086 0.02347483 0.00593431 0.00649518 
113.00000000 0.59405502 0.32615589 0.03467785 0.00890953 0.02336805 0.00622661 0.00660705 
114.00000000 0.60090366 0.31911488 0.03452758 0.00896357 0.02324403 0.00652882 0.00671747 
115.00000000 0.60767201 0.31215638 0.03436849 0.00903371 0.02310311 0.00684014 0.00682617 
116.00000000 0.61434898 0.30529078 0.03420129 0.00912064 0.02294573 0.00715968 0.00693290 
117.00000000 0.62092296 0.29852899 0.03402660 0.00922501 0.02277248 0.00748653 0.00703744 
118.00000000 0.62738258 0.29188177 0.03384491 0.00934742 0.02258402 0.00781974 0.00713955 
119.00000000 0.63371743 0.28535908 0.03365662 0.00948843 0.02238108 0.00815832 0.00723905 
120.00000000 0.63991806 0.27897002 0.03346198 0.00964857 0.02216439 0.00850124 0.00733574 
121.00000000 0.64597538 0.27272351 0.03326125 0.00982828 0.02193465 0.00884746 0.00742946 
122.00000000 0.65187965 0.26662904 0.03305477 0.01002796 0.02169261 0.00919589 0.00752007 
123.00000000 0.65762002 0.26069708 0.03284302 0.01024793 0.02143906 0.00954544 0.00760745 
124.00000000 0.66318494 0.25493858 0.03262665 0.01048845 0.02117489 0.00989500 0.00769151 
125.00000000 0.66856332 0.24936385 0.03240641 0.01074965 0.02090105 0.01024350 0.00777221 
126.00000000 0.67374579 0.24398148 0.03218311 0.01103161 0.02061857 0.01058992 0.00784953 
127.00000000 0.67872509 0.23879793 0.03195749 0.01133430 0.02032842 0.01093327 0.00792350 
128.00000000 0.68349568 0.23381810 0.03173027 0.01165761 0.02003158 0.01127260 0.00799416 
129.00000000 0.68805249 0.22904647 0.03150214 0.01200133 0.01972901 0.01160697 0.00806159 
130.00000000 0.69238993 0.22448811 0.03127378 0.01236517 0.01942172 0.01193545 0.00812583 
131.00000000 0.69650140 0.22014904 0.03104588 0.01274876 0.01911082 0.01225711 0.00818699 
132.00000000 0.70037974 0.21603584 0.03081907 0.01315167 0.01879750 0.01257103 0.00824515 
133.00000000 0.70401802 0.21215485 0.03059393 0.01357337 0.01848308 0.01287635 0.00830041 
134.00000000 0.70741031 0.20851152 0.03037091 0.01401325 0.01816888 0.01317224 0.00835289 
135.00000000 0.71055172 0.20511033 0.03015044 0.01447062 0.01785621 0.01345798 0.00840271 
136.00000000 0.71343808 0.20195514 0.02993290 0.01494467 0.01754634 0.01373289 0.00844998 
137.00000000 0.71606539 0.19904958 0.02971874 0.01543448 0.01724054 0.01399643 0.00849484 
138.00000000 0.71842982 0.19639713 0.02950840 0.01593904 0.01694007 0.01424810 0.00853744 
139.00000000 0.72052810 0.19400059 0.02930234 0.01645723 0.01664627 0.01448748 0.00857798 
140.00000000 0.72235819 0.19186155 0.02910095 0.01698793 0.01636048 0.01471423 0.00861668 
141.00000000 0.72391967 0.18997998 0.02890452 0.01753000 0.01608400 0.01492803 0.00865380 
142.00000000 0.72521350 0.18835456 0.02871330 0.01808237 0.01581804 0.01512862 0.00868960 
143.00000000 0.72624139 0.18698339 0.02852749 0.01864397 0.01556363 0.01531578 0.00872434 
144.00000000 0.72700494 0.18586472 0.02834736 0.01921374 0.01532169 0.01548933 0.00875821 
145.00000000 0.72750534 0.18499724 0.02817326 0.01979056 0.01509304 0.01564913 0.00879142 
146.00000000 0.72774367 0.18437975 0.02800558 0.02037323 0.01487855 0.01579506 0.00882415 
147.00000000 0.72772163 0.18401037 0.02784477 0.02096052 0.01467911 0.01592702 0.00885658 
148.00000000 0.72744231 0.18388584 0.02769121 0.02155116 0.01449570 0.01604493 0.00888886 
149.00000000 0.72691063 0.18400113 0.02754521 0.02214391 0.01432925 0.01614873 0.00892113 
150.00000000 0.72613316 0.18434969 0.02740702 0.02273759 0.01418063 0.01623838 0.00895352 
151.00000000 0.72511760 0.18492401 0.02727678 0.02333105 0.01405061 0.01631386 0.00898610 
152.00000000 0.72387205 0.18571622 0.02715457 0.02392319 0.01393985 0.01637516 0.00901895 
153.00000000 0.72240453 0.18671864 0.02704045 0.02451291 0.01384899 0.01642231 0.00905218 
154.00000000 0.72072268 0.18792388 0.02693444 0.02509911 0.01377866 0.01645534 0.00908588 
155.00000000 0.71883383 0.18932483 0.02683656 0.02568075 0.01372947 0.01647435 0.00912020 
156.00000000 0.71674513 0.19091455 0.02674679 0.02625685 0.01370194 0.01647949 0.00915525 
157.00000000 0.71446373 0.19268615 0.02666511 0.02682652 0.01369644 0.01647094 0.00919113 
158.00000000 0.71199669 0.19463290 0.02659155 0.02738894 0.01371313 0.01644894 0.00922784 
159.00000000 0.70935094 0.19674836 0.02652614 0.02794335 0.01375204 0.01641380 0.00926537 
160.00000000 0.70653309 0.19902638 0.02646899 0.02848893 0.01381306 0.01636586 0.00930368 
161.00000000 0.70354947 0.20146108 0.02642025 0.02902483 0.01389614 0.01630551 0.00934273 
162.00000000 0.70040641 0.20404646 0.02638006 0.02955014 0.01400125 0.01623316 0.00938253 
163.00000000 0.69711063 0.20677605 0.02634854 0.03006398 0.01412843 0.01614927 0.00942309 
164.00000000 0.69366977 0.20964249 0.02632574 0.03056557 0.01427767 0.01605430 0.00946446 
165.00000000 0.69009249 0.21263745 0.02631157 0.03105424 0.01444885 0.01594874 0.00950666 
166.00000000 0.68638815 0.21575204 0.02630588 0.03152944 0.01464168 0.01583311 0.00954970 
167.00000000 0.68256608 0.21897748 0.02630847 0.03199065 0.01485580 0.01570795 0.00959357 
168.00000000 0.67863483 0.22230579 0.02631915 0.03243729 0.01509081 0.01557384 0.00963828 
169.00000000 0.67460178 0.22573004 0.02633782 0.03286875 0.01534637 0.01543137 0.00968387 
170.00000000 0.67047346 0.22924406 0.02636444 0.03328434 0.01562222 0.01528114 0.00973034 
171.00000000 0.66625624 0.23284174 0.02639905 0.03368342 0.01591812 0.01512375 0.00977768 
172.00000000 0.66195709 0.23651636 0.02644173 0.03406549 0.01623374 0.01495978 0.00982581 
173.00000000 0.65758374 0.24026046 0.02649254 0.03443019 0.01656862 0.01478985 0.00987461 
174.00000000 0.65314440 0.24406611 0.02655153 0.03477729 0.01692212 0.01461462 0.00992394 
175.00000000 0.64864702 0.24792562 0.02661875 0.03510661 0.01729352 0.01443481 0.00997368 
176.00000000 0.64409869 0.25183199 0.02669429 0.03541798 0.01768210 0.01425118 0.01002378 
177.00000000 0.63950567 0.25577900 0.02677822 0.03571119 0.01808717 0.01406452 0.01007423 
178.00000000 0.63487395 0.25976062 0.02687062 0.03598605 0.01850809 0.01387560 0.01012506 
179.00000000 0.63021013 0.26377032 0.02697149 0.03624247 0.01894417 0.01368516 0.01017627 
180.00000000 0.62552188 0.26780061 0.02708073 0.03648047 0.01939459 0.01349391 0.01022781 
181.00000000 0.62081779 0.27184331 0.02719818 0.03670020 0.01985837 0.01330254 0.01027960 
182.00000000 0.61610654 0.27589029 0.02732361 0.03690182 0.02033447 0.01311172 0.01033155 
183.00000000 0.61139601 0.27993420 0.02745678 0.03708553 0.02082179 0.01292211 0.01038358 
184.00000000 0.60669298 0.28396881 0.02759750 0.03725147 0.02131931 0.01273430 0.01043563 
185.00000000 0.60200343 0.28798855 0.02774562 0.03739982 0.02182607 0.01254886 0.01048765 
186.00000000 0.59733346 0.29198763 0.02790100 0.03753089 0.02234111 0.01236635 0.01053957 
187.00000000 0.59269009 0.29595920 0.02806352 0.03764515 0.02286339 0.01218733 0.01059131 
188.00000000 0.58808149 0.29989524 0.02823303 0.03774330 0.02339174 0.01201243 0.01064278 
189.00000000 0.58351633 0.30378710 0.02840935 0.03782615 0.02392486 0.01184229 0.01069391 
190.00000000 0.57900291 0.30762650 0.02859232 0.03789454 0.02446142 0.01167758 0.01074472 
191.00000000 0.57454839 0.31140627 0.02878178 0.03794920 0.02500019 0.01151894 0.01079524 
192.00000000 0.57015883 0.31512034 0.02897760 0.03799069 0.02554007 0.01136689 0.01084558 
193.00000000 0.56584001 0.31876301 0.02917968 0.03801949 0.02608008 0.01122190 0.01089581 
194.00000000 0.56159836 0.32232799 0.02938790 0.03803607 0.02661934 0.01108433 0.01094601 
195.00000000 0.55744143 0.32580793 0.02960210 0.03804095 0.02715690 0.01095450 0.01099618 
196.00000000 0.55337747 0.32919487 0.02982207 0.03803473 0.02769180 0.01083274 0.01104632 
197.00000000 0.54941426 0.33248134 0.03004753 0.03801806 0.02822302 0.01071935 0.01109644 
198.00000000 0.54555799 0.33566146 0.03027819 0.03799154 0.02874961 0.01061463 0.01114657 
199.00000000 0.54181289 0.33873129 0.03051373 0.03795575 0.02927072 0.01051884 0.01119678 
200.00000000 0.53818173 0.34168831 0.03075383 0.03791120 0.02978560 0.01043219 0.01124713 
201.00000000 0.53466709 0.34453010 0.03099816 0.03785849 0.03029361 0.01035487 0.01129768 
202.00000000 0.53127237 0.34725339 0.03124634 0.03779830 0.03079410 0.01028705 0.01134845 
203.00000000 0.52800213 0.34985374 0.03149794 0.03773145 0.03128638 0.01022892 0.01139943 
204.00000000 0.52486145 0.35232626 0.03175246 0.03765882 0.03176976 0.01018064 0.01145061 
205.00000000 0.52185478 0.35466676 0.03200935 0.03758122 0.03224357 0.01014234 0.01150199 
206.00000000 0.51898517 0.35687254 0.03226804 0.03749936 0.03270727 0.01011403 0.01155359 
207.00000000 0.51625416 0.35894251 0.03252801 0.03741377 0.03316041 0.01009568 0.01160546 
208.00000000 0.51366241 0.36087651 0.03278875 0.03732494 0.03360265 0.01008713 0.01165760 
209.00000000 0.51121059 0.36267430 0.03304979 0.03723342 0.03403366 0.01008824 0.01171000 
210.00000000 0.50889978 0.36433519 0.03331066 0.03713985 0.03445306 0.01009883 0.01176262 
211.00000000 0.50673121 0.36585829 0.03357098 0.03704498 0.03486037 0.01011877 0.01181540 
212.00000000 0.50470538 0.36724330 0.03383042 0.03694960 0.03525514 0.01014788 0.01186828 
213.00000000 0.50282141 0.36849123 0.03408878 0.03685441 0.03563695 0.01018597 0.01192125 
214.00000000 0.50107707 0.36960438 0.03434598 0.03675998 0.03600553 0.01023274 0.01197433 
215.00000000 0.49946952 0.37058562 0.03460203 0.03666682 0.03636071 0.01028780 0.01202751 
216.00000000 0.49799641 0.37143731 0.03485694 0.03657543 0.03670244 0.01035069 0.01208079 
217.00000000 0.49665667 0.37216056 0.03511067 0.03648640 0.03703066 0.01042093 0.01213412 
218.00000000 0.49545051 0.37275530 0.03536309 0.03640037 0.03734528 0.01049804 0.01218741 
219.00000000 0.49437864 0.37322097 0.03561402 0.03631802 0.03764619 0.01058157 0.01224058 
220.00000000 0.49344130 0.37355751 0.03586329 0.03623994 0.03793331 0.01067110 0.01229356 
221.00000000 0.49263757 0.37376596 0.03611077 0.03616658 0.03820663 0.01076617 0.01234633 
222.00000000 0.49196550 0.37384832 0.03635643 0.03609824 0.03846623 0.01086634 0.01239894 
223.00000000 0.49142282 0.37380681 0.03660026 0.03603521 0.03871227 0.01097117 0.01245146 
224.00000000 0.49100794 0.37364292 0.03684224 0.03597775 0.03894491 0.01108023 0.01250401 
225.00000000 0.49072038 0.37335695 0.03708237 0.03592621 0.03916431 0.01119310 0.01255668 
226.00000000 0.49056067 0.37294818 0.03732061 0.03588094 0.03937061 0.01130938 0.01260961 
227.00000000 0.49052956 0.37241556 0.03755700 0.03584224 0.03956405 0.01142863 0.01266295 
228.00000000 0.49062731 0.37175855 0.03779167 0.03581026 0.03974496 0.01155036 0.01271689 
229.00000000 0.49085344 0.37097736 0.03802476 0.03578502 0.03991379 0.01167400 0.01277163 
230.00000000 0.49120694 0.37007281 0.03825634 0.03576647 0.04007106 0.01179897 0.01282740 
231.00000000 0.49168683 0.36904583 0.03848634 0.03575461 0.04021727 0.01192473 0.01288438 
232.00000000 0.49229246 0.36789719 0.03871447 0.03574958 0.04035281 0.01205077 0.01294271 
233.00000000 0.49302321 0.36662769 0.03894033 0.03575165 0.04047798 0.01217664 0.01300249 
234.00000000 0.49387780 0.36523874 0.03916352 0.03576116 0.04059304 0.01230195 0.01306380 
235.00000000 0.49485362 0.36373293 0.03938379 0.03577838 0.04069826 0.01242631 0.01312671 
236.00000000 0.49594661 0.36211410 0.03960109 0.03580347 0.04079400 0.01254936 0.01319137 
237.00000000 0.49715195 0.36038671 0.03981548 0.03583646 0.04088072 0.01267073 0.01325794 
238.00000000 0.49846507 0.35855494 0.04002703 0.03587732 0.04095887 0.01279011 0.01332665 
239.00000000 0.49988251 0.35662196 0.04023570 0.03592598 0.04102889 0.01290724 0.01339771 
240.00000000 0.50140197 0.35458988 0.04044132 0.03598245 0.04109114 0.01302194 0.01347131 
241.00000000 0.50302162 0.35246043 0.04064364 0.03604672 0.04114590 0.01313407 0.01354761 
242.00000000 0.50473900 0.35023600 0.04084248 0.03611878 0.04119347 0.01324353 0.01362674 
243.00000000 0.50655015 0.34792040 0.04103777 0.03619853 0.04123413 0.01335019 0.01370883 
244.00000000 0.50844949 0.34551902 0.04122951 0.03628580 0.04126824 0.01345393 0.01379400 
245.00000000 0.51043027 0.34303839 0.04141774 0.03638044 0.04129612 0.01355463 0.01388242 
246.00000000 0.51248526 0.34048549 0.04160242 0.03648234 0.04131807 0.01365220 0.01397422 
247.00000000 0.51460728 0.33786726 0.04178347 0.03659152 0.04133434 0.01374657 0.01406956 
248.00000000 0.51678915 0.33519053 0.04196087 0.03670805 0.04134514 0.01383767 0.01416859 
249.00000000 0.51902343 0.33246226 0.04213470 0.03683200 0.04135073 0.01392544 0.01427143 
250.00000000 0.52130229 0.32968967 0.04230526 0.03696338 0.04135143 0.01400977 0.01437821 
251.00000000 0.52361769 0.32688006 0.04247295 0.03710206 0.04134764 0.01409056 0.01448906 
252.00000000 0.52596207 0.32404030 0.04263817 0.03724781 0.04133980 0.01416777 0.01460409 
253.00000000 0.52832898 0.32117633 0.04280115 0.03740035 0.04132830 0.01424148 0.01472341 
254.00000000 0.53071321 0.31829301 0.04296192 0.03755946 0.04131343 0.01431190 0.01484707 
255.00000000 0.53311034 0.31539461 0.04312031 0.03772494 0.04129537 0.01437935 0.01497508 
256.00000000 0.53551582 0.31248559 0.04327614 0.03789666 0.04127419 0.01444422 0.01510738 
257.00000000 0.53792408 0.30957142 0.04342928 0.03807447 0.04124999 0.01450693 0.01524383 
258.00000000 0.54032825 0.30665880 0.04357978 0.03825814 0.04122286 0.01456786 0.01538431 
259.00000000 0.54272063 0.30375517 0.04372779 0.03844741 0.04119297 0.01462739 0.01552865 
260.00000000 0.54509357 0.30086786 0.04387349 0.03864198 0.04116048 0.01468590 0.01567672 
261.00000000 0.54744029 0.29800342 0.04401700 0.03884162 0.04112550 0.01474380 0.01582838 
262.00000000 0.54975504 0.29516740 0.04415835 0.03904616 0.04108803 0.01480153 0.01598350 
263.00000000 0.55203274 0.29236479 0.04429754 0.03925553 0.04104799 0.01485952 0.01614189 
264.00000000 0.55426833 0.28960064 0.04443459 0.03946974 0.04100524 0.01491816 0.01630330 
265.00000000 0.55645631 0.28688043 0.04456962 0.03968882 0.04095962 0.01497777 0.01646743 
266.00000000 0.55859087 0.28420998 0.04470282 0.03991286 0.04091100 0.01503858 0.01663388 
267.00000000 0.56066640 0.28159493 0.04483441 0.04014198 0.04085924 0.01510077 0.01680227 
268.00000000 0.56267800 0.27904017 0.04496455 0.04037637 0.04080417 0.01516453 0.01697220 
269.00000000 0.56462169 0.27654965 0.04509338 0.04061627 0.04074562 0.01523006 0.01714333 
270.00000000 0.56649415 0.27412654 0.04522102 0.04086191 0.04068344 0.01529758 0.01731535 
271.00000000 0.56829229 0.27177372 0.04534769 0.04111344 0.04061756 0.01536733 0.01748798 
272.00000000 0.57001291 0.26949402 0.04547376 0.04137089 0.04054803 0.01543946 0.01766094 
273.00000000 0.57165299 0.26729005 0.04559977 0.04163409 0.04047503 0.01551412 0.01783394 
274.00000000 0.57321022 0.26516372 0.04572635 0.04190272 0.04039885 0.01559143 0.01800672 
275.00000000 0.57468355 0.26311567 0.04585415 0.04217628 0.04031978 0.01567155 0.01817904 
276.00000000 0.57607330 0.26114526 0.04598375 0.04245419 0.04023807 0.01575473 0.01835068 
277.00000000 0.57738068 0.25925104 0.04611573 0.04273586 0.04015395 0.01584127 0.01852146 
278.00000000 0.57860690 0.25743156 0.04625065 0.04302068 0.04006759 0.01593147 0.01869115 
279.00000000 0.57975243 0.25568604 0.04638917 0.04330813 0.03997919 0.01602555 0.01885948 
280.00000000 0.58081676 0.25401468 0.04653210 0.04359777 0.03988897 0.01612363 0.01902610 
281.00000000 0.58179871 0.25241824 0.04668031 0.04388927 0.03979716 0.01622572 0.01919060 
282.00000000 0.58269706 0.25089747 0.04683472 0.04418237 0.03970397 0.01633180 0.01935260 
283.00000000 0.58351108 0.24945264 0.04699614 0.04447692 0.03960955 0.01644189 0.01951178 
284.00000000 0.58424058 0.24808346 0.04716524 0.04477277 0.03951402 0.01655605 0.01966789 
285.00000000 0.58488558 0.24678948 0.04734256 0.04506978 0.03941751 0.01667435 0.01982075 
286.00000000 0.58544587 0.24557061 0.04752855 0.04536779 0.03932020 0.01679679 0.01997019 
287.00000000 0.58592073 0.24442739 0.04772361 0.04566663 0.03922239 0.01692325 0.02011601 
288.00000000 0.58630901 0.24336095 0.04792810 0.04596605 0.03912445 0.01705349 0.02025794 
289.00000000 0.58660958 0.24237254 0.04814235 0.04626578 0.03902683 0.01718721 0.02039570 
290.00000000 0.58682154 0.24146320 0.04836661 0.04656553 0.03893000 0.01732413 0.02052900 
291.00000000 0.58694434 0.24063360 0.04860102 0.04686495 0.03883449 0.01746401 0.02065759 
292.00000000 0.58697744 0.23988435 0.04884569 0.04716369 0.03874088 0.01760666 0.02078128 
293.00000000 0.58691996 0.23921631 0.04910077 0.04746136 0.03864984 0.01775186 0.02089990 
294.00000000 0.58677053 0.23863080 0.04936644 0.04775753 0.03856212 0.01789931 0.02101328 
295.00000000 0.58652748 0.23812944 0.04964299 0.04805169 0.03847851 0.01804870 0.02112120 
296.00000000 0.58618937 0.23771374 0.04993071 0.04834325 0.03839979 0.01819969 0.02122345 
297.00000000 0.58575543 0.23738465 0.05022981 0.04863153 0.03832667 0.01835206 0.02131985 
298.00000000 0.58522572 0.23714239 0.05054039 0.04891573 0.03825982 0.01850564 0.02141031 
299.00000000 0.58460083 0.23698678 0.05086236 0.04919503 0.03819988 0.01866033 0.02149480 
300.00000000 0.58388141 0.23691759 0.05119556 0.04946859 0.03814750 0.01881597 0.02157338 
301.00000000 0.58306782 0.23693498 0.05153982 0.04973563 0.03810338 0.01897228 0.02164609 
302.00000000 0.58215997 0.23703951 0.05189504 0.04999544 0.03806824 0.01912884 0.02171296 
303.00000000 0.58115764 0.23723185 0.05226115 0.05024742 0.03804282 0.01928513 0.02177399 
304.00000000 0.58006084 0.23751241 0.05263808 0.05049106 0.03802779 0.01944066 0.02182916 
305.00000000 0.57887007 0.23788099 0.05302571 0.05072593 0.03802378 0.01959499 0.02187853 
306.00000000 0.57758639 0.23833676 0.05342382 0.05095163 0.03803139 0.01974779 0.02192223 
307.00000000 0.57621131 0.23887834 0.05383212 0.05116778 0.03805118 0.01989876 0.02196049 
308.00000000 0.57474675 0.23950401 0.05425032 0.05137400 0.03808372 0.02004761 0.02199359 
309.00000000 0.57319500 0.24021172 0.05467813 0.05156988 0.03812950 0.02019398 0.02202180 
310.00000000 0.57155888 0.24099902 0.05511527 0.05175500 0.03818890 0.02033755 0.02204538 
311.00000000 0.56984193 0.24186295 0.05556142 0.05192894 0.03826212 0.02047805 0.02206458 
312.00000000 0.56804840 0.24279996 0.05601617 0.05209128 0.03834922 0.02061530 0.02207967 
313.00000000 0.56618311 0.24380601 0.05647893 0.05224161 0.03845015 0.02074921 0.02209098 
314.00000000 0.56425129 0.24487673 0.05694899 0.05237960 0.03856481 0.02087970 0.02209888 
315.00000000 0.56225821 0.24600766 0.05742560 0.05250501 0.03869312 0.02100660 0.02210381 
316.00000000 0.56020906 0.24719438 0.05790802 0.05261765 0.03883504 0.02112964 0.02210620 
317.00000000 0.55810879 0.24843269 0.05839560 0.05271744 0.03899053 0.02124849 0.02210646 
318.00000000 0.55596205 0.24971860 0.05888775 0.05280431 0.03915951 0.02136282 0.02210497 
319.00000000 0.55377318 0.25104837 0.05938389 0.05287822 0.03934186 0.02147241 0.02210206 
320.00000000 0.55154621 0.25241856 0.05988343 0.05293916 0.03953743 0.02157714 0.02209807 
321.00000000 0.54928474 0.25382606 0.06038574 0.05298709 0.03974607 0.02167698 0.02209332 
322.00000000 0.54699190 0.25526817 0.06089024 0.05302202 0.03996768 0.02177188 0.02208810 
323.00000000 0.54467040 0.25674263 0.06139639 0.05304397 0.04020218 0.02186174 0.02208269 
324.00000000 0.54232255 0.25824751 0.06190379 0.05305303 0.04044943 0.02194637 0.02207732 
325.00000000 0.53995060 0.25978103 0.06241204 0.05304936 0.04070917 0.02202559 0.02207220 
326.00000000 0.53755700 0.26134118 0.06292079 0.05303324 0.04098099 0.02209926 0.02206755 
327.00000000 0.53514482 0.26292538 0.06342958 0.05300500 0.04126431 0.02216732 0.02206358 
328.00000000 0.53271798 0.26453014 0.06393790 0.05296509 0.04155851 0.02222980 0.02206058 
329.00000000 0.53028132 0.26615101 0.06444522 0.05291394 0.04186296 0.02228670 0.02205886 
330.00000000 0.52784041 0.26778265 0.06495106 0.05285203 0.04217713 0.02233796 0.02205875 
331.00000000 0.52540117 0.26941931 0.06545507 0.05277982 0.04250057 0.02238346 0.02206061 
332.00000000 0.52296942 0.27105518 0.06595703 0.05269774 0.04283283 0.02242300 0.02206480 
333.00000000 0.52055067 0.27268476 0.06645681 0.05260619 0.04317347 0.02245646 0.02207165 
334.00000000 0.51814995 0.27430293 0.06695433 0.05250555 0.04352198 0.02248380 0.02208147 
335.00000000 0.51577202 0.27590486 0.06744946 0.05239617 0.04387788 0.02250508 0.02209453 
336.00000000 0.51342139 0.27748598 0.06794203 0.05227841 0.04424074 0.02252039 0.02211107 
337.00000000 0.51110240 0.27904189 0.06843175 0.05215266 0.04461021 0.02252980 0.02213129 
338.00000000 0.50881911 0.28056857 0.06891828 0.05201937 0.04498597 0.02253331 0.02215540 
339.00000000 0.50657510 0.28206249 0.06940119 0.05187909 0.04536768 0.02253086 0.02218358 
340.00000000 0.50437350 0.28352065 0.06988000 0.05173250 0.04575489 0.02252245 0.02221600 
341.00000000 0.50221703 0.28494045 0.07035420 0.05158036 0.04614701 0.02250815 0.02225281 
342.00000000 0.50010828 0.28631937 0.07082324 0.05142346 0.04654334 0.02248818 0.02229414 
343.00000000 0.49804993 0.28765474 0.07128662 0.05126262 0.04694317 0.02246282 0.02234009 
344.00000000 0.49604478 0.28894374 0.07174382 0.05109863 0.04734590 0.02243237 0.02239076 
345.00000000 0.49409554 0.29018362 0.07219436 0.05093224 0.04775101 0.02239703 0.02244621 
346.00000000 0.49220442 0.29137209 0.07263780 0.05076417 0.04815808 0.02235692 0.02250653 
347.00000000 0.49037289 0.29250766 0.07307376 0.05059511 0.04856672 0.02231208 0.02257178 
348.00000000 0.48860166 0.29358960 0.07350189 0.05042573 0.04897647 0.02226258 0.02264207 
349.00000000 0.48689100 0.29461760 0.07392186 0.05025666 0.04938681 0.02220857 0.02271750 
350.00000000 0.48524135 0.29559121 0.07433328 0.05008853 0.04979715 0.02215026 0.02279821 
351.00000000 0.48365375 0.29650948 0.07473566 0.04992200 0.05020684 0.02208795 0.02288432 
352.00000000 0.48212990 0.29737089 0.07512834 0.04975777 0.05061526 0.02202185 0.02297599 
353.00000000 0.48067194 0.29817372 0.07551053 0.04959661 0.05102172 0.02195215 0.02307333 
354.00000000 0.47928189 0.29891644 0.07588140 0.04943938 0.05142544 0.02187897 0.02317647 
355.00000000 0.47796133 0.29959795 0.07624023 0.04928701 0.05182554 0.02180243 0.02328552 
356.00000000 0.47671136 0.30021749 0.07658641 0.04914044 0.05222102 0.02172272 0.02340056 
357.00000000 0.47553289 0.30077434 0.07691954 0.04900056 0.05261091 0.02164016 0.02352161 
358.00000000 0.47442692 0.30126751 0.07723928 0.04886819 0.05299430 0.02155513 0.02364868 
359.00000000 0.47339470 0.30169573 0.07754531 0.04874404 0.05337049 0.02146799 0.02378174 
360.00000000 0.47243744 0.30205777 0.07783728 0.04862876 0.05373894 0.02137908 0.02392074 
361.00000000 0.47155596 0.30235283 0.07811485 0.04852288 0.05409925 0.02128861 0.02406562 
362.00000000 0.47075043 0.30258079 0.07837769 0.04842688 0.05445104 0.02119681 0.02421635 
363.00000000 0.47002044 0.30274202 0.07862561 0.04834121 0.05479389 0.02110390 0.02437292 
364.00000000 0.46936551 0.30283692 0.07885847 0.04826628 0.05512724 0.02101027 0.02453531 
365.00000000 0.46878570 0.30286533 0.07907611 0.04820249 0.05545047 0.02091643 0.02470347 
366.00000000 0.46828189 0.30282639 0.07927829 0.04815027 0.05576286 0.02082297 0.02487733 
367.00000000 0.46785560 0.30271872 0.07946468 0.04811004 0.05606371 0.02073050 0.02505676 
368.00000000 0.46750842 0.30254106 0.07963487 0.04808221 0.05635231 0.02063953 0.02524159 
369.00000000 0.46724136 0.30229277 0.07978855 0.04806722 0.05662796 0.02055050 0.02543163 
370.00000000 0.46705451 0.30197404 0.07992560 0.04806544 0.05688997 0.02046377 0.02562667 
371.00000000 0.46694715 0.30158564 0.08004613 0.04807722 0.05713768 0.02037971 0.02582647 
372.00000000 0.46691815 0.30112857 0.08015041 0.04810288 0.05737050 0.02029870 0.02603079 
373.00000000 0.46696640 0.30060373 0.08023872 0.04814273 0.05758793 0.02022117 0.02623932 
374.00000000 0.46709083 0.30001203 0.08031123 0.04819708 0.05778960 0.02014752 0.02645171 
375.00000000 0.46729019 0.29935467 0.08036798 0.04826629 0.05797521 0.02007809 0.02666757 
376.00000000 0.46756272 0.29863350 0.08040896 0.04835066 0.05814454 0.02001312 0.02688650 
377.00000000 0.46790607 0.29785099 0.08043418 0.04845051 0.05829735 0.01995282 0.02710808 
378.00000000 0.46831764 0.29700983 0.08044381 0.04856604 0.05843333 0.01989747 0.02733188 
379.00000000 0.46879507 0.29611238 0.08043814 0.04869737 0.05855212 0.01984743 0.02755750 
380.00000000 0.46933665 0.29516028 0.08041753 0.04884449 0.05865337 0.01980317 0.02778452 
381.00000000 0.46994129 0.29415450 0.08038236 0.04900724 0.05873684 0.01976523 0.02801254 
382.00000000 0.47060819 0.29309573 0.08033299 0.04918534 0.05880247 0.01973411 0.02824118 
383.00000000 0.47133617 0.29198498 0.08026980 0.04937839 0.05885040 0.01971018 0.02847008 
384.00000000 0.47212339 0.29082383 0.08019331 0.04958591 0.05888095 0.01969365 0.02869897 
385.00000000 0.47296728 0.28961435 0.08010420 0.04980740 0.05889451 0.01968466 0.02892760 
386.00000000 0.47386491 0.28835880 0.08000329 0.05004238 0.05889147 0.01968335 0.02915580 
387.00000000 0.47481347 0.28705921 0.07989145 0.05029045 0.05887216 0.01968987 0.02938339 
388.00000000 0.47581046 0.28571729 0.07976941 0.05055132 0.05883685 0.01970445 0.02961022 
389.00000000 0.47685363 0.28433468 0.07963769 0.05082478 0.05878583 0.01972727 0.02983612 
390.00000000 0.47794059 0.28291337 0.07949665 0.05111062 0.05871940 0.01975847 0.03006089 
391.00000000 0.47906855 0.28145599 0.07934652 0.05140862 0.05863792 0.01979809 0.03028431 
392.00000000 0.48023421 0.27996582 0.07918759 0.05171840 0.05854172 0.01984614 0.03050613 
393.00000000 0.48143396 0.27844648 0.07902022 0.05203944 0.05843114 0.01990268 0.03072608 
394.00000000 0.48266426 0.27690163 0.07884484 0.05237108 0.05830650 0.01996782 0.03094388 
395.00000000 0.48392174 0.27533480 0.07866181 0.05271257 0.05816819 0.02004169 0.03115920 
396.00000000 0.48520310 0.27374958 0.07847132 0.05306317 0.05801671 0.02012442 0.03137171 
397.00000000 0.48650481 0.27214992 0.07827335 0.05342214 0.05785272 0.02021602 0.03158103 
398.00000000 0.48782292 0.27054025 0.07806781 0.05378883 0.05767702 0.02031637 0.03178680 
399.00000000 0.48915311 0.26892524 0.07785467 0.05416263 0.05749040 0.02042530 0.03198867 
400.00000000 0.49049115 0.26730936 0.07763401 0.05454293 0.05729360 0.02054263 0.03218633 
401.00000000 0.49183337 0.26569637 0.07740609 0.05492914 0.05708722 0.02066827 0.03237954 
402.00000000 0.49317699 0.26408912 0.07717114 0.05532064 0.05687175 0.02080223 0.03256814 
403.00000000 0.49451993 0.26248975 0.07692936 0.05571680 0.05664763 0.02094451 0.03275203 
404.00000000 0.49586045 0.26090019 0.07668085 0.05611694 0.05641539 0.02109504 0.03293115 
405.00000000 0.49719659 0.25932259 0.07642576 0.05652032 0.05617567 0.02125362 0.03310546 
406.00000000 0.49852594 0.25775954 0.07616433 0.05692609 0.05592926 0.02141991 0.03327493 
407.00000000 0.49984572 0.25621387 0.07589707 0.05733330 0.05567701 0.02159351 0.03343953 
408.00000000 0.50115303 0.25468839 0.07562459 0.05774097 0.05541979 0.02177402 0.03359920 
409.00000000 0.50244526 0.25318562 0.07534755 0.05814822 0.05515843 0.02196106 0.03375387 
410.00000000 0.50372014 0.25170774 0.07506640 0.05855433 0.05489369 0.02215427 0.03390342 
411.00000000 0.50497567 0.25025677 0.07478137 0.05895885 0.05462636 0.02235324 0.03404775 
412.00000000 0.50620988 0.24883467 0.07449254 0.05936153 0.05435721 0.02255748 0.03418670 
413.00000000 0.50742076 0.24744338 0.07419998 0.05976225 0.05408705 0.02276649 0.03432010 
414.00000000 0.50860637 0.24608457 0.07390393 0.06016090 0.05381663 0.02297977 0.03444783 
415.00000000 0.50976514 0.24475940 0.07360488 0.06055727 0.05354658 0.02319695 0.03456977 
416.00000000 0.51089603 0.24346840 0.07330347 0.06095101 0.05327740 0.02341779 0.03468590 
417.00000000 0.51199845 0.24221166 0.07300043 0.06134171 0.05300944 0.02364209 0.03479622 
418.00000000 0.51307188 0.24098928 0.07269647 0.06172891 0.05274302 0.02386965 0.03490078 
419.00000000 0.51411542 0.23980175 0.07239239 0.06211221 0.05247847 0.02410011 0.03499964 
420.00000000 0.51512754 0.23865018 0.07208905 0.06249119 0.05221623 0.02433294 0.03509288 
421.00000000 0.51610608 0.23753613 0.07178748 0.06286541 0.05195686 0.02456747 0.03518058 
422.00000000 0.51704872 0.23646129 0.07148881 0.06323437 0.05170096 0.02480299 0.03526286 
423.00000000 0.51795337 0.23542711 0.07119408 0.06359756 0.05144916 0.02503879 0.03533992 
424.00000000 0.51881860 0.23443460 0.07090408 0.06395447 0.05120209 0.02527418 0.03541199 
425.00000000 0.51964364 0.23348425 0.07061927 0.06430465 0.05096038 0.02550844 0.03547938 
426.00000000 0.52042834 0.23257617 0.07033978 0.06464774 0.05072469 0.02574082 0.03554246 
427.00000000 0.52117289 0.23171013 0.07006566 0.06498340 0.05049581 0.02597053 0.03560158 
428.00000000 0.52187771 0.23088559 0.06979698 0.06531124 0.05027463 0.02619674 0.03565710 
429.00000000 0.52254333 0.23010171 0.06953406 0.06563074 0.05006208 0.02641871 0.03570937 
430.00000000 0.52317028 0.22935749 0.06927736 0.06594129 0.04985907 0.02663581 0.03575868 
431.00000000 0.52375904 0.22865195 0.06902744 0.06624231 0.04966639 0.02684755 0.03580532 
432.00000000 0.52430974 0.22798437 0.06878484 0.06653334 0.04948468 0.02705350 0.03584952 
433.00000000 0.52482202 0.22735451 0.06855008 0.06681418 0.04931447 0.02725325 0.03589149 
434.00000000 0.52529489 0.22676264 0.06832370 0.06708486 0.04915619 0.02744634 0.03593138 
435.00000000 0.52572688 0.22620935 0.06810631 0.06734561 0.04901026 0.02763223 0.03596935 
436.00000000 0.52611617 0.22569542 0.06789870 0.06759671 0.04887714 0.02781034 0.03600552 
437.00000000 0.52646093 0.22522157 0.06770173 0.06783836 0.04875726 0.02798007 0.03604007 
438.00000000 0.52675952 0.22478838 0.06751624 0.06807068 0.04865103 0.02814089 0.03607325 
439.00000000 0.52701057 0.22439623 0.06734301 0.06829372 0.04855876 0.02829234 0.03610537 
440.00000000 0.52721299 0.22404531 0.06718273 0.06850749 0.04848072 0.02843397 0.03613679 
441.00000000 0.52736598 0.22373560 0.06703603 0.06871201 0.04841712 0.02856539 0.03616786 
442.00000000 0.52746891 0.22346687 0.06690362 0.06890727 0.04836823 0.02868619 0.03619891 
443.00000000 0.52752124 0.22323878 0.06678623 0.06909317 0.04833440 0.02879601 0.03623016 
444.00000000 0.52752250 0.22305099 0.06668459 0.06926952 0.04831606 0.02889453 0.03626182 
445.00000000 0.52747218 0.22290327 0.06659928 0.06943601 0.04831370 0.02898153 0.03629403 
446.00000000 0.52736984 0.22279549 0.06653065 0.06959233 0.04832777 0.02905692 0.03632699 
447.00000000 0.52721521 0.22272749 0.06647877 0.06973820 0.04835865 0.02912071 0.03636096 
448.00000000 0.52700836 0.22269888 0.06644351 0.06987344 0.04840661 0.02917295 0.03639624 
449.00000000 0.52674975 0.22270890 0.06642464 0.06999796 0.04847184 0.02921372 0.03643319 
450.00000000 0.52644017 0.22275649 0.06642196 0.07011162 0.04855450 0.02924309 0.03647217 
451.00000000 0.52608051 0.22284052 0.06643536 0.07021425 0.04865469 0.02926111 0.03651355 
452.00000000 0.52567155 0.22296001 0.06646487 0.07030553 0.04877249 0.02926785 0.03655771 
453.00000000 0.52521374 0.22311432 0.06651057 0.07038509 0.04890783 0.02926342 0.03660502 
454.00000000 0.52470724 0.22330323 0.06657260 0.07045258 0.04906047 0.02924804 0.03665584 
455.00000000 0.52415196 0.22352678 0.06665109 0.07050777 0.04922994 0.02922196 0.03671050 
456.00000000 0.52354765 0.22378525 0.06674613 0.07055059 0.04941562 0.02918555 0.03676921 
457.00000000 0.52289386 0.22407921 0.06685779 0.07058108 0.04961682 0.02913916 0.03683208 
458.00000000 0.52218994 0.22440952 0.06698610 0.07059931 0.04983287 0.02908315 0.03689912 
459.00000000 0.52143504 0.22477731 0.06713101 0.07060529 0.05006323 0.02901785 0.03697027 
460.00000000 0.52062828 0.22518379 0.06729243 0.07059896 0.05030740 0.02894364 0.03704550 
461.00000000 0.51976905 0.22562986 0.06747018 0.07058028 0.05056490 0.02886096 0.03712478 
462.00000000 0.51885742 0.22611571 0.06766399 0.07054928 0.05083513 0.02877036 0.03720810 
463.00000000 0.51789432 0.22664065 0.06787356 0.07050618 0.05111733 0.02867250 0.03729546 
464.00000000 0.51688149 0.22720316 0.06809851 0.07045138 0.05141056 0.02856817 0.03738672 
465.00000000 0.51582112 0.22780128 0.06833849 0.07038542 0.05171381 0.02845820 0.03748167 
466.00000000 0.51471546 0.22843306 0.06859315 0.07030891 0.05202598 0.02834348 0.03757997 
467.00000000 0.51356644 0.22909690 0.06886214 0.07022250 0.05234593 0.02822489 0.03768120 
468.00000000 0.51237567 0.22979165 0.06914503 0.07012691 0.05267243 0.02810337 0.03778493 
469.00000000 0.51114453 0.23051650 0.06944126 0.07002293 0.05300412 0.02797990 0.03789077 
470.00000000 0.50987442 0.23127076 0.06975009 0.06991146 0.05333947 0.02785546 0.03799835 
471.00000000 0.50856687 0.23205383 0.07007061 0.06979344 0.05367686 0.02773106 0.03810734 
472.00000000 0.50722350 0.23286522 0.07040177 0.06966979 0.05401469 0.02760763 0.03821741 
473.00000000 0.50584597 0.23370455 0.07074248 0.06954131 0.05435148 0.02748599 0.03832823 
474.00000000 0.50443600 0.23457142 0.07109165 0.06940868 0.05468593 0.02736684 0.03843949 
475.00000000 0.50299555 0.23546511 0.07144826 0.06927250 0.05501687 0.02725079 0.03855092 
476.00000000 0.50152720 0.23638423 0.07181127 0.06913343 0.05534317 0.02713838 0.03866232 
477.00000000 0.50003428 0.23732649 0.07217966 0.06899226 0.05566365 0.02703019 0.03877347 
478.00000000 0.49852074 0.23828886 0.07255236 0.06884990 0.05597706 0.02692686 0.03888421 
479.00000000 0.49699077 0.23926806 0.07292828 0.06870739 0.05628215 0.02682904 0.03899430 
480.00000000 0.49544818 0.24026108 0.07330641 0.06856569 0.05657779 0.02673734 0.03910351 
481.00000000 0.49389605 0.24126558 0.07368581 0.06842558 0.05686305 0.02665231 0.03921163 
482.00000000 0.49233661 0.24228003 0.07406562 0.06828764 0.05713720 0.02657440 0.03931850 
483.00000000 0.49077159 0.24330338 0.07444504 0.06815227 0.05739963 0.02650399 0.03942410 
484.00000000 0.48920262 0.24433469 0.07482326 0.06801972 0.05764976 0.02644142 0.03952853 
485.00000000 0.48763160 0.24537279 0.07519944 0.06789019 0.05788697 0.02638704 0.03963196 
486.00000000 0.48606082 0.24641620 0.07557275 0.06776382 0.05811066 0.02634118 0.03973458 
487.00000000 0.48449295 0.24746306 0.07594241 0.06764063 0.05832033 0.02630408 0.03983654 
488.00000000 0.48293103 0.24851119 0.07630770 0.06752054 0.05851569 0.02627589 0.03993796 
489.00000000 0.48137857 0.24955789 0.07666800 0.06740332 0.05869661 0.02625669 0.04003892 
490.00000000 0.47983977 0.25059972 0.07702270 0.06728875 0.05886305 0.02624648 0.04013952 
491.00000000 0.47831962 0.25163248 0.07737109 0.06717668 0.05901492 0.02624533 0.04023988 
492.00000000 0.47682364 0.25265136 0.07771236 0.06706706 0.05915207 0.02625335 0.04034016 
493.00000000 0.47535734 0.25365158 0.07804561 0.06695993 0.05927431 0.02627074 0.04044050 
494.00000000 0.47392554 0.25462899 0.07836993 0.06685528 0.05938158 0.02629763 0.04054104 
495.00000000 0.47253176 0.25558059 0.07868455 0.06675298 0.05947412 0.02633406 0.04064194 
496.00000000 0.47117823 0.25650453 0.07898887 0.06665263 0.05955246 0.02637992 0.04074336 
497.00000000 0.46986619 0.25739975 0.07928253 0.06655368 0.05961741 0.02643496 0.04084548 
498.00000000 0.46859646 0.25826545 0.07956532 0.06645551 0.05966987 0.02649885 0.04094855 
499.00000000 0.46736995 0.25910061 0.07983717 0.06635753 0.05971068 0.02657125 0.04105281 
500.00000000 0.46618785 0.25990389 0.08009811 0.06625926 0.05974061 0.02665181 0.04115848 
501.00000000 0.46505147 0.26067375 0.08034824 0.06616028 0.05976038 0.02674014 0.04126574 
502.00000000 0.46396210 0.26140868 0.08058774 0.06606017 0.05977079 0.02683582 0.04137470 
503.00000000 0.46292085 0.26210734 0.08081685 0.06595842 0.05977275 0.02693832 0.04148547 
504.00000000 0.46192880 0.26276844 0.08103580 0.06585446 0.05976725 0.02704706 0.04159818 
505.00000000 0.46098712 0.26339068 0.08124474 0.06574775 0.05975524 0.02716144 0.04171303 
506.00000000 0.46009708 0.26397265 0.08144369 0.06563795 0.05973754 0.02728086 0.04183022 
507.00000000 0.45925987 0.26451312 0.08163255 0.06552496 0.05971485 0.02740469 0.04194996 
508.00000000 0.45847617 0.26501135 0.08181109 0.06540898 0.05968779 0.02753227 0.04207235 
509.00000000 0.45774591 0.26546737 0.08197907 0.06529036 0.05965708 0.02766280 0.04219741 
510.00000000 0.45706817 0.26588196 0.08213625 0.06516955 0.05962356 0.02779547 0.04232505 
511.00000000 0.45644166 0.26625629 0.08228240 0.06504701 0.05958814 0.02792944 0.04245507 
512.00000000 0.45586520 0.26659136 0.08241730 0.06492327 0.05955163 0.02806404 0.04258721 
513.00000000 0.45533826 0.26688758 0.08254066 0.06479899 0.05951456 0.02819881 0.04272115 
514.00000000 0.45486102 0.26714466 0.08265211 0.06467506 0.05947710 0.02833353 0.04285652 
515.00000000 0.45443411 0.26736195 0.08275120 0.06455256 0.05943913 0.02846813 0.04299293 
516.00000000 0.45405812 0.26753880 0.08283747 0.06443263 0.05940041 0.02860263 0.04312995 
517.00000000 0.45373323 0.26767492 0.08291059 0.06431633 0.05936070 0.02873703 0.04326721 
518.00000000 0.45345911 0.26777038 0.08297042 0.06420451 0.05931991 0.02887128 0.04340439 
519.00000000 0.45323507 0.26782539 0.08301713 0.06409781 0.05927802 0.02900531 0.04354126 
520.00000000 0.45306027 0.26784003 0.08305119 0.06399676 0.05923505 0.02913905 0.04367765 
521.00000000 0.45293383 0.26781421 0.08307330 0.06390191 0.05919100 0.02927235 0.04381339 
522.00000000 0.45285474 0.26774778 0.08308436 0.06381388 0.05914589 0.02940501 0.04394834 
523.00000000 0.45282177 0.26764080 0.08308533 0.06373334 0.05909988 0.02953662 0.04408227 
524.00000000 0.45283332 0.26749369 0.08307723 0.06366090 0.05905329 0.02966660 0.04421497 
525.00000000 0.45288756 0.26730727 0.08306103 0.06359706 0.05900664 0.02979424 0.04434621 
526.00000000 0.45298258 0.26708254 0.08303767 0.06354213 0.05896049 0.02991877 0.04447582 
527.00000000 0.45311663 0.26682054 0.08300796 0.06349636 0.05891535 0.03003950 0.04460366 
528.00000000 0.45328808 0.26652224 0.08297259 0.06346010 0.05887148 0.03015581 0.04472970 
529.00000000 0.45349533 0.26618868 0.08293209 0.06343383 0.05882897 0.03026716 0.04485393 
530.00000000 0.45373657 0.26582110 0.08288688 0.06341822 0.05878774 0.03037303 0.04497646 
531.00000000 0.45400969 0.26542102 0.08283736 0.06341393 0.05874771 0.03047289 0.04509741 
532.00000000 0.45431240 0.26499006 0.08278403 0.06342150 0.05870884 0.03056620 0.04521697 
533.00000000 0.45464246 0.26452960 0.08272758 0.06344127 0.05867116 0.03065256 0.04533537 
534.00000000 0.45499809 0.26404053 0.08266883 0.06347339 0.05863466 0.03073173 0.04545278 
535.00000000 0.45537808 0.26352307 0.08260861 0.06351800 0.05859921 0.03080370 0.04556933 
536.00000000 0.45578182 0.26297697 0.08254764 0.06357532 0.05856452 0.03086868 0.04568506 
537.00000000 0.45620906 0.26240182 0.08248635 0.06364575 0.05853020 0.03092692 0.04579990 
538.00000000 0.45665965 0.26179742 0.08242489 0.06372980 0.05849578 0.03097871 0.04591377 
539.00000000 0.45713330 0.26116397 0.08236314 0.06382796 0.05846084 0.03102424 0.04602656 
540.00000000 0.45762944 0.26050217 0.08230090 0.06394062 0.05842503 0.03106365 0.04613819 
541.00000000 0.45814708 0.25981319 0.08223804 0.06406796 0.05838806 0.03109704 0.04624863 
542.00000000 0.45868474 0.25909867 0.08217451 0.06421003 0.05834969 0.03112452 0.04635784 
543.00000000 0.45924034 0.25836072 0.08211037 0.06436677 0.05830976 0.03114622 0.04646581 
544.00000000 0.45981126 0.25760192 0.08204576 0.06453804 0.05826825 0.03116224 0.04657252 
545.00000000 0.46039452 0.25682508 0.08198085 0.06472358 0.05822530 0.03117270 0.04667796 
546.00000000 0.46098715 0.25603304 0.08191581 0.06492291 0.05818126 0.03117771 0.04678212 
547.00000000 0.46158651 0.25522830 0.08185090 0.06513528 0.05813662 0.03117741 0.04688498 
548.00000000 0.46219059 0.25441278 0.08178641 0.06535966 0.05809196 0.03117206 0.04698654 
549.00000000 0.46279795 0.25358794 0.08172263 0.06559491 0.05804777 0.03116206 0.04708675 
550.00000000 0.46340751 0.25275493 0.08165977 0.06583986 0.05800441 0.03114797 0.04718554 
551.00000000 0.46401829 0.25191503 0.08159781 0.06609351 0.05796207 0.03113039 0.04728288 
552.00000000 0.46462911 0.25106986 0.08153647 0.06635510 0.05792076 0.03110999 0.04737872 
553.00000000 0.46523849 0.25022148 0.08147525 0.06662400 0.05788034 0.03108733 0.04747310 
554.00000000 0.46584478 0.24937224 0.08141360 0.06689973 0.05784061 0.03106293 0.04756611 
555.00000000 0.46644623 0.24852461 0.08135107 0.06718174 0.05780130 0.03103720 0.04765786 
556.00000000 0.46704111 0.24768096 0.08128736 0.06746946 0.05776214 0.03101050 0.04774846 
557.00000000 0.46762772 0.24684357 0.08122237 0.06776227 0.05772292 0.03098319 0.04783795 
558.00000000 0.46820435 0.24601465 0.08115607 0.06805953 0.05768346 0.03095564 0.04792631 
559.00000000 0.46876931 0.24519633 0.08108840 0.06836063 0.05764368 0.03092825 0.04801339 
560.00000000 0.46932104 0.24439059 0.08101928 0.06866507 0.05760359 0.03090142 0.04809902 
561.00000000 0.46985831 0.24359899 0.08094860 0.06897236 0.05756321 0.03087558 0.04818293 
562.00000000 0.47038040 0.24282259 0.08087634 0.06928206 0.05752260 0.03085113 0.04826488 
563.00000000 0.47088701 0.24206190 0.08080259 0.06959370 0.05748178 0.03082841 0.04834460 
564.00000000 0.47137813 0.24131714 0.08072750 0.06990684 0.05744075 0.03080776 0.04842189 
565.00000000 0.47185369 0.24058855 0.08065126 0.07022100 0.05739945 0.03078944 0.04849661 
566.00000000 0.47231334 0.23987668 0.08057394 0.07053573 0.05735783 0.03077374 0.04856873 
567.00000000 0.47275644 0.23918243 0.08049553 0.07085056 0.05731583 0.03076091 0.04863831 
568.00000000 0.47318210 0.23850698 0.08041592 0.07116498 0.05727337 0.03075117 0.04870548 
569.00000000 0.47358943 0.23785153 0.08033503 0.07147839 0.05723044 0.03074474 0.04877045 
570.00000000 0.47397764 0.23721722 0.08025289 0.07179005 0.05718702 0.03074176 0.04883343 
571.00000000 0.47434603 0.23660508 0.08016965 0.07209908 0.05714314 0.03074236 0.04889466 
572.00000000 0.47469391 0.23601618 0.08008556 0.07240456 0.05709886 0.03074662 0.04895431 
573.00000000 0.47502043 0.23545171 0.08000083 0.07270566 0.05705426 0.03075462 0.04901249 
574.00000000 0.47532457 0.23491306 0.07991561 0.07300170 0.05700941 0.03076640 0.04906924 
575.00000000 0.47560521 0.23440164 0.07982995 0.07329230 0.05696441 0.03078202 0.04912448 
576.00000000 0.47586133 0.23391872 0.07974382 0.07357730 0.05691933 0.03080145 0.04917804 
577.00000000 0.47609215 0.23346524 0.07965720 0.07385676 0.05687430 0.03082463 0.04922973 
578.00000000 0.47629715 0.23304181 0.07957007 0.07413078 0.05682947 0.03085142 0.04927931 
579.00000000 0.47647603 0.23264879 0.07948239 0.07439946 0.05678511 0.03088166 0.04932656 
580.00000000 0.47662856 0.23228653 0.07939404 0.07466279 0.05674156 0.03091521 0.04937130 
581.00000000 0.47675446 0.23195542 0.07930482 0.07492070 0.05669929 0.03095195 0.04941336 
582.00000000 0.47685337 0.23165594 0.07921437 0.07517308 0.05665886 0.03099181 0.04945256 
583.00000000 0.47692494 0.23138859 0.07912233 0.07541982 0.05662089 0.03103471 0.04948872 
584.00000000 0.47696891 0.23115379 0.07902831 0.07566079 0.05658599 0.03108057 0.04952165 
585.00000000 0.47698519 0.23095181 0.07893206 0.07589587 0.05655467 0.03112924 0.04955116 
586.00000000 0.47697394 0.23078278 0.07883337 0.07612492 0.05652727 0.03118060 0.04957712 
587.00000000 0.47693553 0.23064674 0.07873208 0.07634777 0.05650392 0.03123456 0.04959940 
588.00000000 0.47687057 0.23054361 0.07862799 0.07656429 0.05648454 0.03129109 0.04961791 
589.00000000 0.47677976 0.23047325 0.07852079 0.07677443 0.05646895 0.03135029 0.04963253 
590.00000000 0.47666391 0.23043542 0.07841011 0.07697828 0.05645690 0.03141228 0.04964312 
591.00000000 0.47652375 0.23042982 0.07829553 0.07717604 0.05644817 0.03147718 0.04964950 
592.00000000 0.47635990 0.23045617 0.07817671 0.07736799 0.05644267 0.03154506 0.04965151 
593.00000000 0.47617277 0.23051418 0.07805339 0.07755431 0.05644045 0.03161590 0.04964900 
594.00000000 0.47596261 0.23060367 0.07792543 0.07773510 0.05644171 0.03168956 0.04964192 
595.00000000 0.47572958 0.23072442 0.07779275 0.07791030 0.05644682 0.03176581 0.04963033 
596.00000000 0.47547389 0.23087612 0.07765530 0.07807977 0.05645626 0.03184434 0.04961432 
597.00000000 0.47519586 0.23105827 0.07751308 0.07824339 0.05647060 0.03192477 0.04959402 
598.00000000 0.47489603 0.23127008 0.07736613 0.07840112 0.05649037 0.03200670 0.04956956 
599.00000000 0.47457525 0.23151040 0.07721462 0.07855303 0.05651605 0.03208965 0.04954100 
600.00000000 0.47423472 0.23177768 0.07705882 0.07869920 0.05654798 0.03217318 0.04950843 
601.00000000 0.47387609 0.23206996 0.07689910 0.07883967 0.05658640 0.03225686 0.04947192 
602.00000000 0.47350152 0.23238485 0.07673591 0.07897433 0.05663153 0.03234030 0.04943156 
603.00000000 0.47311355 0.23271959 0.07656967 0.07910287 0.05668368 0.03242316 0.04938747 
604.00000000 0.47271494 0.23307126 0.07640082 0.07922486 0.05674333 0.03250507 0.04933973 
605.00000000 0.47230825 0.23343703 0.07622979 0.07933979 0.05681115 0.03258557 0.04928841 
606.00000000 0.47189555 0.23381446 0.07605714 0.07944716 0.05688803 0.03266414 0.04923353 
607.00000000 0.47147824 0.23420160 0.07588356 0.07954640 0.05697491 0.03274012 0.04917517 
608.00000000 0.47105717 0.23459697 0.07570991 0.07963690 0.05707272 0.03281284 0.04911349 
609.00000000 0.47063293 0.23499931 0.07553717 0.07971788 0.05718219 0.03288169 0.04904883 
610.00000000 0.47020618 0.23540728 0.07536633 0.07978850 0.05730382 0.03294625 0.04898164 
611.00000000 0.46977786 0.23581937 0.07519830 0.07984793 0.05743776 0.03300628 0.04891250 
612.00000000 0.46934908 0.23623395 0.07503388 0.07989554 0.05758387 0.03306175 0.04884193 
613.00000000 0.46892093 0.23664946 0.07487373 0.07993097 0.05774174 0.03311279 0.04877038 
614.00000000 0.46849419 0.23706468 0.07471839 0.07995421 0.05791074 0.03315963 0.04869817 
615.00000000 0.46806926 0.23747880 0.07456830 0.07996546 0.05809019 0.03320253 0.04862547 
616.00000000 0.46764621 0.23789139 0.07442382 0.07996503 0.05827942 0.03324173 0.04855240 
617.00000000 0.46722494 0.23830224 0.07428525 0.07995318 0.05847792 0.03327744 0.04847903 
618.00000000 0.46680523 0.23871131 0.07415274 0.07993018 0.05868535 0.03330980 0.04840539 
619.00000000 0.46638667 0.23911879 0.07402640 0.07989634 0.05890154 0.03333881 0.04833144 
620.00000000 0.46596855 0.23952516 0.07390627 0.07985215 0.05912636 0.03336442 0.04825709 
621.00000000 0.46554976 0.23993125 0.07379239 0.07979834 0.05935963 0.03338647 0.04818217 
622.00000000 0.46512906 0.24033805 0.07368481 0.07973585 0.05960088 0.03340487 0.04810649 
623.00000000 0.46470542 0.24074629 0.07358364 0.07966574 0.05984932 0.03341966 0.04802993 
624.00000000 0.46427847 0.24115606 0.07348902 0.07958912 0.06010377 0.03343113 0.04795244 
625.00000000 0.46384873 0.24156650 0.07340110 0.07950709 0.06036278 0.03343979 0.04787400 
626.00000000 0.46341745 0.24197596 0.07332010 0.07942082 0.06062473 0.03344633 0.04779461 
627.00000000 0.46298615 0.24238235 0.07324627 0.07933161 0.06088800 0.03345146 0.04771416 
628.00000000 0.46255609 0.24278372 0.07317992 0.07924084 0.06115119 0.03345584 0.04763240 
629.00000000 0.46212784 0.24317866 0.07312145 0.07914994 0.06141309 0.03345999 0.04754903 
630.00000000 0.46170121 0.24356644 0.07307135 0.07906014 0.06167283 0.03346434 0.04746367 
631.00000000 0.46127562 0.24394680 0.07303016 0.07897230 0.06192977 0.03346930 0.04737605 
632.00000000 0.46085040 0.24431962 0.07299845 0.07888683 0.06218344 0.03347526 0.04728601 
633.00000000 0.46042521 0.24468461 0.07297679 0.07880374 0.06243350 0.03348261 0.04719353 
634.00000000 0.46000009 0.24504122 0.07296577 0.07872281 0.06267960 0.03349176 0.04709875 
635.00000000 0.45957537 0.24538869 0.07296593 0.07864377 0.06292129 0.03350305 0.04700189 
636.00000000 0.45915161 0.24572611 0.07297779 0.07856643 0.06315799 0.03351682 0.04690324 
637.00000000 0.45872952 0.24605240 0.07300185 0.07849073 0.06338891 0.03353339 0.04680319 
638.00000000 0.45831014 0.24636615 0.07303856 0.07841671 0.06361312 0.03355313 0.04670219 
639.00000000 0.45789492 0.24666544 0.07308835 0.07834448 0.06382965 0.03357642 0.04660073 
640.00000000 0.45748569 0.24694791 0.07315161 0.07827426 0.06403759 0.03360362 0.04649932 
641.00000000 0.45708435 0.24721102 0.07322869 0.07820638 0.06423625 0.03363492 0.04639839 
642.00000000 0.45669242 0.24745253 0.07331988 0.07814136 0.06442519 0.03367031 0.04629830 
643.00000000 0.45631070 0.24767095 0.07342540 0.07807984 0.06460424 0.03370957 0.04619930 
644.00000000 0.45593925 0.24786562 0.07354540 0.07802242 0.06477345 0.03375228 0.04610158 
645.00000000 0.45557769 0.24803650 0.07367992 0.07796956 0.06493299 0.03379801 0.04600534 
646.00000000 0.45522575 0.24818362 0.07382894 0.07792142 0.06508306 0.03384634 0.04591087 
647.00000000 0.45488378 0.24830661 0.07399237 0.07787786 0.06522384 0.03389697 0.04581856 
648.00000000 0.45455288 0.24840437 0.07417012 0.07783849 0.06535546 0.03394974 0.04572893 
649.00000000 0.45423477 0.24847522 0.07436210 0.07780282 0.06547798 0.03400458 0.04564252 
650.00000000 0.45393137 0.24851721 0.07456828 0.07777036 0.06559139 0.03406152 0.04555987 
651.00000000 0.45364440 0.24852845 0.07478869 0.07774072 0.06569564 0.03412068 0.04548142 
652.00000000 0.45337523 0.24850739 0.07502340 0.07771358 0.06579062 0.03418227 0.04540752 
653.00000000 0.45312485 0.24845280 0.07527253 0.07768865 0.06587626 0.03424657 0.04533835 
654.00000000 0.45289401 0.24836374 0.07553622 0.07766565 0.06595252 0.03431386 0.04527401 
655.00000000 0.45268317 0.24823961 0.07581457 0.07764429 0.06601946 0.03438440 0.04521450 
656.00000000 0.45249247 0.24808025 0.07610767 0.07762425 0.06607728 0.03445834 0.04515973 
657.00000000 0.45232152 0.24788612 0.07641550 0.07760526 0.06612624 0.03453571 0.04510965 
658.00000000 0.45216940 0.24765834 0.07673793 0.07758705 0.06616668 0.03461638 0.04506421 
659.00000000 0.45203481 0.24739856 0.07707469 0.07756935 0.06619897 0.03470017 0.04502345 
660.00000000 0.45191642 0.24710864 0.07742534 0.07755184 0.06622341 0.03478684 0.04498751 
661.00000000 0.45181315 0.24679034 0.07778930 0.07753417 0.06624022 0.03487613 0.04495668 
662.00000000 0.45172431 0.24644516 0.07816589 0.07751594 0.06624957 0.03496781 0.04493132 
663.00000000 0.45164938 0.24607445 0.07855434 0.07749675 0.06625153 0.03506166 0.04491187 
664.00000000 0.45158766 0.24567975 0.07895389 0.07747627 0.06624616 0.03515751 0.04489876 
665.00000000 0.45153797 0.24526303 0.07936376 0.07745422 0.06623346 0.03525518 0.04489239 
666.00000000 0.45149852 0.24482679 0.07978323 0.07743044 0.06621347 0.03535451 0.04489304 
667.00000000 0.45146715 0.24437391 0.08021163 0.07740487 0.06618617 0.03545536 0.04490090 
668.00000000 0.45144166 0.24390731 0.08064830 0.07737749 0.06615155 0.03555761 0.04491609 
669.00000000 0.45142020 0.24342955 0.08109259 0.07734835 0.06610950 0.03566115 0.04493866 
670.00000000 0.45140151 0.24294262 0.08154376 0.07731758 0.06605984 0.03576599 0.04496869 
671.00000000 0.45138500 0.24244791 0.08200098 0.07728536 0.06600230 0.03587219 0.04500626 
672.00000000 0.45137066 0.24194620 0.08246323 0.07725196 0.06593654 0.03597990 0.04505151 
673.00000000 0.45135902 0.24143786 0.08292934 0.07721775 0.06586222 0.03608929 0.04510453 
674.00000000 0.45135100 0.24092291 0.08339801 0.07718322 0.06577898 0.03620053 0.04516535 
675.00000000 0.45134784 0.24040121 0.08386783 0.07714892 0.06568652 0.03631376 0.04523391 
676.00000000 0.45135084 0.23987265 0.08433736 0.07711555 0.06558459 0.03642897 0.04531004 
677.00000000 0.45136099 0.23933746 0.08480519 0.07708384 0.06547299 0.03654610 0.04539342 
678.00000000 0.45137864 0.23879654 0.08527002 0.07705456 0.06535164 0.03666493 0.04548368 
679.00000000 0.45140318 0.23825159 0.08573067 0.07702846 0.06522062 0.03678510 0.04558038 
680.00000000 0.45143307 0.23770518 0.08618618 0.07700621 0.06508024 0.03690611 0.04568302 
681.00000000 0.45146605 0.23716038 0.08663574 0.07698835 0.06493109 0.03702728 0.04579111 
682.00000000 0.45149965 0.23662040 0.08707873 0.07697528 0.06477396 0.03714783 0.04590416 
683.00000000 0.45153159 0.23608814 0.08751457 0.07696716 0.06460984 0.03726693 0.04602177 
684.00000000 0.45156015 0.23556598 0.08794273 0.07696393 0.06443985 0.03738376 0.04614361 
685.00000000 0.45158425 0.23505562 0.08836256 0.07696530 0.06426515 0.03749763 0.04626949 
686.00000000 0.45160349 0.23455811 0.08877333 0.07697073 0.06408701 0.03760798 0.04639934 
687.00000000 0.45161812 0.23407390 0.08917418 0.07697951 0.06390677 0.03771436 0.04653315 
688.00000000 0.45162902 0.23360277 0.08956420 0.07699086 0.06372585 0.03781640 0.04667091 
689.00000000 0.45163765 0.23314389 0.08994245 0.07700400 0.06354568 0.03791379 0.04681253 
690.00000000 0.45164601 0.23269591 0.09030806 0.07701830 0.06336766 0.03800625 0.04695781 
691.00000000 0.45165634 0.23225708 0.09066022 0.07703332 0.06319301 0.03809358 0.04710644 
692.00000000 0.45167088 0.23182554 0.09099827 0.07704886 0.06302280 0.03817567 0.04725798 
693.00000000 0.45169157 0.23139955 0.09132163 0.07706491 0.06285791 0.03825252 0.04741190 
694.00000000 0.45171983 0.23097776 0.09162986 0.07708162 0.06269909 0.03832423 0.04756761 
695.00000000 0.45175655 0.23055921 0.09192259 0.07709920 0.06254707 0.03839094 0.04772444 
696.00000000 0.45180217 0.23014342 0.09219945 0.07711792 0.06240254 0.03845282 0.04788168 
697.00000000 0.45185675 0.22973038 0.09246006 0.07713805 0.06226613 0.03851004 0.04803859 
698.00000000 0.45191999 0.22932057 0.09270397 0.07715981 0.06213842 0.03856277 0.04819447 
699.00000000 0.45199116 0.22891500 0.09293067 0.07718344 0.06201988 0.03861117 0.04834869 
700.00000000 0.45206905 0.22851520 0.09313966 0.07720910 0.06191092 0.03865532 0.04850074 
701.00000000 0.45215190 0.22812315 0.09333058 0.07723698 0.06181194 0.03869522 0.04865023 
702.00000000 0.45223757 0.22774107 0.09350320 0.07726723 0.06172335 0.03873070 0.04879688 
703.00000000 0.45232378 0.22737112 0.09365755 0.07730008 0.06164558 0.03876146 0.04894042 
704.00000000 0.45240837 0.22701518 0.09379389 0.07733579 0.06157902 0.03878714 0.04908062 
705.00000000 0.45248951 0.22667460 0.09391264 0.07737467 0.06152399 0.03880737 0.04921722 
706.00000000 0.45256582 0.22635019 0.09401435 0.07741704 0.06148071 0.03882189 0.04934999 
707.00000000 0.45263636 0.22604219 0.09409968 0.07746318 0.06144927 0.03883056 0.04947876 
708.00000000 0.45270052 0.22575039 0.09416927 0.07751330 0.06142971 0.03883340 0.04960341 
709.00000000 0.45275802 0.22547427 0.09422373 0.07756755 0.06142207 0.03883048 0.04972389 
710.00000000 0.45280879 0.22521312 0.09426355 0.07762602 0.06142641 0.03882196 0.04984016 
711.00000000 0.45285293 0.22496619 0.09428905 0.07768886 0.06144277 0.03880805 0.04995216 
712.00000000 0.45289054 0.22473283 0.09430039 0.07775627 0.06147115 0.03878900 0.05005982 
713.00000000 0.45292152 0.22451266 0.09429760 0.07782856 0.06151142 0.03876516 0.05016308 
714.00000000 0.45294531 0.22430571 0.09428076 0.07790613 0.06156333 0.03873692 0.05026184 
715.00000000 0.45296077 0.22411240 0.09425008 0.07798943 0.06162658 0.03870467 0.05035606 
716.00000000 0.45296609 0.22393354 0.09420608 0.07807891 0.06170082 0.03866881 0.05044574 
717.00000000 0.45295895 0.22377021 0.09414958 0.07817493 0.06178578 0.03862966 0.05053088 
718.00000000 0.45293669 0.22362363 0.09408168 0.07827770 0.06188127 0.03858751 0.05061153 
719.00000000 0.45289647 0.22349509 0.09400362 0.07838719 0.06198717 0.03854270 0.05068777 
720.00000000 0.45283550 0.22338588 0.09391671 0.07850315 0.06210345 0.03849560 0.05075972 
721.00000000 0.45275107 0.22329725 0.09382226 0.07862510 0.06223011 0.03844663 0.05082758 
722.00000000 0.45264068 0.22323033 0.09372153 0.07875243 0.06236719 0.03839623 0.05089162 
723.00000000 0.45250200 0.22318612 0.09361576 0.07888443 0.06251477 0.03834479 0.05095213 
724.00000000 0.45233295 0.22316551 0.09350612 0.07902039 0.06267299 0.03829263 0.05100942 
725.00000000 0.45213173 0.22316925 0.09339368 0.07915964 0.06284199 0.03823998 0.05106374 
726.00000000 0.45189676 0.22319815 0.09327937 0.07930156 0.06302184 0.03818704 0.05111529 
727.00000000 0.45162666 0.22325307 0.09316395 0.07944557 0.06321255 0.03813403 0.05116417 
728.00000000 0.45132021 0.22333503 0.09304803 0.07959113 0.06341395 0.03808121 0.05121044 
729.00000000 0.45097627 0.22344510 0.09293217 0.07973764 0.06362576 0.03802891 0.05125415 
730.00000000 0.45059381 0.22358435 0.09281693 0.07988450 0.06384753 0.03797750 0.05129537 
731.00000000 0.45017196 0.22375377 0.09270288 0.08003101 0.06407879 0.03792739 0.05133420 
732.00000000 0.44971004 0.22395412 0.09259064 0.08017641 0.06431898 0.03787897 0.05137084 
733.00000000 0.44920768 0.22418593 0.09248079 0.08031989 0.06456752 0.03783267 0.05140550 
734.00000000 0.44866492 0.22444937 0.09237380 0.08046070 0.06482379 0.03778899 0.05143844 
735.00000000 0.44808228 0.22474412 0.09227008 0.08059817 0.06508705 0.03774846 0.05146985 
736.00000000 0.44746086 0.22506931 0.09216996 0.08073180 0.06535649 0.03771169 0.05149988 
737.00000000 0.44680232 0.22542344 0.09207378 0.08086132 0.06563127 0.03767929 0.05152858 
738.00000000 0.44610872 0.22580453 0.09198188 0.08098660 0.06591055 0.03765180 0.05155592 
739.00000000 0.44538236 0.22621031 0.09189470 0.08110759 0.06619361 0.03762964 0.05158180 
740.00000000 0.44462556 0.22663851 0.09181270 0.08122423 0.06647985 0.03761303 0.05160613 
741.00000000 0.44384052 0.22708709 0.09173634 0.08133636 0.06676881 0.03760206 0.05162882 
742.00000000 0.44302927 0.22755428 0.09166612 0.08144369 0.06706008 0.03759672 0.05164984 
743.00000000 0.44219376 0.22803848 0.09160252 0.08154580 0.06735327 0.03759692 0.05166924 
744.00000000 0.44133599 0.22853810 0.09154601 0.08164221 0.06764795 0.03760259 0.05168715 
745.00000000 0.44045814 0.22905135 0.09149708 0.08173240 0.06794362 0.03761363 0.05170378 
746.00000000 0.43956259 0.22957625 0.09145616 0.08181585 0.06823975 0.03762995 0.05171944 
747.00000000 0.43865190 0.23011069 0.09142361 0.08189210 0.06853580 0.03765147 0.05173444 
748.00000000 0.43772872 0.23065250 0.09139967 0.08196072 0.06883118 0.03767808 0.05174913 
749.00000000 0.43679585 0.23119949 0.09138445 0.08202132 0.06912535 0.03770976 0.05176378 
750.00000000 0.43585620 0.23174940 0.09137794 0.08207358 0.06941776 0.03774653 0.05177859 
751.00000000 0.43491285 0.23229987 0.09138009 0.08211717 0.06970791 0.03778846 0.05179365 
752.00000000 0.43396899 0.23284845 0.09139076 0.08215176 0.06999542 0.03783564 0.05180899 
753.00000000 0.43302763 0.23339284 0.09140984 0.08217697 0.07027999 0.03788808 0.05182465 
754.00000000 0.43209143 0.23393114 0.09143721 0.08219241 0.07056148 0.03794562 0.05184072 
755.00000000 0.43116244 0.23446202 0.09147276 0.08219770 0.07083979 0.03800790 0.05185738 
756.00000000 0.43024212 0.23498480 0.09151633 0.08219257 0.07111482 0.03807444 0.05187492 
757.00000000 0.42933152 0.23549916 0.09156771 0.08217694 0.07138638 0.03814470 0.05189360 
758.00000000 0.42843165 0.23600486 0.09162653 0.08215098 0.07165409 0.03821824 0.05191364 
759.00000000 0.42754378 0.23650144 0.09169227 0.08211514 0.07191745 0.03829478 0.05193514 
760.00000000 0.42666952 0.23698810 0.09176419 0.08207008 0.07217581 0.03837424 0.05195805 
761.00000000 0.42581080 0.23746386 0.09184143 0.08201656 0.07242850 0.03845668 0.05198217 
762.00000000 0.42496963 0.23792778 0.09192302 0.08195530 0.07267484 0.03854222 0.05200720 
763.00000000 0.42414791 0.23837910 0.09200806 0.08188689 0.07291425 0.03863096 0.05203282 
764.00000000 0.42334735 0.23881733 0.09209576 0.08181172 0.07314619 0.03872300 0.05205865 
765.00000000 0.42256953 0.23924211 0.09218548 0.08172994 0.07337024 0.03881835 0.05208435 
766.00000000 0.42181597 0.23965304 0.09227677 0.08164151 0.07358607 0.03891701 0.05210962 
767.00000000 0.42108812 0.24004972 0.09236932 0.08154623 0.07379350 0.03901886 0.05213425 
768.00000000 0.42038727 0.24043177 0.09246287 0.08144387 0.07399244 0.03912367 0.05215811 
769.00000000 0.41971434 0.24079908 0.09255718 0.08133421 0.07418289 0.03923111 0.05218121 
770.00000000 0.41906976 0.24115191 0.09265195 0.08121716 0.07436482 0.03934075 0.05220365 
771.00000000 0.41845353 0.24149088 0.09274678 0.08109286 0.07453814 0.03945225 0.05222557 
772.00000000 0.41786542 0.24181680 0.09284105 0.08096169 0.07470259 0.03956537 0.05224708 
773.00000000 0.41730526 0.24213039 0.09293394 0.08082429 0.07485779 0.03968013 0.05226820 
774.00000000 0.41677302 0.24243222 0.09302438 0.08068148 0.07500328 0.03979674 0.05228888 
775.00000000 0.41626880 0.24272279 0.09311117 0.08053417 0.07513860 0.03991549 0.05230899 
776.00000000 0.41579253 0.24300271 0.09319310 0.08038332 0.07526330 0.04003666 0.05232839 
777.00000000 0.41534374 0.24327299 0.09326906 0.08022986 0.07537701 0.04016036 0.05234697 
778.00000000 0.41492150 0.24353500 0.09333819 0.08007467 0.07547941 0.04028650 0.05236473 
779.00000000 0.41452463 0.24379022 0.09339984 0.07991853 0.07557023 0.04041483 0.05238172 
780.00000000 0.41415209 0.24403981 0.09345356 0.07976220 0.07564924 0.04054501 0.05239808 
781.00000000 0.41380340 0.24428426 0.09349900 0.07960637 0.07571633 0.04067664 0.05241400 
782.00000000 0.41347881 0.24452320 0.09353580 0.07945170 0.07577147 0.04080933 0.05242971 
783.00000000 0.41317919 0.24475553 0.09356358 0.07929881 0.07581477 0.04094266 0.05244547 
784.00000000 0.41290574 0.24497973 0.09358199 0.07914834 0.07584640 0.04107624 0.05246156 
785.00000000 0.41265960 0.24519420 0.09359074 0.07900094 0.07586656 0.04120968 0.05247828 
786.00000000 0.41244157 0.24539750 0.09358967 0.07885731 0.07587543 0.04134264 0.05249587 
787.00000000 0.41225205 0.24558844 0.09357877 0.07871819 0.07587314 0.04147485 0.05251456 
788.00000000 0.41209102 0.24576605 0.09355816 0.07858433 0.07585984 0.04160610 0.05253451 
789.00000000 0.41195805 0.24592963 0.09352808 0.07845656 0.07583566 0.04173619 0.05255584 
790.00000000 0.41185216 0.24607887 0.09348897 0.07833569 0.07580078 0.04186489 0.05257864 
791.00000000 0.41177176 0.24621399 0.09344142 0.07822254 0.07575537 0.04199193 0.05260299 
792.00000000 0.41171457 0.24633582 0.09338620 0.07811789 0.07569954 0.04211695 0.05262903 
793.00000000 0.41167784 0.24644561 0.09332419 0.07802247 0.07563333 0.04223965 0.05265690 
794.00000000 0.41165876 0.24654475 0.09325628 0.07793691 0.07555672 0.04235980 0.05268677 
795.00000000 0.41165487 0.24663433 0.09318323 0.07786179 0.07546967 0.04247730 0.05271881 
796.00000000 0.41166440 0.24671488 0.09310565 0.07779756 0.07537221 0.04259215 0.05275315 
797.00000000 0.41168632 0.24678628 0.09302397 0.07774462 0.07526447 0.04270441 0.05278993 
798.00000000 0.41172003 0.24684803 0.09293858 0.07770330 0.07514675 0.04281409 0.05282922 
799.00000000 0.41176505 0.24689947 0.09284993 0.07767386 0.07501945 0.04292115 0.05287109 
800.00000000 0.41182064 0.24694007 0.09275867 0.07765650 0.07488304 0.04302552 0.05291555 
801.00000000 0.41188574 0.24696948 0.09266567 0.07765133 0.07473805 0.04312709 0.05296264 
802.00000000 0.41195903 0.24698747 0.09257203 0.07765831 0.07458506 0.04322576 0.05301234 
803.00000000 0.41203911 0.24699379 0.09247897 0.07767727 0.07442474 0.04332148 0.05306465 
804.00000000 0.41212465 0.24698813 0.09238776 0.07770784 0.07425787 0.04341419 0.05311956 
805.00000000 0.41221438 0.24697019 0.09229969 0.07774946 0.07408537 0.04350380 0.05317711 
806.00000000 0.41230714 0.24693979 0.09221595 0.07780138 0.07390822 0.04359014 0.05323738 
807.00000000 0.41240183 0.24689681 0.09213769 0.07786269 0.07372745 0.04367297 0.05330055 
808.00000000 0.41249763 0.24684115 0.09206593 0.07793239 0.07354406 0.04375203 0.05336682 
809.00000000 0.41259412 0.24677245 0.09200158 0.07800947 0.07335895 0.04382702 0.05343641 
810.00000000 0.41269143 0.24668996 0.09194546 0.07809303 0.07317291 0.04389772 0.05350949 
811.00000000 0.41279014 0.24659255 0.09189826 0.07818235 0.07298661 0.04396393 0.05358616 
812.00000000 0.41289103 0.24647889 0.09186063 0.07827696 0.07280059 0.04402553 0.05366636 
813.00000000 0.41299477 0.24634779 0.09183314 0.07837661 0.07261526 0.04408247 0.05374996 
814.00000000 0.41310164 0.24619844 0.09181634 0.07848121 0.07243088 0.04413477 0.05383672 
815.00000000 0.41321152 0.24603050 0.09181075 0.07859069 0.07224765 0.04418254 0.05392636 
816.00000000 0.41332395 0.24584400 0.09181683 0.07870493 0.07206579 0.04422594 0.05401856 
817.00000000 0.41343837 0.24563918 0.09183490 0.07882369 0.07188561 0.04426521 0.05411303 
818.00000000 0.41355428 0.24541638 0.09186516 0.07894655 0.07170762 0.04430057 0.05420944 
819.00000000 0.41367117 0.24517594 0.09190763 0.07907300 0.07153257 0.04433218 0.05430751 
820.00000000 0.41378854 0.24491831 0.09196218 0.07920244 0.07136146 0.04436007 0.05440699 
821.00000000 0.41390582 0.24464403 0.09202856 0.07933426 0.07119546 0.04438419 0.05450768 
822.00000000 0.41402243 0.24435365 0.09210647 0.07946792 0.07103574 0.04440438 0.05460941 
823.00000000 0.41413784 0.24404765 0.09219559 0.07960292 0.07088342 0.04442051 0.05471207 
824.00000000 0.41425177 0.24372630 0.09229562 0.07973893 0.07073936 0.04443253 0.05481549 
825.00000000 0.41436417 0.24338968 0.09240628 0.07987570 0.07060414 0.04444054 0.05491950 
826.00000000 0.41447514 0.24303780 0.09252733 0.08001310 0.07047805 0.04444474 0.05502384 
827.00000000 0.41458481 0.24267081 0.09265856 0.08015099 0.07036117 0.04444545 0.05512821 
828.00000000 0.41469320 0.24228913 0.09279974 0.08028921 0.07025344 0.04444302 0.05523227 
829.00000000 0.41480025 0.24189355 0.09295066 0.08042741 0.07015473 0.04443773 0.05533569 
830.00000000 0.41490590 0.24148501 0.09311104 0.08056513 0.07006494 0.04442982 0.05543816 
831.00000000 0.41501028 0.24106449 0.09328060 0.08070174 0.06998401 0.04441946 0.05553942 
832.00000000 0.41511374 0.24063277 0.09345899 0.08083657 0.06991195 0.04440675 0.05563922 
833.00000000 0.41521684 0.24019048 0.09364578 0.08096901 0.06984880 0.04439175 0.05573735 
834.00000000 0.41532006 0.23973822 0.09384040 0.08109860 0.06979463 0.04437451 0.05583358 
835.00000000 0.41542368 0.23927674 0.09404221 0.08122510 0.06974951 0.04435504 0.05592771 
836.00000000 0.41552756 0.23880714 0.09425041 0.08134851 0.06971343 0.04433339 0.05601955 
837.00000000 0.41563115 0.23833089 0.09446411 0.08146910 0.06968627 0.04430960 0.05610888 
838.00000000 0.41573360 0.23784977 0.09468233 0.08158731 0.06966777 0.04428378 0.05619544 
839.00000000 0.41583384 0.23736581 0.09490411 0.08170375 0.06965748 0.04425605 0.05627896 
840.00000000 0.41593070 0.23688114 0.09512850 0.08181911 0.06965490 0.04422657 0.05635908 
841.00000000 0.41602288 0.23639800 0.09535462 0.08193412 0.06965945 0.04419549 0.05643544 
842.00000000 0.41610900 0.23591861 0.09558169 0.08204950 0.06967067 0.04416292 0.05650760 
843.00000000 0.41618774 0.23544509 0.09580898 0.08216592 0.06968815 0.04412895 0.05657516 
844.00000000 0.41625798 0.23497925 0.09603582 0.08228401 0.06971163 0.04409364 0.05663766 
845.00000000 0.41631904 0.23452240 0.09626157 0.08240436 0.06974087 0.04405706 0.05669471 
846.00000000 0.41637075 0.23407527 0.09648562 0.08252756 0.06977558 0.04401934 0.05674588 
847.00000000 0.41641342 0.23363811 0.09670735 0.08265426 0.06981535 0.04398072 0.05679080 
848.00000000 0.41644754 0.23321090 0.09692619 0.08278518 0.06985961 0.04394149 0.05682909 
849.00000000 0.41647350 0.23279376 0.09714153 0.08292107 0.06990764 0.04390205 0.05686046 
850.00000000 0.41649129 0.23238715 0.09735277 0.08306272 0.06995860 0.04386277 0.05688469 
851.00000000 0.41650044 0.23199213 0.09755933 0.08321077 0.07001160 0.04382405 0.05690168 
852.00000000 0.41649997 0.23161023 0.09776065 0.08336570 0.07006575 0.04378621 0.05691149 
853.00000000 0.41648865 0.23124328 0.09795624 0.08352774 0.07012025 0.04374953 0.05691431 
854.00000000 0.41646510 0.23089321 0.09814573 0.08369681 0.07017440 0.04371424 0.05691051 
855.00000000 0.41642793 0.23056181 0.09832890 0.08387257 0.07022772 0.04368051 0.05690056 
856.00000000 0.41637586 0.23025059 0.09850566 0.08405451 0.07027991 0.04364845 0.05688502 
857.00000000 0.41630773 0.22996074 0.09867607 0.08424201 0.07033089 0.04361809 0.05686446 
858.00000000 0.41622267 0.22969306 0.09884025 0.08443445 0.07038075 0.04358941 0.05683942 
859.00000000 0.41612013 0.22944790 0.09899835 0.08463133 0.07042963 0.04356235 0.05681032 
860.00000000 0.41599999 0.22922518 0.09915059 0.08483233 0.07047762 0.04353684 0.05677746 
861.00000000 0.41586255 0.22902437 0.09929723 0.08503733 0.07052468 0.04351287 0.05674097 
862.00000000 0.41570835 0.22884462 0.09943863 0.08524642 0.07057060 0.04349050 0.05670087 
863.00000000 0.41553802 0.22868494 0.09957526 0.08545981 0.07061500 0.04346991 0.05665707 
864.00000000 0.41535202 0.22854439 0.09970765 0.08567771 0.07065746 0.04345131 0.05660947 
865.00000000 0.41515056 0.22842221 0.09983643 0.08590031 0.07069755 0.04343496 0.05655799 
866.00000000 0.41493361 0.22831785 0.09996221 0.08612762 0.07073495 0.04342116 0.05650261 
867.00000000 0.41470107 0.22823085 0.10008558 0.08635951 0.07076941 0.04341020 0.05644338 
868.00000000 0.41445292 0.22816070 0.10020710 0.08659569 0.07080072 0.04340244 0.05638044 
869.00000000 0.41418943 0.22810660 0.10032725 0.08683579 0.07082868 0.04339829 0.05631397 
870.00000000 0.41391126 0.22806741 0.10044646 0.08707942 0.07085309 0.04339820 0.05624417 
871.00000000 0.41361941 0.22804167 0.10056511 0.08732623 0.07087368 0.04340264 0.05617126 
872.00000000 0.41331510 0.22802773 0.10068356 0.08757592 0.07089019 0.04341201 0.05609549 
873.00000000 0.41299963 0.22802392 0.10080218 0.08782820 0.07090236 0.04342664 0.05601706 
874.00000000 0.41267414 0.22802873 0.10092145 0.08808270 0.07090999 0.04344679 0.05593620 
875.00000000 0.41233945 0.22804087 0.10104200 0.08833895 0.07091294 0.04347270 0.05585311 
876.00000000 0.41199592 0.22805939 0.10116465 0.08859626 0.07091117 0.04350463 0.05576797 
877.00000000 0.41164338 0.22808369 0.10129044 0.08885377 0.07090482 0.04354292 0.05568098 
878.00000000 0.41128105 0.22811355 0.10142055 0.08911044 0.07089419 0.04358793 0.05559229 
879.00000000 0.41090766 0.22814914 0.10155615 0.08936512 0.07087982 0.04364001 0.05550209 
880.00000000 0.41052152 0.22819105 0.10169829 0.08961667 0.07086249 0.04369942 0.05541056 
881.00000000 0.41012077 0.22824018 0.10184780 0.08986398 0.07084313 0.04376627 0.05531788 
882.00000000 0.40970358 0.22829762 0.10200522 0.09010608 0.07082269 0.04384058 0.05522423 
883.00000000 0.40926838 0.22836443 0.10217083 0.09034218 0.07080210 0.04392229 0.05512979 
884.00000000 0.40881404 0.22844148 0.10234460 0.09057173 0.07078207 0.04401136 0.05503471 
885.00000000 0.40833991 0.22852933 0.10252633 0.09079439 0.07076318 0.04410770 0.05493916 
886.00000000 0.40784567 0.22862827 0.10271566 0.09101001 0.07074585 0.04421124 0.05484331 
887.00000000 0.40733122 0.22873843 0.10291216 0.09121852 0.07073047 0.04432177 0.05474742 
888.00000000 0.40679642 0.22886000 0.10311544 0.09141984 0.07071749 0.04443899 0.05465182 
889.00000000 0.40624096 0.22899326 0.10332520 0.09161378 0.07070740 0.04456246 0.05455694 
890.00000000 0.40566430 0.22913867 0.10354128 0.09180003 0.07070081 0.04469164 0.05446327 
891.00000000 0.40506584 0.22929669 0.10376366 0.09197823 0.07069834 0.04482595 0.05437128 
892.00000000 0.40444510 0.22946764 0.10399236 0.09214802 0.07070063 0.04496479 0.05428146 
893.00000000 0.40380193 0.22965159 0.10422739 0.09230909 0.07070833 0.04510749 0.05419419 
894.00000000 0.40313663 0.22984830 0.10446862 0.09246126 0.07072206 0.04525332 0.05410982 
895.00000000 0.40244994 0.23005732 0.10471578 0.09260443 0.07074248 0.04540141 0.05402865 
896.00000000 0.40174297 0.23027808 0.10496842 0.09273856 0.07077016 0.04555084 0.05395096 
897.00000000 0.40101706 0.23051003 0.10522596 0.09286363 0.07080564 0.04570067 0.05387702 
898.00000000 0.40027366 0.23075262 0.10548774 0.09297962 0.07084927 0.04585000 0.05380709 
899.00000000 0.39951424 0.23100541 0.10575308 0.09308648 0.07090133 0.04599808 0.05374139 
900.00000000 0.39874021 0.23126804 0.10602125 0.09318417 0.07096195 0.04614423 0.05368016 
901.00000000 0.39795271 0.23154038 0.10629155 0.09327267 0.07103125 0.04628781 0.05362363 
902.00000000 0.39715257 0.23182262 0.10656328 0.09335197 0.07110939 0.04642812 0.05357203 
903.00000000 0.39634019 0.23211535 0.10683578 0.09342214 0.07119658 0.04656437 0.05352559 
904.00000000 0.39551560 0.23241949 0.10710838 0.09348336 0.07129301 0.04669566 0.05348449 
905.00000000 0.39467874 0.23273609 0.10738048 0.09353597 0.07139880 0.04682106 0.05344886 
906.00000000 0.39382973 0.23306607 0.10765139 0.09358047 0.07151391 0.04693973 0.05341870 
907.00000000 0.39296914 0.23340991 0.10792039 0.09361757 0.07163812 0.04705090 0.05339398 
908.00000000 0.39209816 0.23376758 0.10818661 0.09364803 0.07177108 0.04715396 0.05337459 
909.00000000 0.39121840 0.23413863 0.10844907 0.09367264 0.07191242 0.04724838 0.05336047 
910.00000000 0.39033166 0.23452240 0.10870670 0.09369204 0.07206183 0.04733372 0.05335165 
911.00000000 0.38943954 0.23491836 0.10895845 0.09370668 0.07221913 0.04740957 0.05334827 
912.00000000 0.38854316 0.23532630 0.10920336 0.09371675 0.07238425 0.04747557 0.05335060 
913.00000000 0.38764311 0.23574640 0.10944064 0.09372219 0.07255724 0.04753146 0.05335897 
914.00000000 0.38673951 0.23617913 0.10966969 0.09372276 0.07273816 0.04757700 0.05337373 
915.00000000 0.38583222 0.23662515 0.10989008 0.09371810 0.07292718 0.04761205 0.05339522 
916.00000000 0.38492097 0.23708516 0.11010146 0.09370776 0.07312445 0.04763648 0.05342373 
917.00000000 0.38400555 0.23755977 0.11030354 0.09369128 0.07333019 0.04765020 0.05345946 
918.00000000 0.38308588 0.23804950 0.11049608 0.09366826 0.07354455 0.04765319 0.05350254 
919.00000000 0.38216212 0.23855462 0.11067880 0.09363834 0.07376759 0.04764556 0.05355298 
920.00000000 0.38123477 0.23907507 0.11085140 0.09360129 0.07399914 0.04762762 0.05361071 
921.00000000 0.38030480 0.23961037 0.11101357 0.09355693 0.07423885 0.04759991 0.05367557 
922.00000000 0.37937364 0.24015959 0.11116491 0.09350516 0.07448619 0.04756313 0.05374739 
923.00000000 0.37844300 0.24072147 0.11130501 0.09344583 0.07474054 0.04751813 0.05382602 
924.00000000 0.37751454 0.24129469 0.11143347 0.09337877 0.07500135 0.04746574 0.05391143 
925.00000000 0.37658949 0.24187810 0.11155006 0.09330371 0.07526816 0.04740674 0.05400374 
926.00000000 0.37566843 0.24247095 0.11165476 0.09322024 0.07554063 0.04734180 0.05410318 
927.00000000 0.37475123 0.24307287 0.11174788 0.09312790 0.07581850 0.04727152 0.05421011 
928.00000000 0.37383728 0.24368368 0.11183001 0.09302616 0.07610151 0.04719642 0.05432494 
929.00000000 0.37292593 0.24430309 0.11190197 0.09291445 0.07638939 0.04711708 0.05444810 
930.00000000 0.37201677 0.24493041 0.11196467 0.09279227 0.07668181 0.04703410 0.05457998 
931.00000000 0.37110992 0.24556442 0.11201899 0.09265918 0.07697838 0.04694818 0.05472093 
932.00000000 0.37020606 0.24620332 0.11206572 0.09251492 0.07727864 0.04686009 0.05487124 
933.00000000 0.36930632 0.24684486 0.11210552 0.09235944 0.07758205 0.04677073 0.05503107 
934.00000000 0.36841220 0.24748644 0.11213894 0.09219294 0.07788793 0.04668108 0.05520046 
935.00000000 0.36752550 0.24812515 0.11216653 0.09201586 0.07819546 0.04659217 0.05537932 
936.00000000 0.36664831 0.24875785 0.11218883 0.09182883 0.07850375 0.04650505 0.05556738 
937.00000000 0.36578290 0.24938122 0.11220642 0.09163267 0.07881187 0.04642071 0.05576421 
938.00000000 0.36493159 0.24999191 0.11222000 0.09142824 0.07911901 0.04633998 0.05596928 
939.00000000 0.36409652 0.25058675 0.11223036 0.09121650 0.07942446 0.04626355 0.05618187 
940.00000000 0.36327948 0.25116289 0.11223842 0.09099842 0.07972763 0.04619197 0.05640120 
941.00000000 0.36248188 0.25171782 0.11224526 0.09077504 0.08002801 0.04612567 0.05662633 
942.00000000 0.36170494 0.25224927 0.11225202 0.09054737 0.08032504 0.04606507 0.05685629 
943.00000000 0.36094993 0.25275497 0.11225990 0.09031646 0.08061804 0.04601063 0.05709008 
944.00000000 0.36021847 0.25323247 0.11226996 0.09008334 0.08090620 0.04596286 0.05732671 
945.00000000 0.35951262 0.25367906 0.11228311 0.08984910 0.08118853 0.04592232 0.05756525 
946.00000000 0.35883480 0.25409185 0.11230002 0.08961492 0.08146395 0.04588964 0.05780481 
947.00000000 0.35818751 0.25446796 0.11232115 0.08938218 0.08173125 0.04586543 0.05804452 
948.00000000 0.35757308 0.25480470 0.11234682 0.08915244 0.08198918 0.04585028 0.05828350 
949.00000000 0.35699350 0.25509974 0.11237731 0.08892750 0.08223637 0.04584474 0.05852085 
950.00000000 0.35645039 0.25535105 0.11241288 0.08870929 0.08247144 0.04584931 0.05875563 
951.00000000 0.35594510 0.25555692 0.11245384 0.08849980 0.08269299 0.04586440 0.05898695 
952.00000000 0.35547874 0.25571588 0.11250041 0.08830098 0.08289974 0.04589036 0.05921389 
953.00000000 0.35505226 0.25582671 0.11255276 0.08811472 0.08309058 0.04592738 0.05943559 
954.00000000 0.35466637 0.25588850 0.11261090 0.08794282 0.08326466 0.04597555 0.05965121 
955.00000000 0.35432156 0.25590068 0.11267468 0.08778699 0.08342136 0.04603480 0.05985993 
956.00000000 0.35401815 0.25586293 0.11274384 0.08764882 0.08356029 0.04610499 0.06006099 
957.00000000 0.35375643 0.25577510 0.11281798 0.08752974 0.08368116 0.04618589 0.06025370 
958.00000000 0.35353680 0.25563708 0.11289660 0.08743100 0.08378375 0.04627726 0.06043750 
959.00000000 0.35335990 0.25544871 0.11297907 0.08735363 0.08386789 0.04637886 0.06061195 
960.00000000 0.35322648 0.25520987 0.11306465 0.08729842 0.08393343 0.04649046 0.06077668 
961.00000000 0.35313730 0.25492058 0.11315249 0.08726608 0.08398027 0.04661186 0.06093142 
962.00000000 0.35309280 0.25458122 0.11324166 0.08725722 0.08400837 0.04674288 0.06107585 
963.00000000 0.35309304 0.25419254 0.11333123 0.08727252 0.08401774 0.04688334 0.06120959 
964.00000000 0.35313767 0.25375566 0.11342030 0.08731265 0.08400841 0.04703307 0.06133223 
965.00000000 0.35322611 0.25327192 0.11350798 0.08737831 0.08398043 0.04719191 0.06144333 
966.00000000 0.35335774 0.25274273 0.11359338 0.08747012 0.08393391 0.04735964 0.06154248 
967.00000000 0.35353197 0.25216950 0.11367556 0.08758859 0.08386912 0.04753593 0.06162934 
968.00000000 0.35374831 0.25155362 0.11375353 0.08773407 0.08378650 0.04772033 0.06170363 
969.00000000 0.35400622 0.25089656 0.11382624 0.08790678 0.08368678 0.04791222 0.06176520 
970.00000000 0.35430507 0.25019992 0.11389268 0.08810673 0.08357089 0.04811079 0.06181393 
971.00000000 0.35464406 0.24946536 0.11395194 0.08833373 0.08343991 0.04831516 0.06184985 
972.00000000 0.35502225 0.24869462 0.11400332 0.08858730 0.08329498 0.04852439 0.06187313 
973.00000000 0.35543864 0.24788943 0.11404631 0.08886665 0.08313718 0.04873764 0.06188415 
974.00000000 0.35589209 0.24705149 0.11408062 0.08917063 0.08296755 0.04895417 0.06188346 
975.00000000 0.35638127 0.24618263 0.11410617 0.08949777 0.08278703 0.04917334 0.06187179 
976.00000000 0.35690456 0.24528484 0.11412301 0.08984633 0.08259659 0.04939462 0.06185005 
977.00000000 0.35745996 0.24436034 0.11413136 0.09021431 0.08239729 0.04961750 0.06181925 
978.00000000 0.35804523 0.24341150 0.11413154 0.09059953 0.08219026 0.04984141 0.06178052 
979.00000000 0.35865803 0.24244069 0.11412402 0.09099956 0.08197680 0.05006572 0.06173516 
980.00000000 0.35929622 0.24145007 0.11410930 0.09141178 0.08175835 0.05028969 0.06168460 
981.00000000 0.35995798 0.24044148 0.11408790 0.09183326 0.08153649 0.05051248 0.06163040 
982.00000000 0.36064188 0.23941647 0.11406029 0.09226089 0.08131305 0.05073320 0.06157422 
983.00000000 0.36134674 0.23837635 0.11402688 0.09269137 0.08109002 0.05095091 0.06151773 
984.00000000 0.36207146 0.23732233 0.11398802 0.09312129 0.08086965 0.05116472 0.06146253 
985.00000000 0.36281488 0.23625568 0.11394406 0.09354716 0.08065433 0.05137379 0.06141009 
986.00000000 0.36357573 0.23517770 0.11389535 0.09396550 0.08044651 0.05157743 0.06136178 
987.00000000 0.36435264 0.23408971 0.11384232 0.09437282 0.08024861 0.05177510 0.06131879 
988.00000000 0.36514420 0.23299304 0.11378545 0.09476568 0.08006290 0.05196644 0.06128228 
989.00000000 0.36594895 0.23188905 0.11372530 0.09514073 0.07989151 0.05215116 0.06125331 
990.00000000 0.36676536 0.23077912 0.11366244 0.09549477 0.07973638 0.05232904 0.06123289 
991.00000000 0.36759181 0.22966478 0.11359747 0.09582483 0.07959931 0.05249979 0.06122201 
992.00000000 0.36842659 0.22854765 0.11353092 0.09612824 0.07948197 0.05266303 0.06122161 
993.00000000 0.36926805 0.22742936 0.11346328 0.09640263 0.07938585 0.05281829 0.06123254 
994.00000000 0.37011476 0.22631141 0.11339494 0.09664597 0.07931230 0.05296505 0.06125557 
995.00000000 0.37096564 0.22519506 0.11332616 0.09685654 0.07926241 0.05310286 0.06129133 
996.00000000 0.37181995 0.22408131 0.11325706 0.09703298 0.07923707 0.05323137 0.06134027 
997.00000000 0.37267713 0.22297106 0.11318759 0.09717425 0.07923693 0.05335045 0.06140260 
998.00000000 0.37353655 0.22186528 0.11311760 0.09727967 0.07926242 0.05346018 0.06147830 
999.00000000 0.37439724 0.22076524 0.11304692 0.09734883 0.07931386 0.05356081 0.06156710 
