0.00000000 0.00000000 0.00000000 0.00000000 0.00000000 0.00000000 1.00000000 0.00000000 
1.00000000 0.00000666 0.00000494 0.00000327 0.00001026 0.00023331 0.99968566 0.00005590 
2.00000000 0.00002660 0.00001975 0.00001307 0.00004119 0.00093242 0.99874358 0.00022339 
3.00000000 0.00005974 0.00004441 0.00002940 0.00009316 0.00209494 0.99717656 0.00050179 
4.00000000 0.00010595 0.00007888 0.00005224 0.00016680 0.00371691 0.99498920 0.00089002 
5.00000000 0.00016501 0.00012311 0.00008155 0.00026302 0.00579284 0.99218787 0.00138660 
6.00000000 0.00023669 0.00017702 0.00011730 0.00038293 0.00831577 0.98878070 0.00198960 
7.00000000 0.00032068 0.00024054 0.00015944 0.00052790 0.01127739 0.98477740 0.00269666 
8.00000000 0.00041666 0.00031356 0.00020791 0.00069947 0.01466833 0.98018899 0.00350508 
9.00000000 0.00052424 0.00039600 0.00026266 0.00089937 0.01847847 0.97502729 0.00441196 
10.00000000 0.00064300 0.00048775 0.00032368 0.00112940 0.02269714 0.96930481 0.00541422 
11.00000000 0.00077249 0.00058872 0.00039093 0.00139148 0.02731295 0.96303482 0.00650860 
12.00000000 0.00091217 0.00069883 0.00046440 0.00168765 0.03231365 0.95623173 0.00769157 
13.00000000 0.00106150 0.00081798 0.00054402 0.00202008 0.03768582 0.94891133 0.00895927 
14.00000000 0.00121987 0.00094608 0.00062974 0.00239114 0.04341490 0.94109068 0.01030759 
15.00000000 0.00138665 0.00108304 0.00072147 0.00280336 0.04948537 0.93278777 0.01173235 
16.00000000 0.00156117 0.00122878 0.00081917 0.00325939 0.05588105 0.92402103 0.01322941 
17.00000000 0.00174274 0.00138323 0.00092283 0.00376201 0.06258537 0.91480915 0.01479467 
18.00000000 0.00193062 0.00154634 0.00103244 0.00431408 0.06958114 0.90517151 0.01642387 
19.00000000 0.00212411 0.00171802 0.00114795 0.00491856 0.07685029 0.89512875 0.01811231 
20.00000000 0.00232248 0.00189821 0.00126931 0.00557852 0.08437373 0.88470304 0.01985471 
21.00000000 0.00252506 0.00208680 0.00139640 0.00629708 0.09213157 0.87391777 0.02164531 
22.00000000 0.00273123 0.00228367 0.00152916 0.00707731 0.10010383 0.86279658 0.02347822 
23.00000000 0.00294039 0.00248871 0.00166759 0.00792207 0.10827122 0.85136219 0.02534783 
24.00000000 0.00315198 0.00270180 0.00181177 0.00883401 0.11661546 0.83963586 0.02724913 
25.00000000 0.00336542 0.00292283 0.00196184 0.00981557 0.12511864 0.82763821 0.02917748 
26.00000000 0.00358018 0.00315168 0.00211787 0.01086912 0.13376205 0.81539085 0.03112825 
27.00000000 0.00379569 0.00338821 0.00227986 0.01199709 0.14252510 0.80291777 0.03309628 
28.00000000 0.00401142 0.00363224 0.00244772 0.01320202 0.15138505 0.79024573 0.03507582 
29.00000000 0.00422683 0.00388359 0.00262130 0.01448648 0.16031768 0.77740340 0.03706073 
30.00000000 0.00444138 0.00414209 0.00280050 0.01585285 0.16929877 0.76441945 0.03904497 
31.00000000 0.00465453 0.00440759 0.00298521 0.01730316 0.17830560 0.75132080 0.04102312 
32.00000000 0.00486572 0.00467995 0.00317534 0.01883896 0.18731771 0.73813194 0.04299038 
33.00000000 0.00507441 0.00495903 0.00337077 0.02046135 0.19631656 0.72487558 0.04494231 
34.00000000 0.00528009 0.00524468 0.00357125 0.02217104 0.20528469 0.71157396 0.04687429 
35.00000000 0.00548226 0.00553675 0.00377650 0.02396845 0.21420499 0.69824964 0.04878143 
36.00000000 0.00568046 0.00583504 0.00398622 0.02585370 0.22306053 0.68492519 0.05065886 
37.00000000 0.00587428 0.00613936 0.00420020 0.02782660 0.23183511 0.67162197 0.05250248 
38.00000000 0.00606331 0.00644951 0.00441834 0.02988659 0.24051376 0.65835900 0.05430950 
39.00000000 0.00624719 0.00676528 0.00464058 0.03203272 0.24908273 0.64515299 0.05607851 
40.00000000 0.00642557 0.00708644 0.00486688 0.03426384 0.25752847 0.63202003 0.05780878 
41.00000000 0.00659815 0.00741270 0.00509712 0.03657864 0.26583616 0.61897780 0.05949943 
42.00000000 0.00676465 0.00774376 0.00533109 0.03897571 0.27398888 0.60604720 0.06114871 
43.00000000 0.00692482 0.00807926 0.00556856 0.04145344 0.28196772 0.59325210 0.06275409 
44.00000000 0.00707851 0.00841886 0.00580929 0.04400987 0.28975335 0.58061740 0.06431272 
45.00000000 0.00722559 0.00876221 0.00605308 0.04664244 0.29732810 0.56816618 0.06582238 
46.00000000 0.00736599 0.00910898 0.00629981 0.04934796 0.30467777 0.55591756 0.06728193 
47.00000000 0.00749964 0.00945882 0.00654938 0.05212255 0.31179183 0.54388659 0.06869120 
48.00000000 0.00762646 0.00981137 0.00680177 0.05496175 0.31866196 0.53208627 0.07005043 
49.00000000 0.00774636 0.01016621 0.00705696 0.05786076 0.32527985 0.52053016 0.07135970 
50.00000000 0.00785923 0.01052292 0.00731501 0.06081452 0.33163546 0.50923406 0.07261880 
51.00000000 0.00796497 0.01088109 0.00757594 0.06381783 0.33771670 0.49821574 0.07382773 
52.00000000 0.00806352 0.01124038 0.00783973 0.06686533 0.34351090 0.48749283 0.07498732 
53.00000000 0.00815482 0.01160048 0.00810628 0.06995142 0.34900731 0.47708004 0.07609965 
54.00000000 0.00823885 0.01196117 0.00837540 0.07307025 0.35419904 0.46698742 0.07716787 
55.00000000 0.00831562 0.01232222 0.00864684 0.07621572 0.35908344 0.45722067 0.07819551 
56.00000000 0.00838515 0.01268341 0.00892033 0.07938149 0.36366086 0.44778297 0.07918578 
57.00000000 0.00844753 0.01304452 0.00919557 0.08256093 0.36793317 0.43867699 0.08014128 
58.00000000 0.00850294 0.01340535 0.00947221 0.08574702 0.37190292 0.42990548 0.08106409 
59.00000000 0.00855161 0.01376571 0.00974983 0.08893233 0.37557394 0.42147028 0.08195630 
60.00000000 0.00859389 0.01412547 0.01002802 0.09210910 0.37895235 0.41337067 0.08282051 
61.00000000 0.00863012 0.01448448 0.01030645 0.09526935 0.38204671 0.40560288 0.08366000 
62.00000000 0.00866067 0.01484254 0.01058494 0.09840515 0.38486638 0.39816189 0.08447843 
63.00000000 0.00868585 0.01519936 0.01086343 0.10150870 0.38741871 0.39104461 0.08527933 
64.00000000 0.00870595 0.01555453 0.01114190 0.10457247 0.38970675 0.38425268 0.08606572 
65.00000000 0.00872125 0.01590759 0.01142016 0.10758927 0.39172889 0.37779287 0.08683996 
66.00000000 0.00873205 0.01625806 0.01169784 0.11055229 0.39348113 0.37167455 0.08760407 
67.00000000 0.00873870 0.01660548 0.01197433 0.11345508 0.39496085 0.36590539 0.08836016 
68.00000000 0.00874161 0.01694934 0.01224904 0.11629125 0.39617027 0.36048764 0.08911085 
69.00000000 0.00874126 0.01728913 0.01252154 0.11905420 0.39711760 0.35541707 0.08985920 
70.00000000 0.00873818 0.01762431 0.01279170 0.12173685 0.39781590 0.35068459 0.09060846 
71.00000000 0.00873294 0.01795440 0.01305966 0.12433155 0.39828046 0.34627925 0.09136173 
72.00000000 0.00872614 0.01827899 0.01332562 0.12683032 0.39852674 0.34219041 0.09212177 
73.00000000 0.00871838 0.01859779 0.01358972 0.12922534 0.39856979 0.33840786 0.09289113 
74.00000000 0.00871026 0.01891061 0.01385194 0.13150941 0.39842497 0.33492036 0.09367245 
75.00000000 0.00870238 0.01921738 0.01411226 0.13367617 0.39810872 0.33171419 0.09446890 
76.00000000 0.00869530 0.01951799 0.01437074 0.13572031 0.39763797 0.32877340 0.09528429 
77.00000000 0.00868956 0.01981238 0.01462760 0.13763762 0.39702814 0.32608198 0.09612272 
78.00000000 0.00868560 0.02010045 0.01488316 0.13942513 0.39629081 0.32362685 0.09698801 
79.00000000 0.00868379 0.02038207 0.01513758 0.14108123 0.39543270 0.32139967 0.09788296 
80.00000000 0.00868447 0.02065711 0.01539081 0.14260573 0.39445667 0.31939624 0.09880897 
81.00000000 0.00868795 0.02092542 0.01564257 0.14399972 0.39336439 0.31761385 0.09976610 
82.00000000 0.00869457 0.02118678 0.01589261 0.14526521 0.39215904 0.31604827 0.10075352 
83.00000000 0.00870472 0.02144096 0.01614093 0.14640462 0.39084652 0.31469225 0.10176999 
84.00000000 0.00871884 0.02168772 0.01638797 0.14742040 0.38943446 0.31353639 0.10281421 
85.00000000 0.00873735 0.02192686 0.01663443 0.14831494 0.38792978 0.31257183 0.10388481 
86.00000000 0.00876066 0.02215824 0.01688100 0.14909067 0.38633640 0.31179281 0.10498023 
87.00000000 0.00878911 0.02238179 0.01712804 0.14975044 0.38465442 0.31119754 0.10609865 
88.00000000 0.00882305 0.02259750 0.01737551 0.15029799 0.38288128 0.31078665 0.10723803 
89.00000000 0.00886279 0.02280530 0.01762301 0.15073809 0.38101396 0.31056038 0.10839647 
90.00000000 0.00890866 0.02300509 0.01787013 0.15107650 0.37905076 0.31051620 0.10957266 
91.00000000 0.00896098 0.02319671 0.01811657 0.15131960 0.37699183 0.31064828 0.11076603 
92.00000000 0.00902004 0.02338001 0.01836225 0.15147386 0.37483834 0.31094884 0.11197667 
93.00000000 0.00908608 0.02355487 0.01860712 0.15154543 0.37259149 0.31141030 0.11320471 
94.00000000 0.00915929 0.02372119 0.01885111 0.15153973 0.37025230 0.31202656 0.11444982 
95.00000000 0.00923985 0.02387892 0.01909402 0.15146120 0.36782229 0.31279285 0.11571088 
96.00000000 0.00932791 0.02402804 0.01933573 0.15131315 0.36530475 0.31370428 0.11698615 
97.00000000 0.00942362 0.02416854 0.01957639 0.15109776 0.36270541 0.31475455 0.11827372 
98.00000000 0.00952712 0.02430045 0.01981652 0.15081624 0.36003196 0.31593560 0.11957210 
99.00000000 0.00963849 0.02442387 0.02005690 0.15046920 0.35729227 0.31723889 0.12088038 
100.00000000 0.00975777 0.02453894 0.02029833 0.15005740 0.35449226 0.31865738 0.12219791 
101.00000000 0.00988496 0.02464581 0.02054126 0.14958250 0.35163468 0.32018697 0.12352382 
102.00000000 0.01002007 0.02474456 0.02078566 0.14904763 0.34871937 0.32182612 0.12485660 
103.00000000 0.01016317 0.02483514 0.02103117 0.14845736 0.34574523 0.32357382 0.12619411 
104.00000000 0.01031436 0.02491741 0.02127734 0.14781720 0.34271258 0.32542700 0.12753411 
105.00000000 0.01047376 0.02499122 0.02152396 0.14713271 0.33962482 0.32737874 0.12887479 
106.00000000 0.01064147 0.02505654 0.02177114 0.14640883 0.33648858 0.32941827 0.13021518 
107.00000000 0.01081751 0.02511351 0.02201923 0.14564966 0.33331244 0.33153266 0.13155500 
108.00000000 0.01100188 0.02516242 0.02226857 0.14485876 0.33010502 0.33370925 0.13289410 
109.00000000 0.01119457 0.02520363 0.02251931 0.14403962 0.32687357 0.33593738 0.13423192 
110.00000000 0.01139565 0.02523743 0.02277135 0.14319594 0.32362376 0.33820861 0.13556727 
111.00000000 0.01160520 0.02526397 0.02302450 0.14233185 0.32036058 0.34051550 0.13689840 
112.00000000 0.01182328 0.02528335 0.02327866 0.14145190 0.31708948 0.34284982 0.13822350 
113.00000000 0.01204988 0.02529570 0.02353384 0.14056114 0.31381679 0.34520170 0.13954096 
114.00000000 0.01228485 0.02530120 0.02379010 0.13966534 0.31054879 0.34756037 0.14084935 
115.00000000 0.01252801 0.02530012 0.02404732 0.13877112 0.30729034 0.34991610 0.14214700 
116.00000000 0.01277910 0.02529272 0.02430501 0.13788572 0.30404402 0.35226175 0.14343169 
117.00000000 0.01303790 0.02527920 0.02456235 0.13701616 0.30081098 0.35459268 0.14470073 
118.00000000 0.01330407 0.02525972 0.02481838 0.13616827 0.29759309 0.35690493 0.14595153 
119.00000000 0.01357717 0.02523451 0.02507233 0.13534587 0.29439512 0.35919262 0.14718238 
120.00000000 0.01385660 0.02520392 0.02532379 0.13455072 0.29122563 0.36144641 0.14839293 
121.00000000 0.01414160 0.02516852 0.02557276 0.13378324 0.28809589 0.36365378 0.14958421 
122.00000000 0.01443144 0.02512898 0.02581947 0.13304351 0.28501723 0.36580133 0.15075804 
123.00000000 0.01472553 0.02508591 0.02606413 0.13233194 0.28199871 0.36787741 0.15191637 
124.00000000 0.01502354 0.02503966 0.02630681 0.13164944 0.27904624 0.36987349 0.15306081 
125.00000000 0.01532536 0.02499031 0.02654747 0.13099704 0.27616363 0.37178346 0.15419272 
126.00000000 0.01563097 0.02493769 0.02678608 0.13037555 0.27335460 0.37360163 0.15531348 
127.00000000 0.01594036 0.02488160 0.02702282 0.12978552 0.27062389 0.37532117 0.15642463 
128.00000000 0.01625341 0.02482199 0.02725817 0.12922758 0.26797687 0.37693437 0.15752760 
129.00000000 0.01656997 0.02475902 0.02749276 0.12870278 0.26541773 0.37843460 0.15862312 
130.00000000 0.01688986 0.02469305 0.02772724 0.12821253 0.26294794 0.37981863 0.15971075 
131.00000000 0.01721286 0.02462442 0.02796211 0.12775812 0.26056623 0.38108743 0.16078883 
132.00000000 0.01753875 0.02455338 0.02819774 0.12734011 0.25827013 0.38224484 0.16185505 
133.00000000 0.01786715 0.02448005 0.02843447 0.12695801 0.25605821 0.38329489 0.16290720 
134.00000000 0.01819755 0.02440453 0.02867272 0.12661053 0.25393139 0.38423951 0.16394378 
135.00000000 0.01852930 0.02432701 0.02891300 0.12629610 0.25189258 0.38507797 0.16496403 
136.00000000 0.01886178 0.02424786 0.02915584 0.12601347 0.24994498 0.38580841 0.16596765 
137.00000000 0.01919446 0.02416750 0.02940157 0.12576190 0.24809013 0.38643015 0.16695428 
138.00000000 0.01952694 0.02408634 0.02965025 0.12554100 0.24632692 0.38694528 0.16792326 
139.00000000 0.01985888 0.02400471 0.02990164 0.12535040 0.24465213 0.38735845 0.16887380 
140.00000000 0.02018984 0.02392285 0.03015539 0.12518948 0.24306195 0.38767520 0.16980528 
141.00000000 0.02051924 0.02384116 0.03041123 0.12505724 0.24155354 0.38790007 0.17071751 
142.00000000 0.02084634 0.02376031 0.03066897 0.12495239 0.24012578 0.38803559 0.17161061 
143.00000000 0.02117034 0.02368132 0.03092859 0.12487345 0.23877900 0.38808276 0.17248455 
144.00000000 0.02149050 0.02360544 0.03119010 0.12481891 0.23751401 0.38804230 0.17333875 
145.00000000 0.02180621 0.02353401 0.03145345 0.12478738 0.23633129 0.38791574 0.17417192 
146.00000000 0.02211697 0.02346822 0.03171859 0.12477781 0.23523056 0.38770562 0.17498223 
147.00000000 0.02242229 0.02340905 0.03198546 0.12478969 0.23421105 0.38741469 0.17576776 
148.00000000 0.02272167 0.02335738 0.03225404 0.12482316 0.23327195 0.38704491 0.17652690 
149.00000000 0.02301450 0.02331406 0.03252435 0.12487876 0.23241267 0.38659719 0.17725847 
150.00000000 0.02330017 0.02328008 0.03279631 0.12495722 0.23163246 0.38607221 0.17796154 
151.00000000 0.02357810 0.02325659 0.03306972 0.12505913 0.23092936 0.38547211 0.17863498 
152.00000000 0.02384770 0.02324477 0.03334421 0.12518499 0.23029918 0.38480194 0.17927720 
153.00000000 0.02410842 0.02324576 0.03361936 0.12533532 0.22973514 0.38406993 0.17988607 
154.00000000 0.02435962 0.02326056 0.03389486 0.12551085 0.22922870 0.38328628 0.18045914 
155.00000000 0.02460059 0.02329004 0.03417063 0.12571243 0.22877120 0.38246109 0.18099402 
156.00000000 0.02483067 0.02333496 0.03444686 0.12594056 0.22835585 0.38160224 0.18148886 
157.00000000 0.02504934 0.02339601 0.03472388 0.12619497 0.22797888 0.38071429 0.18194262 
158.00000000 0.02525641 0.02347370 0.03500204 0.12647436 0.22763962 0.37979860 0.18235527 
159.00000000 0.02545194 0.02356835 0.03528164 0.12677669 0.22733928 0.37885447 0.18272763 
160.00000000 0.02563615 0.02368005 0.03556296 0.12709985 0.22707942 0.37788057 0.18306100 
161.00000000 0.02580924 0.02380870 0.03584618 0.12744233 0.22686080 0.37687597 0.18335678 
162.00000000 0.02597127 0.02395414 0.03613139 0.12780345 0.22668313 0.37584046 0.18361615 
163.00000000 0.02612215 0.02411622 0.03641852 0.12818292 0.22654573 0.37477424 0.18384022 
164.00000000 0.02626178 0.02429489 0.03670721 0.12858015 0.22644838 0.37367742 0.18403018 
165.00000000 0.02639019 0.02449012 0.03699687 0.12899364 0.22639161 0.37254990 0.18418766 
166.00000000 0.02650761 0.02470188 0.03728679 0.12942084 0.22637631 0.37139176 0.18431481 
167.00000000 0.02661439 0.02493006 0.03757631 0.12985865 0.22640274 0.37020393 0.18441391 
168.00000000 0.02671091 0.02517446 0.03786505 0.13030416 0.22646980 0.36898871 0.18448691 
169.00000000 0.02679751 0.02543485 0.03815285 0.13075522 0.22657522 0.36774932 0.18453503 
170.00000000 0.02687448 0.02571092 0.03843971 0.13121054 0.22671673 0.36648866 0.18455895 
171.00000000 0.02694217 0.02600230 0.03872562 0.13166922 0.22689357 0.36520765 0.18455947 
172.00000000 0.02700098 0.02630855 0.03901048 0.13213024 0.22710719 0.36390435 0.18453822 
173.00000000 0.02705132 0.02662915 0.03929408 0.13259223 0.22736074 0.36257438 0.18449810 
174.00000000 0.02709341 0.02696362 0.03957625 0.13305365 0.22765742 0.36121271 0.18444294 
175.00000000 0.02712717 0.02731161 0.03985686 0.13351321 0.22799871 0.35981585 0.18437658 
176.00000000 0.02715216 0.02767297 0.04013581 0.13397012 0.22838340 0.35838343 0.18430211 
177.00000000 0.02716781 0.02804767 0.04041292 0.13442399 0.22880790 0.35691825 0.18422147 
178.00000000 0.02717366 0.02843561 0.04068786 0.13487439 0.22926750 0.35542499 0.18413598 
179.00000000 0.02716969 0.02883643 0.04096026 0.13532029 0.22975791 0.35390815 0.18404726 
180.00000000 0.02715633 0.02924939 0.04122990 0.13575961 0.23027612 0.35237071 0.18395793 
181.00000000 0.02713442 0.02967338 0.04149692 0.13618924 0.23082041 0.35081389 0.18387174 
182.00000000 0.02710485 0.03010705 0.04176193 0.13660545 0.23138965 0.34923821 0.18379288 
183.00000000 0.02706842 0.03054907 0.04202586 0.13700450 0.23198247 0.34764458 0.18372510 
184.00000000 0.02702571 0.03099820 0.04228979 0.13738332 0.23259703 0.34603488 0.18367107 
185.00000000 0.02697710 0.03145335 0.04255463 0.13773970 0.23323136 0.34441155 0.18363231 
186.00000000 0.02692295 0.03191353 0.04282106 0.13807218 0.23388398 0.34277668 0.18360963 
187.00000000 0.02686362 0.03237781 0.04308953 0.13837952 0.23455434 0.34113152 0.18360365 
188.00000000 0.02679947 0.03284538 0.04336044 0.13866026 0.23524254 0.33947680 0.18361510 
189.00000000 0.02673077 0.03331555 0.04363420 0.13891254 0.23594860 0.33781381 0.18364454 
190.00000000 0.02665763 0.03378783 0.04391123 0.13913436 0.23667174 0.33614526 0.18369194 
191.00000000 0.02658011 0.03426188 0.04419191 0.13932408 0.23741036 0.33447515 0.18375651 
192.00000000 0.02649834 0.03473730 0.04447645 0.13948063 0.23816288 0.33280744 0.18383696 
193.00000000 0.02641280 0.03521347 0.04476495 0.13960350 0.23892903 0.33114412 0.18393213 
194.00000000 0.02632438 0.03568941 0.04505756 0.13969222 0.23971076 0.32948402 0.18404166 
195.00000000 0.02623430 0.03616382 0.04535465 0.13974580 0.24051209 0.32782313 0.18416621 
196.00000000 0.02614393 0.03663522 0.04565693 0.13976247 0.24133788 0.32615656 0.18430700 
197.00000000 0.02605451 0.03710219 0.04596533 0.13973993 0.24219202 0.32448091 0.18446513 
198.00000000 0.02596694 0.03756346 0.04628082 0.13967618 0.24307586 0.32279590 0.18464085 
199.00000000 0.02588185 0.03801806 0.04660421 0.13957048 0.24398753 0.32110451 0.18483336 
200.00000000 0.02579970 0.03846515 0.04693597 0.13942393 0.24492226 0.31941181 0.18504118 
201.00000000 0.02572099 0.03890396 0.04727639 0.13923924 0.24587321 0.31772354 0.18526268 
202.00000000 0.02564631 0.03933365 0.04762569 0.13901999 0.24683251 0.31604527 0.18549657 
203.00000000 0.02557630 0.03975344 0.04798413 0.13876981 0.24779183 0.31438262 0.18574187 
204.00000000 0.02551143 0.04016260 0.04835197 0.13849208 0.24874263 0.31274176 0.18599754 
205.00000000 0.02545197 0.04056059 0.04872925 0.13819031 0.24967634 0.31112958 0.18626196 
206.00000000 0.02539794 0.04094705 0.04911567 0.13786888 0.25058460 0.30955312 0.18653274 
207.00000000 0.02534928 0.04132171 0.04951060 0.13753361 0.25145972 0.30801825 0.18680683 
208.00000000 0.02530600 0.04168430 0.04991323 0.13719169 0.25229524 0.30652867 0.18708086 
209.00000000 0.02526829 0.04203450 0.05032279 0.13685092 0.25308626 0.30508575 0.18735149 
210.00000000 0.02523648 0.04237196 0.05073869 0.13651862 0.25382926 0.30368942 0.18761556 
211.00000000 0.02521101 0.04269632 0.05116047 0.13620090 0.25452156 0.30233971 0.18787002 
212.00000000 0.02519234 0.04300731 0.05158755 0.13590255 0.25516060 0.30103769 0.18811196 
213.00000000 0.02518097 0.04330463 0.05201912 0.13562757 0.25574366 0.29978536 0.18833869 
214.00000000 0.02517749 0.04358801 0.05245418 0.13537977 0.25626813 0.29858430 0.18854811 
215.00000000 0.02518261 0.04385714 0.05289165 0.13516315 0.25673227 0.29743414 0.18873903 
216.00000000 0.02519713 0.04411172 0.05333062 0.13498149 0.25713593 0.29633191 0.18891119 
217.00000000 0.02522190 0.04435148 0.05377037 0.13483769 0.25748074 0.29527281 0.18906502 
218.00000000 0.02525767 0.04457624 0.05421031 0.13473321 0.25776962 0.29425199 0.18920097 
219.00000000 0.02530502 0.04478593 0.05464971 0.13466821 0.25800574 0.29326631 0.18931908 
220.00000000 0.02536431 0.04498064 0.05508756 0.13464235 0.25819120 0.29231513 0.18941880 
221.00000000 0.02543573 0.04516059 0.05552257 0.13465581 0.25832622 0.29139992 0.18949917 
222.00000000 0.02551931 0.04532615 0.05595335 0.13470998 0.25840896 0.29052307 0.18955918 
223.00000000 0.02561511 0.04547779 0.05637870 0.13480714 0.25843631 0.28968678 0.18959817 
224.00000000 0.02572322 0.04561602 0.05679770 0.13494955 0.25840506 0.28889257 0.18961588 
225.00000000 0.02584380 0.04574137 0.05720970 0.13513830 0.25831289 0.28814145 0.18961249 
226.00000000 0.02597702 0.04585430 0.05761414 0.13537281 0.25815887 0.28743433 0.18958853 
227.00000000 0.02612308 0.04595528 0.05801038 0.13565100 0.25794352 0.28677190 0.18954483 
228.00000000 0.02628221 0.04604469 0.05839773 0.13597004 0.25766872 0.28615408 0.18948253 
229.00000000 0.02645468 0.04612285 0.05877560 0.13632706 0.25733773 0.28557916 0.18940292 
230.00000000 0.02664081 0.04619008 0.05914374 0.13671938 0.25695528 0.28504335 0.18930735 
231.00000000 0.02684095 0.04624668 0.05950237 0.13714416 0.25652749 0.28454130 0.18919704 
232.00000000 0.02705533 0.04629297 0.05985209 0.13759808 0.25606124 0.28406716 0.18907313 
233.00000000 0.02728395 0.04632931 0.06019366 0.13807717 0.25556330 0.28361587 0.18893673 
234.00000000 0.02752656 0.04635612 0.06052776 0.13857718 0.25503920 0.28318402 0.18878917 
235.00000000 0.02778259 0.04637392 0.06085481 0.13909418 0.25449259 0.28276980 0.18863211 
236.00000000 0.02805128 0.04638337 0.06117504 0.13962507 0.25392517 0.28237249 0.18846760 
237.00000000 0.02833174 0.04638527 0.06148862 0.14016766 0.25333725 0.28199158 0.18829789 
238.00000000 0.02862301 0.04638059 0.06179582 0.14072045 0.25272865 0.28162629 0.18812520 
239.00000000 0.02892405 0.04637035 0.06209704 0.14128221 0.25209930 0.28127553 0.18795152 
240.00000000 0.02923373 0.04635564 0.06239275 0.14185174 0.25144943 0.28093822 0.18777848 
241.00000000 0.02955077 0.04633749 0.06268331 0.14242789 0.25077933 0.28061374 0.18760748 
242.00000000 0.02987383 0.04631687 0.06296894 0.14300966 0.25008890 0.28030206 0.18743975 
243.00000000 0.03020158 0.04629466 0.06324977 0.14359636 0.24937756 0.28000360 0.18727646 
244.00000000 0.03053287 0.04627169 0.06352598 0.14418758 0.24864449 0.27971871 0.18711869 
245.00000000 0.03086676 0.04624868 0.06379795 0.14478279 0.24788911 0.27944724 0.18696747 
246.00000000 0.03120253 0.04622637 0.06406627 0.14538106 0.24711157 0.27918831 0.18682389 
247.00000000 0.03153955 0.04620549 0.06433164 0.14598086 0.24631270 0.27894061 0.18668916 
248.00000000 0.03187718 0.04618688 0.06459468 0.14658023 0.24549370 0.27870274 0.18656460 
249.00000000 0.03221467 0.04617144 0.06485577 0.14717704 0.24465586 0.27847370 0.18645151 
250.00000000 0.03255120 0.04616014 0.06511511 0.14776928 0.24380049 0.27825287 0.18635091 
251.00000000 0.03288587 0.04615397 0.06537276 0.14835508 0.24292918 0.27803977 0.18626338 
252.00000000 0.03321778 0.04615391 0.06562886 0.14893258 0.24204422 0.27783359 0.18618905 
253.00000000 0.03354602 0.04616095 0.06588365 0.14949979 0.24114868 0.27763294 0.18612796 
254.00000000 0.03386958 0.04617607 0.06613748 0.15005453 0.24024606 0.27743590 0.18608038 
255.00000000 0.03418731 0.04620019 0.06639071 0.15059463 0.23933957 0.27724043 0.18604715 
256.00000000 0.03449799 0.04623408 0.06664369 0.15111822 0.23843139 0.27704497 0.18602967 
257.00000000 0.03480041 0.04627826 0.06689668 0.15162388 0.23752253 0.27684860 0.18602964 
258.00000000 0.03509355 0.04633298 0.06714995 0.15211059 0.23661337 0.27665070 0.18604886 
259.00000000 0.03537658 0.04639830 0.06740378 0.15257737 0.23570471 0.27645008 0.18608917 
260.00000000 0.03564891 0.04647427 0.06765848 0.15302291 0.23479876 0.27624414 0.18615253 
261.00000000 0.03591005 0.04656104 0.06791431 0.15344534 0.23389940 0.27602873 0.18624114 
262.00000000 0.03615947 0.04665879 0.06817143 0.15384221 0.23301176 0.27579895 0.18635740 
263.00000000 0.03639659 0.04676764 0.06842993 0.15421061 0.23214128 0.27555045 0.18650349 
264.00000000 0.03662072 0.04688739 0.06868994 0.15454717 0.23129304 0.27528070 0.18668103 
265.00000000 0.03683117 0.04701750 0.06895176 0.15484801 0.23047146 0.27498938 0.18689071 
266.00000000 0.03702734 0.04715711 0.06921595 0.15510874 0.22968062 0.27467779 0.18713245 
267.00000000 0.03720886 0.04730521 0.06948337 0.15532449 0.22892458 0.27434778 0.18740570 
268.00000000 0.03737563 0.04746082 0.06975501 0.15549019 0.22820748 0.27400082 0.18771004 
269.00000000 0.03752773 0.04762308 0.07003189 0.15560096 0.22753319 0.27363784 0.18804531 
270.00000000 0.03766539 0.04779121 0.07031495 0.15565246 0.22690472 0.27325975 0.18841151 
271.00000000 0.03778886 0.04796452 0.07060497 0.15564124 0.22632403 0.27286810 0.18880828 
272.00000000 0.03789841 0.04814236 0.07090256 0.15556484 0.22579230 0.27246513 0.18923440 
273.00000000 0.03799427 0.04832423 0.07120817 0.15542195 0.22531055 0.27205313 0.18968771 
274.00000000 0.03807661 0.04850985 0.07152217 0.15521248 0.22488033 0.27163324 0.19016532 
275.00000000 0.03814552 0.04869923 0.07184483 0.15493764 0.22450379 0.27120477 0.19066422 
276.00000000 0.03820093 0.04889259 0.07217625 0.15459983 0.22418329 0.27076537 0.19118174 
277.00000000 0.03824260 0.04909028 0.07251627 0.15420225 0.22392048 0.27031236 0.19171577 
278.00000000 0.03827011 0.04929258 0.07286440 0.15374849 0.22371553 0.26984438 0.19226451 
279.00000000 0.03828306 0.04949966 0.07321990 0.15324209 0.22356677 0.26936230 0.19282622 
280.00000000 0.03828121 0.04971159 0.07358183 0.15268646 0.22347105 0.26886883 0.19339903 
281.00000000 0.03826464 0.04992836 0.07394926 0.15208503 0.22342459 0.26836703 0.19398109 
282.00000000 0.03823378 0.05014999 0.07432132 0.15144151 0.22342379 0.26785881 0.19457080 
283.00000000 0.03818931 0.05037652 0.07469731 0.15076002 0.22346559 0.26734435 0.19516690 
284.00000000 0.03813196 0.05060800 0.07507665 0.15004495 0.22354736 0.26682280 0.19576828 
285.00000000 0.03806243 0.05084444 0.07545880 0.14930069 0.22366650 0.26629366 0.19637347 
286.00000000 0.03798132 0.05108584 0.07584316 0.14853157 0.22382018 0.26575781 0.19698011 
287.00000000 0.03788925 0.05133219 0.07622907 0.14774192 0.22400521 0.26521757 0.19758479 
288.00000000 0.03778697 0.05158347 0.07661581 0.14693642 0.22421834 0.26467573 0.19818326 
289.00000000 0.03767540 0.05183969 0.07700271 0.14612019 0.22445659 0.26413434 0.19877109 
290.00000000 0.03755562 0.05210077 0.07738906 0.14529870 0.22471752 0.26359401 0.19934433 
291.00000000 0.03742873 0.05236655 0.07777412 0.14447725 0.22499931 0.26305409 0.19989995 
292.00000000 0.03729584 0.05263669 0.07815703 0.14366057 0.22530052 0.26251354 0.20043582 
293.00000000 0.03715801 0.05291073 0.07853682 0.14285266 0.22561965 0.26197171 0.20095041 
294.00000000 0.03701635 0.05318819 0.07891264 0.14205715 0.22595476 0.26142842 0.20144249 
295.00000000 0.03687203 0.05346856 0.07928385 0.14127784 0.22630335 0.26088338 0.20191099 
296.00000000 0.03672619 0.05375144 0.07965018 0.14051906 0.22666253 0.26033538 0.20235522 
297.00000000 0.03657986 0.05403647 0.08001161 0.13978550 0.22702947 0.25978192 0.20277518 
298.00000000 0.03643381 0.05432341 0.08036805 0.13908158 0.22740180 0.25921954 0.20317182 
299.00000000 0.03628857 0.05461209 0.08071907 0.13841069 0.22777790 0.25864465 0.20354703 
300.00000000 0.03614447 0.05490242 0.08106379 0.13777485 0.22815675 0.25805447 0.20390325 
301.00000000 0.03600187 0.05519433 0.08140095 0.13717491 0.22853762 0.25744743 0.20424289 
302.00000000 0.03586130 0.05548763 0.08172931 0.13661111 0.22891965 0.25682316 0.20456784 
303.00000000 0.03572354 0.05578183 0.08204802 0.13608364 0.22930165 0.25618197 0.20487934 
304.00000000 0.03558961 0.05607609 0.08235678 0.13559286 0.22968225 0.25552438 0.20517804 
305.00000000 0.03546061 0.05636915 0.08265579 0.13513921 0.23005998 0.25485093 0.20546433 
306.00000000 0.03533761 0.05665954 0.08294558 0.13472306 0.23043324 0.25416244 0.20573853 
307.00000000 0.03522159 0.05694572 0.08322676 0.13434486 0.23079985 0.25346040 0.20600083 
308.00000000 0.03511338 0.05722635 0.08349998 0.13400550 0.23115637 0.25274740 0.20625102 
309.00000000 0.03501368 0.05750039 0.08376594 0.13370679 0.23149765 0.25202734 0.20648822 
310.00000000 0.03492305 0.05776712 0.08402540 0.13345146 0.23181689 0.25130517 0.20671091 
311.00000000 0.03484192 0.05802605 0.08427914 0.13324248 0.23210658 0.25058646 0.20691737 
312.00000000 0.03477063 0.05827679 0.08452775 0.13308184 0.23236001 0.24987662 0.20710636 
313.00000000 0.03470949 0.05851893 0.08477143 0.13296957 0.23257283 0.24918029 0.20727747 
314.00000000 0.03465886 0.05875195 0.08500998 0.13290329 0.23274388 0.24850096 0.20743108 
315.00000000 0.03461923 0.05897517 0.08524286 0.13287877 0.23287500 0.24784117 0.20756780 
316.00000000 0.03459121 0.05918773 0.08546955 0.13289100 0.23296983 0.24720286 0.20768781 
317.00000000 0.03457549 0.05938867 0.08568984 0.13293526 0.23303244 0.24658778 0.20779051 
318.00000000 0.03457279 0.05957700 0.08590399 0.13300773 0.23306637 0.24599744 0.20787468 
319.00000000 0.03458372 0.05975187 0.08611272 0.13310531 0.23307452 0.24543281 0.20793905 
320.00000000 0.03460877 0.05991270 0.08631696 0.13322526 0.23305961 0.24489381 0.20798289 
321.00000000 0.03464837 0.06005922 0.08651758 0.13336476 0.23302470 0.24437917 0.20800619 
322.00000000 0.03470292 0.06019140 0.08671523 0.13352093 0.23297326 0.24388671 0.20800955 
323.00000000 0.03477282 0.06030939 0.08691022 0.13369110 0.23290860 0.24341415 0.20799373 
324.00000000 0.03485852 0.06041334 0.08710260 0.13387309 0.23283313 0.24295993 0.20795938 
325.00000000 0.03496047 0.06050334 0.08729223 0.13406518 0.23274811 0.24252362 0.20790704 
326.00000000 0.03507907 0.06057939 0.08747887 0.13426566 0.23265397 0.24210565 0.20783740 
327.00000000 0.03521458 0.06064142 0.08766217 0.13447228 0.23255122 0.24170676 0.20775156 
328.00000000 0.03536721 0.06068927 0.08784183 0.13468192 0.23244113 0.24132755 0.20765109 
329.00000000 0.03553705 0.06072269 0.08801764 0.13489064 0.23232570 0.24096858 0.20753770 
330.00000000 0.03572407 0.06074134 0.08818970 0.13509433 0.23220693 0.24063080 0.20741283 
331.00000000 0.03592814 0.06074490 0.08835852 0.13528938 0.23208575 0.24031598 0.20727734 
332.00000000 0.03614893 0.06073318 0.08852510 0.13547325 0.23196140 0.24002667 0.20713148 
333.00000000 0.03638603 0.06070626 0.08869087 0.13564443 0.23183173 0.23976559 0.20697508 
334.00000000 0.03663900 0.06066457 0.08885750 0.13580214 0.23169418 0.23953467 0.20680794 
335.00000000 0.03690756 0.06060870 0.08902667 0.13594576 0.23154694 0.23933431 0.20663006 
336.00000000 0.03719164 0.06053924 0.08919988 0.13607453 0.23138953 0.23916344 0.20644174 
337.00000000 0.03749145 0.06045660 0.08937825 0.13618764 0.23122232 0.23902028 0.20624345 
338.00000000 0.03780727 0.06036096 0.08956250 0.13628445 0.23104552 0.23890347 0.20603583 
339.00000000 0.03813935 0.06025239 0.08975298 0.13636482 0.23085817 0.23881274 0.20581954 
340.00000000 0.03848771 0.06013109 0.08994973 0.13642935 0.23065793 0.23874881 0.20559537 
341.00000000 0.03885211 0.05999754 0.09015257 0.13647918 0.23044177 0.23871254 0.20536428 
342.00000000 0.03923209 0.05985248 0.09036125 0.13651566 0.23020713 0.23870391 0.20512748 
343.00000000 0.03962707 0.05969676 0.09057560 0.13653988 0.22995271 0.23872150 0.20488649 
344.00000000 0.04003632 0.05953118 0.09079561 0.13655242 0.22967857 0.23876278 0.20464313 
345.00000000 0.04045898 0.05935648 0.09102154 0.13655328 0.22938554 0.23882471 0.20439948 
346.00000000 0.04089400 0.05917338 0.09125382 0.13654217 0.22907453 0.23890440 0.20415770 
347.00000000 0.04134015 0.05898282 0.09149297 0.13651889 0.22874605 0.23899923 0.20391989 
348.00000000 0.04179607 0.05878603 0.09173943 0.13648363 0.22840029 0.23910664 0.20368791 
349.00000000 0.04226046 0.05858448 0.09199343 0.13643713 0.22803747 0.23922380 0.20346323 
350.00000000 0.04273214 0.05837972 0.09225505 0.13638040 0.22765799 0.23934770 0.20324699 
351.00000000 0.04321005 0.05817322 0.09252422 0.13631445 0.22726222 0.23947577 0.20304008 
352.00000000 0.04369322 0.05796627 0.09280075 0.13624003 0.22685001 0.23960647 0.20284325 
353.00000000 0.04418066 0.05776011 0.09308443 0.13615765 0.22642051 0.23973950 0.20265715 
354.00000000 0.04467132 0.05755600 0.09337490 0.13606776 0.22597233 0.23987544 0.20248226 
355.00000000 0.04516420 0.05735525 0.09367170 0.13597096 0.22550431 0.24001476 0.20231881 
356.00000000 0.04565839 0.05715912 0.09397431 0.13586790 0.22501629 0.24015709 0.20216689 
357.00000000 0.04615309 0.05696868 0.09428223 0.13575916 0.22450943 0.24030091 0.20202650 
358.00000000 0.04664755 0.05678467 0.09459513 0.13564502 0.22398594 0.24044395 0.20189774 
359.00000000 0.04714091 0.05660763 0.09491290 0.13552550 0.22344842 0.24058387 0.20178077 
360.00000000 0.04763209 0.05643802 0.09523554 0.13540066 0.22289909 0.24071887 0.20167573 
361.00000000 0.04811978 0.05627648 0.09556294 0.13527099 0.22233947 0.24084785 0.20158248 
362.00000000 0.04860257 0.05612390 0.09589466 0.13513768 0.22177041 0.24097018 0.20150060 
363.00000000 0.04907906 0.05598137 0.09622982 0.13500243 0.22119245 0.24108543 0.20142944 
364.00000000 0.04954791 0.05585003 0.09656726 0.13486682 0.22060626 0.24119313 0.20136859 
365.00000000 0.05000784 0.05573095 0.09690578 0.13473156 0.22001291 0.24129281 0.20131813 
366.00000000 0.05045757 0.05562503 0.09724443 0.13459604 0.21941396 0.24138411 0.20127885 
367.00000000 0.05089581 0.05553304 0.09758266 0.13445850 0.21881132 0.24146676 0.20125191 
368.00000000 0.05132125 0.05545563 0.09792026 0.13431691 0.21820716 0.24154041 0.20123836 
369.00000000 0.05173276 0.05539329 0.09825721 0.13416995 0.21760373 0.24160432 0.20123873 
370.00000000 0.05212939 0.05534629 0.09859355 0.13401771 0.21700330 0.24165705 0.20125271 
371.00000000 0.05251040 0.05531456 0.09892940 0.13386181 0.21640813 0.24169646 0.20127924 
372.00000000 0.05287522 0.05529778 0.09926492 0.13370503 0.21582034 0.24172000 0.20131671 
373.00000000 0.05322337 0.05529544 0.09960034 0.13355062 0.21524177 0.24172531 0.20136315 
374.00000000 0.05355442 0.05530699 0.09993584 0.13340179 0.21467381 0.24171077 0.20141638 
375.00000000 0.05386807 0.05533194 0.10027141 0.13326140 0.21411732 0.24167587 0.20147398 
376.00000000 0.05416417 0.05536982 0.10060670 0.13313196 0.21357254 0.24162131 0.20153350 
377.00000000 0.05444276 0.05542013 0.10094108 0.13301553 0.21303929 0.24154867 0.20159255 
378.00000000 0.05470402 0.05548216 0.10127380 0.13291365 0.21251722 0.24146008 0.20164907 
379.00000000 0.05494822 0.05555502 0.10160431 0.13282704 0.21200619 0.24135774 0.20170148 
380.00000000 0.05517555 0.05563762 0.10193246 0.13275547 0.21150660 0.24124371 0.20174860 
381.00000000 0.05538617 0.05572884 0.10225849 0.13269803 0.21101932 0.24111973 0.20178941 
382.00000000 0.05558023 0.05582760 0.10258282 0.13265379 0.21054541 0.24098736 0.20182280 
383.00000000 0.05575800 0.05593293 0.10290563 0.13262262 0.21008552 0.24084802 0.20184727 
384.00000000 0.05591993 0.05604404 0.10322665 0.13260576 0.20963962 0.24070306 0.20186094 
385.00000000 0.05606664 0.05616032 0.10354509 0.13260569 0.20920702 0.24055374 0.20186150 
386.00000000 0.05619884 0.05628146 0.10385984 0.13262553 0.20878694 0.24040111 0.20184628 
387.00000000 0.05631725 0.05640741 0.10416977 0.13266816 0.20837908 0.24024607 0.20181226 
388.00000000 0.05642258 0.05653838 0.10447401 0.13273553 0.20798405 0.24008934 0.20175610 
389.00000000 0.05651557 0.05667466 0.10477203 0.13282856 0.20760328 0.23993154 0.20167437 
390.00000000 0.05659704 0.05681644 0.10506361 0.13294741 0.20723848 0.23977314 0.20156388 
391.00000000 0.05666791 0.05696373 0.10534875 0.13309195 0.20689107 0.23961439 0.20142220 
392.00000000 0.05672908 0.05711629 0.10562756 0.13326202 0.20656191 0.23945515 0.20124798 
393.00000000 0.05678135 0.05727376 0.10590021 0.13345745 0.20625145 0.23929486 0.20104092 
394.00000000 0.05682529 0.05743584 0.10616686 0.13367781 0.20596012 0.23913249 0.20080160 
395.00000000 0.05686128 0.05760238 0.10642760 0.13392238 0.20568865 0.23896678 0.20053094 
396.00000000 0.05688951 0.05777343 0.10668240 0.13419037 0.20543782 0.23879646 0.20022999 
397.00000000 0.05691015 0.05794925 0.10693097 0.13448133 0.20520788 0.23862063 0.19989978 
398.00000000 0.05692331 0.05813020 0.10717276 0.13479545 0.20499784 0.23843901 0.19954145 
399.00000000 0.05692903 0.05831674 0.10740702 0.13513365 0.20480521 0.23825211 0.19915624 
400.00000000 0.05692726 0.05850948 0.10763305 0.13549716 0.20462634 0.23806127 0.19874544 
401.00000000 0.05691778 0.05870915 0.10785043 0.13588692 0.20445710 0.23786863 0.19830998 
402.00000000 0.05690029 0.05891657 0.10805919 0.13630310 0.20429361 0.23767700 0.19785023 
403.00000000 0.05687449 0.05913258 0.10825993 0.13674491 0.20413258 0.23748957 0.19736594 
404.00000000 0.05684024 0.05935789 0.10845368 0.13721092 0.20397121 0.23730949 0.19685657 
405.00000000 0.05679750 0.05959306 0.10864170 0.13769969 0.20380679 0.23713934 0.19632191 
406.00000000 0.05674632 0.05983850 0.10882524 0.13821033 0.20363659 0.23698051 0.19576250 
407.00000000 0.05668672 0.06009459 0.10900536 0.13874267 0.20345807 0.23683273 0.19517986 
408.00000000 0.05661859 0.06036168 0.10918287 0.13929715 0.20326945 0.23669392 0.19457633 
409.00000000 0.05654173 0.06064019 0.10935845 0.13987437 0.20307012 0.23656044 0.19395470 
410.00000000 0.05645588 0.06093045 0.10953282 0.14047473 0.20286059 0.23642772 0.19331781 
411.00000000 0.05636085 0.06123267 0.10970688 0.14109839 0.20264178 0.23629109 0.19266833 
412.00000000 0.05625656 0.06154678 0.10988171 0.14174541 0.20241410 0.23614663 0.19200881 
413.00000000 0.05614301 0.06187246 0.11005849 0.14241603 0.20217657 0.23599168 0.19134175 
414.00000000 0.05602032 0.06220918 0.11023836 0.14311067 0.20192672 0.23582512 0.19066963 
415.00000000 0.05588863 0.06255628 0.11042234 0.14382969 0.20166106 0.23564724 0.18999477 
416.00000000 0.05574825 0.06291296 0.11061138 0.14457287 0.20137595 0.23545947 0.18931911 
417.00000000 0.05559970 0.06327825 0.11080647 0.14533907 0.20106841 0.23526403 0.18864407 
418.00000000 0.05544389 0.06365086 0.11100868 0.14612628 0.20073637 0.23506340 0.18797052 
419.00000000 0.05528208 0.06402921 0.11121920 0.14693209 0.20037843 0.23485991 0.18729908 
420.00000000 0.05511579 0.06441147 0.11143917 0.14775444 0.19999348 0.23465523 0.18663042 
421.00000000 0.05494661 0.06479571 0.11166956 0.14859212 0.19958048 0.23444998 0.18596554 
422.00000000 0.05477599 0.06518010 0.11191119 0.14944481 0.19913863 0.23424350 0.18530578 
423.00000000 0.05460516 0.06556299 0.11216478 0.15031257 0.19866785 0.23403405 0.18465261 
424.00000000 0.05443510 0.06594287 0.11243120 0.15119511 0.19816913 0.23381924 0.18400735 
425.00000000 0.05426675 0.06631826 0.11271147 0.15209111 0.19764473 0.23359673 0.18337094 
426.00000000 0.05410100 0.06668762 0.11300675 0.15299809 0.19709789 0.23336470 0.18274395 
427.00000000 0.05393883 0.06704933 0.11331812 0.15391267 0.19653240 0.23312196 0.18212671 
428.00000000 0.05378117 0.06740175 0.11364638 0.15483119 0.19595226 0.23286756 0.18151968 
429.00000000 0.05362895 0.06774335 0.11399206 0.15575014 0.19536162 0.23260017 0.18092371 
430.00000000 0.05348304 0.06807270 0.11435554 0.15666622 0.19476492 0.23231748 0.18034009 
431.00000000 0.05334431 0.06838846 0.11473731 0.15757622 0.19416705 0.23201607 0.17977058 
432.00000000 0.05321373 0.06868922 0.11513807 0.15847668 0.19357330 0.23169183 0.17921718 
433.00000000 0.05309233 0.06897355 0.11555879 0.15936385 0.19298870 0.23134071 0.17868207 
434.00000000 0.05298116 0.06924000 0.11600050 0.16023392 0.19241736 0.23095959 0.17816746 
435.00000000 0.05288120 0.06948735 0.11646407 0.16108334 0.19186167 0.23054679 0.17767557 
436.00000000 0.05279322 0.06971470 0.11695001 0.16190915 0.19132210 0.23010229 0.17720852 
437.00000000 0.05271780 0.06992160 0.11745839 0.16270891 0.19079753 0.22962753 0.17676826 
438.00000000 0.05265541 0.07010785 0.11798885 0.16348027 0.19028606 0.22912507 0.17635649 
439.00000000 0.05260651 0.07027335 0.11854075 0.16422049 0.18978604 0.22859816 0.17597471 
440.00000000 0.05257167 0.07041790 0.11911321 0.16492602 0.18929674 0.22805027 0.17562418 
441.00000000 0.05255150 0.07054124 0.11970514 0.16559271 0.18881847 0.22748486 0.17530608 
442.00000000 0.05254663 0.07064314 0.12031518 0.16621649 0.18835213 0.22690504 0.17502138 
443.00000000 0.05255754 0.07072364 0.12094175 0.16679429 0.18789847 0.22631341 0.17477089 
444.00000000 0.05258453 0.07078311 0.12158313 0.16732465 0.18745751 0.22571197 0.17455509 
445.00000000 0.05262775 0.07082218 0.12223759 0.16780788 0.18702836 0.22510207 0.17437417 
446.00000000 0.05268728 0.07084157 0.12290361 0.16824547 0.18660937 0.22448470 0.17422800 
447.00000000 0.05276325 0.07084191 0.12357983 0.16863935 0.18619854 0.22386084 0.17411628 
448.00000000 0.05285581 0.07082377 0.12426498 0.16899115 0.18579385 0.22323188 0.17403856 
449.00000000 0.05296510 0.07078773 0.12495765 0.16930202 0.18539348 0.22259987 0.17399415 
450.00000000 0.05309116 0.07073454 0.12565612 0.16957259 0.18499595 0.22196750 0.17398215 
451.00000000 0.05323395 0.07066515 0.12635833 0.16980327 0.18460023 0.22133772 0.17400136 
452.00000000 0.05339339 0.07058066 0.12706200 0.16999421 0.18420606 0.22071310 0.17405058 
453.00000000 0.05356943 0.07048215 0.12776495 0.17014518 0.18381417 0.22009529 0.17412883 
454.00000000 0.05376211 0.07037057 0.12846532 0.17025532 0.18342639 0.21948471 0.17423558 
455.00000000 0.05397153 0.07024669 0.12916176 0.17032313 0.18304541 0.21888074 0.17437073 
456.00000000 0.05419776 0.07011128 0.12985330 0.17034698 0.18267418 0.21828223 0.17453427 
457.00000000 0.05444072 0.06996522 0.13053914 0.17032590 0.18231507 0.21768819 0.17472576 
458.00000000 0.05470021 0.06980956 0.13121830 0.17026035 0.18196924 0.21709825 0.17494409 
459.00000000 0.05497596 0.06964550 0.13188945 0.17015247 0.18163648 0.21651280 0.17518734 
460.00000000 0.05526771 0.06947420 0.13255093 0.17000573 0.18131557 0.21593274 0.17545313 
461.00000000 0.05557525 0.06929667 0.13320091 0.16982384 0.18100516 0.21535919 0.17573899 
462.00000000 0.05589840 0.06911361 0.13383765 0.16960982 0.18070457 0.21479324 0.17604271 
463.00000000 0.05623691 0.06892550 0.13445957 0.16936544 0.18041435 0.21423591 0.17636232 
464.00000000 0.05659047 0.06873261 0.13506526 0.16909129 0.18013621 0.21368839 0.17669577 
465.00000000 0.05695868 0.06853501 0.13565341 0.16878753 0.17987256 0.21315215 0.17704065 
466.00000000 0.05734118 0.06833261 0.13622284 0.16845459 0.17962588 0.21262891 0.17739398 
467.00000000 0.05773767 0.06812514 0.13677252 0.16809370 0.17939832 0.21212027 0.17775238 
468.00000000 0.05814797 0.06791220 0.13730169 0.16770690 0.17919155 0.21162724 0.17811244 
469.00000000 0.05857189 0.06769339 0.13780982 0.16729680 0.17900691 0.21115008 0.17847110 
470.00000000 0.05900911 0.06746851 0.13829655 0.16686624 0.17884538 0.21068841 0.17882580 
471.00000000 0.05945909 0.06723765 0.13876143 0.16641822 0.17870747 0.21024171 0.17917443 
472.00000000 0.05992104 0.06700127 0.13920386 0.16595587 0.17859289 0.20980982 0.17951525 
473.00000000 0.06039397 0.06676006 0.13962310 0.16548248 0.17850042 0.20939309 0.17984688 
474.00000000 0.06087678 0.06651486 0.14001845 0.16500132 0.17842803 0.20899218 0.18016837 
475.00000000 0.06136833 0.06626649 0.14038946 0.16451523 0.17837361 0.20860743 0.18047946 
476.00000000 0.06186739 0.06601571 0.14073601 0.16402616 0.17833579 0.20823831 0.18078063 
477.00000000 0.06237264 0.06576319 0.14105838 0.16353512 0.17831454 0.20788319 0.18107295 
478.00000000 0.06288270 0.06550947 0.14135706 0.16304242 0.17831117 0.20753960 0.18135757 
479.00000000 0.06339612 0.06525497 0.14163268 0.16254854 0.17832776 0.20720474 0.18163519 
480.00000000 0.06391147 0.06499999 0.14188587 0.16205497 0.17836618 0.20687590 0.18190563 
481.00000000 0.06442744 0.06474476 0.14211727 0.16156481 0.17842726 0.20655058 0.18216788 
482.00000000 0.06494283 0.06448956 0.14232752 0.16108275 0.17851057 0.20622630 0.18242047 
483.00000000 0.06545652 0.06423477 0.14251720 0.16061450 0.17861478 0.20590036 0.18266187 
484.00000000 0.06596735 0.06398095 0.14268683 0.16016577 0.17873824 0.20556996 0.18289089 
485.00000000 0.06647408 0.06372884 0.14283679 0.15974128 0.17887954 0.20523275 0.18310673 
486.00000000 0.06697530 0.06347929 0.14296732 0.15934413 0.17903753 0.20488763 0.18330881 
487.00000000 0.06746950 0.06323325 0.14307857 0.15897568 0.17921107 0.20453535 0.18349658 
488.00000000 0.06795507 0.06299174 0.14317066 0.15863579 0.17939874 0.20417849 0.18366950 
489.00000000 0.06843044 0.06275593 0.14324375 0.15832336 0.17959873 0.20382073 0.18382707 
490.00000000 0.06889410 0.06252703 0.14329801 0.15803683 0.17980918 0.20346584 0.18396900 
491.00000000 0.06934475 0.06230633 0.14333363 0.15777469 0.18002864 0.20311673 0.18409523 
492.00000000 0.06978125 0.06209504 0.14335074 0.15753585 0.18025631 0.20277505 0.18420575 
493.00000000 0.07020264 0.06189434 0.14334937 0.15731999 0.18049189 0.20244133 0.18430044 
494.00000000 0.07060802 0.06170540 0.14332944 0.15712781 0.18073500 0.20211542 0.18437891 
495.00000000 0.07099645 0.06152945 0.14329084 0.15696108 0.18098463 0.20179686 0.18444068 
496.00000000 0.07136687 0.06136796 0.14323345 0.15682245 0.18123876 0.20148505 0.18448547 
497.00000000 0.07171814 0.06122254 0.14315711 0.15671496 0.18149464 0.20117908 0.18451352 
498.00000000 0.07204910 0.06109489 0.14306163 0.15664143 0.18174940 0.20087778 0.18452578 
499.00000000 0.07235862 0.06098665 0.14294665 0.15660388 0.18200059 0.20057984 0.18452377 
500.00000000 0.07264576 0.06089924 0.14281167 0.15660311 0.18224663 0.20028433 0.18450925 
501.00000000 0.07290981 0.06083382 0.14265606 0.15663873 0.18248667 0.19999106 0.18448385 
502.00000000 0.07315036 0.06079118 0.14247913 0.15670950 0.18272033 0.19970070 0.18444880 
503.00000000 0.07336736 0.06077171 0.14228029 0.15681397 0.18294750 0.19941438 0.18440479 
504.00000000 0.07356115 0.06077528 0.14205922 0.15695117 0.18316819 0.19913291 0.18435209 
505.00000000 0.07373248 0.06080122 0.14181600 0.15712098 0.18338274 0.19885606 0.18429051 
506.00000000 0.07388232 0.06084843 0.14155121 0.15732425 0.18359189 0.19858243 0.18421948 
507.00000000 0.07401169 0.06091556 0.14126596 0.15756239 0.18379657 0.19830985 0.18413797 
508.00000000 0.07412139 0.06100142 0.14096194 0.15783673 0.18399750 0.19803633 0.18404469 
509.00000000 0.07421180 0.06110522 0.14064131 0.15814782 0.18419464 0.19776090 0.18393830 
510.00000000 0.07428288 0.06122669 0.14030667 0.15849499 0.18438691 0.19748404 0.18381781 
511.00000000 0.07433433 0.06136600 0.13996081 0.15887633 0.18457228 0.19720745 0.18368280 
512.00000000 0.07436588 0.06152347 0.13960637 0.15928889 0.18474830 0.19693354 0.18353355 
513.00000000 0.07437763 0.06169927 0.13924562 0.15972913 0.18491271 0.19666480 0.18337085 
514.00000000 0.07437019 0.06189323 0.13888021 0.16019306 0.18506402 0.19640342 0.18319586 
515.00000000 0.07434477 0.06210474 0.13851130 0.16067636 0.18520171 0.19615121 0.18300992 
516.00000000 0.07430296 0.06233286 0.13813969 0.16117433 0.18532618 0.19590948 0.18281449 
517.00000000 0.07424659 0.06257646 0.13776607 0.16168215 0.18543851 0.19567903 0.18261119 
518.00000000 0.07417746 0.06283432 0.13739108 0.16219537 0.18554011 0.19545987 0.18240179 
519.00000000 0.07409726 0.06310517 0.13701529 0.16271067 0.18563245 0.19525112 0.18218804 
520.00000000 0.07400749 0.06338776 0.13663910 0.16322630 0.18571685 0.19505108 0.18197142 
521.00000000 0.07390948 0.06368089 0.13626270 0.16374209 0.18579426 0.19485765 0.18175295 
522.00000000 0.07380424 0.06398354 0.13588625 0.16425881 0.18586520 0.19466895 0.18153301 
523.00000000 0.07369246 0.06429507 0.13551005 0.16477722 0.18592988 0.19448383 0.18131149 
524.00000000 0.07357449 0.06461521 0.13513473 0.16529740 0.18598831 0.19430189 0.18108796 
525.00000000 0.07345043 0.06494405 0.13476128 0.16581860 0.18604059 0.19412312 0.18086193 
526.00000000 0.07332036 0.06528172 0.13439090 0.16633966 0.18608711 0.19394726 0.18063299 
527.00000000 0.07318461 0.06562821 0.13402481 0.16685954 0.18612860 0.19377324 0.18040100 
528.00000000 0.07304382 0.06598320 0.13366408 0.16737765 0.18616600 0.19359915 0.18016611 
529.00000000 0.07289894 0.06634611 0.13330958 0.16789365 0.18620028 0.19342260 0.17992884 
530.00000000 0.07275104 0.06671631 0.13296204 0.16840697 0.18623219 0.19324135 0.17969010 
531.00000000 0.07260096 0.06709335 0.13262206 0.16891657 0.18626203 0.19305388 0.17945115 
532.00000000 0.07244917 0.06747707 0.13229019 0.16942100 0.18628943 0.19285965 0.17921349 
533.00000000 0.07229567 0.06786769 0.13196674 0.16991908 0.18631311 0.19265907 0.17897866 
534.00000000 0.07214003 0.06826562 0.13165174 0.17041043 0.18633082 0.19245336 0.17874799 
535.00000000 0.07198163 0.06867139 0.13134493 0.17089577 0.18633960 0.19224428 0.17852240 
536.00000000 0.07181970 0.06908546 0.13104579 0.17137658 0.18633631 0.19203394 0.17830222 
537.00000000 0.07165352 0.06950818 0.13075387 0.17185433 0.18631839 0.19182455 0.17808716 
538.00000000 0.07148237 0.06993978 0.13046900 0.17232978 0.18628450 0.19161823 0.17787635 
539.00000000 0.07130556 0.07038027 0.13019151 0.17280261 0.18623465 0.19141682 0.17766858 
540.00000000 0.07112241 0.07082948 0.12992224 0.17327155 0.18616990 0.19122182 0.17746261 
541.00000000 0.07093236 0.07128694 0.12966235 0.17373496 0.18609170 0.19103431 0.17725738 
542.00000000 0.07073503 0.07175190 0.12941309 0.17419145 0.18600125 0.19085503 0.17705226 
543.00000000 0.07053031 0.07222327 0.12917557 0.17464018 0.18589928 0.19068440 0.17684699 
544.00000000 0.07031838 0.07269975 0.12895075 0.17508094 0.18578617 0.19052254 0.17664147 
545.00000000 0.07009963 0.07317995 0.12873947 0.17551379 0.18566235 0.19036931 0.17643551 
546.00000000 0.06987445 0.07366254 0.12854267 0.17593876 0.18552860 0.19022444 0.17622855 
547.00000000 0.06964312 0.07414639 0.12836148 0.17635561 0.18538618 0.19008759 0.17601964 
548.00000000 0.06940574 0.07463060 0.12819726 0.17676369 0.18523664 0.18995853 0.17580755 
549.00000000 0.06916231 0.07511435 0.12805155 0.17716190 0.18508167 0.18983711 0.17559111 
550.00000000 0.06891297 0.07559675 0.12792587 0.17754869 0.18492293 0.18972329 0.17536950 
551.00000000 0.06865811 0.07607665 0.12782155 0.17792196 0.18476220 0.18961697 0.17514256 
552.00000000 0.06839850 0.07655263 0.12773961 0.17827904 0.18460140 0.18951790 0.17491092 
553.00000000 0.06813515 0.07702303 0.12768073 0.17861680 0.18444265 0.18942566 0.17467597 
554.00000000 0.06786921 0.07748621 0.12764524 0.17893202 0.18428793 0.18933971 0.17443967 
555.00000000 0.06760184 0.07794065 0.12763314 0.17922190 0.18413858 0.18925962 0.17420427 
556.00000000 0.06733416 0.07838506 0.12764409 0.17948464 0.18399493 0.18918511 0.17397201 
557.00000000 0.06706740 0.07881826 0.12767746 0.17971972 0.18385618 0.18911611 0.17374487 
558.00000000 0.06680293 0.07923912 0.12773246 0.17992768 0.18372080 0.18905259 0.17352442 
559.00000000 0.06654229 0.07964645 0.12780831 0.18010962 0.18358722 0.18899440 0.17331171 
560.00000000 0.06628706 0.08003903 0.12790451 0.18026645 0.18345453 0.18894117 0.17310726 
561.00000000 0.06603865 0.08041575 0.12802100 0.18039832 0.18332289 0.18889228 0.17291111 
562.00000000 0.06579819 0.08077574 0.12815820 0.18050429 0.18319356 0.18884707 0.17272295 
563.00000000 0.06556654 0.08111838 0.12831685 0.18058240 0.18306852 0.18880488 0.17254244 
564.00000000 0.06534441 0.08144322 0.12849770 0.18063011 0.18294995 0.18876508 0.17236953 
565.00000000 0.06513261 0.08174976 0.12870120 0.18064479 0.18283981 0.18872699 0.17220484 
566.00000000 0.06493217 0.08203730 0.12892728 0.18062423 0.18273970 0.18868959 0.17204973 
567.00000000 0.06474444 0.08230489 0.12917535 0.18056695 0.18265081 0.18865146 0.17190610 
568.00000000 0.06457094 0.08255144 0.12944445 0.18047232 0.18257400 0.18861078 0.17177606 
569.00000000 0.06441327 0.08277593 0.12973339 0.18034053 0.18250982 0.18856572 0.17166133 
570.00000000 0.06427291 0.08297763 0.13004099 0.18017242 0.18245827 0.18851486 0.17156292 
571.00000000 0.06415122 0.08315609 0.13036611 0.17996922 0.18241872 0.18845760 0.17148103 
572.00000000 0.06404949 0.08331107 0.13070772 0.17973219 0.18238979 0.18839435 0.17141539 
573.00000000 0.06396902 0.08344234 0.13106496 0.17946222 0.18236953 0.18832629 0.17136565 
574.00000000 0.06391114 0.08354957 0.13143727 0.17915953 0.18235581 0.18825494 0.17133175 
575.00000000 0.06387720 0.08363237 0.13182439 0.17882362 0.18234675 0.18818168 0.17131399 
576.00000000 0.06386842 0.08369046 0.13222635 0.17845346 0.18234101 0.18810746 0.17131284 
577.00000000 0.06388584 0.08372388 0.13264320 0.17804803 0.18233774 0.18803275 0.17132855 
578.00000000 0.06393019 0.08373307 0.13307479 0.17760697 0.18233633 0.18795764 0.17136100 
579.00000000 0.06400207 0.08371879 0.13352053 0.17713103 0.18233602 0.18788193 0.17140964 
580.00000000 0.06410196 0.08368186 0.13397933 0.17662244 0.18233572 0.18780498 0.17147370 
581.00000000 0.06423042 0.08362301 0.13444974 0.17608472 0.18233404 0.18772566 0.17155241 
582.00000000 0.06438796 0.08354285 0.13493000 0.17552248 0.18232954 0.18764213 0.17164505 
583.00000000 0.06457501 0.08344198 0.13541823 0.17494095 0.18232108 0.18755199 0.17175076 
584.00000000 0.06479175 0.08332124 0.13591242 0.17434557 0.18230800 0.18745257 0.17186844 
585.00000000 0.06503802 0.08318187 0.13641046 0.17374149 0.18229014 0.18734140 0.17199661 
586.00000000 0.06531338 0.08302542 0.13691022 0.17313297 0.18226777 0.18721657 0.17213368 
587.00000000 0.06561719 0.08285359 0.13740970 0.17252285 0.18224146 0.18707689 0.17227831 
588.00000000 0.06594880 0.08266801 0.13790722 0.17191228 0.18221213 0.18692172 0.17242984 
589.00000000 0.06630765 0.08247005 0.13840142 0.17130078 0.18218097 0.18675067 0.17258846 
590.00000000 0.06669329 0.08226084 0.13889119 0.17068689 0.18214948 0.18656326 0.17275505 
591.00000000 0.06710534 0.08204133 0.13937551 0.17006895 0.18211926 0.18635882 0.17293080 
592.00000000 0.06754330 0.08181238 0.13985335 0.16944596 0.18209175 0.18613652 0.17311674 
593.00000000 0.06800649 0.08157485 0.14032375 0.16881792 0.18206783 0.18589565 0.17331351 
594.00000000 0.06849404 0.08132945 0.14078599 0.16818577 0.18204753 0.18563576 0.17352146 
595.00000000 0.06900496 0.08107673 0.14123975 0.16755098 0.18202993 0.18535689 0.17374076 
596.00000000 0.06953815 0.08081706 0.14168519 0.16691516 0.18201326 0.18505958 0.17397159 
597.00000000 0.07009250 0.08055071 0.14212281 0.16627987 0.18199520 0.18474488 0.17421403 
598.00000000 0.07066674 0.08027801 0.14255328 0.16564668 0.18197333 0.18441426 0.17446770 
599.00000000 0.07125943 0.07999947 0.14297724 0.16501736 0.18194545 0.18406949 0.17473156 
600.00000000 0.07186885 0.07971582 0.14339523 0.16439400 0.18190978 0.18371260 0.17500373 
601.00000000 0.07249308 0.07942790 0.14380770 0.16377899 0.18186481 0.18334577 0.17528175 
602.00000000 0.07313016 0.07913657 0.14421503 0.16317505 0.18180904 0.18297122 0.17556294 
603.00000000 0.07377819 0.07884257 0.14461737 0.16258544 0.18174051 0.18259114 0.17584477 
604.00000000 0.07443544 0.07854648 0.14501456 0.16201422 0.18165666 0.18220758 0.17612506 
605.00000000 0.07510033 0.07824870 0.14540593 0.16146639 0.18155436 0.18182239 0.17640190 
606.00000000 0.07577129 0.07794956 0.14579027 0.16094775 0.18143038 0.18143721 0.17667353 
607.00000000 0.07644669 0.07764939 0.14616596 0.16046425 0.18128197 0.18105354 0.17693820 
608.00000000 0.07712480 0.07734861 0.14653114 0.16002109 0.18110729 0.18067280 0.17719427 
609.00000000 0.07780379 0.07704780 0.14688402 0.15962197 0.18090550 0.18029653 0.17744039 
610.00000000 0.07848183 0.07674774 0.14722303 0.15926878 0.18067653 0.17992645 0.17767564 
611.00000000 0.07915714 0.07644934 0.14754699 0.15896189 0.18042057 0.17956449 0.17789958 
612.00000000 0.07982799 0.07615359 0.14785512 0.15870082 0.18013770 0.17921266 0.17811212 
613.00000000 0.08049272 0.07586147 0.14814703 0.15848499 0.17982776 0.17887276 0.17831327 
614.00000000 0.08114973 0.07557393 0.14842262 0.15831423 0.17949040 0.17854608 0.17850300 
615.00000000 0.08179747 0.07529193 0.14868199 0.15818909 0.17912522 0.17823305 0.17868124 
616.00000000 0.08243455 0.07501648 0.14892524 0.15811076 0.17873176 0.17793325 0.17884795 
617.00000000 0.08305979 0.07474867 0.14915232 0.15808093 0.17830949 0.17764548 0.17900332 
618.00000000 0.08367222 0.07448963 0.14936290 0.15810151 0.17785780 0.17736817 0.17914777 
619.00000000 0.08427113 0.07424045 0.14955641 0.15817435 0.17737620 0.17709976 0.17928170 
620.00000000 0.08485593 0.07400205 0.14973220 0.15830096 0.17686472 0.17683896 0.17940518 
621.00000000 0.08542609 0.07377512 0.14988976 0.15848226 0.17632416 0.17658491 0.17951769 
622.00000000 0.08598097 0.07356021 0.15002904 0.15871842 0.17575606 0.17633722 0.17961808 
623.00000000 0.08651979 0.07335773 0.15015053 0.15900882 0.17516227 0.17609595 0.17970491 
624.00000000 0.08704157 0.07316803 0.15025544 0.15935219 0.17454428 0.17586162 0.17977687 
625.00000000 0.08754515 0.07299143 0.15034556 0.15974666 0.17390284 0.17563517 0.17983318 
626.00000000 0.08802931 0.07282812 0.15042319 0.16018998 0.17323790 0.17541777 0.17987373 
627.00000000 0.08849279 0.07267814 0.15049093 0.16067952 0.17254920 0.17521048 0.17989894 
628.00000000 0.08893450 0.07254136 0.15055139 0.16121233 0.17183700 0.17501385 0.17990958 
629.00000000 0.08935358 0.07241756 0.15060697 0.16178515 0.17110265 0.17482752 0.17990657 
630.00000000 0.08974954 0.07230647 0.15065966 0.16239444 0.17034884 0.17465011 0.17989094 
631.00000000 0.09012226 0.07220787 0.15071089 0.16303643 0.16957937 0.17447936 0.17986382 
632.00000000 0.09047193 0.07212161 0.15076173 0.16370706 0.16879875 0.17431244 0.17982648 
633.00000000 0.09079898 0.07204752 0.15081308 0.16440192 0.16801196 0.17414632 0.17978022 
634.00000000 0.09110396 0.07198536 0.15086597 0.16511605 0.16722431 0.17397800 0.17972636 
635.00000000 0.09138739 0.07193475 0.15092178 0.16584387 0.16644144 0.17380467 0.17966610 
636.00000000 0.09164969 0.07189529 0.15098229 0.16657912 0.16566916 0.17362374 0.17960071 
637.00000000 0.09189111 0.07186664 0.15104951 0.16731501 0.16491315 0.17343295 0.17953163 
638.00000000 0.09211169 0.07184869 0.15112557 0.16804439 0.16417866 0.17323040 0.17946061 
639.00000000 0.09231129 0.07184164 0.15121253 0.16875990 0.16347037 0.17301458 0.17938968 
640.00000000 0.09248972 0.07184597 0.15131230 0.16945406 0.16279253 0.17278441 0.17932102 
641.00000000 0.09264692 0.07186226 0.15142655 0.17011927 0.16214933 0.17253899 0.17925667 
642.00000000 0.09278314 0.07189111 0.15155670 0.17074804 0.16154522 0.17227745 0.17919834 
643.00000000 0.09289908 0.07193297 0.15170382 0.17133316 0.16098493 0.17199873 0.17914730 
644.00000000 0.09299586 0.07198815 0.15186867 0.17186815 0.16047304 0.17170166 0.17910448 
645.00000000 0.09307491 0.07205683 0.15205163 0.17234748 0.16001344 0.17138518 0.17907053 
646.00000000 0.09313778 0.07213911 0.15225288 0.17276678 0.15960887 0.17104865 0.17904594 
647.00000000 0.09318599 0.07223497 0.15247240 0.17312272 0.15926083 0.17069210 0.17903098 
648.00000000 0.09322096 0.07234426 0.15271006 0.17341281 0.15896991 0.17031623 0.17902576 
649.00000000 0.09324397 0.07246668 0.15296554 0.17363516 0.15873624 0.16992221 0.17903020 
650.00000000 0.09325622 0.07260184 0.15323816 0.17378840 0.15855981 0.16951142 0.17904415 
651.00000000 0.09325878 0.07274933 0.15352677 0.17387174 0.15844056 0.16908534 0.17906748 
652.00000000 0.09325255 0.07290882 0.15382977 0.17388515 0.15837817 0.16864550 0.17910004 
653.00000000 0.09323830 0.07308003 0.15414518 0.17382946 0.15837187 0.16819363 0.17914154 
654.00000000 0.09321661 0.07326272 0.15447090 0.17370639 0.15842038 0.16773160 0.17919140 
655.00000000 0.09318808 0.07345657 0.15480490 0.17351846 0.15852189 0.16726143 0.17924866 
656.00000000 0.09315336 0.07366111 0.15514540 0.17326873 0.15867417 0.16678515 0.17931208 
657.00000000 0.09311331 0.07387574 0.15549081 0.17296063 0.15887459 0.16630470 0.17938023 
658.00000000 0.09306888 0.07409980 0.15583973 0.17259786 0.15912000 0.16582202 0.17945171 
659.00000000 0.09302110 0.07433273 0.15619072 0.17218417 0.15940685 0.16533918 0.17952524 
660.00000000 0.09297086 0.07457416 0.15654229 0.17172327 0.15973125 0.16485852 0.17959965 
661.00000000 0.09291888 0.07482389 0.15689275 0.17121871 0.16008921 0.16438275 0.17967382 
662.00000000 0.09286571 0.07508185 0.15724022 0.17067382 0.16047692 0.16391487 0.17974662 
663.00000000 0.09281185 0.07534795 0.15758267 0.17009166 0.16089100 0.16345795 0.17981693 
664.00000000 0.09275783 0.07562196 0.15791802 0.16947512 0.16132851 0.16301494 0.17988363 
665.00000000 0.09270425 0.07590341 0.15824425 0.16882713 0.16178697 0.16258844 0.17994556 
666.00000000 0.09265171 0.07619163 0.15855961 0.16815083 0.16226418 0.16218059 0.18000145 
667.00000000 0.09260076 0.07648579 0.15886278 0.16744989 0.16275800 0.16179294 0.18004984 
668.00000000 0.09255180 0.07678496 0.15915303 0.16672865 0.16326620 0.16142633 0.18008903 
669.00000000 0.09250509 0.07708818 0.15943025 0.16599217 0.16378627 0.16108082 0.18011723 
670.00000000 0.09246077 0.07739452 0.15969480 0.16524606 0.16431546 0.16075563 0.18013276 
671.00000000 0.09241880 0.07770325 0.15994729 0.16449616 0.16485085 0.16044942 0.18013422 
672.00000000 0.09237892 0.07801400 0.16018826 0.16374816 0.16538954 0.16016052 0.18012061 
673.00000000 0.09234057 0.07832681 0.16041787 0.16300719 0.16592894 0.15988737 0.18009125 
674.00000000 0.09230290 0.07864217 0.16063571 0.16227777 0.16646698 0.15962876 0.18004570 
675.00000000 0.09226490 0.07896086 0.16084076 0.16156384 0.16700221 0.15938389 0.17998353 
676.00000000 0.09222558 0.07928368 0.16103142 0.16086898 0.16753373 0.15915235 0.17990425 
677.00000000 0.09218425 0.07961114 0.16120574 0.16019670 0.16806102 0.15893397 0.17980719 
678.00000000 0.09214060 0.07994329 0.16136156 0.15955066 0.16858363 0.15872881 0.17969145 
679.00000000 0.09209478 0.08027967 0.16149678 0.15893481 0.16910094 0.15853712 0.17955590 
680.00000000 0.09204718 0.08061945 0.16160946 0.15835350 0.16961188 0.15835933 0.17939920 
681.00000000 0.09199828 0.08096163 0.16169800 0.15781144 0.17011486 0.15819584 0.17921994 
682.00000000 0.09194850 0.08130519 0.16176118 0.15731361 0.17060785 0.15804681 0.17901687 
683.00000000 0.09189809 0.08164919 0.16179818 0.15686511 0.17108847 0.15791183 0.17878913 
684.00000000 0.09184722 0.08199273 0.16180854 0.15647077 0.17155436 0.15778981 0.17853657 
685.00000000 0.09179597 0.08233493 0.16179202 0.15613467 0.17200342 0.15767908 0.17825990 
686.00000000 0.09174437 0.08267497 0.16174844 0.15585978 0.17243407 0.15757762 0.17796075 
687.00000000 0.09169242 0.08301211 0.16167751 0.15564774 0.17284541 0.15748327 0.17764154 
688.00000000 0.09164010 0.08334573 0.16157876 0.15549900 0.17323727 0.15739391 0.17730523 
689.00000000 0.09158756 0.08367534 0.16145144 0.15541330 0.17360995 0.15730744 0.17695496 
690.00000000 0.09153521 0.08400038 0.16129471 0.15539016 0.17396393 0.15722183 0.17659378 
691.00000000 0.09148388 0.08432008 0.16110773 0.15542933 0.17429939 0.15713527 0.17622432 
692.00000000 0.09143485 0.08463336 0.16088993 0.15553091 0.17461577 0.15704649 0.17584869 
693.00000000 0.09138963 0.08493895 0.16064117 0.15569523 0.17491144 0.15695507 0.17546852 
694.00000000 0.09134969 0.08523565 0.16036182 0.15592256 0.17518359 0.15686161 0.17508507 
695.00000000 0.09131614 0.08552266 0.16005274 0.15621302 0.17542831 0.15676765 0.17469948 
696.00000000 0.09128955 0.08579973 0.15971513 0.15656661 0.17564082 0.15667530 0.17431287 
697.00000000 0.09126997 0.08606712 0.15935037 0.15698343 0.17581581 0.15658682 0.17392648 
698.00000000 0.09125716 0.08632539 0.15895983 0.15746382 0.17594799 0.15650408 0.17354174 
699.00000000 0.09125080 0.08657507 0.15854469 0.15800820 0.17603254 0.15642832 0.17316038 
700.00000000 0.09125077 0.08681647 0.15810586 0.15861685 0.17606555 0.15636000 0.17278450 
701.00000000 0.09125716 0.08704963 0.15764386 0.15928954 0.17604421 0.15629890 0.17241669 
702.00000000 0.09127036 0.08727441 0.15715887 0.16002539 0.17596675 0.15624429 0.17205993 
703.00000000 0.09129092 0.08749056 0.15665082 0.16082295 0.17583206 0.15619526 0.17171744 
704.00000000 0.09131952 0.08769777 0.15611958 0.16168041 0.17563929 0.15615105 0.17139238 
705.00000000 0.09135692 0.08789564 0.15556526 0.16259581 0.17538745 0.15611135 0.17108757 
706.00000000 0.09140388 0.08808359 0.15498843 0.16356695 0.17507532 0.15607661 0.17080522 
707.00000000 0.09146115 0.08826083 0.15439029 0.16459116 0.17470153 0.15604814 0.17054692 
708.00000000 0.09152932 0.08842645 0.15377268 0.16566501 0.17426480 0.15602809 0.17031365 
709.00000000 0.09160877 0.08857961 0.15313785 0.16678415 0.17376435 0.15601919 0.17010609 
710.00000000 0.09169954 0.08871967 0.15248827 0.16794333 0.17320008 0.15602430 0.16992482 
711.00000000 0.09180145 0.08884629 0.15182627 0.16913661 0.17257291 0.15604595 0.16977052 
712.00000000 0.09191417 0.08895936 0.15115390 0.17035758 0.17188486 0.15608605 0.16964408 
713.00000000 0.09203741 0.08905888 0.15047285 0.17159939 0.17113919 0.15614576 0.16954652 
714.00000000 0.09217105 0.08914483 0.14978458 0.17285471 0.17034038 0.15622547 0.16947897 
715.00000000 0.09231513 0.08921712 0.14909054 0.17411563 0.16949402 0.15632499 0.16944257 
716.00000000 0.09246971 0.08927565 0.14839234 0.17537390 0.16860648 0.15644361 0.16943831 
717.00000000 0.09263469 0.08932054 0.14769185 0.17662134 0.16768455 0.15658015 0.16946689 
718.00000000 0.09280954 0.08935224 0.14699124 0.17785057 0.16673496 0.15673304 0.16952841 
719.00000000 0.09299320 0.08937172 0.14629285 0.17905556 0.16576416 0.15690035 0.16962215 
720.00000000 0.09318404 0.08938041 0.14559919 0.18023189 0.16477816 0.15707987 0.16974644 
721.00000000 0.09338005 0.08938010 0.14491281 0.18137654 0.16378259 0.15726917 0.16989875 
722.00000000 0.09357906 0.08937267 0.14423631 0.18248735 0.16278287 0.15746564 0.17007611 
723.00000000 0.09377897 0.08935992 0.14357226 0.18356249 0.16178426 0.15766655 0.17027555 
724.00000000 0.09397795 0.08934341 0.14292315 0.18459998 0.16079192 0.15786897 0.17049462 
725.00000000 0.09417448 0.08932434 0.14229133 0.18559751 0.15981087 0.15806983 0.17073163 
726.00000000 0.09436743 0.08930359 0.14167903 0.18655234 0.15884600 0.15826596 0.17098566 
727.00000000 0.09455601 0.08928167 0.14108834 0.18746129 0.15790215 0.15845415 0.17125639 
728.00000000 0.09473985 0.08925880 0.14052138 0.18832070 0.15698418 0.15863133 0.17154377 
729.00000000 0.09491896 0.08923491 0.13998031 0.18912644 0.15609704 0.15879464 0.17184770 
730.00000000 0.09509369 0.08920981 0.13946735 0.18987420 0.15524567 0.15894152 0.17216777 
731.00000000 0.09526451 0.08918339 0.13898464 0.19055993 0.15443473 0.15906983 0.17250298 
732.00000000 0.09543178 0.08915590 0.13853401 0.19118041 0.15366835 0.15917788 0.17285167 
733.00000000 0.09559553 0.08912810 0.13811670 0.19173376 0.15294988 0.15926463 0.17321140 
734.00000000 0.09575541 0.08910126 0.13773318 0.19221954 0.15228180 0.15932974 0.17357906 
735.00000000 0.09591084 0.08907698 0.13738314 0.19263850 0.15166575 0.15937360 0.17395120 
736.00000000 0.09606124 0.08905685 0.13706565 0.19299196 0.15110268 0.15939730 0.17432432 
737.00000000 0.09620631 0.08904216 0.13677952 0.19328120 0.15059305 0.15940236 0.17469539 
738.00000000 0.09634608 0.08903377 0.13652362 0.19350701 0.15013690 0.15939049 0.17506214 
739.00000000 0.09648080 0.08903212 0.13629699 0.19366966 0.14973391 0.15936329 0.17542323 
740.00000000 0.09661078 0.08903741 0.13609897 0.19376914 0.14938338 0.15932216 0.17577815 
741.00000000 0.09673616 0.08904981 0.13592899 0.19380547 0.14908428 0.15926831 0.17612699 
742.00000000 0.09685688 0.08906948 0.13578653 0.19377892 0.14883518 0.15920290 0.17647011 
743.00000000 0.09697265 0.08909664 0.13567105 0.19368995 0.14863439 0.15912732 0.17680800 
744.00000000 0.09708314 0.08913142 0.13558202 0.19353912 0.14847989 0.15904330 0.17714111 
745.00000000 0.09718798 0.08917382 0.13551897 0.19332689 0.14836938 0.15895306 0.17746991 
746.00000000 0.09728678 0.08922365 0.13548150 0.19305364 0.14830031 0.15885934 0.17779478 
747.00000000 0.09737919 0.08928055 0.13546918 0.19271982 0.14826986 0.15876532 0.17811609 
748.00000000 0.09746486 0.08934397 0.13548150 0.19232619 0.14827501 0.15867441 0.17843407 
749.00000000 0.09754353 0.08941319 0.13551784 0.19187391 0.14831250 0.15859007 0.17874898 
750.00000000 0.09761519 0.08948719 0.13557762 0.19136454 0.14837881 0.15851548 0.17906116 
751.00000000 0.09768014 0.08956472 0.13566051 0.19079984 0.14847008 0.15845338 0.17937134 
752.00000000 0.09773900 0.08964422 0.13576656 0.19018154 0.14858208 0.15840589 0.17968070 
753.00000000 0.09779254 0.08972402 0.13589625 0.18951126 0.14871043 0.15837453 0.17999096 
754.00000000 0.09784148 0.08980252 0.13605023 0.18879060 0.14885089 0.15836020 0.18030408 
755.00000000 0.09788621 0.08987835 0.13622908 0.18802138 0.14899977 0.15836335 0.18062188 
756.00000000 0.09792673 0.08995044 0.13643304 0.18720584 0.14915430 0.15838400 0.18094566 
757.00000000 0.09796267 0.09001800 0.13666198 0.18634660 0.14931294 0.15842192 0.18127589 
758.00000000 0.09799347 0.09008032 0.13691556 0.18544647 0.14947537 0.15847666 0.18161215 
759.00000000 0.09801863 0.09013664 0.13719339 0.18450802 0.14964235 0.15854765 0.18195332 
760.00000000 0.09803791 0.09018605 0.13749512 0.18353340 0.14981546 0.15863422 0.18229783 
761.00000000 0.09805136 0.09022759 0.13782038 0.18252432 0.14999672 0.15873558 0.18264405 
762.00000000 0.09805930 0.09026036 0.13816856 0.18148239 0.15018821 0.15885083 0.18299035 
763.00000000 0.09806223 0.09028367 0.13853871 0.18040949 0.15039167 0.15897894 0.18333529 
764.00000000 0.09806074 0.09029709 0.13892962 0.17930820 0.15060813 0.15911878 0.18367745 
765.00000000 0.09805551 0.09030036 0.13933998 0.17818180 0.15083765 0.15926922 0.18401548 
766.00000000 0.09804731 0.09029337 0.13976865 0.17703405 0.15107942 0.15942919 0.18434801 
767.00000000 0.09803695 0.09027604 0.14021474 0.17586892 0.15133206 0.15959767 0.18467362 
768.00000000 0.09802519 0.09024844 0.14067750 0.17469025 0.15159426 0.15977356 0.18499081 
769.00000000 0.09801261 0.09021089 0.14115610 0.17350177 0.15186533 0.15995543 0.18529787 
770.00000000 0.09799945 0.09016418 0.14164936 0.17230721 0.15214552 0.16014138 0.18559290 
771.00000000 0.09798551 0.09010962 0.14215565 0.17111054 0.15243585 0.16032901 0.18587382 
772.00000000 0.09797021 0.09004910 0.14267280 0.16991605 0.15273768 0.16051559 0.18613857 
773.00000000 0.09795265 0.08998494 0.14319830 0.16872833 0.15305210 0.16069831 0.18638537 
774.00000000 0.09793181 0.08991971 0.14372933 0.16755199 0.15337964 0.16087452 0.18661299 
775.00000000 0.09790667 0.08985608 0.14426278 0.16639156 0.15372026 0.16104184 0.18682081 
776.00000000 0.09787633 0.08979660 0.14479524 0.16525129 0.15407369 0.16119809 0.18700875 
777.00000000 0.09784007 0.08974364 0.14532305 0.16413519 0.15443979 0.16134122 0.18717703 
778.00000000 0.09779737 0.08969922 0.14584244 0.16304707 0.15481868 0.16146934 0.18732587 
779.00000000 0.09774798 0.08966493 0.14634979 0.16199053 0.15521063 0.16158085 0.18745530 
780.00000000 0.09769188 0.08964191 0.14684194 0.16096880 0.15561565 0.16167471 0.18756512 
781.00000000 0.09762933 0.08963080 0.14731640 0.15998465 0.15603319 0.16175063 0.18765501 
782.00000000 0.09756085 0.08963176 0.14777143 0.15904022 0.15646199 0.16180907 0.18772468 
783.00000000 0.09748721 0.08964457 0.14820595 0.15813705 0.15690011 0.16185107 0.18777404 
784.00000000 0.09740935 0.08966874 0.14861945 0.15727623 0.15734510 0.16187787 0.18780325 
785.00000000 0.09732827 0.08970360 0.14901181 0.15645872 0.15779418 0.16189066 0.18781276 
786.00000000 0.09724497 0.08974840 0.14938320 0.15568539 0.15824448 0.16189039 0.18780317 
787.00000000 0.09716037 0.08980235 0.14973408 0.15495711 0.15869323 0.16187768 0.18777518 
788.00000000 0.09707537 0.08986453 0.15006506 0.15427454 0.15913814 0.16185293 0.18772943 
789.00000000 0.09699089 0.08993386 0.15037685 0.15363784 0.15957768 0.16181636 0.18766652 
790.00000000 0.09690799 0.09000903 0.15067008 0.15304653 0.16001146 0.16176801 0.18758690 
791.00000000 0.09682790 0.09008845 0.15094523 0.15249948 0.16044031 0.16170769 0.18749094 
792.00000000 0.09675202 0.09017037 0.15120257 0.15199510 0.16086600 0.16163493 0.18737901 
793.00000000 0.09668180 0.09025294 0.15144222 0.15153171 0.16129078 0.16154902 0.18725153 
794.00000000 0.09661860 0.09033437 0.15166426 0.15110784 0.16171675 0.16144914 0.18710905 
795.00000000 0.09656358 0.09041304 0.15186883 0.15072236 0.16214531 0.16133452 0.18695236 
796.00000000 0.09651769 0.09048753 0.15205628 0.15037432 0.16257706 0.16120462 0.18678250 
797.00000000 0.09648166 0.09055656 0.15222717 0.15006268 0.16301194 0.16105920 0.18660079 
798.00000000 0.09645612 0.09061901 0.15238234 0.14978604 0.16344948 0.16089834 0.18640867 
799.00000000 0.09644164 0.09067383 0.15252280 0.14954267 0.16388916 0.16072245 0.18620745 
800.00000000 0.09643873 0.09072009 0.15264969 0.14933062 0.16433049 0.16053222 0.18599814 
801.00000000 0.09644774 0.09075713 0.15276416 0.14914810 0.16477304 0.16032857 0.18578126 
802.00000000 0.09646876 0.09078456 0.15286728 0.14899364 0.16521633 0.16011259 0.18555684 
803.00000000 0.09650160 0.09080232 0.15295995 0.14886614 0.16565985 0.15988549 0.18532465 
804.00000000 0.09654582 0.09081061 0.15304292 0.14876471 0.16610302 0.15964853 0.18508440 
805.00000000 0.09660079 0.09080974 0.15311677 0.14868841 0.16654529 0.15940293 0.18483607 
806.00000000 0.09666582 0.09080001 0.15318198 0.14863614 0.16698617 0.15914986 0.18458002 
807.00000000 0.09674013 0.09078171 0.15323895 0.14860662 0.16742517 0.15889029 0.18431711 
808.00000000 0.09682293 0.09075511 0.15328806 0.14859855 0.16786173 0.15862497 0.18404865 
809.00000000 0.09691333 0.09072056 0.15332961 0.14861083 0.16829504 0.15835433 0.18377631 
810.00000000 0.09701045 0.09067852 0.15336388 0.14864260 0.16872406 0.15807851 0.18350199 
811.00000000 0.09711345 0.09062964 0.15339117 0.14869322 0.16914749 0.15779737 0.18322764 
812.00000000 0.09722165 0.09057468 0.15341188 0.14876226 0.16956378 0.15751067 0.18295508 
813.00000000 0.09733454 0.09051445 0.15342660 0.14884952 0.16997101 0.15721811 0.18268577 
814.00000000 0.09745173 0.09044979 0.15343622 0.14895522 0.17036682 0.15691953 0.18242070 
815.00000000 0.09757281 0.09038154 0.15344190 0.14908011 0.17074831 0.15661490 0.18216043 
816.00000000 0.09769723 0.09031066 0.15344501 0.14922552 0.17111214 0.15630428 0.18190517 
817.00000000 0.09782420 0.09023814 0.15344704 0.14939320 0.17145466 0.15598773 0.18165502 
818.00000000 0.09795272 0.09016510 0.15344953 0.14958494 0.17177234 0.15566528 0.18141009 
819.00000000 0.09808169 0.09009259 0.15345399 0.14980227 0.17206202 0.15533685 0.18117060 
820.00000000 0.09821006 0.09002154 0.15346190 0.15004621 0.17232119 0.15500229 0.18093681 
821.00000000 0.09833690 0.08995269 0.15347470 0.15031739 0.17254808 0.15466134 0.18070889 
822.00000000 0.09846144 0.08988656 0.15349370 0.15061630 0.17274172 0.15431351 0.18048677 
823.00000000 0.09858306 0.08982359 0.15351997 0.15094360 0.17290190 0.15395786 0.18027002 
824.00000000 0.09870127 0.08976416 0.15355419 0.15130028 0.17302925 0.15359297 0.18005788 
825.00000000 0.09881586 0.08970862 0.15359666 0.15168767 0.17312510 0.15321685 0.17984925 
826.00000000 0.09892684 0.08965725 0.15364737 0.15210722 0.17319132 0.15282721 0.17964278 
827.00000000 0.09903455 0.08961016 0.15370627 0.15256046 0.17322987 0.15242178 0.17943691 
828.00000000 0.09913951 0.08956726 0.15377350 0.15304888 0.17324232 0.15199865 0.17922989 
829.00000000 0.09924226 0.08952837 0.15384960 0.15357405 0.17322935 0.15155654 0.17901983 
830.00000000 0.09934308 0.08949336 0.15393554 0.15413767 0.17319050 0.15109503 0.17880481 
831.00000000 0.09944198 0.08946233 0.15403266 0.15474141 0.17312424 0.15061442 0.17858296 
832.00000000 0.09953862 0.08943561 0.15414244 0.15538671 0.17302825 0.15011571 0.17835265 
833.00000000 0.09963249 0.08941376 0.15426642 0.15607447 0.17289982 0.14960043 0.17811260 
834.00000000 0.09972298 0.08939739 0.15440616 0.15680482 0.17273615 0.14907061 0.17786190 
835.00000000 0.09980949 0.08938711 0.15456319 0.15757708 0.17253448 0.14852871 0.17759994 
836.00000000 0.09989131 0.08938351 0.15473905 0.15838988 0.17229228 0.14797766 0.17732631 
837.00000000 0.09996767 0.08938710 0.15493524 0.15924138 0.17200736 0.14742066 0.17704059 
838.00000000 0.10003768 0.08939832 0.15515313 0.16012945 0.17167822 0.14686099 0.17674220 
839.00000000 0.10010044 0.08941748 0.15539388 0.16105180 0.17130440 0.14630171 0.17643028 
840.00000000 0.10015520 0.08944458 0.15565846 0.16200588 0.17088679 0.14574547 0.17610363 
841.00000000 0.10020142 0.08947926 0.15594768 0.16298889 0.17042759 0.14519437 0.17576078 
842.00000000 0.10023887 0.08952082 0.15626239 0.16399758 0.16993011 0.14465015 0.17540007 
843.00000000 0.10026747 0.08956840 0.15660346 0.16502833 0.16939830 0.14411427 0.17501977 
844.00000000 0.10028725 0.08962118 0.15697171 0.16607718 0.16883631 0.14358813 0.17461823 
845.00000000 0.10029829 0.08967861 0.15736765 0.16714016 0.16824819 0.14307303 0.17419406 
846.00000000 0.10030067 0.08974055 0.15779118 0.16821348 0.16763776 0.14257012 0.17374625 
847.00000000 0.10029458 0.08980723 0.15824144 0.16929360 0.16700856 0.14208027 0.17327431 
848.00000000 0.10028034 0.08987920 0.15871684 0.17037722 0.16636393 0.14160413 0.17277833 
849.00000000 0.10025841 0.08995720 0.15921530 0.17146095 0.16570692 0.14114217 0.17225905 
850.00000000 0.10022922 0.09004210 0.15973463 0.17254106 0.16504026 0.14069495 0.17171776 
851.00000000 0.10019310 0.09013493 0.16027283 0.17361334 0.16436628 0.14026329 0.17115624 
852.00000000 0.10015004 0.09023691 0.16082819 0.17467304 0.16368689 0.13984841 0.17057651 
853.00000000 0.10009970 0.09034949 0.16139931 0.17571506 0.16300378 0.13945187 0.16998080 
854.00000000 0.10004141 0.09047424 0.16198493 0.17673395 0.16231853 0.13907551 0.16937142 
855.00000000 0.09997443 0.09061276 0.16258376 0.17772410 0.16163286 0.13872120 0.16875089 
856.00000000 0.09989805 0.09076655 0.16319435 0.17867974 0.16094861 0.13839072 0.16812198 
857.00000000 0.09981175 0.09093693 0.16381509 0.17959509 0.16026765 0.13808568 0.16748781 
858.00000000 0.09971523 0.09112506 0.16444408 0.18046471 0.15959175 0.13780744 0.16685173 
859.00000000 0.09960838 0.09133193 0.16507908 0.18128391 0.15892250 0.13755706 0.16621713 
860.00000000 0.09949122 0.09155838 0.16571754 0.18204913 0.15826132 0.13733524 0.16558716 
861.00000000 0.09936395 0.09180496 0.16635661 0.18275811 0.15760961 0.13714224 0.16496452 
862.00000000 0.09922693 0.09207177 0.16699341 0.18340969 0.15696888 0.13697795 0.16435138 
863.00000000 0.09908074 0.09235839 0.16762531 0.18400334 0.15634082 0.13684197 0.16374942 
864.00000000 0.09892620 0.09266380 0.16825025 0.18453859 0.15572727 0.13673389 0.16316000 
865.00000000 0.09876420 0.09298651 0.16886691 0.18501453 0.15513008 0.13665341 0.16258436 
866.00000000 0.09859571 0.09332476 0.16947471 0.18542970 0.15455093 0.13660053 0.16202366 
867.00000000 0.09842162 0.09367671 0.17007357 0.18578224 0.15399130 0.13657544 0.16147911 
868.00000000 0.09824277 0.09404055 0.17066363 0.18607028 0.15345253 0.13657831 0.16095192 
869.00000000 0.09805998 0.09441450 0.17124495 0.18629227 0.15293595 0.13660901 0.16044333 
870.00000000 0.09787411 0.09479681 0.17181735 0.18644725 0.15244301 0.13666691 0.15995456 
871.00000000 0.09768609 0.09518561 0.17238037 0.18653496 0.15197534 0.13675084 0.15948679 
872.00000000 0.09749686 0.09557897 0.17293343 0.18655595 0.15153453 0.13685922 0.15904104 
873.00000000 0.09730728 0.09597484 0.17347596 0.18651170 0.15112192 0.13699030 0.15861801 
874.00000000 0.09711801 0.09637120 0.17400750 0.18640472 0.15073827 0.13714236 0.15821794 
875.00000000 0.09692952 0.09676607 0.17452784 0.18623851 0.15038369 0.13731385 0.15784052 
876.00000000 0.09674209 0.09715752 0.17503701 0.18601730 0.15005769 0.13750337 0.15748503 
877.00000000 0.09655593 0.09754370 0.17553526 0.18574556 0.14975938 0.13770958 0.15715059 
878.00000000 0.09637123 0.09792287 0.17602309 0.18542754 0.14948776 0.13793114 0.15683635 
879.00000000 0.09618821 0.09829346 0.17650114 0.18506690 0.14924192 0.13816664 0.15654173 
880.00000000 0.09600708 0.09865407 0.17697015 0.18466660 0.14902111 0.13841459 0.15626641 
881.00000000 0.09582806 0.09900345 0.17743088 0.18422916 0.14882484 0.13867341 0.15601020 
882.00000000 0.09565135 0.09934042 0.17788404 0.18375694 0.14865287 0.13894146 0.15577291 
883.00000000 0.09547716 0.09966373 0.17833025 0.18325251 0.14850518 0.13921708 0.15555410 
884.00000000 0.09530570 0.09997194 0.17877008 0.18271885 0.14838180 0.13949862 0.15535301 
885.00000000 0.09513722 0.10026347 0.17920406 0.18215950 0.14828264 0.13978460 0.15516850 
886.00000000 0.09497200 0.10053665 0.17963271 0.18157855 0.14820712 0.14007385 0.15499912 
887.00000000 0.09481028 0.10079002 0.18005645 0.18098046 0.14815396 0.14036561 0.15484321 
888.00000000 0.09465224 0.10102256 0.18047546 0.18036992 0.14812109 0.14065962 0.15469912 
889.00000000 0.09449801 0.10123392 0.18088942 0.17975157 0.14810575 0.14095592 0.15456541 
890.00000000 0.09434766 0.10142456 0.18129738 0.17912984 0.14810486 0.14125469 0.15444102 
891.00000000 0.09420123 0.10159565 0.18169758 0.17850887 0.14811542 0.14155595 0.15432528 
892.00000000 0.09405883 0.10174894 0.18208749 0.17789263 0.14813494 0.14185930 0.15421788 
893.00000000 0.09392062 0.10188641 0.18246386 0.17728500 0.14816177 0.14216375 0.15411860 
894.00000000 0.09378690 0.10201004 0.18282298 0.17668994 0.14819528 0.14246772 0.15402714 
895.00000000 0.09365806 0.10212165 0.18316086 0.17611153 0.14823583 0.14276914 0.15394294 
896.00000000 0.09353453 0.10222288 0.18347338 0.17555396 0.14828451 0.14306562 0.15386513 
897.00000000 0.09341672 0.10231531 0.18375642 0.17502137 0.14834279 0.14335478 0.15379261 
898.00000000 0.09330498 0.10240052 0.18400599 0.17451776 0.14841207 0.14363447 0.15372421 
899.00000000 0.09319958 0.10248014 0.18421842 0.17404678 0.14849320 0.14390309 0.15365878 
900.00000000 0.09310075 0.10255581 0.18439051 0.17361169 0.14858628 0.14415962 0.15359535 
901.00000000 0.09300870 0.10262900 0.18451975 0.17321523 0.14869053 0.14440369 0.15353310 
902.00000000 0.09292364 0.10270096 0.18460431 0.17285971 0.14880444 0.14463547 0.15347146 
903.00000000 0.09284575 0.10277267 0.18464301 0.17254695 0.14892609 0.14485543 0.15341011 
904.00000000 0.09277507 0.10284489 0.18463503 0.17227835 0.14905352 0.14506415 0.15334900 
905.00000000 0.09271156 0.10291826 0.18457978 0.17205481 0.14918511 0.14526211 0.15328837 
906.00000000 0.09265506 0.10299338 0.18447680 0.17187673 0.14931971 0.14544962 0.15322870 
907.00000000 0.09260536 0.10307083 0.18432579 0.17174391 0.14945667 0.14562679 0.15317064 
908.00000000 0.09256233 0.10315121 0.18412673 0.17165554 0.14959567 0.14579361 0.15311491 
909.00000000 0.09252592 0.10323513 0.18387997 0.17161022 0.14973647 0.14595007 0.15306222 
910.00000000 0.09249618 0.10332323 0.18358623 0.17160595 0.14987882 0.14609632 0.15301327 
911.00000000 0.09247325 0.10341621 0.18324655 0.17164010 0.15002235 0.14623275 0.15296879 
912.00000000 0.09245738 0.10351471 0.18286218 0.17170943 0.15016658 0.14636013 0.15292959 
913.00000000 0.09244887 0.10361927 0.18243458 0.17181006 0.15031092 0.14647978 0.15289651 
914.00000000 0.09244815 0.10373010 0.18196545 0.17193769 0.15045473 0.14659354 0.15287034 
915.00000000 0.09245571 0.10384696 0.18145673 0.17208789 0.15059734 0.14670375 0.15285163 
916.00000000 0.09247210 0.10396913 0.18091060 0.17225645 0.15073817 0.14681302 0.15284053 
917.00000000 0.09249782 0.10409553 0.18032943 0.17243962 0.15087687 0.14692396 0.15283677 
918.00000000 0.09253326 0.10422490 0.17971571 0.17263428 0.15101335 0.14703887 0.15283962 
919.00000000 0.09257863 0.10435605 0.17907202 0.17283778 0.15114785 0.14715963 0.15284804 
920.00000000 0.09263403 0.10448799 0.17840109 0.17304778 0.15128082 0.14728754 0.15286076 
921.00000000 0.09269949 0.10462000 0.17770587 0.17326202 0.15141280 0.14742339 0.15287644 
922.00000000 0.09277505 0.10475152 0.17698965 0.17347833 0.15154434 0.14756738 0.15289372 
923.00000000 0.09286084 0.10488210 0.17625600 0.17369462 0.15167595 0.14771909 0.15291140 
924.00000000 0.09295704 0.10501123 0.17550859 0.17390899 0.15180825 0.14787738 0.15292852 
925.00000000 0.09306384 0.10513830 0.17475099 0.17411981 0.15194216 0.14804034 0.15294456 
926.00000000 0.09318151 0.10526255 0.17398636 0.17432565 0.15207906 0.14820545 0.15295942 
927.00000000 0.09331033 0.10538304 0.17321732 0.17452525 0.15222086 0.14836976 0.15297343 
928.00000000 0.09345071 0.10549857 0.17244593 0.17471731 0.15237000 0.14853027 0.15298722 
929.00000000 0.09360314 0.10560769 0.17167395 0.17490043 0.15252914 0.14868416 0.15300150 
930.00000000 0.09376823 0.10570874 0.17090302 0.17507302 0.15270096 0.14882902 0.15301700 
931.00000000 0.09394655 0.10580000 0.17013496 0.17523340 0.15288779 0.14896292 0.15303438 
932.00000000 0.09413844 0.10587989 0.16937188 0.17537979 0.15309128 0.14908442 0.15305430 
933.00000000 0.09434393 0.10594723 0.16861612 0.17551047 0.15331222 0.14919260 0.15307743 
934.00000000 0.09456261 0.10600132 0.16787023 0.17562381 0.15355045 0.14928707 0.15310452 
935.00000000 0.09479370 0.10604189 0.16713680 0.17571829 0.15380493 0.14936798 0.15313641 
936.00000000 0.09503623 0.10606895 0.16641838 0.17579251 0.15407406 0.14943598 0.15317389 
937.00000000 0.09528912 0.10608267 0.16571735 0.17584524 0.15435599 0.14949198 0.15321765 
938.00000000 0.09555134 0.10608320 0.16503579 0.17587544 0.15464903 0.14953704 0.15326815 
939.00000000 0.09582196 0.10607075 0.16437533 0.17588233 0.15495194 0.14957213 0.15332555 
940.00000000 0.09610012 0.10604567 0.16373693 0.17586546 0.15526413 0.14959798 0.15338971 
941.00000000 0.09638502 0.10600847 0.16312087 0.17582480 0.15558561 0.14961508 0.15346015 
942.00000000 0.09667596 0.10595993 0.16252677 0.17576067 0.15591680 0.14962374 0.15353614 
943.00000000 0.09697233 0.10590089 0.16195386 0.17567377 0.15625824 0.14962419 0.15361672 
944.00000000 0.09727364 0.10583224 0.16140124 0.17556506 0.15661031 0.14961671 0.15370080 
945.00000000 0.09757947 0.10575471 0.16086816 0.17543556 0.15697305 0.14960171 0.15378733 
946.00000000 0.09788942 0.10566896 0.16035411 0.17528621 0.15734616 0.14957978 0.15387537 
947.00000000 0.09820307 0.10557554 0.15985870 0.17511766 0.15772910 0.14955174 0.15396420 
948.00000000 0.09851992 0.10547504 0.15938151 0.17493012 0.15812131 0.14951875 0.15405336 
949.00000000 0.09883943 0.10536811 0.15892192 0.17472341 0.15852236 0.14948232 0.15414246 
950.00000000 0.09916110 0.10525542 0.15847905 0.17449704 0.15893204 0.14944428 0.15423108 
951.00000000 0.09948447 0.10513768 0.15805180 0.17425051 0.15935032 0.14940666 0.15431857 
952.00000000 0.09980920 0.10501562 0.15763905 0.17398349 0.15977716 0.14937154 0.15440394 
953.00000000 0.10013498 0.10489011 0.15723975 0.17369607 0.16021241 0.14934078 0.15448590 
954.00000000 0.10046139 0.10476226 0.15685305 0.17338881 0.16065567 0.14931595 0.15456288 
955.00000000 0.10078775 0.10463354 0.15647830 0.17306274 0.16110629 0.14929816 0.15463321 
956.00000000 0.10111308 0.10450578 0.15611510 0.17271927 0.16156350 0.14928800 0.15469526 
957.00000000 0.10143611 0.10438101 0.15576323 0.17236008 0.16202668 0.14928537 0.15474753 
958.00000000 0.10175539 0.10426124 0.15542260 0.17198698 0.16249557 0.14928940 0.15478883 
959.00000000 0.10206956 0.10414826 0.15509321 0.17160173 0.16297047 0.14929842 0.15481834 
960.00000000 0.10237754 0.10404344 0.15477494 0.17120594 0.16345230 0.14931015 0.15483569 
961.00000000 0.10267859 0.10394770 0.15446747 0.17080106 0.16394245 0.14932192 0.15484082 
962.00000000 0.10297234 0.10386159 0.15417008 0.17038845 0.16444256 0.14933107 0.15483391 
963.00000000 0.10325870 0.10378534 0.15388175 0.16996963 0.16495421 0.14933518 0.15481519 
964.00000000 0.10353777 0.10371893 0.15360123 0.16954653 0.16547852 0.14933225 0.15478476 
965.00000000 0.10380976 0.10366208 0.15332734 0.16912166 0.16601577 0.14932077 0.15474262 
966.00000000 0.10407493 0.10361429 0.15305931 0.16869807 0.16656505 0.14929970 0.15468867 
967.00000000 0.10433350 0.10357488 0.15279697 0.16827923 0.16712406 0.14926845 0.15462291 
968.00000000 0.10458563 0.10354308 0.15254086 0.16786874 0.16768917 0.14922689 0.15454563 
969.00000000 0.10483125 0.10351815 0.15229207 0.16747013 0.16825572 0.14917517 0.15445752 
970.00000000 0.10507003 0.10349945 0.15205195 0.16708677 0.16881849 0.14911359 0.15435973 
971.00000000 0.10530135 0.10348649 0.15182177 0.16672187 0.16937234 0.14904233 0.15425386 
972.00000000 0.10552434 0.10347893 0.15160244 0.16637850 0.16991277 0.14896124 0.15414178 
973.00000000 0.10573799 0.10347653 0.15139440 0.16605960 0.17043629 0.14886982 0.15402537 
974.00000000 0.10594133 0.10347907 0.15119765 0.16576787 0.17094058 0.14876724 0.15390627 
975.00000000 0.10613353 0.10348629 0.15101195 0.16550567 0.17142446 0.14865256 0.15378553 
976.00000000 0.10631402 0.10349790 0.15083702 0.16527493 0.17188765 0.14852496 0.15366352 
977.00000000 0.10648244 0.10351352 0.15067277 0.16507709 0.17233050 0.14838381 0.15353986 
978.00000000 0.10663862 0.10353277 0.15051942 0.16491319 0.17275363 0.14822870 0.15341367 
979.00000000 0.10678252 0.10355522 0.15037758 0.16478390 0.17315761 0.14805937 0.15328380 
980.00000000 0.10691419 0.10358047 0.15024815 0.16468973 0.17354268 0.14787554 0.15314923 
981.00000000 0.10703378 0.10360810 0.15013227 0.16463110 0.17390862 0.14767683 0.15300929 
982.00000000 0.10714151 0.10363768 0.15003110 0.16460855 0.17425470 0.14746270 0.15286376 
983.00000000 0.10723763 0.10366879 0.14994561 0.16462287 0.17457976 0.14723247 0.15271287 
984.00000000 0.10732244 0.10370095 0.14987638 0.16467527 0.17488242 0.14698539 0.15255715 
985.00000000 0.10739625 0.10373366 0.14982353 0.16476744 0.17516126 0.14672070 0.15239717 
986.00000000 0.10745937 0.10376638 0.14978667 0.16490156 0.17541496 0.14643774 0.15223331 
987.00000000 0.10751225 0.10379845 0.14976513 0.16508009 0.17564247 0.14613609 0.15206552 
988.00000000 0.10755557 0.10382910 0.14975815 0.16530541 0.17584299 0.14581566 0.15189312 
989.00000000 0.10759044 0.10385730 0.14976527 0.16557947 0.17601591 0.14547683 0.15171478 
990.00000000 0.10761845 0.10388180 0.14978647 0.16590341 0.17616069 0.14512054 0.15152864 
991.00000000 0.10764162 0.10390112 0.14982222 0.16627738 0.17627676 0.14474832 0.15133258 
992.00000000 0.10766224 0.10391366 0.14987337 0.16670060 0.17636336 0.14436218 0.15112459 
993.00000000 0.10768253 0.10391796 0.14994089 0.16717157 0.17641949 0.14396449 0.15090307 
994.00000000 0.10770430 0.10391287 0.15002566 0.16768837 0.17644397 0.14355785 0.15066697 
995.00000000 0.10772876 0.10389771 0.15012835 0.16824884 0.17643545 0.14314504 0.15041585 
996.00000000 0.10775643 0.10387240 0.15024937 0.16885063 0.17639264 0.14272894 0.15014960 
997.00000000 0.10778726 0.10383734 0.15038894 0.16949113 0.17631463 0.14231248 0.14986822 
998.00000000 0.10782082 0.10379334 0.15054720 0.17016730 0.17620116 0.14189858 0.14957161 
999.00000000 0.10785653 0.10374145 0.15072421 0.17087548 0.17605299 0.14148990 0.14925944 
