0.00000000 0.00225937 0.01191697 0.76937613 0.00190601 0.00102365 0.20810004 0.00541781 
1.00000000 0.00225946 0.01191738 0.76938935 0.00190626 0.00102404 0.20808579 0.00541773 
2.00000000 0.00225978 0.01191840 0.76942485 0.00190710 0.00102514 0.20804707 0.00541766 
3.00000000 0.00226074 0.01192053 0.76949842 0.00190859 0.00102696 0.20796762 0.00541713 
4.00000000 0.00226234 0.01192377 0.76960240 0.00191078 0.00102958 0.20785478 0.00541635 
5.00000000 0.00226435 0.01192832 0.76972870 0.00191355 0.00103308 0.20771619 0.00541580 
6.00000000 0.00226637 0.01193420 0.76985888 0.00191681 0.00103753 0.20756987 0.00541635 
7.00000000 0.00226838 0.01194177 0.76998787 0.00192043 0.00104276 0.20742046 0.00541833 
8.00000000 0.00227100 0.01195209 0.77013390 0.00192438 0.00104854 0.20724918 0.00542091 
9.00000000 0.00227525 0.01196659 0.77032985 0.00192858 0.00105462 0.20702270 0.00542239 
10.00000000 0.00228198 0.01198659 0.77060499 0.00193289 0.00106103 0.20671145 0.00542108 
11.00000000 0.00229121 0.01201252 0.77096019 0.00193706 0.00106800 0.20631450 0.00541652 
12.00000000 0.00230216 0.01204374 0.77136465 0.00194085 0.00107597 0.20586285 0.00540978 
13.00000000 0.00231374 0.01207900 0.77177344 0.00194418 0.00108525 0.20540173 0.00540267 
14.00000000 0.00232552 0.01211720 0.77215886 0.00194726 0.00109593 0.20495895 0.00539628 
15.00000000 0.00233818 0.01215806 0.77252945 0.00195060 0.00110791 0.20452579 0.00539002 
16.00000000 0.00235318 0.01220189 0.77291955 0.00195474 0.00112113 0.20406754 0.00538197 
17.00000000 0.00237176 0.01224877 0.77335291 0.00196002 0.00113575 0.20356031 0.00537048 
18.00000000 0.00239393 0.01229759 0.77380518 0.00196644 0.00115224 0.20302877 0.00535585 
19.00000000 0.00241832 0.01234582 0.77419405 0.00197368 0.00117112 0.20255608 0.00534093 
20.00000000 0.00244307 0.01239031 0.77440868 0.00198135 0.00119264 0.20225402 0.00532991 
21.00000000 0.00246719 0.01242878 0.77436292 0.00198939 0.00121654 0.20220907 0.00532612 
22.00000000 0.00249155 0.01246106 0.77403706 0.00199814 0.00124221 0.20243962 0.00533036 
23.00000000 0.00251864 0.01248923 0.77347904 0.00200830 0.00126914 0.20289481 0.00534085 
24.00000000 0.00255115 0.01251625 0.77276417 0.00202064 0.00129732 0.20349563 0.00535483 
25.00000000 0.00259052 0.01254438 0.77194275 0.00203572 0.00132728 0.20418866 0.00537068 
26.00000000 0.00263621 0.01257425 0.77101276 0.00205378 0.00135993 0.20497405 0.00538902 
27.00000000 0.00268652 0.01260531 0.76993584 0.00207485 0.00139613 0.20588941 0.00541193 
28.00000000 0.00274005 0.01263716 0.76868376 0.00209901 0.00143636 0.20696264 0.00544101 
29.00000000 0.00279705 0.01267071 0.76727934 0.00212659 0.00148067 0.20816989 0.00547576 
30.00000000 0.00285960 0.01270823 0.76579763 0.00215810 0.00152893 0.20943391 0.00551360 
31.00000000 0.00293037 0.01275209 0.76432149 0.00219386 0.00158116 0.21066951 0.00555151 
32.00000000 0.00301093 0.01280280 0.76288025 0.00223368 0.00163762 0.21184661 0.00558812 
33.00000000 0.00310073 0.01285787 0.76141545 0.00227670 0.00169871 0.21302589 0.00562465 
34.00000000 0.00319771 0.01291246 0.75980148 0.00232173 0.00176455 0.21433806 0.00566402 
35.00000000 0.00329998 0.01296171 0.75791182 0.00236774 0.00183469 0.21591537 0.00570869 
36.00000000 0.00340752 0.01300334 0.75568927 0.00241440 0.00190824 0.21781827 0.00575896 
37.00000000 0.00352265 0.01303865 0.75317311 0.00246208 0.00198449 0.22000618 0.00581283 
38.00000000 0.00364874 0.01307125 0.75046612 0.00251152 0.00206348 0.22237142 0.00586747 
39.00000000 0.00378800 0.01310430 0.74766553 0.00256330 0.00214612 0.22481147 0.00592129 
40.00000000 0.00393997 0.01313839 0.74480446 0.00261759 0.00223375 0.22729055 0.00597529 
41.00000000 0.00410175 0.01317142 0.74183975 0.00267417 0.00232744 0.22985274 0.00603273 
42.00000000 0.00426964 0.01320042 0.73869123 0.00273279 0.00242755 0.23258116 0.00609721 
43.00000000 0.00444132 0.01322420 0.73530496 0.00279363 0.00253368 0.23553168 0.00617054 
44.00000000 0.00461688 0.01324481 0.73169692 0.00285738 0.00264524 0.23868690 0.00625187 
45.00000000 0.00479829 0.01326674 0.72794677 0.00292497 0.00276184 0.24196271 0.00633868 
46.00000000 0.00498742 0.01329418 0.72414684 0.00299687 0.00288335 0.24526257 0.00642876 
47.00000000 0.00518441 0.01332835 0.72034297 0.00307268 0.00300959 0.24854036 0.00652164 
48.00000000 0.00538723 0.01336683 0.71650802 0.00315121 0.00314031 0.25182780 0.00661859 
49.00000000 0.00559301 0.01340546 0.71256570 0.00323114 0.00327520 0.25520837 0.00672112 
50.00000000 0.00579995 0.01344153 0.70844789 0.00331180 0.00341405 0.25875570 0.00682908 
51.00000000 0.00600871 0.01347605 0.70414576 0.00339350 0.00355691 0.26247901 0.00694007 
52.00000000 0.00622213 0.01351348 0.69971965 0.00347738 0.00370424 0.26631259 0.00705054 
53.00000000 0.00644362 0.01355930 0.69526242 0.00356476 0.00385682 0.27015512 0.00715796 
54.00000000 0.00667519 0.01361702 0.69084124 0.00365652 0.00401546 0.27393229 0.00726228 
55.00000000 0.00691655 0.01368657 0.68645443 0.00375276 0.00418071 0.27764315 0.00736583 
56.00000000 0.00716565 0.01376519 0.68203156 0.00385278 0.00435247 0.28136078 0.00747156 
57.00000000 0.00742020 0.01385038 0.67747975 0.00395543 0.00452976 0.28518380 0.00758068 
58.00000000 0.00767912 0.01394280 0.67274792 0.00405968 0.00471094 0.28916794 0.00769160 
59.00000000 0.00794316 0.01404708 0.66786758 0.00416497 0.00489440 0.29328170 0.00780112 
60.00000000 0.00821417 0.01416946 0.66294528 0.00427132 0.00507937 0.29741349 0.00790690 
61.00000000 0.00849346 0.01431394 0.65811295 0.00437910 0.00526609 0.30142497 0.00800948 
62.00000000 0.00878038 0.01447913 0.65346479 0.00448868 0.00545549 0.30521920 0.00811233 
63.00000000 0.00907216 0.01465809 0.64901674 0.00460024 0.00564867 0.30878409 0.00821999 
64.00000000 0.00936504 0.01484140 0.64471329 0.00471401 0.00584653 0.31218428 0.00833544 
65.00000000 0.00965595 0.01502159 0.64047720 0.00483083 0.00604979 0.31550651 0.00845813 
66.00000000 0.00994384 0.01519631 0.63626705 0.00495246 0.00625936 0.31879685 0.00858413 
67.00000000 0.01022989 0.01536814 0.63210207 0.00508120 0.00647665 0.32203389 0.00870816 
68.00000000 0.01051645 0.01554182 0.62803853 0.00521873 0.00670303 0.32515526 0.00882618 
69.00000000 0.01080560 0.01572073 0.62411777 0.00536488 0.00693889 0.32811533 0.00893681 
70.00000000 0.01109833 0.01590503 0.62032612 0.00551717 0.00718269 0.33092987 0.00904080 
71.00000000 0.01139469 0.01609250 0.61659694 0.00567161 0.00743106 0.33367410 0.00913910 
72.00000000 0.01169462 0.01628133 0.61285149 0.00582441 0.00767986 0.33643731 0.00923097 
73.00000000 0.01199904 0.01647286 0.60904746 0.00597378 0.00792593 0.33926748 0.00931345 
74.00000000 0.01231016 0.01667197 0.60520363 0.00612053 0.00816856 0.34214225 0.00938290 
75.00000000 0.01263057 0.01688498 0.60138838 0.00626733 0.00840957 0.34498187 0.00943729 
76.00000000 0.01296169 0.01711609 0.59768050 0.00641696 0.00865177 0.34769518 0.00947781 
77.00000000 0.01330269 0.01736455 0.59412550 0.00657085 0.00889686 0.35023085 0.00950870 
78.00000000 0.01365077 0.01762448 0.59071574 0.00672857 0.00914416 0.35260110 0.00953518 
79.00000000 0.01400233 0.01788769 0.58740829 0.00688853 0.00939082 0.35486150 0.00956084 
80.00000000 0.01435416 0.01814794 0.58416681 0.00704915 0.00963337 0.35706250 0.00958607 
81.00000000 0.01470416 0.01840358 0.58099634 0.00720957 0.00986983 0.35920795 0.00960856 
82.00000000 0.01505103 0.01865719 0.57794842 0.00736953 0.01010070 0.36124738 0.00962577 
83.00000000 0.01539338 0.01891252 0.57509715 0.00752873 0.01032817 0.36310249 0.00963755 
84.00000000 0.01572925 0.01917106 0.57250353 0.00768624 0.01055422 0.36470849 0.00964721 
85.00000000 0.01605639 0.01943006 0.57018860 0.00784036 0.01077912 0.36604549 0.00965998 
86.00000000 0.01637363 0.01968339 0.56812831 0.00798918 0.01100159 0.36714405 0.00967985 
87.00000000 0.01668215 0.01992463 0.56627050 0.00813147 0.01122034 0.36806401 0.00970690 
88.00000000 0.01698600 0.02015035 0.56456286 0.00826756 0.01143594 0.36886034 0.00973694 
89.00000000 0.01729101 0.02036143 0.56297625 0.00839955 0.01165199 0.36955591 0.00976386 
90.00000000 0.01760278 0.02056179 0.56151148 0.00853063 0.01187409 0.37013608 0.00978316 
91.00000000 0.01792534 0.02075572 0.56018802 0.00866387 0.01210728 0.37056534 0.00979443 
92.00000000 0.01826129 0.02094518 0.55902597 0.00880089 0.01235340 0.37081202 0.00980125 
93.00000000 0.01861274 0.02112889 0.55803459 0.00894139 0.01261006 0.37086366 0.00980867 
94.00000000 0.01898173 0.02130371 0.55721183 0.00908355 0.01287214 0.37072684 0.00982020 
95.00000000 0.01936942 0.02146727 0.55654752 0.00922525 0.01313487 0.37041943 0.00983623 
96.00000000 0.01977472 0.02161985 0.55602195 0.00936517 0.01339681 0.36996660 0.00985490 
97.00000000 0.02019354 0.02176434 0.55559904 0.00950319 0.01366052 0.36940457 0.00987480 
98.00000000 0.02061990 0.02190439 0.55522232 0.00964021 0.01393038 0.36878516 0.00989764 
99.00000000 0.02104833 0.02204204 0.55482397 0.00977746 0.01420950 0.36817012 0.00992858 
100.00000000 0.02147640 0.02217613 0.55434863 0.00991575 0.01449779 0.36761167 0.00997363 
101.00000000 0.02190573 0.02230289 0.55377842 0.01005503 0.01479208 0.36713010 0.01003575 
102.00000000 0.02234072 0.02241837 0.55313860 0.01019453 0.01508784 0.36670711 0.01011282 
103.00000000 0.02278573 0.02252126 0.55247580 0.01033342 0.01538156 0.36630311 0.01019911 
104.00000000 0.02324223 0.02261433 0.55182299 0.01047145 0.01567202 0.36588774 0.01028924 
105.00000000 0.02370792 0.02270363 0.55117738 0.01060917 0.01595961 0.36546049 0.01038180 
106.00000000 0.02417849 0.02279589 0.55050862 0.01074757 0.01624438 0.36504487 0.01048018 
107.00000000 0.02465044 0.02289550 0.54979176 0.01088731 0.01652465 0.36466035 0.01059000 
108.00000000 0.02512251 0.02300281 0.54903702 0.01102797 0.01679732 0.36429752 0.01071486 
109.00000000 0.02559448 0.02311513 0.54828877 0.01116796 0.01705945 0.36392087 0.01085334 
110.00000000 0.02606467 0.02322946 0.54759192 0.01130521 0.01730997 0.36349939 0.01099938 
111.00000000 0.02652873 0.02334504 0.54695215 0.01143807 0.01755033 0.36303995 0.01114573 
112.00000000 0.02698116 0.02346370 0.54632098 0.01156601 0.01778334 0.36259654 0.01128828 
113.00000000 0.02741871 0.02358767 0.54561854 0.01168944 0.01801107 0.36224602 0.01142854 
114.00000000 0.02784297 0.02371621 0.54478249 0.01180891 0.01823296 0.36204376 0.01157271 
115.00000000 0.02825973 0.02384377 0.54381205 0.01192406 0.01844534 0.36198709 0.01172796 
116.00000000 0.02867581 0.02396154 0.54277480 0.01203350 0.01864228 0.36201345 0.01189861 
117.00000000 0.02909528 0.02406179 0.54176794 0.01213562 0.01881781 0.36203700 0.01208456 
118.00000000 0.02951757 0.02414238 0.54086059 0.01222961 0.01896831 0.36199912 0.01228242 
119.00000000 0.02993825 0.02420826 0.54005809 0.01231585 0.01909398 0.36189756 0.01248801 
120.00000000 0.03035176 0.02426921 0.53931196 0.01239557 0.01919851 0.36177469 0.01269830 
121.00000000 0.03075443 0.02433488 0.53856673 0.01247022 0.01928768 0.36167430 0.01291177 
122.00000000 0.03114572 0.02441014 0.53780855 0.01254102 0.01936780 0.36159970 0.01312707 
123.00000000 0.03152744 0.02449346 0.53707795 0.01260881 0.01944429 0.36150636 0.01334169 
124.00000000 0.03190182 0.02457946 0.53643676 0.01267423 0.01952050 0.36133524 0.01355200 
125.00000000 0.03226993 0.02466351 0.53591609 0.01273800 0.01959732 0.36106003 0.01375512 
126.00000000 0.03263121 0.02474524 0.53548537 0.01280061 0.01967400 0.36071269 0.01395087 
127.00000000 0.03298393 0.02482838 0.53506319 0.01286176 0.01974930 0.36037089 0.01414255 
128.00000000 0.03332615 0.02491733 0.53456254 0.01291999 0.01982238 0.36011582 0.01433578 
129.00000000 0.03365650 0.02501310 0.53394235 0.01297298 0.01989297 0.35998603 0.01453607 
130.00000000 0.03397410 0.02511202 0.53323156 0.01301850 0.01996067 0.35995646 0.01474669 
131.00000000 0.03427828 0.02520844 0.53250845 0.01305544 0.02002400 0.35995721 0.01496818 
132.00000000 0.03456814 0.02529960 0.53185029 0.01308434 0.02008024 0.35991809 0.01519930 
133.00000000 0.03484262 0.02538896 0.53128862 0.01310670 0.02012634 0.35980837 0.01543839 
134.00000000 0.03510096 0.02548561 0.53079770 0.01312356 0.02016066 0.35964757 0.01568393 
135.00000000 0.03534347 0.02559982 0.53031946 0.01313469 0.02018433 0.35948387 0.01593436 
136.00000000 0.03557195 0.02573735 0.52980762 0.01313899 0.02020136 0.35935506 0.01618766 
137.00000000 0.03578915 0.02589645 0.52926324 0.01313575 0.02021712 0.35925691 0.01644138 
138.00000000 0.03599780 0.02606926 0.52873888 0.01312569 0.02023555 0.35913954 0.01669328 
139.00000000 0.03620022 0.02624699 0.52831009 0.01311115 0.02025691 0.35893277 0.01694188 
140.00000000 0.03639847 0.02642538 0.52803589 0.01309521 0.02027789 0.35858103 0.01718613 
141.00000000 0.03659454 0.02660732 0.52793489 0.01308048 0.02029402 0.35806440 0.01742433 
142.00000000 0.03679004 0.02680095 0.52798932 0.01306856 0.02030297 0.35739519 0.01765297 
143.00000000 0.03698561 0.02701433 0.52816961 0.01306056 0.02030656 0.35659661 0.01786672 
144.00000000 0.03718038 0.02725003 0.52845916 0.01305799 0.02031032 0.35568203 0.01806008 
145.00000000 0.03737218 0.02750325 0.52886020 0.01306302 0.02032046 0.35465088 0.01823001 
146.00000000 0.03755862 0.02776485 0.52937799 0.01307801 0.02034015 0.35350217 0.01837821 
147.00000000 0.03773844 0.02802758 0.52999885 0.01310463 0.02036751 0.35225174 0.01851125 
148.00000000 0.03791216 0.02829117 0.53067992 0.01314299 0.02039661 0.35093913 0.01863801 
149.00000000 0.03808186 0.02856259 0.53135740 0.01319130 0.02042088 0.34962003 0.01876594 
150.00000000 0.03825004 0.02885096 0.53196814 0.01324633 0.02043661 0.34834960 0.01889832 
151.00000000 0.03841809 0.02916044 0.53247368 0.01330452 0.02044449 0.34716450 0.01903428 
152.00000000 0.03858519 0.02948596 0.53287275 0.01336324 0.02044828 0.34607359 0.01917099 
153.00000000 0.03874840 0.02981465 0.53319295 0.01342169 0.02045162 0.34506415 0.01930654 
154.00000000 0.03890396 0.03013224 0.53346660 0.01348100 0.02045545 0.34411979 0.01944095 
155.00000000 0.03904882 0.03043056 0.53370722 0.01354351 0.02045810 0.34323687 0.01957493 
156.00000000 0.03918192 0.03071153 0.53390082 0.01361143 0.02045757 0.34242916 0.01970757 
157.00000000 0.03930444 0.03098500 0.53401451 0.01368581 0.02045426 0.34172057 0.01983542 
158.00000000 0.03941885 0.03126153 0.53401510 0.01376623 0.02045195 0.34113260 0.01995373 
159.00000000 0.03952709 0.03154530 0.53388741 0.01385145 0.02045627 0.34067323 0.02005926 
160.00000000 0.03962905 0.03183216 0.53364271 0.01394016 0.02047135 0.34033199 0.02015258 
161.00000000 0.03972251 0.03211419 0.53331383 0.01403164 0.02049700 0.34008257 0.02023826 
162.00000000 0.03980468 0.03238762 0.53294076 0.01412553 0.02052842 0.33989066 0.02032233 
163.00000000 0.03987447 0.03265805 0.53255566 0.01422136 0.02055885 0.33972262 0.02040900 
164.00000000 0.03993385 0.03293879 0.53217617 0.01431812 0.02058346 0.33955114 0.02049848 
165.00000000 0.03998716 0.03324304 0.53180977 0.01441460 0.02060169 0.33935621 0.02058753 
166.00000000 0.04003891 0.03357533 0.53146279 0.01451000 0.02061714 0.33912401 0.02067182 
167.00000000 0.04009184 0.03392807 0.53114327 0.01460440 0.02063515 0.33884870 0.02074857 
168.00000000 0.04014626 0.03428568 0.53085466 0.01469896 0.02066013 0.33853660 0.02081770 
169.00000000 0.04020061 0.03463362 0.53058912 0.01479568 0.02069400 0.33820598 0.02088098 
170.00000000 0.04025293 0.03496650 0.53032803 0.01489700 0.02073651 0.33787904 0.02093999 
171.00000000 0.04030225 0.03529007 0.53004888 0.01500494 0.02078678 0.33757214 0.02099494 
172.00000000 0.04034904 0.03561574 0.52973300 0.01512039 0.02084476 0.33729202 0.02104506 
173.00000000 0.04039457 0.03595167 0.52937140 0.01524284 0.02091132 0.33703834 0.02108986 
174.00000000 0.04044012 0.03629662 0.52896733 0.01537071 0.02098699 0.33680818 0.02113006 
175.00000000 0.04048669 0.03664058 0.52853439 0.01550224 0.02106997 0.33659857 0.02116756 
176.00000000 0.04053563 0.03697142 0.52809178 0.01563650 0.02115552 0.33640475 0.02120440 
177.00000000 0.04058943 0.03728292 0.52765897 0.01577381 0.02123782 0.33621556 0.02124148 
178.00000000 0.04065205 0.03757897 0.52724993 0.01591513 0.02131349 0.33601239 0.02127804 
179.00000000 0.04072827 0.03787097 0.52686587 0.01606058 0.02138404 0.33577783 0.02131245 
180.00000000 0.04082238 0.03817014 0.52648924 0.01620826 0.02145522 0.33551129 0.02134346 
181.00000000 0.04093753 0.03847986 0.52608317 0.01635421 0.02153373 0.33524060 0.02137091 
182.00000000 0.04107578 0.03879304 0.52559934 0.01649371 0.02162354 0.33501899 0.02139560 
183.00000000 0.04123853 0.03909662 0.52499335 0.01662352 0.02172419 0.33490506 0.02141872 
184.00000000 0.04142663 0.03938013 0.52424193 0.01674360 0.02183217 0.33493451 0.02144102 
185.00000000 0.04164018 0.03964278 0.52335240 0.01685675 0.02194445 0.33510101 0.02146242 
186.00000000 0.04187808 0.03989376 0.52235791 0.01696635 0.02206151 0.33535983 0.02148256 
187.00000000 0.04213763 0.04014548 0.52130139 0.01707378 0.02218766 0.33565229 0.02150178 
188.00000000 0.04241510 0.04040423 0.52021743 0.01717750 0.02232836 0.33593549 0.02152188 
189.00000000 0.04270755 0.04066496 0.51911959 0.01727412 0.02248672 0.33620102 0.02154604 
190.00000000 0.04301450 0.04091348 0.51799716 0.01736091 0.02266196 0.33647425 0.02157774 
191.00000000 0.04333805 0.04113493 0.51682263 0.01743801 0.02285136 0.33679601 0.02161901 
192.00000000 0.04368094 0.04132309 0.51556583 0.01750886 0.02305415 0.33719791 0.02166923 
193.00000000 0.04404405 0.04148475 0.51420680 0.01757840 0.02327401 0.33768666 0.02172532 
194.00000000 0.04442488 0.04163615 0.51274227 0.01765029 0.02351780 0.33824535 0.02178327 
195.00000000 0.04481806 0.04179370 0.51118616 0.01772494 0.02379125 0.33884615 0.02183975 
196.00000000 0.04521748 0.04196505 0.50956534 0.01779964 0.02409494 0.33946437 0.02189317 
197.00000000 0.04561846 0.04214609 0.50790969 0.01787080 0.02442358 0.34008780 0.02194358 
198.00000000 0.04601850 0.04232552 0.50623961 0.01793699 0.02476920 0.34071833 0.02199184 
199.00000000 0.04641662 0.04249352 0.50455893 0.01800074 0.02512631 0.34136506 0.02203882 
200.00000000 0.04681186 0.04264845 0.50285836 0.01806763 0.02549542 0.34203307 0.02208521 
201.00000000 0.04720220 0.04279699 0.50112588 0.01814334 0.02588272 0.34271706 0.02213181 
202.00000000 0.04758426 0.04294751 0.49935601 0.01823111 0.02629590 0.34340543 0.02217979 
203.00000000 0.04795418 0.04310200 0.49755213 0.01833136 0.02673902 0.34409104 0.02223028 
204.00000000 0.04830906 0.04325211 0.49572162 0.01844355 0.02720976 0.34478041 0.02228348 
205.00000000 0.04864798 0.04338210 0.49386871 0.01856892 0.02770100 0.34549364 0.02233765 
206.00000000 0.04897189 0.04347711 0.49199273 0.01871194 0.02820517 0.34625255 0.02238861 
207.00000000 0.04928276 0.04353181 0.49009522 0.01887911 0.02871800 0.34706233 0.02243077 
208.00000000 0.04958282 0.04355401 0.48819132 0.01907542 0.02923869 0.34789852 0.02245922 
209.00000000 0.04987402 0.04356067 0.48631661 0.01930065 0.02976667 0.34870924 0.02247215 
210.00000000 0.05015762 0.04356860 0.48452226 0.01954860 0.03029786 0.34943303 0.02247203 
211.00000000 0.05043392 0.04358590 0.48285680 0.01980972 0.03082352 0.35002518 0.02246496 
212.00000000 0.05070208 0.04360938 0.48134010 0.02007547 0.03133283 0.35048168 0.02245846 
213.00000000 0.05096032 0.04362914 0.47994445 0.02034197 0.03181755 0.35084788 0.02245870 
214.00000000 0.05120653 0.04363708 0.47859887 0.02061040 0.03227601 0.35120233 0.02246878 
215.00000000 0.05143933 0.04363358 0.47721944 0.02088444 0.03271367 0.35162094 0.02248860 
216.00000000 0.05165907 0.04362763 0.47575026 0.02116659 0.03313988 0.35214060 0.02251598 
217.00000000 0.05186792 0.04363079 0.47419168 0.02145640 0.03356242 0.35274262 0.02254816 
218.00000000 0.05206884 0.04364932 0.47260020 0.02175124 0.03398386 0.35336376 0.02258279 
219.00000000 0.05226394 0.04367993 0.47106019 0.02204837 0.03440177 0.35392765 0.02261816 
220.00000000 0.05245302 0.04371188 0.46964335 0.02234657 0.03481243 0.35437996 0.02265279 
221.00000000 0.05263341 0.04373424 0.46837837 0.02264601 0.03521461 0.35470832 0.02268504 
222.00000000 0.05280150 0.04374373 0.46724650 0.02294661 0.03561062 0.35493791 0.02271314 
223.00000000 0.05295518 0.04374784 0.46620187 0.02324611 0.03600385 0.35510929 0.02273586 
224.00000000 0.05309548 0.04376106 0.46520023 0.02354002 0.03639513 0.35525478 0.02275331 
225.00000000 0.05322606 0.04379686 0.46421752 0.02382366 0.03678060 0.35538787 0.02276744 
226.00000000 0.05335116 0.04386075 0.46324833 0.02409512 0.03715322 0.35550997 0.02278145 
227.00000000 0.05347383 0.04394830 0.46228879 0.02435692 0.03750709 0.35562708 0.02279798 
228.00000000 0.05359572 0.04404890 0.46131931 0.02461549 0.03784179 0.35576179 0.02281700 
229.00000000 0.05371867 0.04415270 0.46030293 0.02487854 0.03816352 0.35594866 0.02283499 
230.00000000 0.05384668 0.04425629 0.45920232 0.02515180 0.03848222 0.35621433 0.02284636 
231.00000000 0.05398627 0.04436376 0.45800361 0.02543697 0.03880622 0.35655656 0.02284661 
232.00000000 0.05414454 0.04448308 0.45673055 0.02573205 0.03913791 0.35693683 0.02283503 
233.00000000 0.05432578 0.04462088 0.45543984 0.02603346 0.03947310 0.35729187 0.02281508 
234.00000000 0.05452853 0.04477911 0.45419795 0.02633782 0.03980410 0.35756038 0.02279210 
235.00000000 0.05474514 0.04495530 0.45304905 0.02664257 0.04012380 0.35771388 0.02277026 
236.00000000 0.05496439 0.04514585 0.45199127 0.02694515 0.04042789 0.35777484 0.02275062 
237.00000000 0.05517595 0.04534950 0.45097743 0.02724223 0.04071461 0.35780842 0.02273186 
238.00000000 0.05537432 0.04556822 0.44994241 0.02752989 0.04098283 0.35788962 0.02271272 
239.00000000 0.05556012 0.04580461 0.44884056 0.02780544 0.04123020 0.35806452 0.02269455 
240.00000000 0.05573851 0.04605819 0.44766956 0.02806939 0.04145294 0.35832951 0.02268190 
241.00000000 0.05591586 0.04632316 0.44646579 0.02832568 0.04164762 0.35864097 0.02268092 
242.00000000 0.05609657 0.04658930 0.44527487 0.02857958 0.04181384 0.35894901 0.02269683 
243.00000000 0.05628168 0.04684542 0.44411717 0.02883448 0.04195546 0.35923340 0.02273239 
244.00000000 0.05646986 0.04708356 0.44297190 0.02908947 0.04207907 0.35951778 0.02278835 
245.00000000 0.05665998 0.04730157 0.44178943 0.02933935 0.04219060 0.35985371 0.02286538 
246.00000000 0.05685300 0.04750278 0.44052172 0.02957737 0.04229232 0.36028736 0.02296545 
247.00000000 0.05705201 0.04769335 0.43914974 0.02979936 0.04238228 0.36083214 0.02309112 
248.00000000 0.05726042 0.04787885 0.43769106 0.03000617 0.04245618 0.36146437 0.02324294 
249.00000000 0.05747995 0.04806189 0.43618391 0.03020272 0.04251052 0.36214370 0.02341732 
250.00000000 0.05770959 0.04824187 0.43465903 0.03039435 0.04254491 0.36284352 0.02360674 
251.00000000 0.05794627 0.04841704 0.43311984 0.03058380 0.04256247 0.36356822 0.02380236 
252.00000000 0.05818649 0.04858747 0.43154604 0.03077065 0.04256841 0.36434328 0.02399765 
253.00000000 0.05842759 0.04875687 0.42991748 0.03095318 0.04256765 0.36518615 0.02419108 
254.00000000 0.05866776 0.04893201 0.42823934 0.03113065 0.04256286 0.36608095 0.02438642 
255.00000000 0.05890498 0.04912012 0.42654990 0.03130407 0.04255377 0.36697656 0.02459059 
256.00000000 0.05913581 0.04932570 0.42490492 0.03147504 0.04253789 0.36781004 0.02481059 
257.00000000 0.05935504 0.04954883 0.42334865 0.03164407 0.04251184 0.36854025 0.02505131 
258.00000000 0.05955663 0.04978586 0.42189116 0.03180988 0.04247213 0.36916912 0.02531521 
259.00000000 0.05973581 0.05003203 0.42050785 0.03197026 0.04241509 0.36973590 0.02560305 
260.00000000 0.05989083 0.05028429 0.41916121 0.03212373 0.04233693 0.37028920 0.02591381 
261.00000000 0.06002349 0.05054206 0.41782894 0.03227081 0.04223465 0.37085663 0.02624342 
262.00000000 0.06013837 0.05080544 0.41651969 0.03241427 0.04210772 0.37143131 0.02658321 
263.00000000 0.06024175 0.05107209 0.41526780 0.03255782 0.04195963 0.37198085 0.02692006 
264.00000000 0.06034034 0.05133533 0.41411242 0.03270390 0.04179793 0.37247050 0.02723958 
265.00000000 0.06044000 0.05158552 0.41307508 0.03285199 0.04163206 0.37288433 0.02753103 
266.00000000 0.06054462 0.05181422 0.41214954 0.03299864 0.04146979 0.37323181 0.02779138 
267.00000000 0.06065569 0.05201848 0.41130837 0.03313890 0.04131464 0.37353789 0.02802604 
268.00000000 0.06077291 0.05220208 0.41051982 0.03326815 0.04116595 0.37382552 0.02824557 
269.00000000 0.06089539 0.05237270 0.40976433 0.03338351 0.04102154 0.37410222 0.02846031 
270.00000000 0.06102270 0.05253691 0.40904121 0.03348448 0.04088071 0.37435795 0.02867605 
271.00000000 0.06115527 0.05269627 0.40836269 0.03357274 0.04074564 0.37457444 0.02889295 
272.00000000 0.06129382 0.05284751 0.40773997 0.03365148 0.04062034 0.37473912 0.02910776 
273.00000000 0.06143863 0.05298667 0.40717182 0.03372462 0.04050844 0.37485269 0.02931713 
274.00000000 0.06158901 0.05311465 0.40664480 0.03379611 0.04041159 0.37492415 0.02951968 
275.00000000 0.06174306 0.05324038 0.40614444 0.03386908 0.04032999 0.37495752 0.02971553 
276.00000000 0.06189766 0.05337920 0.40566805 0.03394519 0.04026408 0.37494138 0.02990443 
277.00000000 0.06204918 0.05354730 0.40522818 0.03402460 0.04021589 0.37485045 0.03008441 
278.00000000 0.06219441 0.05375571 0.40484294 0.03410677 0.04018851 0.37465949 0.03025217 
279.00000000 0.06233128 0.05400769 0.40451984 0.03419177 0.04018361 0.37436074 0.03040507 
280.00000000 0.06245874 0.05430028 0.40424637 0.03428131 0.04019839 0.37397184 0.03054306 
281.00000000 0.06257632 0.05462841 0.40399628 0.03437891 0.04022442 0.37352680 0.03066884 
282.00000000 0.06268410 0.05498808 0.40374741 0.03448895 0.04024991 0.37305561 0.03078594 
283.00000000 0.06278299 0.05537658 0.40349748 0.03461511 0.04026448 0.37256753 0.03089583 
284.00000000 0.06287502 0.05578983 0.40326649 0.03475933 0.04026334 0.37204972 0.03099626 
285.00000000 0.06296316 0.05621957 0.40308554 0.03492156 0.04024819 0.37147978 0.03108219 
286.00000000 0.06305092 0.05665314 0.40298187 0.03510051 0.04022446 0.37084035 0.03114875 
287.00000000 0.06314206 0.05707664 0.40297033 0.03529469 0.04019671 0.37012507 0.03119450 
288.00000000 0.06324009 0.05747955 0.40305438 0.03550317 0.04016533 0.36933452 0.03122295 
289.00000000 0.06334777 0.05785816 0.40323141 0.03572535 0.04012636 0.36846915 0.03124179 
290.00000000 0.06346668 0.05821573 0.40349569 0.03595976 0.04007466 0.36752716 0.03126033 
291.00000000 0.06359775 0.05855901 0.40383688 0.03620292 0.04000806 0.36650871 0.03128667 
292.00000000 0.06374237 0.05889357 0.40423764 0.03644966 0.03992962 0.36542122 0.03132592 
293.00000000 0.06390296 0.05922074 0.40467511 0.03669535 0.03984697 0.36427930 0.03137958 
294.00000000 0.06408240 0.05953792 0.40512752 0.03693894 0.03976913 0.36309835 0.03144573 
295.00000000 0.06428276 0.05984137 0.40558167 0.03718448 0.03970359 0.36188670 0.03151943 
296.00000000 0.06450391 0.06012893 0.40603466 0.03743953 0.03965537 0.36064370 0.03159391 
297.00000000 0.06474283 0.06040086 0.40648684 0.03771127 0.03962846 0.35936697 0.03166277 
298.00000000 0.06499362 0.06065826 0.40693088 0.03800239 0.03962778 0.35806414 0.03172295 
299.00000000 0.06524851 0.06090056 0.40734734 0.03830935 0.03965969 0.35675795 0.03177660 
300.00000000 0.06549988 0.06112458 0.40771300 0.03862381 0.03973098 0.35547733 0.03183041 
301.00000000 0.06574220 0.06132608 0.40801738 0.03893650 0.03984663 0.35423905 0.03189215 
302.00000000 0.06597314 0.06150268 0.40827422 0.03924119 0.04000755 0.35303458 0.03196665 
303.00000000 0.06619311 0.06165571 0.40851764 0.03953672 0.04020925 0.35183381 0.03205375 
304.00000000 0.06640431 0.06178939 0.40878316 0.03982609 0.04044277 0.35060515 0.03214912 
305.00000000 0.06661011 0.06190793 0.40908417 0.04011342 0.04069761 0.34933989 0.03224686 
306.00000000 0.06681514 0.06201241 0.40939846 0.04040093 0.04096519 0.34806561 0.03234226 
307.00000000 0.06702544 0.06210007 0.40967464 0.04068776 0.04124080 0.34683843 0.03243286 
308.00000000 0.06724783 0.06216659 0.40985699 0.04097100 0.04152345 0.34571648 0.03251765 
309.00000000 0.06748871 0.06220984 0.40991377 0.04124781 0.04181425 0.34473050 0.03259511 
310.00000000 0.06775227 0.06223245 0.40985044 0.04151668 0.04211431 0.34387139 0.03266246 
311.00000000 0.06803883 0.06224145 0.40969919 0.04177712 0.04242307 0.34310319 0.03271716 
312.00000000 0.06834407 0.06224600 0.40949292 0.04202802 0.04273769 0.34239128 0.03276003 
313.00000000 0.06866026 0.06225485 0.40924372 0.04226587 0.04305374 0.34172426 0.03279729 
314.00000000 0.06897911 0.06227579 0.40894130 0.04248426 0.04336666 0.34111350 0.03283938 
315.00000000 0.06929409 0.06231722 0.40857108 0.04267562 0.04367304 0.34057222 0.03289674 
316.00000000 0.06960099 0.06239047 0.40813667 0.04283467 0.04397106 0.34009126 0.03297487 
317.00000000 0.06989669 0.06250972 0.40766992 0.04296177 0.04425990 0.33963009 0.03307191 
318.00000000 0.07017826 0.06268803 0.40722094 0.04306366 0.04453916 0.33912994 0.03318001 
319.00000000 0.07044349 0.06293103 0.40683393 0.04315100 0.04480864 0.33854203 0.03328987 
320.00000000 0.07069289 0.06323184 0.40652325 0.04323400 0.04506863 0.33785376 0.03339563 
321.00000000 0.07093131 0.06357053 0.40626569 0.04331864 0.04532040 0.33709578 0.03349764 
322.00000000 0.07116779 0.06391941 0.40601505 0.04340554 0.04556681 0.33632371 0.03360169 
323.00000000 0.07141323 0.06425165 0.40573059 0.04349177 0.04581258 0.33558497 0.03371520 
324.00000000 0.07167685 0.06454865 0.40540156 0.04357421 0.04606386 0.33489207 0.03384279 
325.00000000 0.07196311 0.06480226 0.40505272 0.04365211 0.04632691 0.33421896 0.03398392 
326.00000000 0.07227042 0.06501214 0.40472799 0.04372738 0.04660658 0.33352158 0.03413392 
327.00000000 0.07259214 0.06518143 0.40446274 0.04380284 0.04690552 0.33276825 0.03428707 
328.00000000 0.07291948 0.06531472 0.40426168 0.04387982 0.04722427 0.33196078 0.03443925 
329.00000000 0.07324411 0.06541916 0.40409476 0.04395720 0.04756180 0.33113433 0.03458864 
330.00000000 0.07355945 0.06550701 0.40391198 0.04403253 0.04791588 0.33033859 0.03473456 
331.00000000 0.07386031 0.06559598 0.40366700 0.04410433 0.04828325 0.32961306 0.03487607 
332.00000000 0.07414240 0.06570525 0.40333680 0.04417363 0.04865939 0.32897076 0.03501178 
333.00000000 0.07440264 0.06584872 0.40292763 0.04424364 0.04903803 0.32839798 0.03514137 
334.00000000 0.07464052 0.06602937 0.40246621 0.04431810 0.04941048 0.32786810 0.03526724 
335.00000000 0.07485991 0.06623825 0.40198268 0.04439929 0.04976573 0.32735950 0.03539463 
336.00000000 0.07506936 0.06645906 0.40149556 0.04448734 0.05009194 0.32686719 0.03552955 
337.00000000 0.07527999 0.06667583 0.40100589 0.04458084 0.05037906 0.32640287 0.03567552 
338.00000000 0.07550176 0.06687918 0.40050211 0.04467841 0.05062166 0.32598558 0.03583129 
339.00000000 0.07574007 0.06706752 0.39997189 0.04477981 0.05082073 0.32562898 0.03599099 
340.00000000 0.07599453 0.06724269 0.39941308 0.04488585 0.05098406 0.32533284 0.03614695 
341.00000000 0.07625997 0.06740434 0.39883653 0.04499722 0.05112491 0.32508390 0.03629312 
342.00000000 0.07652889 0.06754726 0.39825907 0.04511317 0.05125932 0.32486542 0.03642687 
343.00000000 0.07679402 0.06766358 0.39769167 0.04523131 0.05140256 0.32466863 0.03654821 
344.00000000 0.07705014 0.06774802 0.39713136 0.04534873 0.05156589 0.32449822 0.03665764 
345.00000000 0.07729480 0.06780194 0.39656244 0.04546349 0.05175468 0.32436802 0.03675464 
346.00000000 0.07752843 0.06783319 0.39596725 0.04557532 0.05196856 0.32428940 0.03683785 
347.00000000 0.07775381 0.06785155 0.39534056 0.04568494 0.05220322 0.32425923 0.03690668 
348.00000000 0.07797461 0.06786357 0.39469920 0.04579240 0.05245290 0.32425500 0.03696231 
349.00000000 0.07819315 0.06787068 0.39408111 0.04589576 0.05271228 0.32424012 0.03700690 
350.00000000 0.07840842 0.06787200 0.39353317 0.04599092 0.05297701 0.32417731 0.03704116 
351.00000000 0.07861522 0.06786934 0.39309305 0.04607316 0.05324339 0.32404347 0.03706236 
352.00000000 0.07880493 0.06787039 0.39277406 0.04613923 0.05350799 0.32383883 0.03706456 
353.00000000 0.07896793 0.06788747 0.39256183 0.04618860 0.05376805 0.32358485 0.03704128 
354.00000000 0.07909636 0.06793223 0.39242571 0.04622307 0.05402241 0.32331088 0.03698934 
355.00000000 0.07918587 0.06801008 0.39233868 0.04624508 0.05427230 0.32303625 0.03691175 
356.00000000 0.07923575 0.06811791 0.39229474 0.04625608 0.05452096 0.32275670 0.03681786 
357.00000000 0.07924800 0.06824696 0.39231492 0.04625631 0.05477207 0.32244149 0.03672024 
358.00000000 0.07922636 0.06838845 0.39243956 0.04624589 0.05502777 0.32204216 0.03662981 
359.00000000 0.07917584 0.06853814 0.39271123 0.04622653 0.05528731 0.32150889 0.03655207 
360.00000000 0.07910291 0.06869693 0.39315742 0.04620227 0.05554693 0.32080724 0.03648629 
361.00000000 0.07901591 0.06886752 0.39378091 0.04617863 0.05580120 0.31992800 0.03642784 
362.00000000 0.07892421 0.06905021 0.39456085 0.04616033 0.05604509 0.31888738 0.03637194 
363.00000000 0.07883548 0.06924144 0.39546163 0.04614917 0.05627575 0.31771998 0.03631655 
364.00000000 0.07875216 0.06943646 0.39644359 0.04614336 0.05649240 0.31646930 0.03626274 
365.00000000 0.07866976 0.06963377 0.39746969 0.04613891 0.05669487 0.31518053 0.03621247 
366.00000000 0.07857908 0.06983761 0.39850595 0.04613203 0.05688212 0.31389745 0.03616577 
367.00000000 0.07847184 0.07005559 0.39951841 0.04612085 0.05705239 0.31266138 0.03611952 
368.00000000 0.07834665 0.07029339 0.40047210 0.04610547 0.05720466 0.31150851 0.03606922 
369.00000000 0.07821164 0.07055024 0.40133456 0.04608642 0.05733990 0.31046466 0.03601258 
370.00000000 0.07808187 0.07081882 0.40208320 0.04606306 0.05746093 0.30953959 0.03595254 
371.00000000 0.07797286 0.07108901 0.40271289 0.04603326 0.05757085 0.30872393 0.03589721 
372.00000000 0.07789432 0.07135242 0.40323917 0.04599487 0.05767129 0.30799147 0.03585646 
373.00000000 0.07784786 0.07160412 0.40369265 0.04594814 0.05776171 0.30730817 0.03583735 
374.00000000 0.07782957 0.07184076 0.40410495 0.04589720 0.05783999 0.30664609 0.03584144 
375.00000000 0.07783520 0.07205737 0.40449328 0.04584973 0.05790392 0.30599546 0.03586506 
376.00000000 0.07786401 0.07224599 0.40485311 0.04581463 0.05795239 0.30536776 0.03590211 
377.00000000 0.07791833 0.07239812 0.40516354 0.04579916 0.05798565 0.30478753 0.03594767 
378.00000000 0.07799957 0.07250977 0.40540229 0.04580653 0.05800449 0.30427697 0.03600037 
379.00000000 0.07810427 0.07258565 0.40556205 0.04583504 0.05800898 0.30384143 0.03606259 
380.00000000 0.07822402 0.07263892 0.40565879 0.04587861 0.05799769 0.30346356 0.03613841 
381.00000000 0.07834977 0.07268560 0.40572732 0.04592868 0.05796845 0.30310924 0.03623095 
382.00000000 0.07847768 0.07273643 0.40580644 0.04597682 0.05792017 0.30274182 0.03634063 
383.00000000 0.07861252 0.07279133 0.40592224 0.04601725 0.05785444 0.30233704 0.03646518 
384.00000000 0.07876605 0.07283975 0.40607816 0.04604826 0.05777518 0.30189139 0.03660121 
385.00000000 0.07895097 0.07286654 0.40625715 0.04607219 0.05768668 0.30142029 0.03674619 
386.00000000 0.07917399 0.07285958 0.40643389 0.04609419 0.05759119 0.30094755 0.03689961 
387.00000000 0.07943238 0.07281479 0.40658867 0.04612031 0.05748757 0.30049321 0.03706308 
388.00000000 0.07971595 0.07273577 0.40671419 0.04615560 0.05737190 0.30006725 0.03723933 
389.00000000 0.08001305 0.07262914 0.40681333 0.04620289 0.05723982 0.29967107 0.03743070 
390.00000000 0.08031629 0.07249922 0.40689248 0.04626262 0.05708924 0.29930226 0.03763788 
391.00000000 0.08062468 0.07234645 0.40695640 0.04633330 0.05692164 0.29895768 0.03785985 
392.00000000 0.08094076 0.07217109 0.40700680 0.04641171 0.05674102 0.29863339 0.03809522 
393.00000000 0.08126550 0.07197921 0.40704402 0.04649245 0.05655162 0.29832321 0.03834399 
394.00000000 0.08159487 0.07178558 0.40706912 0.04656768 0.05635623 0.29801842 0.03860809 
395.00000000 0.08192089 0.07160989 0.40708410 0.04662826 0.05615639 0.29771054 0.03888993 
396.00000000 0.08223609 0.07146756 0.40708949 0.04666695 0.05595372 0.29739657 0.03918962 
397.00000000 0.08253800 0.07136108 0.40708097 0.04668257 0.05575047 0.29708416 0.03950276 
398.00000000 0.08282984 0.07127801 0.40704801 0.04668257 0.05554843 0.29679272 0.03982042 
399.00000000 0.08311665 0.07119791 0.40697682 0.04668225 0.05534692 0.29654806 0.04013138 
400.00000000 0.08339923 0.07110428 0.40685685 0.04670018 0.05514196 0.29637160 0.04042590 
401.00000000 0.08367071 0.07099410 0.40668686 0.04675190 0.05492800 0.29626970 0.04069874 
402.00000000 0.08391841 0.07087882 0.40647637 0.04684463 0.05470172 0.29623008 0.04094997 
403.00000000 0.08412973 0.07077618 0.40624195 0.04697582 0.05446567 0.29622748 0.04118317 
404.00000000 0.08429772 0.07069862 0.40600108 0.04713602 0.05422943 0.29623459 0.04140254 
405.00000000 0.08442272 0.07064629 0.40576703 0.04731423 0.05400728 0.29623144 0.04161102 
406.00000000 0.08450951 0.07060912 0.40554657 0.04750224 0.05381325 0.29620912 0.04181019 
407.00000000 0.08456272 0.07057580 0.40533976 0.04769580 0.05365635 0.29616821 0.04200137 
408.00000000 0.08458409 0.07054272 0.40513981 0.04789282 0.05353838 0.29611560 0.04218657 
409.00000000 0.08457326 0.07051655 0.40493234 0.04809065 0.05345545 0.29606331 0.04236844 
410.00000000 0.08453052 0.07050879 0.40469606 0.04828508 0.05340166 0.29602861 0.04254929 
411.00000000 0.08445868 0.07052654 0.40440793 0.04847182 0.05337216 0.29603263 0.04273023 
412.00000000 0.08436233 0.07056630 0.40405198 0.04864959 0.05336394 0.29609494 0.04291092 
413.00000000 0.08424522 0.07061498 0.40362731 0.04882218 0.05337466 0.29622557 0.04309008 
414.00000000 0.08410798 0.07065790 0.40314952 0.04899756 0.05340156 0.29641908 0.04326639 
415.00000000 0.08394834 0.07068867 0.40264326 0.04918396 0.05344199 0.29665490 0.04343888 
416.00000000 0.08376390 0.07071444 0.40212912 0.04938493 0.05349582 0.29690555 0.04360624 
417.00000000 0.08355529 0.07075311 0.40161215 0.04959654 0.05356826 0.29714910 0.04376555 
418.00000000 0.08332694 0.07082385 0.40107911 0.04980862 0.05367030 0.29737919 0.04391200 
419.00000000 0.08308466 0.07093699 0.40050564 0.05000952 0.05381563 0.29760692 0.04404064 
420.00000000 0.08283185 0.07108962 0.39986904 0.05019147 0.05401504 0.29785378 0.04414921 
421.00000000 0.08256725 0.07126910 0.39915950 0.05035359 0.05427131 0.29813983 0.04423942 
422.00000000 0.08228606 0.07146126 0.39838394 0.05050118 0.05457780 0.29847410 0.04431565 
423.00000000 0.08198364 0.07165746 0.39756044 0.05064179 0.05492161 0.29885285 0.04438220 
424.00000000 0.08165943 0.07185601 0.39670739 0.05078065 0.05528928 0.29926591 0.04444133 
425.00000000 0.08131838 0.07205770 0.39583506 0.05091843 0.05567150 0.29970508 0.04449384 
426.00000000 0.08096928 0.07225946 0.39494424 0.05105249 0.05606458 0.30016861 0.04454134 
427.00000000 0.08062143 0.07245171 0.39403089 0.05118002 0.05646870 0.30065941 0.04458785 
428.00000000 0.08028180 0.07262233 0.39309170 0.05130032 0.05688495 0.30117979 0.04463910 
429.00000000 0.07995404 0.07276515 0.39212621 0.05141438 0.05731300 0.30172744 0.04469978 
430.00000000 0.07963927 0.07288649 0.39113444 0.05152238 0.05775078 0.30229590 0.04477074 
431.00000000 0.07933719 0.07300501 0.39011292 0.05162126 0.05819582 0.30287932 0.04484849 
432.00000000 0.07904630 0.07314441 0.38905375 0.05170430 0.05864652 0.30347687 0.04492784 
433.00000000 0.07876307 0.07332374 0.38795002 0.05176325 0.05910180 0.30409185 0.04500628 
434.00000000 0.07848161 0.07355102 0.38680513 0.05179200 0.05955880 0.30472455 0.04508689 
435.00000000 0.07819493 0.07382296 0.38564047 0.05179008 0.06001049 0.30536334 0.04517773 
436.00000000 0.07789727 0.07412953 0.38449559 0.05176391 0.06044567 0.30598027 0.04528776 
437.00000000 0.07758635 0.07445925 0.38341938 0.05172497 0.06085238 0.30653539 0.04542228 
438.00000000 0.07726398 0.07480241 0.38245586 0.05168550 0.06122307 0.30698869 0.04558049 
439.00000000 0.07693465 0.07515130 0.38163112 0.05165415 0.06155821 0.30731428 0.04575630 
440.00000000 0.07660310 0.07549884 0.38094697 0.05163400 0.06186603 0.30750979 0.04594126 
441.00000000 0.07627198 0.07583764 0.38038363 0.05162366 0.06215858 0.30759674 0.04612777 
442.00000000 0.07594097 0.07616077 0.37990998 0.05162001 0.06244683 0.30761083 0.04631060 
443.00000000 0.07560730 0.07646410 0.37949716 0.05162050 0.06273734 0.30758685 0.04648677 
444.00000000 0.07526719 0.07674788 0.37912916 0.05162359 0.06303185 0.30754578 0.04665455 
445.00000000 0.07491735 0.07701584 0.37880540 0.05162771 0.06332896 0.30749145 0.04681328 
446.00000000 0.07455608 0.07727167 0.37853538 0.05163029 0.06362584 0.30741668 0.04696406 
447.00000000 0.07418416 0.07751482 0.37833093 0.05162828 0.06391844 0.30731259 0.04711078 
448.00000000 0.07380594 0.07773841 0.37820179 0.05162008 0.06420091 0.30717306 0.04725981 
449.00000000 0.07343009 0.07793084 0.37815597 0.05160778 0.06446569 0.30699195 0.04741767 
450.00000000 0.07306909 0.07808018 0.37820165 0.05159784 0.06470550 0.30675781 0.04758792 
451.00000000 0.07273709 0.07817892 0.37834578 0.05159929 0.06491635 0.30645353 0.04776905 
452.00000000 0.07244646 0.07822629 0.37858802 0.05162014 0.06509992 0.30606430 0.04795488 
453.00000000 0.07220463 0.07822788 0.37891361 0.05166405 0.06526330 0.30558943 0.04813710 
454.00000000 0.07201239 0.07819344 0.37929096 0.05172931 0.06541596 0.30504977 0.04830817 
455.00000000 0.07186491 0.07813427 0.37967724 0.05181041 0.06556557 0.30448430 0.04846330 
456.00000000 0.07175494 0.07806113 0.38003038 0.05190132 0.06571496 0.30393650 0.04860077 
457.00000000 0.07167678 0.07798307 0.38032176 0.05199801 0.06586159 0.30343769 0.04872112 
458.00000000 0.07162845 0.07790762 0.38054258 0.05209899 0.06599925 0.30299680 0.04882630 
459.00000000 0.07161115 0.07784153 0.38070033 0.05220409 0.06612065 0.30260269 0.04891957 
460.00000000 0.07162677 0.07779102 0.38080831 0.05231286 0.06621952 0.30223559 0.04900593 
461.00000000 0.07167549 0.07776131 0.38087664 0.05242445 0.06629147 0.30187853 0.04909210 
462.00000000 0.07175516 0.07775539 0.38091068 0.05253902 0.06633378 0.30152082 0.04918515 
463.00000000 0.07186226 0.07777305 0.38091621 0.05265967 0.06634514 0.30115369 0.04928997 
464.00000000 0.07199321 0.07781057 0.38090448 0.05279311 0.06632640 0.30076490 0.04940733 
465.00000000 0.07214446 0.07786150 0.38089128 0.05294803 0.06628193 0.30033892 0.04953390 
466.00000000 0.07231150 0.07791822 0.38088953 0.05313190 0.06622019 0.29986410 0.04966456 
467.00000000 0.07248795 0.07797378 0.38090132 0.05334813 0.06615274 0.29934096 0.04979511 
468.00000000 0.07266582 0.07802352 0.38091641 0.05359547 0.06609136 0.29878382 0.04992360 
469.00000000 0.07283777 0.07806562 0.38091934 0.05386981 0.06604478 0.29821325 0.05004943 
470.00000000 0.07300047 0.07810012 0.38090053 0.05416680 0.06601642 0.29764427 0.05017139 
471.00000000 0.07315695 0.07812708 0.38086307 0.05448350 0.06600424 0.29707868 0.05028647 
472.00000000 0.07331639 0.07814552 0.38082027 0.05481805 0.06600187 0.29650722 0.05039067 
473.00000000 0.07349071 0.07815409 0.38078484 0.05516795 0.06600038 0.29592041 0.05048161 
474.00000000 0.07368998 0.07815271 0.38075696 0.05552855 0.06599046 0.29532012 0.05056123 
475.00000000 0.07391901 0.07814388 0.38072089 0.05589313 0.06596480 0.29472190 0.05063639 
476.00000000 0.07417664 0.07813292 0.38065421 0.05625488 0.06591989 0.29414499 0.05071646 
477.00000000 0.07445748 0.07812655 0.38054417 0.05660970 0.06585613 0.29359686 0.05080912 
478.00000000 0.07475458 0.07813034 0.38040021 0.05695798 0.06577649 0.29306331 0.05091709 
479.00000000 0.07506157 0.07814610 0.38025458 0.05730396 0.06568487 0.29251097 0.05103796 
480.00000000 0.07537322 0.07817097 0.38015031 0.05765274 0.06558534 0.29190080 0.05116662 
481.00000000 0.07568497 0.07819924 0.38012270 0.05800668 0.06548250 0.29120547 0.05129844 
482.00000000 0.07599264 0.07822583 0.38018398 0.05836331 0.06538246 0.29042108 0.05143069 
483.00000000 0.07629322 0.07824925 0.38031990 0.05871604 0.06529320 0.28956671 0.05156168 
484.00000000 0.07658661 0.07827154 0.38049960 0.05905689 0.06522336 0.28867319 0.05168881 
485.00000000 0.07687694 0.07829514 0.38069168 0.05937974 0.06517999 0.28776912 0.05180739 
486.00000000 0.07717209 0.07831899 0.38087514 0.05968227 0.06516630 0.28687408 0.05191115 
487.00000000 0.07748132 0.07833690 0.38103842 0.05996597 0.06518049 0.28600275 0.05199415 
488.00000000 0.07781188 0.07833973 0.38116997 0.06023416 0.06521680 0.28517478 0.05205268 
489.00000000 0.07816629 0.07831968 0.38125076 0.06048961 0.06526845 0.28441904 0.05208618 
490.00000000 0.07854160 0.07827426 0.38125799 0.06073319 0.06533106 0.28376510 0.05209680 
491.00000000 0.07893060 0.07820716 0.38117888 0.06096475 0.06540436 0.28322588 0.05208837 
492.00000000 0.07932421 0.07812552 0.38102467 0.06118520 0.06549102 0.28278407 0.05206532 
493.00000000 0.07971429 0.07803538 0.38083373 0.06139793 0.06559348 0.28239300 0.05203219 
494.00000000 0.08009572 0.07793855 0.38066026 0.06160791 0.06571087 0.28199318 0.05199352 
495.00000000 0.08046705 0.07783328 0.38055366 0.06181836 0.06583801 0.28153606 0.05195358 
496.00000000 0.08082954 0.07771852 0.38053963 0.06202734 0.06596703 0.28100208 0.05191587 
497.00000000 0.08118540 0.07759840 0.38061327 0.06222631 0.06609048 0.28040326 0.05188289 
498.00000000 0.08153631 0.07748342 0.38074774 0.06240194 0.06620390 0.27977010 0.05185659 
499.00000000 0.08188296 0.07738704 0.38091202 0.06254039 0.06630647 0.27913211 0.05183901 
500.00000000 0.08222559 0.07731974 0.38108605 0.06263196 0.06639978 0.27850438 0.05183249 
501.00000000 0.08256492 0.07728490 0.38126479 0.06267395 0.06648569 0.27788661 0.05183913 
502.00000000 0.08290272 0.07727930 0.38145107 0.06267030 0.06656427 0.27727214 0.05186019 
503.00000000 0.08324135 0.07729789 0.38164405 0.06262847 0.06663334 0.27665884 0.05189606 
504.00000000 0.08358243 0.07733918 0.38183156 0.06255576 0.06668985 0.27605444 0.05194677 
505.00000000 0.08392547 0.07740763 0.38199129 0.06245734 0.06673240 0.27547347 0.05201240 
506.00000000 0.08426764 0.07751111 0.38209946 0.06233668 0.06676284 0.27492946 0.05209280 
507.00000000 0.08460514 0.07765546 0.38214109 0.06219743 0.06678618 0.27442804 0.05218666 
508.00000000 0.08493571 0.07783948 0.38211554 0.06204468 0.06680869 0.27396551 0.05229040 
509.00000000 0.08526057 0.07805402 0.38203467 0.06188412 0.06683581 0.27353284 0.05239797 
510.00000000 0.08558420 0.07828588 0.38191519 0.06171960 0.06687115 0.27312207 0.05250191 
511.00000000 0.08591201 0.07852373 0.38177031 0.06155067 0.06691715 0.27273062 0.05259551 
512.00000000 0.08624757 0.07876198 0.38160496 0.06137238 0.06697677 0.27236096 0.05267539 
513.00000000 0.08659140 0.07899995 0.38141664 0.06117808 0.06705457 0.27201655 0.05274280 
514.00000000 0.08694163 0.07923743 0.38120004 0.06096408 0.06715631 0.27169758 0.05280294 
515.00000000 0.08729559 0.07947004 0.38095220 0.06073338 0.06728693 0.27139958 0.05286227 
516.00000000 0.08765108 0.07968815 0.38067543 0.06049604 0.06744821 0.27111563 0.05292547 
517.00000000 0.08800640 0.07988000 0.38037642 0.06026588 0.06763723 0.27084024 0.05299383 
518.00000000 0.08835957 0.08003662 0.38006225 0.06005587 0.06784702 0.27057297 0.05306569 
519.00000000 0.08870760 0.08015488 0.37973611 0.05987484 0.06806874 0.27031950 0.05313833 
520.00000000 0.08904655 0.08023659 0.37939648 0.05972685 0.06829448 0.27008913 0.05320991 
521.00000000 0.08937261 0.08028493 0.37904120 0.05961241 0.06851934 0.26988933 0.05328018 
522.00000000 0.08968326 0.08030118 0.37867360 0.05953013 0.06874218 0.26971983 0.05334981 
523.00000000 0.08997808 0.08028421 0.37830693 0.05947745 0.06896489 0.26956911 0.05341934 
524.00000000 0.09025837 0.08023275 0.37796434 0.05945033 0.06919057 0.26941447 0.05348917 
525.00000000 0.09052638 0.08014823 0.37767410 0.05944286 0.06942154 0.26922577 0.05356112 
526.00000000 0.09078466 0.08003547 0.37746206 0.05944783 0.06965827 0.26897178 0.05363992 
527.00000000 0.09103612 0.07990078 0.37734463 0.05945901 0.06989962 0.26862709 0.05373274 
528.00000000 0.09128389 0.07974918 0.37732481 0.05947395 0.07014422 0.26817804 0.05384591 
529.00000000 0.09153020 0.07958293 0.37739262 0.05949541 0.07039216 0.26762621 0.05398047 
530.00000000 0.09177471 0.07940235 0.37752927 0.05953010 0.07064589 0.26698794 0.05412973 
531.00000000 0.09201326 0.07920813 0.37771368 0.05958518 0.07090982 0.26628889 0.05428104 
532.00000000 0.09223841 0.07900352 0.37792866 0.05966447 0.07118873 0.26555525 0.05442096 
533.00000000 0.09244178 0.07879499 0.37816397 0.05976646 0.07148597 0.26480593 0.05454091 
534.00000000 0.09261717 0.07859066 0.37841565 0.05988463 0.07180250 0.26404939 0.05464000 
535.00000000 0.09276314 0.07839736 0.37868310 0.06000954 0.07213739 0.26328573 0.05472373 
536.00000000 0.09288375 0.07821810 0.37896613 0.06013138 0.07248913 0.26251168 0.05479982 
537.00000000 0.09298710 0.07805160 0.37926343 0.06024191 0.07285671 0.26172503 0.05487423 
538.00000000 0.09308247 0.07789390 0.37957323 0.06033547 0.07323940 0.26092598 0.05494956 
539.00000000 0.09317756 0.07774048 0.37989522 0.06040953 0.07363564 0.26011516 0.05502641 
540.00000000 0.09327725 0.07758739 0.38023175 0.06046524 0.07404188 0.25929112 0.05510538 
541.00000000 0.09338383 0.07743110 0.38058653 0.06050832 0.07445249 0.25845050 0.05518724 
542.00000000 0.09349779 0.07726816 0.38096087 0.06054922 0.07486111 0.25759210 0.05527077 
543.00000000 0.09361804 0.07709582 0.38134979 0.06060116 0.07526284 0.25672211 0.05535024 
544.00000000 0.09374181 0.07691347 0.38174059 0.06067629 0.07565602 0.25585644 0.05541538 
545.00000000 0.09386469 0.07672386 0.38211549 0.06078118 0.07604252 0.25501725 0.05545500 
546.00000000 0.09398149 0.07653349 0.38245705 0.06091440 0.07642633 0.25422489 0.05546235 
547.00000000 0.09408733 0.07635194 0.38275356 0.06106705 0.07681132 0.25348981 0.05543899 
548.00000000 0.09417863 0.07619029 0.38300166 0.06122626 0.07719966 0.25280941 0.05539409 
549.00000000 0.09425382 0.07605900 0.38320481 0.06137955 0.07759171 0.25217144 0.05533966 
550.00000000 0.09431346 0.07596565 0.38336943 0.06151834 0.07798691 0.25156159 0.05528461 
551.00000000 0.09435984 0.07591373 0.38350054 0.06163920 0.07838443 0.25097092 0.05523135 
552.00000000 0.09439580 0.07590255 0.38359959 0.06174289 0.07878252 0.25039940 0.05517725 
553.00000000 0.09442332 0.07592834 0.38366501 0.06183236 0.07917705 0.24985434 0.05511958 
554.00000000 0.09444272 0.07598588 0.38369416 0.06191111 0.07956051 0.24934575 0.05505987 
555.00000000 0.09445299 0.07607061 0.38368441 0.06198237 0.07992254 0.24888265 0.05500443 
556.00000000 0.09445326 0.07618010 0.38363232 0.06204882 0.08025253 0.24847241 0.05496056 
557.00000000 0.09444430 0.07631423 0.38353244 0.06211176 0.08054325 0.24812227 0.05493175 
558.00000000 0.09442923 0.07647367 0.38337755 0.06216991 0.08079349 0.24784045 0.05491570 
559.00000000 0.09441264 0.07665807 0.38316061 0.06221856 0.08100810 0.24763528 0.05490675 
560.00000000 0.09439855 0.07686504 0.38287753 0.06225008 0.08119554 0.24751261 0.05490065 
561.00000000 0.09438839 0.07709081 0.38252907 0.06225613 0.08136468 0.24747278 0.05489814 
562.00000000 0.09438072 0.07733152 0.38212140 0.06223064 0.08152240 0.24750884 0.05490449 
563.00000000 0.09437320 0.07758441 0.38166480 0.06217225 0.08167277 0.24760715 0.05492542 
564.00000000 0.09436565 0.07784828 0.38117120 0.06208492 0.08181706 0.24775035 0.05496254 
565.00000000 0.09436187 0.07812342 0.38065167 0.06197641 0.08195345 0.24792140 0.05501178 
566.00000000 0.09436871 0.07841131 0.38011533 0.06185543 0.08207636 0.24810652 0.05506634 
567.00000000 0.09439291 0.07871410 0.37957076 0.06172899 0.08217585 0.24829541 0.05512198 
568.00000000 0.09443788 0.07903407 0.37902865 0.06160133 0.08223842 0.24847878 0.05518087 
569.00000000 0.09450236 0.07937324 0.37850337 0.06147437 0.08224966 0.24864587 0.05525112 
570.00000000 0.09458152 0.07973298 0.37801125 0.06134906 0.08219866 0.24878460 0.05534192 
571.00000000 0.09466927 0.08011304 0.37756658 0.06122629 0.08208275 0.24888428 0.05545779 
572.00000000 0.09476016 0.08050996 0.37717813 0.06110706 0.08191061 0.24893855 0.05559553 
573.00000000 0.09485022 0.08091546 0.37684876 0.06099223 0.08170159 0.24894636 0.05574539 
574.00000000 0.09493715 0.08131586 0.37657725 0.06088225 0.08148100 0.24891114 0.05589536 
575.00000000 0.09502072 0.08169321 0.37635960 0.06077732 0.08127341 0.24884006 0.05603569 
576.00000000 0.09510359 0.08202848 0.37618778 0.06067778 0.08109687 0.24874439 0.05616110 
577.00000000 0.09519191 0.08230615 0.37604714 0.06058450 0.08096015 0.24864010 0.05627005 
578.00000000 0.09529454 0.08251903 0.37591582 0.06049894 0.08086331 0.24854617 0.05636219 
579.00000000 0.09542035 0.08267098 0.37576913 0.06042267 0.08080026 0.24847983 0.05643678 
580.00000000 0.09557455 0.08277597 0.37558764 0.06035681 0.08076110 0.24845033 0.05649359 
581.00000000 0.09575603 0.08285339 0.37536491 0.06030173 0.08073346 0.24845489 0.05653559 
582.00000000 0.09595750 0.08292144 0.37511007 0.06025729 0.08070350 0.24847902 0.05657118 
583.00000000 0.09616837 0.08299159 0.37484418 0.06022354 0.08065829 0.24850053 0.05661350 
584.00000000 0.09637864 0.08306664 0.37459201 0.06020113 0.08058980 0.24849554 0.05667624 
585.00000000 0.09658148 0.08314269 0.37437280 0.06019130 0.08049885 0.24844480 0.05676808 
586.00000000 0.09677381 0.08321312 0.37419359 0.06019509 0.08039639 0.24833916 0.05688884 
587.00000000 0.09695504 0.08327187 0.37404727 0.06021242 0.08030056 0.24818305 0.05702980 
588.00000000 0.09712564 0.08331457 0.37391567 0.06024146 0.08023026 0.24799482 0.05717758 
589.00000000 0.09728646 0.08333753 0.37377579 0.06027888 0.08019838 0.24780354 0.05731941 
590.00000000 0.09743923 0.08333626 0.37360644 0.06032076 0.08020766 0.24764276 0.05744689 
591.00000000 0.09758736 0.08330532 0.37339316 0.06036369 0.08025066 0.24754291 0.05755689 
592.00000000 0.09773588 0.08324020 0.37313065 0.06040555 0.08031309 0.24752472 0.05764991 
593.00000000 0.09788960 0.08314036 0.37282346 0.06044558 0.08037833 0.24759477 0.05772791 
594.00000000 0.09805014 0.08301141 0.37248595 0.06048415 0.08043128 0.24774363 0.05779344 
595.00000000 0.09821355 0.08286471 0.37214085 0.06052243 0.08046059 0.24794743 0.05785044 
596.00000000 0.09837057 0.08271403 0.37181522 0.06056218 0.08045937 0.24817341 0.05790521 
597.00000000 0.09850954 0.08257090 0.37153364 0.06060551 0.08042564 0.24838896 0.05796580 
598.00000000 0.09862052 0.08244133 0.37131055 0.06065441 0.08036274 0.24857126 0.05803919 
599.00000000 0.09869828 0.08232609 0.37114483 0.06071011 0.08027933 0.24871380 0.05812755 
600.00000000 0.09874299 0.08222427 0.37101911 0.06077266 0.08018757 0.24882743 0.05822596 
601.00000000 0.09875872 0.08213777 0.37090434 0.06084126 0.08009918 0.24893518 0.05832355 
602.00000000 0.09875100 0.08207353 0.37076840 0.06091535 0.08002067 0.24906338 0.05840767 
603.00000000 0.09872491 0.08204215 0.37058480 0.06099596 0.07995044 0.24923279 0.05846895 
604.00000000 0.09868464 0.08205341 0.37033812 0.06108632 0.07987994 0.24945334 0.05850424 
605.00000000 0.09863455 0.08211105 0.37002488 0.06119108 0.07979897 0.24972336 0.05851611 
606.00000000 0.09858079 0.08221018 0.36965072 0.06131430 0.07970216 0.25003224 0.05850961 
607.00000000 0.09853167 0.08233883 0.36922611 0.06145728 0.07959269 0.25036464 0.05848880 
608.00000000 0.09849610 0.08248294 0.36876237 0.06161753 0.07948104 0.25070465 0.05845536 
609.00000000 0.09848073 0.08263205 0.36826912 0.06178954 0.07937962 0.25103905 0.05840990 
610.00000000 0.09848735 0.08278222 0.36775273 0.06196674 0.07929708 0.25135958 0.05835431 
611.00000000 0.09851249 0.08293461 0.36721567 0.06214346 0.07923560 0.25166492 0.05829326 
612.00000000 0.09854929 0.08309078 0.36665702 0.06231573 0.07919246 0.25196114 0.05823357 
613.00000000 0.09859070 0.08324797 0.36607480 0.06248098 0.07916383 0.25225941 0.05818231 
614.00000000 0.09863208 0.08339776 0.36546982 0.06263712 0.07914717 0.25257076 0.05814530 
615.00000000 0.09867181 0.08352936 0.36484955 0.06278248 0.07914032 0.25289974 0.05812675 
616.00000000 0.09870956 0.08363567 0.36423056 0.06291675 0.07913834 0.25323948 0.05812964 
617.00000000 0.09874382 0.08371818 0.36363788 0.06304249 0.07913140 0.25357058 0.05815564 
618.00000000 0.09877032 0.08378741 0.36310075 0.06316552 0.07910685 0.25386517 0.05820398 
619.00000000 0.09878288 0.08385814 0.36264558 0.06329351 0.07905523 0.25409465 0.05827001 
620.00000000 0.09877631 0.08394235 0.36228901 0.06343328 0.07897649 0.25423782 0.05834474 
621.00000000 0.09874948 0.08404432 0.36203387 0.06358797 0.07888194 0.25428600 0.05841641 
622.00000000 0.09870668 0.08416052 0.36186948 0.06375571 0.07878995 0.25424377 0.05847389 
623.00000000 0.09865625 0.08428361 0.36177595 0.06393043 0.07871777 0.25412557 0.05851041 
624.00000000 0.09860748 0.08440740 0.36173056 0.06410431 0.07867433 0.25395011 0.05852581 
625.00000000 0.09856746 0.08452940 0.36171347 0.06427012 0.07865817 0.25373538 0.05852600 
626.00000000 0.09853950 0.08464966 0.36171022 0.06442249 0.07866179 0.25349614 0.05852019 
627.00000000 0.09852366 0.08476732 0.36171048 0.06455758 0.07867949 0.25324418 0.05851728 
628.00000000 0.09851875 0.08487784 0.36170449 0.06467244 0.07871361 0.25298956 0.05852331 
629.00000000 0.09852439 0.08497366 0.36168015 0.06476481 0.07877484 0.25274123 0.05854092 
630.00000000 0.09854213 0.08504791 0.36162280 0.06483418 0.07887648 0.25250642 0.05857007 
631.00000000 0.09857521 0.08509864 0.36151757 0.06488338 0.07902632 0.25228990 0.05860899 
632.00000000 0.09862758 0.08513016 0.36135203 0.06491940 0.07922192 0.25209478 0.05865413 
633.00000000 0.09870307 0.08515025 0.36111686 0.06495270 0.07945241 0.25192535 0.05869936 
634.00000000 0.09880523 0.08516514 0.36080498 0.06499478 0.07970494 0.25178956 0.05873537 
635.00000000 0.09893770 0.08517563 0.36041129 0.06505527 0.07997065 0.25169846 0.05875099 
636.00000000 0.09910431 0.08517706 0.35993421 0.06513948 0.08024580 0.25166242 0.05873672 
637.00000000 0.09930819 0.08516268 0.35937846 0.06524778 0.08052753 0.25168653 0.05868881 
638.00000000 0.09955008 0.08512792 0.35875765 0.06537677 0.08080827 0.25176781 0.05861150 
639.00000000 0.09982621 0.08507282 0.35809506 0.06552143 0.08107379 0.25189514 0.05851554 
640.00000000 0.10012719 0.08500185 0.35742115 0.06567691 0.08130731 0.25205172 0.05841388 
641.00000000 0.10043883 0.08492200 0.35676705 0.06583896 0.08149764 0.25221897 0.05831655 
642.00000000 0.10074477 0.08484101 0.35615597 0.06600345 0.08164619 0.25238079 0.05822783 
643.00000000 0.10103017 0.08476690 0.35559617 0.06616571 0.08176788 0.25252658 0.05814660 
644.00000000 0.10128474 0.08470859 0.35507989 0.06632063 0.08188477 0.25265180 0.05806956 
645.00000000 0.10150419 0.08467621 0.35458927 0.06646372 0.08201601 0.25275559 0.05799501 
646.00000000 0.10168978 0.08467935 0.35410690 0.06659233 0.08216986 0.25283635 0.05792543 
647.00000000 0.10184719 0.08472339 0.35362535 0.06670611 0.08234228 0.25288815 0.05786753 
648.00000000 0.10198519 0.08480566 0.35315109 0.06680620 0.08252172 0.25289982 0.05783031 
649.00000000 0.10211442 0.08491437 0.35270197 0.06689377 0.08269618 0.25285685 0.05782244 
650.00000000 0.10224545 0.08503187 0.35230084 0.06696889 0.08285769 0.25274455 0.05785071 
651.00000000 0.10238621 0.08514060 0.35196972 0.06703043 0.08300224 0.25255075 0.05792005 
652.00000000 0.10253966 0.08522812 0.35172728 0.06707711 0.08312644 0.25226689 0.05803450 
653.00000000 0.10270321 0.08528803 0.35158975 0.06710906 0.08322457 0.25188770 0.05819767 
654.00000000 0.10287081 0.08531692 0.35157201 0.06712908 0.08328854 0.25141072 0.05841193 
655.00000000 0.10303681 0.08531053 0.35168572 0.06714272 0.08331085 0.25083693 0.05867644 
656.00000000 0.10319979 0.08526272 0.35193414 0.06715724 0.08328838 0.25017248 0.05898525 
657.00000000 0.10336397 0.08516805 0.35230723 0.06717985 0.08322399 0.24942972 0.05932719 
658.00000000 0.10353739 0.08502602 0.35278133 0.06721594 0.08312513 0.24862610 0.05968809 
659.00000000 0.10372771 0.08484354 0.35332570 0.06726781 0.08300023 0.24778036 0.06005465 
660.00000000 0.10393802 0.08463332 0.35391366 0.06733427 0.08285533 0.24690732 0.06041808 
661.00000000 0.10416484 0.08440892 0.35453332 0.06741107 0.08269287 0.24601338 0.06077560 
662.00000000 0.10439937 0.08417930 0.35519178 0.06749203 0.08251329 0.24509510 0.06112912 
663.00000000 0.10463081 0.08394664 0.35591020 0.06757052 0.08231792 0.24414204 0.06148188 
664.00000000 0.10484959 0.08370892 0.35671125 0.06764091 0.08211127 0.24314328 0.06183477 
665.00000000 0.10504899 0.08346565 0.35760527 0.06769957 0.08190109 0.24209500 0.06218442 
666.00000000 0.10522512 0.08322250 0.35858191 0.06774533 0.08169606 0.24100541 0.06252368 
667.00000000 0.10537633 0.08299154 0.35961125 0.06777932 0.08150235 0.23989484 0.06284437 
668.00000000 0.10550327 0.08278681 0.36065250 0.06780436 0.08132092 0.23879141 0.06314073 
669.00000000 0.10560957 0.08261824 0.36166432 0.06782400 0.08114713 0.23772519 0.06341155 
670.00000000 0.10570243 0.08248813 0.36261099 0.06784150 0.08097294 0.23672394 0.06366007 
671.00000000 0.10579166 0.08239221 0.36346346 0.06785927 0.08079022 0.23581117 0.06389201 
672.00000000 0.10588693 0.08232409 0.36419833 0.06787874 0.08059347 0.23500498 0.06411347 
673.00000000 0.10599443 0.08227970 0.36479909 0.06790053 0.08038071 0.23431587 0.06432967 
674.00000000 0.10611469 0.08225889 0.36526078 0.06792463 0.08015306 0.23374324 0.06454472 
675.00000000 0.10624299 0.08226373 0.36559515 0.06795060 0.07991383 0.23327246 0.06476123 
676.00000000 0.10637208 0.08229560 0.36583173 0.06797789 0.07966820 0.23287540 0.06497909 
677.00000000 0.10649553 0.08235357 0.36601138 0.06800641 0.07942349 0.23251609 0.06519353 
678.00000000 0.10660989 0.08243523 0.36617366 0.06803709 0.07918922 0.23216084 0.06539407 
679.00000000 0.10671472 0.08253922 0.36634331 0.06807231 0.07897564 0.23178873 0.06556607 
680.00000000 0.10681110 0.08266697 0.36652250 0.06811590 0.07879085 0.23139756 0.06569513 
681.00000000 0.10690016 0.08282195 0.36669274 0.06817256 0.07863747 0.23100221 0.06577291 
682.00000000 0.10698258 0.08300641 0.36682515 0.06824665 0.07851137 0.23062657 0.06580126 
683.00000000 0.10705895 0.08321770 0.36689314 0.06834063 0.07840341 0.23029395 0.06579221 
684.00000000 0.10713030 0.08344659 0.36688109 0.06845381 0.07830375 0.23002068 0.06576377 
685.00000000 0.10719772 0.08367912 0.36678618 0.06858236 0.07820603 0.22981461 0.06573397 
686.00000000 0.10726121 0.08390097 0.36661536 0.06872038 0.07810925 0.22967636 0.06571648 
687.00000000 0.10731865 0.08410203 0.36638145 0.06886161 0.07801639 0.22960014 0.06571973 
688.00000000 0.10736586 0.08427887 0.36610133 0.06900094 0.07793125 0.22957302 0.06574874 
689.00000000 0.10739815 0.08443406 0.36579521 0.06913523 0.07785569 0.22957464 0.06580702 
690.00000000 0.10741241 0.08457367 0.36548481 0.06926313 0.07778885 0.22958023 0.06589690 
691.00000000 0.10740816 0.08470459 0.36518877 0.06938427 0.07772854 0.22956758 0.06601809 
692.00000000 0.10738659 0.08483320 0.36491724 0.06949813 0.07767352 0.22952492 0.06616639 
693.00000000 0.10734841 0.08496503 0.36466933 0.06960349 0.07762489 0.22945457 0.06633428 
694.00000000 0.10729222 0.08510434 0.36443616 0.06969853 0.07758586 0.22936945 0.06651345 
695.00000000 0.10721483 0.08525312 0.36420800 0.06978127 0.07756046 0.22928422 0.06669810 
696.00000000 0.10711364 0.08540988 0.36398042 0.06984984 0.07755246 0.22920679 0.06688697 
697.00000000 0.10698939 0.08556950 0.36375531 0.06990210 0.07756519 0.22913591 0.06708260 
698.00000000 0.10684742 0.08572482 0.36353610 0.06993540 0.07760182 0.22906586 0.06728859 
699.00000000 0.10669669 0.08586934 0.36332156 0.06994678 0.07766537 0.22899381 0.06750645 
700.00000000 0.10654696 0.08599954 0.36310330 0.06993386 0.07775785 0.22892411 0.06773438 
701.00000000 0.10640561 0.08611541 0.36286919 0.06989604 0.07787894 0.22886620 0.06796861 
702.00000000 0.10627579 0.08621899 0.36261045 0.06983539 0.07802518 0.22882804 0.06820617 
703.00000000 0.10615655 0.08631169 0.36232740 0.06975687 0.07819023 0.22881031 0.06844695 
704.00000000 0.10604456 0.08639231 0.36202966 0.06966771 0.07836638 0.22880589 0.06869348 
705.00000000 0.10593616 0.08645664 0.36173093 0.06957563 0.07854663 0.22880521 0.06894879 
706.00000000 0.10582826 0.08649897 0.36144192 0.06948678 0.07872662 0.22880357 0.06921389 
707.00000000 0.10571808 0.08651449 0.36116662 0.06940426 0.07890523 0.22880474 0.06948657 
708.00000000 0.10560253 0.08650120 0.36090445 0.06932822 0.07908384 0.22881767 0.06976210 
709.00000000 0.10547839 0.08646042 0.36065631 0.06925740 0.07926461 0.22884800 0.07003486 
710.00000000 0.10534374 0.08639626 0.36042926 0.06919105 0.07944895 0.22889066 0.07030009 
711.00000000 0.10519973 0.08631458 0.36023476 0.06912975 0.07963702 0.22892969 0.07055448 
712.00000000 0.10505148 0.08622205 0.36008046 0.06907498 0.07982840 0.22894669 0.07079595 
713.00000000 0.10490697 0.08612548 0.35996059 0.06902781 0.08002317 0.22893307 0.07102291 
714.00000000 0.10477440 0.08603100 0.35985194 0.06898811 0.08022225 0.22889838 0.07123392 
715.00000000 0.10465930 0.08594279 0.35971884 0.06895484 0.08042673 0.22886937 0.07142813 
716.00000000 0.10456302 0.08586158 0.35952491 0.06892766 0.08063677 0.22888004 0.07160602 
717.00000000 0.10448343 0.08578356 0.35924514 0.06890834 0.08085129 0.22895844 0.07176979 
718.00000000 0.10441725 0.08570052 0.35887180 0.06890112 0.08106893 0.22911769 0.07192269 
719.00000000 0.10436270 0.08560183 0.35841164 0.06891139 0.08128934 0.22935557 0.07206753 
720.00000000 0.10432102 0.08547786 0.35787770 0.06894344 0.08151339 0.22966142 0.07220517 
721.00000000 0.10429626 0.08532367 0.35728172 0.06899875 0.08174165 0.23002409 0.07233385 
722.00000000 0.10429389 0.08514118 0.35663261 0.06907574 0.08197186 0.23043463 0.07245009 
723.00000000 0.10431918 0.08493852 0.35594107 0.06917117 0.08219718 0.23088214 0.07255075 
724.00000000 0.10437623 0.08472664 0.35522566 0.06928200 0.08240684 0.23134741 0.07263522 
725.00000000 0.10446744 0.08451516 0.35451374 0.06940665 0.08258944 0.23180124 0.07270634 
726.00000000 0.10459308 0.08430933 0.35383476 0.06954458 0.08273743 0.23221125 0.07276956 
727.00000000 0.10475061 0.08410974 0.35320968 0.06969492 0.08285031 0.23255389 0.07283085 
728.00000000 0.10493427 0.08391406 0.35264374 0.06985535 0.08293461 0.23282349 0.07289448 
729.00000000 0.10513578 0.08371954 0.35212791 0.07002246 0.08300029 0.23303200 0.07296203 
730.00000000 0.10534625 0.08352443 0.35164832 0.07019358 0.08305564 0.23319864 0.07303314 
731.00000000 0.10555873 0.08332775 0.35119816 0.07036876 0.08310347 0.23333577 0.07310736 
732.00000000 0.10577007 0.08312819 0.35078446 0.07055108 0.08314095 0.23343967 0.07318558 
733.00000000 0.10598103 0.08292354 0.35042555 0.07074487 0.08316305 0.23349202 0.07326994 
734.00000000 0.10619463 0.08271146 0.35014058 0.07095284 0.08316727 0.23347099 0.07336223 
735.00000000 0.10641372 0.08249128 0.34993773 0.07117405 0.08315644 0.23336461 0.07346217 
736.00000000 0.10663932 0.08226508 0.34980771 0.07140433 0.08313793 0.23317848 0.07356714 
737.00000000 0.10687078 0.08203702 0.34972588 0.07163887 0.08311974 0.23293394 0.07367378 
738.00000000 0.10710715 0.08181053 0.34966079 0.07187569 0.08310670 0.23265887 0.07378027 
739.00000000 0.10734849 0.08158506 0.34958384 0.07211790 0.08309940 0.23237769 0.07388763 
740.00000000 0.10759578 0.08135458 0.34947482 0.07237347 0.08309616 0.23210605 0.07399914 
741.00000000 0.10784967 0.08110911 0.34932193 0.07265253 0.08309620 0.23185196 0.07411860 
742.00000000 0.10810903 0.08083861 0.34911843 0.07296361 0.08310137 0.23162024 0.07424872 
743.00000000 0.10837067 0.08053714 0.34885996 0.07331089 0.08311523 0.23141549 0.07439062 
744.00000000 0.10863098 0.08020493 0.34854515 0.07369350 0.08314040 0.23124095 0.07454409 
745.00000000 0.10888850 0.07984754 0.34817872 0.07410682 0.08317595 0.23109444 0.07470803 
746.00000000 0.10914584 0.07947308 0.34777334 0.07454464 0.08321684 0.23096594 0.07488031 
747.00000000 0.10940943 0.07908931 0.34734688 0.07500053 0.08325609 0.23084044 0.07505733 
748.00000000 0.10968686 0.07870204 0.34691495 0.07546782 0.08328903 0.23070551 0.07523379 
749.00000000 0.10998313 0.07831510 0.34648347 0.07593863 0.08331742 0.23055898 0.07540328 
750.00000000 0.11029780 0.07793088 0.34604619 0.07640334 0.08335129 0.23041111 0.07555939 
751.00000000 0.11062476 0.07755076 0.34558976 0.07685162 0.08340688 0.23027918 0.07569705 
752.00000000 0.11095427 0.07717522 0.34510354 0.07727496 0.08350149 0.23017740 0.07581312 
753.00000000 0.11127586 0.07680413 0.34458840 0.07766968 0.08364710 0.23010840 0.07590644 
754.00000000 0.11158046 0.07643767 0.34405929 0.07803851 0.08384566 0.23006114 0.07597726 
755.00000000 0.11186100 0.07607772 0.34353974 0.07838963 0.08408813 0.23001663 0.07602717 
756.00000000 0.11211196 0.07572893 0.34305136 0.07873310 0.08435747 0.22995770 0.07605948 
757.00000000 0.11232900 0.07539872 0.34260357 0.07907659 0.08463451 0.22987753 0.07608008 
758.00000000 0.11250922 0.07509587 0.34218803 0.07942260 0.08490372 0.22978327 0.07609728 
759.00000000 0.11265235 0.07482815 0.34177943 0.07976880 0.08515668 0.22969451 0.07612008 
760.00000000 0.11276178 0.07460019 0.34134102 0.08011121 0.08539218 0.22963878 0.07615484 
761.00000000 0.11284478 0.07441215 0.34083213 0.08044780 0.08561425 0.22964667 0.07620223 
762.00000000 0.11291106 0.07425987 0.34021535 0.08078000 0.08583005 0.22974730 0.07625636 
763.00000000 0.11297006 0.07413610 0.33946310 0.08111125 0.08604923 0.22996338 0.07630689 
764.00000000 0.11302794 0.07403233 0.33856341 0.08144389 0.08628402 0.23030524 0.07634317 
765.00000000 0.11308584 0.07394045 0.33752447 0.08177713 0.08654855 0.23076525 0.07635831 
766.00000000 0.11313989 0.07385422 0.33637594 0.08210749 0.08685563 0.23131596 0.07635087 
767.00000000 0.11318314 0.07377033 0.33516490 0.08243144 0.08721151 0.23191483 0.07632385 
768.00000000 0.11320815 0.07368915 0.33394604 0.08274836 0.08761095 0.23251552 0.07628181 
769.00000000 0.11320928 0.07361467 0.33276820 0.08306169 0.08803591 0.23308190 0.07622835 
770.00000000 0.11318381 0.07355360 0.33166244 0.08337689 0.08845946 0.23359833 0.07616547 
771.00000000 0.11313209 0.07351386 0.33063663 0.08369758 0.08885375 0.23407119 0.07609490 
772.00000000 0.11305686 0.07350300 0.32967890 0.08402191 0.08919860 0.23452094 0.07601979 
773.00000000 0.11296233 0.07352714 0.32876755 0.08434183 0.08948690 0.23496907 0.07594518 
774.00000000 0.11285314 0.07359059 0.32788205 0.08464609 0.08972460 0.23542696 0.07587658 
775.00000000 0.11273291 0.07369628 0.32701025 0.08492526 0.08992569 0.23589172 0.07581789 
776.00000000 0.11260261 0.07384670 0.32614979 0.08517627 0.09010486 0.23634958 0.07577018 
777.00000000 0.11245926 0.07404470 0.32530553 0.08540381 0.09027124 0.23678312 0.07573234 
778.00000000 0.11229582 0.07429352 0.32448609 0.08561822 0.09042558 0.23717760 0.07570316 
779.00000000 0.11210279 0.07459586 0.32370127 0.08583143 0.09056126 0.23752404 0.07568335 
780.00000000 0.11187097 0.07495224 0.32296005 0.08605305 0.09066757 0.23782010 0.07567603 
781.00000000 0.11159443 0.07535951 0.32226784 0.08628867 0.09073325 0.23807104 0.07568526 
782.00000000 0.11127242 0.07581017 0.32162262 0.08654051 0.09074906 0.23829173 0.07571348 
783.00000000 0.11090966 0.07629288 0.32101194 0.08680927 0.09070924 0.23850741 0.07575960 
784.00000000 0.11051513 0.07679429 0.32041378 0.08709526 0.09061241 0.23875009 0.07581905 
785.00000000 0.11009983 0.07730157 0.31980299 0.08739772 0.09046257 0.23904959 0.07588573 
786.00000000 0.10967442 0.07780484 0.31916092 0.08771304 0.09026988 0.23942221 0.07595469 
787.00000000 0.10924709 0.07829865 0.31848315 0.08803356 0.09005040 0.23986312 0.07602403 
788.00000000 0.10882240 0.07878197 0.31778048 0.08834878 0.08982377 0.24034755 0.07609505 
789.00000000 0.10840093 0.07925706 0.31707221 0.08864894 0.08960878 0.24084122 0.07617085 
790.00000000 0.10798006 0.07972777 0.31637549 0.08892954 0.08941815 0.24131479 0.07625420 
791.00000000 0.10755524 0.08019803 0.31569693 0.08919415 0.08925476 0.24175517 0.07634573 
792.00000000 0.10712166 0.08067071 0.31503065 0.08945401 0.08911114 0.24216828 0.07644355 
793.00000000 0.10667576 0.08114706 0.31436299 0.08972412 0.08897251 0.24257312 0.07654443 
794.00000000 0.10621644 0.08162621 0.31368014 0.09001768 0.08882221 0.24299144 0.07664588 
795.00000000 0.10574563 0.08210469 0.31297414 0.09034116 0.08864779 0.24343862 0.07674797 
796.00000000 0.10526811 0.08257617 0.31224453 0.09069239 0.08844570 0.24391965 0.07685345 
797.00000000 0.10479044 0.08303182 0.31149619 0.09106226 0.08822332 0.24442984 0.07696614 
798.00000000 0.10431940 0.08346180 0.31073646 0.09143857 0.08799773 0.24495785 0.07708820 
799.00000000 0.10386038 0.08385796 0.30997419 0.09180973 0.08779179 0.24548799 0.07721797 
800.00000000 0.10341608 0.08421659 0.30922131 0.09216638 0.08762904 0.24600106 0.07734954 
801.00000000 0.10298598 0.08454006 0.30849470 0.09250083 0.08752908 0.24647502 0.07747433 
802.00000000 0.10256681 0.08483631 0.30781539 0.09280569 0.08750441 0.24688783 0.07758355 
803.00000000 0.10215412 0.08511618 0.30720401 0.09307367 0.08755885 0.24722276 0.07767042 
804.00000000 0.10174450 0.08538981 0.30667403 0.09329917 0.08768708 0.24747431 0.07773109 
805.00000000 0.10133733 0.08566352 0.30622667 0.09348125 0.08787544 0.24765099 0.07776480 
806.00000000 0.10093520 0.08593852 0.30585059 0.09362557 0.08810381 0.24777245 0.07777387 
807.00000000 0.10054273 0.08621193 0.30552683 0.09374388 0.08834897 0.24786160 0.07776406 
808.00000000 0.10016464 0.08647902 0.30523642 0.09385071 0.08858888 0.24793535 0.07774498 
809.00000000 0.09980409 0.08673580 0.30496630 0.09395878 0.08880714 0.24799859 0.07772929 
810.00000000 0.09946194 0.08698068 0.30471064 0.09407571 0.08899622 0.24804486 0.07772995 
811.00000000 0.09913719 0.08721508 0.30446701 0.09420342 0.08915815 0.24806313 0.07775602 
812.00000000 0.09882802 0.08744332 0.30423026 0.09434017 0.08930226 0.24804705 0.07780892 
813.00000000 0.09853299 0.08767200 0.30398842 0.09448363 0.08944053 0.24800136 0.07788107 
814.00000000 0.09825172 0.08790925 0.30372291 0.09463310 0.08958236 0.24794261 0.07795806 
815.00000000 0.09798514 0.08816330 0.30341306 0.09479004 0.08973082 0.24789443 0.07802321 
816.00000000 0.09773544 0.08844028 0.30304198 0.09495723 0.08988180 0.24788076 0.07806252 
817.00000000 0.09750618 0.08874122 0.30260070 0.09513741 0.09002635 0.24792007 0.07806807 
818.00000000 0.09730242 0.08905976 0.30208925 0.09533242 0.09015489 0.24802235 0.07803891 
819.00000000 0.09713018 0.08938177 0.30151534 0.09554310 0.09026112 0.24818823 0.07798025 
820.00000000 0.09699509 0.08968828 0.30089262 0.09576952 0.09034377 0.24840888 0.07790184 
821.00000000 0.09690016 0.08996091 0.30023983 0.09601089 0.09040593 0.24866592 0.07781636 
822.00000000 0.09684373 0.09018814 0.29958070 0.09626467 0.09045305 0.24893185 0.07773787 
823.00000000 0.09681889 0.09036937 0.29894289 0.09652532 0.09049125 0.24917261 0.07767966 
824.00000000 0.09681505 0.09051487 0.29835455 0.09678378 0.09052656 0.24935327 0.07765193 
825.00000000 0.09682128 0.09064171 0.29783825 0.09702853 0.09056464 0.24944593 0.07765966 
826.00000000 0.09683018 0.09076771 0.29740434 0.09724818 0.09060992 0.24943744 0.07770222 
827.00000000 0.09684000 0.09090622 0.29704712 0.09743462 0.09066401 0.24933309 0.07777494 
828.00000000 0.09685429 0.09106362 0.29674656 0.09758493 0.09072442 0.24915397 0.07787220 
829.00000000 0.09687942 0.09123982 0.29647607 0.09770144 0.09078479 0.24892841 0.07799005 
830.00000000 0.09692159 0.09143015 0.29621349 0.09779003 0.09083681 0.24868066 0.07812726 
831.00000000 0.09698484 0.09162735 0.29595049 0.09785768 0.09087352 0.24842182 0.07828430 
832.00000000 0.09707026 0.09182273 0.29569578 0.09791010 0.09089258 0.24814706 0.07846148 
833.00000000 0.09717610 0.09200673 0.29547063 0.09795040 0.09089833 0.24784026 0.07865754 
834.00000000 0.09729801 0.09216988 0.29529884 0.09797869 0.09090159 0.24748319 0.07886981 
835.00000000 0.09742932 0.09230471 0.29519627 0.09799276 0.09091704 0.24706441 0.07909549 
836.00000000 0.09756154 0.09240841 0.29516475 0.09798928 0.09095930 0.24658358 0.07933315 
837.00000000 0.09768535 0.09248472 0.29519252 0.09796537 0.09103882 0.24605008 0.07958315 
838.00000000 0.09779235 0.09254372 0.29525973 0.09792006 0.09115939 0.24547811 0.07984664 
839.00000000 0.09787714 0.09259872 0.29534539 0.09785544 0.09131780 0.24488149 0.08012400 
840.00000000 0.09793903 0.09266165 0.29543250 0.09777691 0.09150561 0.24427043 0.08041387 
841.00000000 0.09798242 0.09273911 0.29550992 0.09769248 0.09171212 0.24365062 0.08071333 
842.00000000 0.09801547 0.09283117 0.29557213 0.09761129 0.09192736 0.24302363 0.08101896 
843.00000000 0.09804750 0.09293315 0.29561850 0.09754188 0.09214419 0.24238735 0.08132742 
844.00000000 0.09808623 0.09303909 0.29565318 0.09749079 0.09235897 0.24173645 0.08163529 
845.00000000 0.09813602 0.09314498 0.29568500 0.09746184 0.09257088 0.24106321 0.08193807 
846.00000000 0.09819788 0.09325009 0.29572643 0.09745587 0.09278054 0.24035946 0.08222973 
847.00000000 0.09827085 0.09335635 0.29579053 0.09747063 0.09298885 0.23961953 0.08250325 
848.00000000 0.09835389 0.09346665 0.29588665 0.09750083 0.09319628 0.23884330 0.08275241 
849.00000000 0.09844726 0.09358336 0.29601636 0.09753861 0.09340294 0.23803757 0.08297391 
850.00000000 0.09855276 0.09370816 0.29617192 0.09757471 0.09360896 0.23721492 0.08316857 
851.00000000 0.09867303 0.09384266 0.29633801 0.09760036 0.09381456 0.23639035 0.08334104 
852.00000000 0.09881051 0.09398901 0.29649610 0.09760956 0.09401939 0.23557743 0.08349801 
853.00000000 0.09896667 0.09414938 0.29662972 0.09760120 0.09422143 0.23478540 0.08364620 
854.00000000 0.09914169 0.09432442 0.29672795 0.09758009 0.09441636 0.23401831 0.08379118 
855.00000000 0.09933404 0.09451187 0.29678594 0.09755621 0.09459797 0.23327640 0.08393757 
856.00000000 0.09954004 0.09470675 0.29680212 0.09754217 0.09475967 0.23255918 0.08409007 
857.00000000 0.09975318 0.09490336 0.29677461 0.09754988 0.09489615 0.23186860 0.08425421 
858.00000000 0.09996391 0.09509848 0.29669961 0.09758755 0.09500415 0.23121004 0.08443627 
859.00000000 0.10016029 0.09529388 0.29657348 0.09765806 0.09508197 0.23059020 0.08464212 
860.00000000 0.10032981 0.09549694 0.29639770 0.09775872 0.09512832 0.23001262 0.08487589 
861.00000000 0.10046167 0.09571888 0.29618310 0.09788219 0.09514175 0.22947352 0.08513888 
862.00000000 0.10054874 0.09597144 0.29595032 0.09801791 0.09512149 0.22896082 0.08542927 
863.00000000 0.10058831 0.09626347 0.29572535 0.09815381 0.09506912 0.22845707 0.08574287 
864.00000000 0.10058142 0.09659907 0.29553247 0.09827821 0.09498970 0.22794456 0.08607457 
865.00000000 0.10053137 0.09697786 0.29538805 0.09838163 0.09489095 0.22741023 0.08641991 
866.00000000 0.10044236 0.09739664 0.29529738 0.09845814 0.09478041 0.22684869 0.08677637 
867.00000000 0.10031875 0.09785135 0.29525483 0.09850602 0.09466172 0.22626332 0.08714403 
868.00000000 0.10016505 0.09833848 0.29524579 0.09852726 0.09453176 0.22566597 0.08752569 
869.00000000 0.09998615 0.09885571 0.29524950 0.09852589 0.09438029 0.22507584 0.08792663 
870.00000000 0.09978734 0.09940203 0.29524213 0.09850567 0.09419217 0.22451701 0.08835365 
871.00000000 0.09957416 0.09997742 0.29520067 0.09846799 0.09395165 0.22401434 0.08881377 
872.00000000 0.09935246 0.10058200 0.29510765 0.09841088 0.09364670 0.22358772 0.08931259 
873.00000000 0.09912857 0.10121478 0.29495548 0.09832963 0.09327231 0.22324625 0.08985298 
874.00000000 0.09890956 0.10187225 0.29474868 0.09821893 0.09283176 0.22298492 0.09043389 
875.00000000 0.09870306 0.10254729 0.29450226 0.09807560 0.09233657 0.22278559 0.09104962 
876.00000000 0.09851646 0.10322857 0.29423654 0.09790099 0.09180534 0.22262244 0.09168966 
877.00000000 0.09835569 0.10390121 0.29397030 0.09770156 0.09126196 0.22246980 0.09233948 
878.00000000 0.09822391 0.10454893 0.29371483 0.09748755 0.09073305 0.22230944 0.09298229 
879.00000000 0.09812092 0.10515723 0.29347115 0.09727009 0.09024441 0.22213484 0.09360136 
880.00000000 0.09804328 0.10571675 0.29323084 0.09705857 0.08981706 0.22195141 0.09418209 
881.00000000 0.09798527 0.10622545 0.29298008 0.09685902 0.08946366 0.22177302 0.09471350 
882.00000000 0.09794003 0.10668896 0.29270557 0.09667393 0.08918629 0.22161623 0.09518900 
883.00000000 0.09790075 0.10711863 0.29240028 0.09650251 0.08897673 0.22149435 0.09560675 
884.00000000 0.09786160 0.10752808 0.29206735 0.09634106 0.08881934 0.22141299 0.09596957 
885.00000000 0.09781885 0.10792865 0.29172080 0.09618323 0.08869586 0.22136830 0.09628431 
886.00000000 0.09777191 0.10832540 0.29138291 0.09602124 0.08859046 0.22134772 0.09656037 
887.00000000 0.09772418 0.10871487 0.29107964 0.09584779 0.08849338 0.22133269 0.09680746 
888.00000000 0.09768281 0.10908573 0.29083534 0.09565869 0.08840233 0.22130236 0.09703274 
889.00000000 0.09765708 0.10942197 0.29066802 0.09545489 0.08832194 0.22123773 0.09723838 
890.00000000 0.09765576 0.10970742 0.29058555 0.09524305 0.08826196 0.22112577 0.09742050 
891.00000000 0.09768444 0.10993023 0.29058329 0.09503425 0.08823491 0.22096273 0.09757015 
892.00000000 0.09774394 0.11008610 0.29064398 0.09484096 0.08825319 0.22075554 0.09767628 
893.00000000 0.09783045 0.11017961 0.29074054 0.09467345 0.08832600 0.22052055 0.09772939 
894.00000000 0.09793731 0.11022334 0.29084161 0.09453715 0.08845661 0.22027948 0.09772449 
895.00000000 0.09805778 0.11023488 0.29091839 0.09443170 0.08864117 0.22005389 0.09766219 
896.00000000 0.09818746 0.11023233 0.29095019 0.09435190 0.08887001 0.21986025 0.09754787 
897.00000000 0.09832547 0.11022979 0.29092663 0.09428974 0.08913122 0.21970783 0.09738933 
898.00000000 0.09847408 0.11023419 0.29084603 0.09423640 0.08941517 0.21959988 0.09719424 
899.00000000 0.09863734 0.11024481 0.29071161 0.09418359 0.08971751 0.21953684 0.09696830 
900.00000000 0.09881953 0.11025527 0.29052801 0.09412413 0.09003915 0.21951934 0.09671457 
901.00000000 0.09902432 0.11025729 0.29029962 0.09405231 0.09038335 0.21954935 0.09643374 
902.00000000 0.09925446 0.11024473 0.29003088 0.09396431 0.09075178 0.21962912 0.09612470 
903.00000000 0.09951149 0.11021677 0.28972720 0.09385889 0.09114172 0.21975883 0.09578510 
904.00000000 0.09979523 0.11017943 0.28939534 0.09373799 0.09154573 0.21993415 0.09541213 
905.00000000 0.10010334 0.11014511 0.28904271 0.09360644 0.09195346 0.22014516 0.09500377 
906.00000000 0.10043168 0.11013055 0.28867631 0.09347047 0.09235389 0.22037671 0.09456039 
907.00000000 0.10077567 0.11015365 0.28830225 0.09333539 0.09273706 0.22061002 0.09408595 
908.00000000 0.10113221 0.11023008 0.28792667 0.09320358 0.09309466 0.22082467 0.09358812 
909.00000000 0.10150089 0.11037011 0.28755703 0.09307394 0.09342031 0.22100080 0.09307691 
910.00000000 0.10188344 0.11057629 0.28720252 0.09294328 0.09371033 0.22112182 0.09256233 
911.00000000 0.10228152 0.11084226 0.28687225 0.09280901 0.09396536 0.22117765 0.09205194 
912.00000000 0.10269385 0.11115307 0.28657208 0.09267157 0.09419189 0.22116784 0.09154970 
913.00000000 0.10311429 0.11148723 0.28630177 0.09253520 0.09440241 0.22110263 0.09105648 
914.00000000 0.10353206 0.11182023 0.28605485 0.09240674 0.09461314 0.22100096 0.09057204 
915.00000000 0.10393384 0.11212890 0.28582165 0.09229309 0.09484004 0.22088524 0.09009724 
916.00000000 0.10430685 0.11239525 0.28559410 0.09219899 0.09509478 0.22077470 0.08963533 
917.00000000 0.10464137 0.11260860 0.28536954 0.09212598 0.09538267 0.22067983 0.08919201 
918.00000000 0.10493218 0.11276538 0.28515112 0.09207275 0.09570347 0.22060049 0.08877462 
919.00000000 0.10517906 0.11286673 0.28494425 0.09203580 0.09605460 0.22052841 0.08839114 
920.00000000 0.10538660 0.11291543 0.28475102 0.09200980 0.09643477 0.22045319 0.08804919 
921.00000000 0.10556362 0.11291356 0.28456593 0.09198740 0.09684611 0.22036838 0.08775499 
922.00000000 0.10572176 0.11286199 0.28437592 0.09195937 0.09729387 0.22027487 0.08751222 
923.00000000 0.10587313 0.11276108 0.28416490 0.09191612 0.09778420 0.22017978 0.08732079 
924.00000000 0.10602704 0.11261177 0.28392031 0.09185074 0.09832180 0.22009234 0.08717599 
925.00000000 0.10618677 0.11241596 0.28363748 0.09176245 0.09890873 0.22001969 0.08706893 
926.00000000 0.10634751 0.11217615 0.28331979 0.09165847 0.09954465 0.21996481 0.08698863 
927.00000000 0.10649680 0.11189480 0.28297530 0.09155284 0.10022760 0.21992711 0.08692554 
928.00000000 0.10661786 0.11157405 0.28261294 0.09146207 0.10095444 0.21990391 0.08687473 
929.00000000 0.10669453 0.11121609 0.28224078 0.09139956 0.10172082 0.21989107 0.08683714 
930.00000000 0.10671586 0.11082404 0.28186693 0.09137141 0.10252128 0.21988267 0.08681781 
931.00000000 0.10667836 0.11040243 0.28150074 0.09137559 0.10334986 0.21987050 0.08682252 
932.00000000 0.10658529 0.10995679 0.28115259 0.09140431 0.10420128 0.21984523 0.08685450 
933.00000000 0.10644427 0.10949225 0.28083126 0.09144761 0.10507218 0.21979940 0.08691302 
934.00000000 0.10626467 0.10901183 0.28054057 0.09149611 0.10596190 0.21973108 0.08699384 
935.00000000 0.10605597 0.10851581 0.28027783 0.09154202 0.10687215 0.21964564 0.08709058 
936.00000000 0.10582690 0.10800275 0.28003589 0.09157898 0.10780580 0.21955385 0.08719583 
937.00000000 0.10558477 0.10747191 0.27980811 0.09160208 0.10876487 0.21946659 0.08730166 
938.00000000 0.10533466 0.10692572 0.27959356 0.09160857 0.10974868 0.21938866 0.08740015 
939.00000000 0.10507860 0.10637120 0.27939918 0.09159886 0.11075271 0.21931510 0.08748434 
940.00000000 0.10481557 0.10581959 0.27923789 0.09157682 0.11176850 0.21923174 0.08754989 
941.00000000 0.10454250 0.10528427 0.27912379 0.09154839 0.11278496 0.21911966 0.08759642 
942.00000000 0.10425639 0.10477773 0.27906754 0.09151876 0.11379105 0.21896113 0.08762740 
943.00000000 0.10395650 0.10430878 0.27907413 0.09148935 0.11477897 0.21874435 0.08764792 
944.00000000 0.10364557 0.10388121 0.27914313 0.09145626 0.11574683 0.21846554 0.08766147 
945.00000000 0.10332934 0.10349418 0.27927015 0.09141135 0.11669912 0.21812841 0.08766745 
946.00000000 0.10301477 0.10314401 0.27944818 0.09134575 0.11764439 0.21774206 0.08766084 
947.00000000 0.10270796 0.10282600 0.27966814 0.09125431 0.11859099 0.21731860 0.08763401 
948.00000000 0.10241279 0.10253556 0.27991915 0.09113874 0.11954280 0.21687127 0.08757970 
949.00000000 0.10213083 0.10226858 0.28018940 0.09100767 0.12049689 0.21641310 0.08749354 
950.00000000 0.10186212 0.10202123 0.28046818 0.09087337 0.12144403 0.21595580 0.08737527 
951.00000000 0.10160635 0.10179010 0.28074869 0.09074667 0.12237143 0.21550838 0.08722838 
952.00000000 0.10136372 0.10157241 0.28103026 0.09063281 0.12326608 0.21507580 0.08705892 
953.00000000 0.10113534 0.10136649 0.28131866 0.09053021 0.12411731 0.21465807 0.08687392 
954.00000000 0.10092311 0.10117197 0.28162353 0.09043240 0.12491819 0.21425077 0.08668003 
955.00000000 0.10072928 0.10098969 0.28195332 0.09033130 0.12566625 0.21384785 0.08648231 
956.00000000 0.10055591 0.10082133 0.28230977 0.09021970 0.12636400 0.21344593 0.08628337 
957.00000000 0.10040435 0.10066896 0.28268460 0.09009171 0.12701930 0.21304816 0.08608292 
958.00000000 0.10027495 0.10053471 0.28306002 0.08994216 0.12764476 0.21266518 0.08587822 
959.00000000 0.10016684 0.10042061 0.28341287 0.08976635 0.12825573 0.21231214 0.08566546 
960.00000000 0.10007782 0.10032896 0.28372030 0.08956121 0.12886644 0.21200341 0.08544186 
961.00000000 0.10000440 0.10026291 0.28396425 0.08932743 0.12948527 0.21174795 0.08520778 
962.00000000 0.09994200 0.10022699 0.28413357 0.08907081 0.13011078 0.21154787 0.08496798 
963.00000000 0.09988579 0.10022683 0.28422394 0.08880139 0.13073039 0.21140038 0.08473129 
964.00000000 0.09983192 0.10026799 0.28423740 0.08853035 0.13132271 0.21130093 0.08450869 
965.00000000 0.09977906 0.10035417 0.28418216 0.08826590 0.13186305 0.21124533 0.08431033 
966.00000000 0.09972939 0.10048588 0.28407214 0.08801031 0.13233005 0.21122961 0.08414261 
967.00000000 0.09968889 0.10066006 0.28392494 0.08775954 0.13271101 0.21124895 0.08400661 
968.00000000 0.09966666 0.10087080 0.28375771 0.08750553 0.13300424 0.21129703 0.08389805 
969.00000000 0.09967348 0.10111031 0.28358228 0.08723973 0.13321827 0.21136699 0.08380893 
970.00000000 0.09972001 0.10136955 0.28340205 0.08695625 0.13336875 0.21145318 0.08373021 
971.00000000 0.09981474 0.10163822 0.28321272 0.08665326 0.13347438 0.21155197 0.08365472 
972.00000000 0.09996240 0.10190485 0.28300716 0.08633265 0.13355287 0.21166041 0.08357967 
973.00000000 0.10016311 0.10215761 0.28278217 0.08599876 0.13361758 0.21177275 0.08350802 
974.00000000 0.10041270 0.10238608 0.28254346 0.08565746 0.13367477 0.21187722 0.08344831 
975.00000000 0.10070395 0.10258318 0.28230578 0.08531627 0.13372193 0.21195588 0.08341302 
976.00000000 0.10102831 0.10274643 0.28208791 0.08498516 0.13374780 0.21198877 0.08341563 
977.00000000 0.10137758 0.10287773 0.28190522 0.08467663 0.13373484 0.21196090 0.08346712 
978.00000000 0.10174507 0.10298199 0.28176386 0.08440429 0.13366385 0.21186828 0.08357266 
979.00000000 0.10212621 0.10306539 0.28165952 0.08417986 0.13351960 0.21171967 0.08372974 
980.00000000 0.10251882 0.10313363 0.28158077 0.08401013 0.13329524 0.21153298 0.08392842 
981.00000000 0.10292304 0.10319088 0.28151433 0.08389540 0.13299416 0.21132822 0.08415397 
982.00000000 0.10334074 0.10323941 0.28144902 0.08383028 0.13262877 0.21112095 0.08439082 
983.00000000 0.10377433 0.10328026 0.28137671 0.08380613 0.13221687 0.21091906 0.08462664 
984.00000000 0.10422513 0.10331446 0.28129070 0.08381370 0.13177726 0.21072390 0.08485485 
985.00000000 0.10469181 0.10334453 0.28118378 0.08384480 0.13132584 0.21053420 0.08507504 
986.00000000 0.10516970 0.10337530 0.28104778 0.08389275 0.13087333 0.21034988 0.08529127 
987.00000000 0.10565127 0.10341375 0.28087498 0.08395195 0.13042488 0.21017382 0.08550937 
988.00000000 0.10612762 0.10346773 0.28065983 0.08401770 0.12998133 0.21001142 0.08573436 
989.00000000 0.10659035 0.10354396 0.28039892 0.08408661 0.12954166 0.20986958 0.08596892 
990.00000000 0.10703280 0.10364597 0.28008836 0.08415749 0.12910550 0.20975694 0.08621293 
991.00000000 0.10745014 0.10377315 0.27972001 0.08423203 0.12867491 0.20968570 0.08646407 
992.00000000 0.10783852 0.10392111 0.27927951 0.08431447 0.12825457 0.20967311 0.08671873 
993.00000000 0.10819401 0.10408357 0.27874833 0.08441010 0.12785036 0.20974048 0.08697315 
994.00000000 0.10851244 0.10425469 0.27810965 0.08452319 0.12746709 0.20990860 0.08722432 
995.00000000 0.10879016 0.10443086 0.27735516 0.08465539 0.12710640 0.21019115 0.08747088 
996.00000000 0.10902521 0.10461134 0.27648899 0.08480543 0.12676594 0.21058936 0.08771373 
997.00000000 0.10921784 0.10479782 0.27552668 0.08497036 0.12643997 0.21109093 0.08795640 
998.00000000 0.10937004 0.10499340 0.27448986 0.08514776 0.12612089 0.21167366 0.08820438 
999.00000000 0.10948458 0.10520155 0.27340014 0.08533750 0.12580109 0.21231154 0.08846359 
