0.00000000 0.00225937 0.01191697 0.76937613 0.00190601 0.00102365 0.20810004 0.00541781 
1.00000000 0.00225971 0.01191753 0.76938850 0.00190632 0.00102373 0.20808730 0.00541691 
2.00000000 0.00226058 0.01191883 0.76941700 0.00190717 0.00102387 0.20805830 0.00541425 
3.00000000 0.00226190 0.01192055 0.76944947 0.00190845 0.00102392 0.20802581 0.00540991 
4.00000000 0.00226381 0.01192301 0.76948534 0.00191006 0.00102384 0.20799006 0.00540388 
5.00000000 0.00226670 0.01192713 0.76954045 0.00191211 0.00102378 0.20793383 0.00539601 
6.00000000 0.00227097 0.01193381 0.76963803 0.00191484 0.00102402 0.20783221 0.00538612 
7.00000000 0.00227675 0.01194327 0.76979052 0.00191856 0.00102481 0.20767188 0.00537422 
8.00000000 0.00228379 0.01195473 0.76998494 0.00192334 0.00102620 0.20746635 0.00536065 
9.00000000 0.00229161 0.01196685 0.77018381 0.00192896 0.00102800 0.20725464 0.00534612 
10.00000000 0.00229988 0.01197862 0.77034373 0.00193502 0.00102994 0.20708134 0.00533146 
11.00000000 0.00230875 0.01199026 0.77044088 0.00194115 0.00103187 0.20696978 0.00531731 
12.00000000 0.00231891 0.01200330 0.77048618 0.00194731 0.00103403 0.20690631 0.00530395 
13.00000000 0.00233128 0.01201984 0.77051827 0.00195393 0.00103701 0.20684825 0.00529143 
14.00000000 0.00234646 0.01204119 0.77057596 0.00196168 0.00104153 0.20675332 0.00527987 
15.00000000 0.00236432 0.01206684 0.77066571 0.00197110 0.00104813 0.20661407 0.00526983 
16.00000000 0.00238401 0.01209440 0.77074526 0.00198231 0.00105685 0.20647480 0.00526237 
17.00000000 0.00240448 0.01212077 0.77073682 0.00199486 0.00106732 0.20641701 0.00525874 
18.00000000 0.00242516 0.01214380 0.77056451 0.00200806 0.00107901 0.20651948 0.00525998 
19.00000000 0.00244645 0.01216365 0.77019394 0.00202139 0.00109164 0.20681652 0.00526641 
20.00000000 0.00246960 0.01218272 0.76964929 0.00203493 0.00110545 0.20728031 0.00527770 
21.00000000 0.00249614 0.01220430 0.76899656 0.00204936 0.00112120 0.20783922 0.00529321 
22.00000000 0.00252701 0.01223060 0.76830169 0.00206566 0.00113984 0.20842259 0.00531261 
23.00000000 0.00256205 0.01226133 0.76758717 0.00208453 0.00116200 0.20900678 0.00533616 
24.00000000 0.00260017 0.01229377 0.76681331 0.00210597 0.00118767 0.20963440 0.00536470 
25.00000000 0.00264016 0.01232443 0.76589780 0.00212929 0.00121630 0.21039288 0.00539914 
26.00000000 0.00268165 0.01235133 0.76476328 0.00215349 0.00124711 0.21136317 0.00543997 
27.00000000 0.00272568 0.01237556 0.76338451 0.00217791 0.00127965 0.21256975 0.00548694 
28.00000000 0.00277436 0.01240110 0.76180577 0.00220264 0.00131411 0.21396278 0.00553924 
29.00000000 0.00282995 0.01243290 0.76011791 0.00222856 0.00135129 0.21544330 0.00559608 
30.00000000 0.00289377 0.01247435 0.75840778 0.00225689 0.00139216 0.21691777 0.00565729 
31.00000000 0.00296554 0.01252545 0.75670781 0.00228846 0.00143742 0.21835182 0.00572350 
32.00000000 0.00304369 0.01258302 0.75497492 0.00232327 0.00148710 0.21979220 0.00579580 
33.00000000 0.00312644 0.01264272 0.75311273 0.00236045 0.00154068 0.22134180 0.00587518 
34.00000000 0.00321314 0.01270182 0.75102615 0.00239884 0.00159746 0.22310062 0.00596197 
35.00000000 0.00330486 0.01276104 0.74867575 0.00243769 0.00165711 0.22510785 0.00605570 
36.00000000 0.00340397 0.01282429 0.74609885 0.00247727 0.00171982 0.22732044 0.00615536 
37.00000000 0.00351291 0.01289660 0.74338537 0.00251877 0.00178624 0.22964003 0.00626008 
38.00000000 0.00363282 0.01298115 0.74062369 0.00256377 0.00185715 0.23197183 0.00636959 
39.00000000 0.00376277 0.01307734 0.73784755 0.00261339 0.00193306 0.23428167 0.00648423 
40.00000000 0.00390026 0.01318093 0.73501395 0.00266768 0.00201401 0.23661878 0.00660439 
41.00000000 0.00404256 0.01328632 0.73202604 0.00272569 0.00209962 0.23908974 0.00673003 
42.00000000 0.00418838 0.01338954 0.72878909 0.00278609 0.00218945 0.24179703 0.00686042 
43.00000000 0.00433864 0.01349046 0.72526712 0.00284801 0.00228324 0.24477815 0.00699439 
44.00000000 0.00449595 0.01359276 0.72150608 0.00291168 0.00238103 0.24798183 0.00713068 
45.00000000 0.00466296 0.01370181 0.71761077 0.00297838 0.00248311 0.25129455 0.00726842 
46.00000000 0.00484086 0.01382150 0.71369017 0.00304981 0.00258978 0.25460061 0.00740727 
47.00000000 0.00502847 0.01395189 0.70980203 0.00312712 0.00270127 0.25784209 0.00754713 
48.00000000 0.00522288 0.01408897 0.70592549 0.00321037 0.00281759 0.26104697 0.00768773 
49.00000000 0.00542110 0.01422682 0.70197640 0.00329850 0.00293869 0.26430991 0.00782858 
50.00000000 0.00562192 0.01436097 0.69785839 0.00338994 0.00306462 0.26773503 0.00796914 
51.00000000 0.00582675 0.01449096 0.69352197 0.00348352 0.00319552 0.27137217 0.00810912 
52.00000000 0.00603885 0.01462081 0.68899739 0.00357912 0.00333161 0.27518382 0.00824841 
53.00000000 0.00626148 0.01475694 0.68438205 0.00367770 0.00347301 0.27906192 0.00838690 
54.00000000 0.00649612 0.01490478 0.67979099 0.00378075 0.00361957 0.28288358 0.00852420 
55.00000000 0.00674161 0.01506582 0.67529848 0.00388933 0.00377109 0.28657418 0.00865948 
56.00000000 0.00699493 0.01523689 0.67090120 0.00400351 0.00392745 0.29014445 0.00879157 
57.00000000 0.00725301 0.01541215 0.66652270 0.00412220 0.00408887 0.29368155 0.00891951 
58.00000000 0.00751466 0.01558648 0.66205869 0.00424374 0.00425591 0.29729760 0.00904292 
59.00000000 0.00778126 0.01575850 0.65743924 0.00436663 0.00442915 0.30106307 0.00916214 
60.00000000 0.00805582 0.01593142 0.65267196 0.00449028 0.00460883 0.30496396 0.00927772 
61.00000000 0.00834098 0.01611127 0.64784118 0.00461528 0.00479443 0.30890698 0.00938987 
62.00000000 0.00863734 0.01630352 0.64306541 0.00474295 0.00498482 0.31276792 0.00949804 
63.00000000 0.00894310 0.01650991 0.63843820 0.00487463 0.00517880 0.31645438 0.00960098 
64.00000000 0.00925508 0.01672735 0.63398423 0.00501090 0.00537580 0.31994935 0.00969729 
65.00000000 0.00957073 0.01694958 0.62965315 0.00515134 0.00557630 0.32331275 0.00978615 
66.00000000 0.00988979 0.01717062 0.62535531 0.00529481 0.00578155 0.32664018 0.00986774 
67.00000000 0.01021434 0.01738802 0.62101983 0.00544005 0.00599278 0.33000180 0.00994319 
68.00000000 0.01054733 0.01760410 0.61664106 0.00558632 0.00621032 0.33339687 0.01001401 
69.00000000 0.01089064 0.01782450 0.61228640 0.00573385 0.00643303 0.33675025 0.01008133 
70.00000000 0.01124392 0.01805483 0.60806264 0.00588373 0.00665874 0.33995072 0.01014542 
71.00000000 0.01160501 0.01829740 0.60406167 0.00603731 0.00688533 0.34290755 0.01020573 
72.00000000 0.01197150 0.01854985 0.60031543 0.00619557 0.00711199 0.34559430 0.01026136 
73.00000000 0.01234253 0.01880653 0.59678357 0.00635868 0.00733979 0.34805721 0.01031168 
74.00000000 0.01271959 0.01906179 0.59338041 0.00652592 0.00757112 0.35038444 0.01035673 
75.00000000 0.01310569 0.01931321 0.59002587 0.00669598 0.00780822 0.35265382 0.01039722 
76.00000000 0.01350339 0.01956287 0.58669006 0.00686739 0.00805177 0.35489033 0.01043418 
77.00000000 0.01391316 0.01981605 0.58340541 0.00703912 0.00830009 0.35705758 0.01046858 
78.00000000 0.01433304 0.02007817 0.58024177 0.00721089 0.00854982 0.35908539 0.01050092 
79.00000000 0.01475989 0.02035165 0.57726244 0.00738314 0.00879763 0.36091404 0.01053121 
80.00000000 0.01519131 0.02063462 0.57448764 0.00755674 0.00904211 0.36252848 0.01055909 
81.00000000 0.01562717 0.02092202 0.57188521 0.00773245 0.00928461 0.36396444 0.01058411 
82.00000000 0.01606984 0.02120849 0.56939235 0.00791042 0.00952838 0.36528471 0.01060581 
83.00000000 0.01652271 0.02149137 0.56695397 0.00808989 0.00977656 0.36654156 0.01062394 
84.00000000 0.01698789 0.02177193 0.56455291 0.00826928 0.01003009 0.36774929 0.01063861 
85.00000000 0.01746459 0.02205432 0.56221415 0.00844671 0.01028680 0.36888299 0.01065044 
86.00000000 0.01794920 0.02234287 0.55998351 0.00862096 0.01054233 0.36990056 0.01066057 
87.00000000 0.01843715 0.02263932 0.55789803 0.00879210 0.01079247 0.37077056 0.01067037 
88.00000000 0.01892533 0.02294160 0.55596732 0.00896164 0.01103551 0.37148760 0.01068100 
89.00000000 0.01941396 0.02324463 0.55417569 0.00913187 0.01127326 0.37206771 0.01069287 
90.00000000 0.01990652 0.02354301 0.55250119 0.00930480 0.01150982 0.37252931 0.01070536 
91.00000000 0.02040758 0.02383378 0.55093702 0.00948106 0.01174911 0.37287438 0.01071707 
92.00000000 0.02091964 0.02411785 0.54949928 0.00965952 0.01199241 0.37308449 0.01072682 
93.00000000 0.02144091 0.02439905 0.54821531 0.00983781 0.01223745 0.37313479 0.01073468 
94.00000000 0.02196571 0.02468163 0.54710211 0.01001361 0.01247955 0.37301484 0.01074255 
95.00000000 0.02248723 0.02496759 0.54615205 0.01018606 0.01271416 0.37273921 0.01075370 
96.00000000 0.02300107 0.02525555 0.54533759 0.01035628 0.01293944 0.37233858 0.01077149 
97.00000000 0.02350764 0.02554143 0.54463248 0.01052691 0.01315719 0.37183651 0.01079784 
98.00000000 0.02401178 0.02582082 0.54403509 0.01070074 0.01337161 0.37122762 0.01083235 
99.00000000 0.02451968 0.02609155 0.54357632 0.01087914 0.01358677 0.37047378 0.01087275 
100.00000000 0.02503468 0.02635496 0.54330360 0.01106117 0.01380423 0.36952471 0.01091665 
101.00000000 0.02555476 0.02661490 0.54324855 0.01124382 0.01402206 0.36835246 0.01096346 
102.00000000 0.02607329 0.02687541 0.54340035 0.01142338 0.01423589 0.36697641 0.01101527 
103.00000000 0.02658266 0.02713834 0.54370545 0.01159737 0.01444117 0.36545897 0.01107605 
104.00000000 0.02707852 0.02740230 0.54409716 0.01176575 0.01463564 0.36387107 0.01114955 
105.00000000 0.02756229 0.02766330 0.54453799 0.01193091 0.01482042 0.36224805 0.01123704 
106.00000000 0.02804034 0.02791670 0.54504750 0.01209623 0.01499922 0.36056370 0.01133631 
107.00000000 0.02852024 0.02815950 0.54569592 0.01226419 0.01517626 0.35874130 0.01144258 
108.00000000 0.02900627 0.02839172 0.54656355 0.01243472 0.01535402 0.35669865 0.01155107 
109.00000000 0.02949675 0.02861609 0.54768850 0.01260507 0.01553208 0.35440199 0.01165952 
110.00000000 0.02998495 0.02883622 0.54903595 0.01277119 0.01570757 0.35189488 0.01176924 
111.00000000 0.03046303 0.02905452 0.55051040 0.01292999 0.01587690 0.34928127 0.01188390 
112.00000000 0.03092663 0.02927095 0.55200543 0.01308112 0.01603780 0.34667120 0.01200686 
113.00000000 0.03137751 0.02948296 0.55346158 0.01322719 0.01619064 0.34412131 0.01213882 
114.00000000 0.03182266 0.02968663 0.55489748 0.01337236 0.01633818 0.34160575 0.01227694 
115.00000000 0.03227024 0.02987877 0.55639461 0.01352009 0.01648419 0.33903587 0.01241624 
116.00000000 0.03272460 0.03005878 0.55804243 0.01367128 0.01663154 0.33631907 0.01255230 
117.00000000 0.03318349 0.03022918 0.55987527 0.01382374 0.01678096 0.33342359 0.01268377 
118.00000000 0.03363906 0.03039445 0.56183996 0.01397354 0.01693073 0.33040933 0.01281292 
119.00000000 0.03408244 0.03055887 0.56381604 0.01411718 0.01707762 0.32740375 0.01294411 
120.00000000 0.03450900 0.03072464 0.56567762 0.01425346 0.01721830 0.32453591 0.01308107 
121.00000000 0.03492109 0.03089107 0.56736013 0.01438396 0.01735087 0.32186805 0.01322483 
122.00000000 0.03532657 0.03105510 0.56889251 0.01451191 0.01747548 0.31936511 0.01337331 
123.00000000 0.03573385 0.03121327 0.57037528 0.01464025 0.01759422 0.31692044 0.01352270 
124.00000000 0.03614655 0.03136394 0.57191694 0.01476987 0.01771000 0.31442291 0.01366980 
125.00000000 0.03656096 0.03150860 0.57356647 0.01489902 0.01782517 0.31182586 0.01381393 
126.00000000 0.03696815 0.03165121 0.57528382 0.01502418 0.01794031 0.30917516 0.01395718 
127.00000000 0.03735941 0.03179634 0.57696657 0.01514193 0.01805382 0.30657902 0.01410291 
128.00000000 0.03773155 0.03194712 0.57851461 0.01525065 0.01816259 0.30413984 0.01425365 
129.00000000 0.03808878 0.03210383 0.57989126 0.01535104 0.01826362 0.30189172 0.01440975 
130.00000000 0.03843989 0.03226384 0.58114398 0.01544549 0.01835572 0.29978165 0.01456941 
131.00000000 0.03879274 0.03242287 0.58237336 0.01553654 0.01844055 0.29770402 0.01472993 
132.00000000 0.03914941 0.03257719 0.58366989 0.01562543 0.01852215 0.29556659 0.01488934 
133.00000000 0.03950498 0.03272557 0.58505769 0.01571147 0.01860514 0.29334755 0.01504760 
134.00000000 0.03985057 0.03286972 0.58647946 0.01579251 0.01869246 0.29110876 0.01520652 
135.00000000 0.04017884 0.03301325 0.58783044 0.01586637 0.01878383 0.28895867 0.01536859 
136.00000000 0.04048862 0.03315984 0.58901741 0.01593209 0.01887581 0.28699063 0.01553560 
137.00000000 0.04078573 0.03331131 0.59000557 0.01599036 0.01896355 0.28523540 0.01570808 
138.00000000 0.04107951 0.03346654 0.59082704 0.01604307 0.01904323 0.28365500 0.01588562 
139.00000000 0.04137741 0.03362188 0.59154898 0.01609222 0.01911406 0.28217799 0.01606745 
140.00000000 0.04168087 0.03377305 0.59222302 0.01613899 0.01917850 0.28075251 0.01625306 
141.00000000 0.04198472 0.03391748 0.59284837 0.01618320 0.01924059 0.27938326 0.01644237 
142.00000000 0.04228053 0.03405561 0.59337204 0.01622365 0.01930348 0.27812916 0.01663553 
143.00000000 0.04256181 0.03419050 0.59372466 0.01625904 0.01936741 0.27706404 0.01683255 
144.00000000 0.04282807 0.03432625 0.59386712 0.01628879 0.01942939 0.27622720 0.01703319 
145.00000000 0.04308524 0.03446594 0.59381788 0.01631326 0.01948463 0.27559578 0.01723727 
146.00000000 0.04334204 0.03461015 0.59364506 0.01633338 0.01952915 0.27509528 0.01744494 
147.00000000 0.04360479 0.03475679 0.59342969 0.01635017 0.01956204 0.27464016 0.01765636 
148.00000000 0.04387389 0.03490233 0.59322328 0.01636438 0.01958608 0.27417905 0.01787099 
149.00000000 0.04414402 0.03504373 0.59302622 0.01637634 0.01960652 0.27371596 0.01808721 
150.00000000 0.04440770 0.03517981 0.59280095 0.01638621 0.01962868 0.27329402 0.01830262 
151.00000000 0.04466002 0.03531156 0.59250994 0.01639443 0.01965584 0.27295341 0.01851479 
152.00000000 0.04490169 0.03544139 0.59215146 0.01640191 0.01968847 0.27269268 0.01872240 
153.00000000 0.04513848 0.03557196 0.59176882 0.01640977 0.01972490 0.27246011 0.01892595 
154.00000000 0.04537761 0.03570506 0.59142760 0.01641885 0.01976309 0.27218042 0.01912736 
155.00000000 0.04562336 0.03584080 0.59117610 0.01642962 0.01980226 0.27179943 0.01932843 
156.00000000 0.04587480 0.03597761 0.59101402 0.01644243 0.01984368 0.27131828 0.01952919 
157.00000000 0.04612672 0.03611284 0.59089010 0.01645791 0.01989027 0.27079473 0.01972743 
158.00000000 0.04637296 0.03624366 0.59073197 0.01647723 0.01994545 0.27030912 0.01991962 
159.00000000 0.04660986 0.03636795 0.59048898 0.01650214 0.02001195 0.26991631 0.02010280 
160.00000000 0.04683792 0.03648510 0.59015961 0.01653447 0.02009094 0.26961544 0.02027652 
161.00000000 0.04706089 0.03659633 0.58978575 0.01657522 0.02018156 0.26935671 0.02044354 
162.00000000 0.04728305 0.03670425 0.58941995 0.01662394 0.02028114 0.26907906 0.02060861 
163.00000000 0.04750630 0.03681172 0.58908766 0.01667905 0.02038594 0.26875356 0.02077577 
164.00000000 0.04772886 0.03692043 0.58876819 0.01673894 0.02049237 0.26840529 0.02094591 
165.00000000 0.04794636 0.03702994 0.58840612 0.01680314 0.02059822 0.26810001 0.02111620 
166.00000000 0.04815433 0.03713766 0.58794639 0.01687293 0.02070346 0.26790345 0.02128179 
167.00000000 0.04835072 0.03723983 0.58737039 0.01695084 0.02081022 0.26783922 0.02143877 
168.00000000 0.04853683 0.03733327 0.58670886 0.01703939 0.02092169 0.26787318 0.02158679 
169.00000000 0.04871626 0.03741706 0.58602343 0.01713935 0.02104030 0.26793398 0.02172961 
170.00000000 0.04889263 0.03749321 0.58537008 0.01724899 0.02116618 0.26795586 0.02187305 
171.00000000 0.04906729 0.03756571 0.58476745 0.01736477 0.02129693 0.26791646 0.02202138 
172.00000000 0.04923850 0.03763864 0.58418842 0.01748338 0.02142891 0.26784761 0.02217454 
173.00000000 0.04940276 0.03771396 0.58357885 0.01760369 0.02155932 0.26781329 0.02232813 
174.00000000 0.04955737 0.03779022 0.58289227 0.01772751 0.02168822 0.26786826 0.02247615 
175.00000000 0.04970257 0.03786287 0.58211918 0.01785867 0.02181905 0.26802312 0.02261454 
176.00000000 0.04984178 0.03792629 0.58129191 0.01800074 0.02195758 0.26823806 0.02274363 
177.00000000 0.04997966 0.03797683 0.58046248 0.01815462 0.02210931 0.26844913 0.02286797 
178.00000000 0.05011945 0.03801502 0.57966857 0.01831749 0.02227687 0.26860890 0.02299370 
179.00000000 0.05026110 0.03804587 0.57890973 0.01848381 0.02245886 0.26871565 0.02312498 
180.00000000 0.05040146 0.03807680 0.57814754 0.01864810 0.02265074 0.26881356 0.02326180 
181.00000000 0.05053648 0.03811449 0.57732900 0.01880759 0.02284722 0.26896472 0.02340050 
182.00000000 0.05066425 0.03816189 0.57641885 0.01896338 0.02304501 0.26921023 0.02353640 
183.00000000 0.05078664 0.03821729 0.57542065 0.01911928 0.02324446 0.26954495 0.02366673 
184.00000000 0.05090839 0.03827606 0.57437292 0.01927913 0.02344913 0.26992212 0.02379224 
185.00000000 0.05103424 0.03833426 0.57332336 0.01944389 0.02366348 0.27028399 0.02391678 
186.00000000 0.05116592 0.03839189 0.57229944 0.01961048 0.02388992 0.27059711 0.02404525 
187.00000000 0.05130102 0.03845387 0.57129443 0.01977308 0.02412711 0.27086962 0.02418087 
188.00000000 0.05143433 0.03852808 0.57027612 0.01992625 0.02437046 0.27114126 0.02432351 
189.00000000 0.05156078 0.03862170 0.56921096 0.02006791 0.02461437 0.27145441 0.02446988 
190.00000000 0.05167855 0.03873768 0.56808769 0.02020053 0.02485502 0.27182512 0.02461542 
191.00000000 0.05179019 0.03887314 0.56692532 0.02032978 0.02509212 0.27223278 0.02475666 
192.00000000 0.05190099 0.03902065 0.56576053 0.02046154 0.02532877 0.27263477 0.02489274 
193.00000000 0.05201555 0.03917180 0.56462341 0.02059885 0.02556949 0.27299535 0.02502554 
194.00000000 0.05213474 0.03932091 0.56351893 0.02074058 0.02581783 0.27330882 0.02515818 
195.00000000 0.05225492 0.03946692 0.56242568 0.02088269 0.02607481 0.27360216 0.02529283 
196.00000000 0.05236972 0.03961268 0.56131106 0.02102098 0.02633900 0.27391761 0.02542896 
197.00000000 0.05247344 0.03976226 0.56015191 0.02115395 0.02660782 0.27428743 0.02556321 
198.00000000 0.05256434 0.03991772 0.55894782 0.02128398 0.02687905 0.27471620 0.02569088 
199.00000000 0.05264591 0.04007700 0.55771946 0.02141629 0.02715187 0.27518144 0.02580804 
200.00000000 0.05272499 0.04023405 0.55649302 0.02155622 0.02742687 0.27565178 0.02591308 
201.00000000 0.05280793 0.04038150 0.55528191 0.02170649 0.02770538 0.27611004 0.02600676 
202.00000000 0.05289686 0.04051430 0.55407899 0.02186584 0.02798836 0.27656451 0.02609114 
203.00000000 0.05298849 0.04063229 0.55286441 0.02202991 0.02827574 0.27704127 0.02616788 
204.00000000 0.05307599 0.04074029 0.55162274 0.02219371 0.02856622 0.27756411 0.02623694 
205.00000000 0.05315282 0.04084574 0.55035757 0.02235434 0.02885761 0.27813548 0.02629644 
206.00000000 0.05321652 0.04095521 0.54909468 0.02251251 0.02914729 0.27873027 0.02634352 
207.00000000 0.05327022 0.04107144 0.54787104 0.02267202 0.02943271 0.27930685 0.02637571 
208.00000000 0.05332074 0.04119258 0.54671561 0.02283766 0.02971179 0.27982966 0.02639197 
209.00000000 0.05337437 0.04131393 0.54563430 0.02301261 0.02998322 0.28028855 0.02639302 
210.00000000 0.05343306 0.04143131 0.54461001 0.02319694 0.03024657 0.28070107 0.02638105 
211.00000000 0.05349315 0.04154374 0.54361775 0.02338774 0.03050216 0.28109652 0.02635894 
212.00000000 0.05354727 0.04165414 0.54264394 0.02358087 0.03075089 0.28149365 0.02632924 
213.00000000 0.05358817 0.04176763 0.54169683 0.02377304 0.03099396 0.28188713 0.02629325 
214.00000000 0.05361243 0.04188869 0.54080149 0.02396340 0.03123236 0.28225078 0.02625086 
215.00000000 0.05362204 0.04201860 0.53998222 0.02415368 0.03146649 0.28255582 0.02620115 
216.00000000 0.05362303 0.04215428 0.53924261 0.02434704 0.03169618 0.28279339 0.02614347 
217.00000000 0.05362199 0.04228940 0.53855646 0.02454613 0.03192108 0.28298648 0.02607846 
218.00000000 0.05362254 0.04241725 0.53787696 0.02475151 0.03214141 0.28318187 0.02600845 
219.00000000 0.05362395 0.04253386 0.53715903 0.02496110 0.03235838 0.28342674 0.02593695 
220.00000000 0.05362203 0.04263949 0.53637978 0.02517087 0.03257428 0.28374614 0.02586741 
221.00000000 0.05361201 0.04273797 0.53554421 0.02537627 0.03279190 0.28413577 0.02580188 
222.00000000 0.05359177 0.04283431 0.53467360 0.02557387 0.03301332 0.28457269 0.02574044 
223.00000000 0.05356362 0.04293184 0.53378515 0.02576253 0.03323884 0.28503627 0.02568175 
224.00000000 0.05353373 0.04303035 0.53287516 0.02594333 0.03346682 0.28552636 0.02562424 
225.00000000 0.05350921 0.04312636 0.53191675 0.02611855 0.03369461 0.28606724 0.02556728 
226.00000000 0.05349497 0.04321557 0.53087411 0.02629015 0.03391988 0.28669372 0.02551160 
227.00000000 0.05349187 0.04329609 0.52972414 0.02645865 0.03414150 0.28742866 0.02545909 
228.00000000 0.05349700 0.04337024 0.52847077 0.02662270 0.03435963 0.28826782 0.02541184 
229.00000000 0.05350580 0.04344397 0.52714285 0.02677955 0.03457500 0.28918178 0.02537106 
230.00000000 0.05351490 0.04352423 0.52577826 0.02692630 0.03478761 0.29013214 0.02533656 
231.00000000 0.05352421 0.04361583 0.52440447 0.02706135 0.03499589 0.29109115 0.02530709 
232.00000000 0.05353690 0.04371936 0.52302651 0.02718540 0.03519711 0.29205349 0.02528124 
233.00000000 0.05355748 0.04383127 0.52162887 0.02730131 0.03538861 0.29303401 0.02525845 
234.00000000 0.05358956 0.04394615 0.52019013 0.02741308 0.03556911 0.29405241 0.02523956 
235.00000000 0.05363425 0.04405998 0.51870074 0.02752435 0.03573887 0.29511499 0.02522683 
236.00000000 0.05368999 0.04417229 0.51717257 0.02763698 0.03589909 0.29620594 0.02522315 
237.00000000 0.05375343 0.04428606 0.51563473 0.02775035 0.03605097 0.29729355 0.02523091 
238.00000000 0.05382110 0.04440563 0.51411958 0.02786185 0.03619481 0.29834589 0.02525113 
239.00000000 0.05389092 0.04453393 0.51264756 0.02796856 0.03632976 0.29934574 0.02528353 
240.00000000 0.05396296 0.04467033 0.51121922 0.02806903 0.03645449 0.30029654 0.02532743 
241.00000000 0.05403914 0.04481024 0.50981864 0.02816432 0.03656828 0.30121662 0.02538277 
242.00000000 0.05412250 0.04494687 0.50842648 0.02825757 0.03667160 0.30212440 0.02545058 
243.00000000 0.05421617 0.04507457 0.50703460 0.02835257 0.03676556 0.30302384 0.02553269 
244.00000000 0.05432207 0.04519189 0.50565298 0.02845200 0.03685091 0.30389951 0.02563065 
245.00000000 0.05443971 0.04530255 0.50430539 0.02855618 0.03692726 0.30472429 0.02574461 
246.00000000 0.05456602 0.04541385 0.50301755 0.02866314 0.03699302 0.30547362 0.02587280 
247.00000000 0.05469667 0.04553328 0.50180497 0.02877002 0.03704595 0.30613697 0.02601215 
248.00000000 0.05482819 0.04566514 0.50066702 0.02887484 0.03708434 0.30672070 0.02615978 
249.00000000 0.05495998 0.04580865 0.49958979 0.02897774 0.03710822 0.30724141 0.02631422 
250.00000000 0.05509484 0.04595897 0.49855577 0.02908099 0.03711969 0.30771420 0.02647555 
251.00000000 0.05523754 0.04611077 0.49755372 0.02918810 0.03712187 0.30814341 0.02664460 
252.00000000 0.05539163 0.04626237 0.49658297 0.02930247 0.03711729 0.30852153 0.02682174 
253.00000000 0.05555628 0.04641759 0.49565121 0.02942607 0.03710679 0.30883594 0.02700612 
254.00000000 0.05572514 0.04658430 0.49476867 0.02955864 0.03708973 0.30907779 0.02719573 
255.00000000 0.05588865 0.04677034 0.49394237 0.02969788 0.03706512 0.30924712 0.02738853 
256.00000000 0.05603843 0.04697915 0.49317250 0.02984064 0.03703333 0.30935216 0.02758379 
257.00000000 0.05617121 0.04720738 0.49245225 0.02998436 0.03699730 0.30940465 0.02778285 
258.00000000 0.05629012 0.04744577 0.49177043 0.03012820 0.03696246 0.30941461 0.02798841 
259.00000000 0.05640235 0.04768317 0.49111516 0.03027342 0.03693494 0.30938779 0.02820317 
260.00000000 0.05651451 0.04791152 0.49047702 0.03042266 0.03691914 0.30932674 0.02842841 
261.00000000 0.05662824 0.04812886 0.48985177 0.03057831 0.03691616 0.30923324 0.02866343 
262.00000000 0.05673877 0.04833864 0.48924237 0.03074083 0.03692408 0.30910940 0.02890591 
263.00000000 0.05683784 0.04854630 0.48865912 0.03090813 0.03693967 0.30895589 0.02915304 
264.00000000 0.05691919 0.04875492 0.48811674 0.03107639 0.03696071 0.30876931 0.02940273 
265.00000000 0.05698327 0.04896247 0.48762906 0.03124189 0.03698763 0.30854144 0.02965424 
266.00000000 0.05703821 0.04916192 0.48720372 0.03140273 0.03702349 0.30826221 0.02990772 
267.00000000 0.05709641 0.04934437 0.48683907 0.03155955 0.03707236 0.30792511 0.03016313 
268.00000000 0.05716852 0.04950362 0.48652521 0.03171501 0.03713675 0.30753174 0.03041916 
269.00000000 0.05725815 0.04963946 0.48624962 0.03187217 0.03721590 0.30709182 0.03067288 
270.00000000 0.05736059 0.04975783 0.48600524 0.03203271 0.03730590 0.30661745 0.03092028 
271.00000000 0.05746643 0.04986798 0.48579623 0.03219602 0.03740156 0.30611454 0.03115725 
272.00000000 0.05756808 0.04997825 0.48563733 0.03235958 0.03749900 0.30557690 0.03138086 
273.00000000 0.05766476 0.05009266 0.48554695 0.03252032 0.03759758 0.30498762 0.03159010 
274.00000000 0.05776302 0.05020978 0.48553721 0.03267599 0.03770022 0.30432797 0.03178581 
275.00000000 0.05787249 0.05032436 0.48560615 0.03282602 0.03781192 0.30358923 0.03196983 
276.00000000 0.05799974 0.05043103 0.48573621 0.03297164 0.03793725 0.30278032 0.03214381 
277.00000000 0.05814385 0.05052785 0.48590052 0.03311497 0.03807815 0.30192639 0.03230827 
278.00000000 0.05829650 0.05061747 0.48607410 0.03325773 0.03823337 0.30105860 0.03246224 
279.00000000 0.05844665 0.05070566 0.48624406 0.03340011 0.03839961 0.30020024 0.03260366 
280.00000000 0.05858694 0.05079813 0.48641312 0.03354059 0.03857367 0.29935716 0.03273039 
281.00000000 0.05871774 0.05089752 0.48659454 0.03367645 0.03875442 0.29851796 0.03284137 
282.00000000 0.05884651 0.05100196 0.48680180 0.03380486 0.03894345 0.29766402 0.03293740 
283.00000000 0.05898300 0.05110603 0.48703838 0.03392400 0.03914441 0.29678334 0.03302084 
284.00000000 0.05913356 0.05120386 0.48729304 0.03403379 0.03936109 0.29588026 0.03309441 
285.00000000 0.05929757 0.05129240 0.48754350 0.03413588 0.03959544 0.29497565 0.03315956 
286.00000000 0.05946813 0.05137315 0.48776718 0.03423277 0.03984647 0.29409669 0.03321560 
287.00000000 0.05963649 0.05145124 0.48795369 0.03432669 0.04011059 0.29326141 0.03325989 
288.00000000 0.05979747 0.05153298 0.48811202 0.03441882 0.04038295 0.29246633 0.03328944 
289.00000000 0.05995262 0.05162307 0.48826807 0.03450916 0.04065920 0.29168502 0.03330286 
290.00000000 0.06010909 0.05172298 0.48845385 0.03459697 0.04093675 0.29087872 0.03330163 
291.00000000 0.06027506 0.05183120 0.48869393 0.03468154 0.04121517 0.29001324 0.03328986 
292.00000000 0.06045448 0.05194530 0.48899610 0.03476309 0.04149565 0.28907283 0.03327255 
293.00000000 0.06064421 0.05206460 0.48935090 0.03484313 0.04177980 0.28806391 0.03325345 
294.00000000 0.06083540 0.05219157 0.48974015 0.03492394 0.04206829 0.28700699 0.03323367 
295.00000000 0.06101817 0.05233115 0.49014971 0.03500775 0.04235991 0.28592140 0.03321189 
296.00000000 0.06118706 0.05248862 0.49057901 0.03509585 0.04265148 0.28481187 0.03318611 
297.00000000 0.06134369 0.05266715 0.49104192 0.03518835 0.04293854 0.28366483 0.03315551 
298.00000000 0.06149529 0.05286661 0.49155903 0.03528420 0.04321688 0.28245647 0.03312153 
299.00000000 0.06164975 0.05308394 0.49214598 0.03538171 0.04348431 0.28116682 0.03308748 
300.00000000 0.06181061 0.05331526 0.49280441 0.03547924 0.04374188 0.27979178 0.03305682 
301.00000000 0.06197477 0.05355812 0.49351965 0.03557556 0.04399377 0.27834682 0.03303131 
302.00000000 0.06213463 0.05381253 0.49426644 0.03566983 0.04424572 0.27686102 0.03300984 
303.00000000 0.06228309 0.05408002 0.49501964 0.03576128 0.04450229 0.27536474 0.03298893 
304.00000000 0.06241855 0.05436155 0.49576416 0.03584923 0.04476466 0.27387740 0.03296444 
305.00000000 0.06254659 0.05465576 0.49649901 0.03593321 0.04502985 0.27240199 0.03293359 
306.00000000 0.06267734 0.05495887 0.49723314 0.03601298 0.04529236 0.27092910 0.03289621 
307.00000000 0.06282003 0.05526616 0.49797617 0.03608842 0.04554749 0.26944723 0.03285450 
308.00000000 0.06297824 0.05557416 0.49872912 0.03615934 0.04579449 0.26795294 0.03281171 
309.00000000 0.06314866 0.05588212 0.49948069 0.03622538 0.04603763 0.26645513 0.03277039 
310.00000000 0.06332420 0.05619170 0.50021073 0.03628596 0.04628438 0.26497180 0.03273122 
311.00000000 0.06349949 0.05650500 0.50089886 0.03634060 0.04654124 0.26352159 0.03269322 
312.00000000 0.06367497 0.05682240 0.50153309 0.03638959 0.04680968 0.26211517 0.03265510 
313.00000000 0.06385713 0.05714153 0.50211350 0.03643457 0.04708458 0.26075172 0.03261697 
314.00000000 0.06405459 0.05745823 0.50264887 0.03647837 0.04735625 0.25942235 0.03258134 
315.00000000 0.06427272 0.05776871 0.50314881 0.03652403 0.04761507 0.25811806 0.03255260 
316.00000000 0.06451002 0.05807159 0.50361672 0.03657366 0.04785619 0.25683619 0.03253563 
317.00000000 0.06475891 0.05836855 0.50404804 0.03662760 0.04808145 0.25558147 0.03253398 
318.00000000 0.06501019 0.05866298 0.50443399 0.03668446 0.04829748 0.25436219 0.03254871 
319.00000000 0.06525857 0.05895753 0.50476726 0.03674205 0.04851095 0.25318527 0.03257836 
320.00000000 0.06550559 0.05925203 0.50504583 0.03679900 0.04872364 0.25205393 0.03261997 
321.00000000 0.06575815 0.05954292 0.50527294 0.03685604 0.04893038 0.25096901 0.03267057 
322.00000000 0.06602368 0.05982473 0.50545383 0.03691613 0.04912103 0.24993223 0.03272837 
323.00000000 0.06630504 0.06009282 0.50559169 0.03698313 0.04928571 0.24894865 0.03279296 
324.00000000 0.06659826 0.06034580 0.50568570 0.03705992 0.04942009 0.24802565 0.03286458 
325.00000000 0.06689461 0.06058606 0.50573283 0.03714702 0.04952790 0.24716852 0.03294307 
326.00000000 0.06718577 0.06081807 0.50573167 0.03724252 0.04961894 0.24637613 0.03302690 
327.00000000 0.06746893 0.06104534 0.50568488 0.03734337 0.04970400 0.24564065 0.03311283 
328.00000000 0.06774840 0.06126805 0.50559841 0.03744742 0.04978924 0.24495207 0.03319641 
329.00000000 0.06803256 0.06148267 0.50547830 0.03755524 0.04987354 0.24430436 0.03327333 
330.00000000 0.06832808 0.06168408 0.50532738 0.03767026 0.04995018 0.24369899 0.03334103 
331.00000000 0.06863496 0.06186894 0.50514328 0.03779713 0.05001193 0.24314406 0.03339970 
332.00000000 0.06894547 0.06203838 0.50491903 0.03793922 0.05005636 0.24264941 0.03345212 
333.00000000 0.06924789 0.06219796 0.50464673 0.03809669 0.05008821 0.24222010 0.03350242 
334.00000000 0.06953282 0.06235477 0.50432266 0.03826616 0.05011746 0.24185187 0.03355426 
335.00000000 0.06979835 0.06251342 0.50394998 0.03844212 0.05015425 0.24153245 0.03360943 
336.00000000 0.07005056 0.06267349 0.50353663 0.03861938 0.05020383 0.24124868 0.03366744 
337.00000000 0.07029913 0.06283014 0.50308972 0.03879516 0.05026418 0.24099512 0.03372655 
338.00000000 0.07055072 0.06297751 0.50260987 0.03896970 0.05032772 0.24077887 0.03378561 
339.00000000 0.07080434 0.06311291 0.50208807 0.03914489 0.05038590 0.24061831 0.03384558 
340.00000000 0.07105132 0.06323929 0.50150683 0.03932193 0.05043403 0.24053688 0.03390972 
341.00000000 0.07128020 0.06336410 0.50084641 0.03949928 0.05047357 0.24055425 0.03398218 
342.00000000 0.07148343 0.06349489 0.50009356 0.03967235 0.05051086 0.24067900 0.03406590 
343.00000000 0.07166209 0.06363426 0.49924761 0.03983502 0.05055324 0.24090685 0.03416094 
344.00000000 0.07182555 0.06377755 0.49831984 0.03998223 0.05060504 0.24122562 0.03426416 
345.00000000 0.07198635 0.06391471 0.49732709 0.04011240 0.05066551 0.24162335 0.03437059 
346.00000000 0.07215351 0.06403511 0.49628334 0.04022822 0.05072971 0.24209436 0.03447575 
347.00000000 0.07232805 0.06413288 0.49519372 0.04033532 0.05079165 0.24264076 0.03457762 
348.00000000 0.07250326 0.06420963 0.49405358 0.04043952 0.05084768 0.24326928 0.03467705 
349.00000000 0.07266930 0.06427280 0.49285424 0.04054426 0.05089842 0.24398465 0.03477634 
350.00000000 0.07281962 0.06433028 0.49159264 0.04064967 0.05094806 0.24478265 0.03487708 
351.00000000 0.07295554 0.06438452 0.49027851 0.04075383 0.05100181 0.24564717 0.03497863 
352.00000000 0.07308597 0.06442984 0.48893395 0.04085526 0.05106316 0.24655376 0.03507806 
353.00000000 0.07322299 0.06445472 0.48758573 0.04095523 0.05113233 0.24747749 0.03517151 
354.00000000 0.07337575 0.06444765 0.48625499 0.04105837 0.05120644 0.24840058 0.03525623 
355.00000000 0.07354608 0.06440356 0.48494931 0.04117118 0.05128109 0.24931684 0.03533193 
356.00000000 0.07372799 0.06432740 0.48366107 0.04129911 0.05135217 0.25023142 0.03540084 
357.00000000 0.07391112 0.06423262 0.48237340 0.04144379 0.05141714 0.25115572 0.03546621 
358.00000000 0.07408629 0.06413515 0.48107090 0.04160232 0.05147528 0.25209954 0.03553050 
359.00000000 0.07425008 0.06404611 0.47974867 0.04176881 0.05152706 0.25306497 0.03559430 
360.00000000 0.07440583 0.06396741 0.47841459 0.04193747 0.05157336 0.25404491 0.03565644 
361.00000000 0.07456099 0.06389276 0.47708492 0.04210540 0.05161502 0.25502587 0.03571504 
362.00000000 0.07472244 0.06381318 0.47577666 0.04227366 0.05165251 0.25599284 0.03576871 
363.00000000 0.07489229 0.06372392 0.47450022 0.04244588 0.05168570 0.25693463 0.03581737 
364.00000000 0.07506619 0.06362909 0.47325609 0.04262526 0.05171365 0.25784753 0.03586218 
365.00000000 0.07523513 0.06354127 0.47203748 0.04281165 0.05173487 0.25873482 0.03590479 
366.00000000 0.07538989 0.06347578 0.47083755 0.04300072 0.05174783 0.25960188 0.03594635 
367.00000000 0.07552571 0.06344309 0.46965638 0.04318577 0.05175176 0.26045022 0.03598708 
368.00000000 0.07564472 0.06344342 0.46850328 0.04336122 0.05174742 0.26127370 0.03602624 
369.00000000 0.07575486 0.06346681 0.46739399 0.04352560 0.05173755 0.26205858 0.03606261 
370.00000000 0.07586622 0.06349834 0.46634453 0.04368255 0.05172635 0.26278713 0.03609488 
371.00000000 0.07598657 0.06352574 0.46536475 0.04383897 0.05171791 0.26344393 0.03612213 
372.00000000 0.07611834 0.06354539 0.46445459 0.04400128 0.05171448 0.26402186 0.03614406 
373.00000000 0.07625864 0.06356321 0.46360554 0.04417197 0.05171551 0.26452407 0.03616105 
374.00000000 0.07640224 0.06359018 0.46280577 0.04434857 0.05171800 0.26496116 0.03617408 
375.00000000 0.07654566 0.06363502 0.46204509 0.04452580 0.05171787 0.26534600 0.03618457 
376.00000000 0.07668988 0.06369842 0.46131689 0.04469935 0.05171214 0.26568929 0.03619404 
377.00000000 0.07684046 0.06377199 0.46061721 0.04486913 0.05170065 0.26599691 0.03620365 
378.00000000 0.07700518 0.06384233 0.45994269 0.04503995 0.05168640 0.26626964 0.03621381 
379.00000000 0.07719053 0.06389791 0.45928877 0.04521925 0.05167384 0.26650545 0.03622424 
380.00000000 0.07739884 0.06393485 0.45864926 0.04541316 0.05166604 0.26670328 0.03623458 
381.00000000 0.07762755 0.06395817 0.45801744 0.04562325 0.05166253 0.26686585 0.03624521 
382.00000000 0.07787099 0.06397803 0.45738742 0.04584601 0.05165907 0.26700052 0.03625794 
383.00000000 0.07812336 0.06400342 0.45675433 0.04607539 0.05164932 0.26711815 0.03627602 
384.00000000 0.07838125 0.06403698 0.45611339 0.04630661 0.05162802 0.26723041 0.03630333 
385.00000000 0.07864468 0.06407368 0.45545929 0.04653895 0.05159409 0.26734632 0.03634299 
386.00000000 0.07891624 0.06410399 0.45478668 0.04677604 0.05155168 0.26746917 0.03639621 
387.00000000 0.07919892 0.06411961 0.45409220 0.04702348 0.05150819 0.26759557 0.03646204 
388.00000000 0.07949368 0.06411834 0.45337728 0.04728547 0.05147033 0.26771661 0.03653830 
389.00000000 0.07979832 0.06410510 0.45265015 0.04756236 0.05144070 0.26782038 0.03662300 
390.00000000 0.08010805 0.06408878 0.45192462 0.04785060 0.05141676 0.26789561 0.03671557 
391.00000000 0.08041740 0.06407712 0.45121530 0.04814504 0.05139240 0.26793554 0.03681721 
392.00000000 0.08072217 0.06407242 0.45053163 0.04844202 0.05136142 0.26794031 0.03693004 
393.00000000 0.08102071 0.06407037 0.44987434 0.04874131 0.05132134 0.26791634 0.03705559 
394.00000000 0.08131375 0.06406255 0.44923647 0.04904601 0.05127525 0.26787263 0.03719335 
395.00000000 0.08160317 0.06404118 0.44860924 0.04936032 0.05123028 0.26781529 0.03734053 
396.00000000 0.08189023 0.06400320 0.44799013 0.04968682 0.05119378 0.26774267 0.03749316 
397.00000000 0.08217453 0.06395121 0.44738811 0.05002458 0.05116940 0.26764421 0.03764796 
398.00000000 0.08245409 0.06389073 0.44682146 0.05036941 0.05115533 0.26750513 0.03780386 
399.00000000 0.08272630 0.06382592 0.44630883 0.05071598 0.05114529 0.26731521 0.03796247 
400.00000000 0.08298898 0.06375630 0.44585865 0.05106050 0.05113195 0.26707646 0.03812716 
401.00000000 0.08324116 0.06367612 0.44546289 0.05140235 0.05111110 0.26680508 0.03830130 
402.00000000 0.08348338 0.06357703 0.44509781 0.05174369 0.05108438 0.26652698 0.03848673 
403.00000000 0.08371730 0.06345248 0.44473181 0.05208738 0.05105862 0.26626908 0.03868334 
404.00000000 0.08394496 0.06330151 0.44433714 0.05243454 0.05104202 0.26604997 0.03888985 
405.00000000 0.08416789 0.06312958 0.44390004 0.05278316 0.05103980 0.26587441 0.03910511 
406.00000000 0.08438661 0.06294584 0.44342359 0.05312859 0.05105159 0.26573478 0.03932899 
407.00000000 0.08460040 0.06275903 0.44292220 0.05346557 0.05107213 0.26561839 0.03956228 
408.00000000 0.08480734 0.06257426 0.44241126 0.05379060 0.05109451 0.26551612 0.03980591 
409.00000000 0.08500495 0.06239218 0.44189692 0.05410307 0.05111460 0.26542822 0.04006007 
410.00000000 0.08519126 0.06221088 0.44137009 0.05440481 0.05113388 0.26536532 0.04032375 
411.00000000 0.08536567 0.06202948 0.44080819 0.05469847 0.05115882 0.26534454 0.04059483 
412.00000000 0.08552891 0.06185135 0.44018518 0.05498560 0.05119713 0.26538124 0.04087059 
413.00000000 0.08568214 0.06168488 0.43948567 0.05526584 0.05125317 0.26548019 0.04114810 
414.00000000 0.08582555 0.06154102 0.43871474 0.05553729 0.05132549 0.26563155 0.04142435 
415.00000000 0.08595739 0.06142926 0.43789761 0.05579787 0.05140751 0.26581417 0.04169618 
416.00000000 0.08607391 0.06135441 0.43706938 0.05604670 0.05149099 0.26600414 0.04196047 
417.00000000 0.08617064 0.06131574 0.43625922 0.05628462 0.05157017 0.26618485 0.04221476 
418.00000000 0.08624461 0.06130881 0.43547575 0.05651373 0.05164439 0.26635491 0.04245781 
419.00000000 0.08629607 0.06132903 0.43470151 0.05673615 0.05171751 0.26652988 0.04268986 
420.00000000 0.08632857 0.06137511 0.43390113 0.05695282 0.05179464 0.26673546 0.04291227 
421.00000000 0.08634705 0.06145013 0.43303996 0.05716298 0.05187835 0.26699483 0.04312669 
422.00000000 0.08635505 0.06155981 0.43210255 0.05736441 0.05196679 0.26731711 0.04333428 
423.00000000 0.08635265 0.06170905 0.43110101 0.05755430 0.05205455 0.26769301 0.04353543 
424.00000000 0.08633633 0.06189930 0.43006916 0.05772998 0.05213579 0.26809914 0.04373030 
425.00000000 0.08630107 0.06212813 0.42904542 0.05788927 0.05220748 0.26850905 0.04391957 
426.00000000 0.08624355 0.06239096 0.42805265 0.05803029 0.05227094 0.26890653 0.04410508 
427.00000000 0.08616470 0.06268375 0.42708602 0.05815127 0.05233084 0.26929384 0.04428958 
428.00000000 0.08606976 0.06300518 0.42611724 0.05825069 0.05239229 0.26968889 0.04447594 
429.00000000 0.08596572 0.06335681 0.42511320 0.05832786 0.05245812 0.27011229 0.04466599 
430.00000000 0.08585754 0.06374115 0.42405770 0.05838340 0.05252782 0.27057248 0.04485992 
431.00000000 0.08574568 0.06415897 0.42296342 0.05841924 0.05259858 0.27105760 0.04505650 
432.00000000 0.08562648 0.06460759 0.42186817 0.05843779 0.05266756 0.27153826 0.04525416 
433.00000000 0.08549501 0.06508135 0.42081773 0.05844072 0.05273372 0.27197961 0.04545187 
434.00000000 0.08534892 0.06557357 0.41984441 0.05842823 0.05279841 0.27235695 0.04564951 
435.00000000 0.08519075 0.06607873 0.41895345 0.05839945 0.05286431 0.27266596 0.04584734 
436.00000000 0.08502720 0.06659354 0.41812520 0.05835402 0.05293378 0.27292122 0.04604505 
437.00000000 0.08486577 0.06711633 0.41733091 0.05829392 0.05300766 0.27314442 0.04624100 
438.00000000 0.08471075 0.06764526 0.41655096 0.05822432 0.05308525 0.27335104 0.04643242 
439.00000000 0.08456145 0.06817646 0.41578430 0.05815257 0.05316500 0.27354372 0.04661651 
440.00000000 0.08441352 0.06870364 0.41504550 0.05808553 0.05324536 0.27371460 0.04679185 
441.00000000 0.08426243 0.06921958 0.41435311 0.05802665 0.05332550 0.27385365 0.04695908 
442.00000000 0.08410660 0.06971853 0.41371732 0.05797448 0.05340550 0.27395729 0.04712028 
443.00000000 0.08394823 0.07019803 0.41313482 0.05792366 0.05348613 0.27403173 0.04727739 
444.00000000 0.08379149 0.07065912 0.41259364 0.05786814 0.05356831 0.27408849 0.04743081 
445.00000000 0.08363931 0.07110497 0.41208316 0.05780492 0.05365283 0.27413601 0.04757881 
446.00000000 0.08349120 0.07153878 0.41160074 0.05773610 0.05374021 0.27417452 0.04771846 
447.00000000 0.08334367 0.07196201 0.41115030 0.05766786 0.05383066 0.27419793 0.04784757 
448.00000000 0.08319306 0.07237375 0.41073592 0.05760690 0.05392406 0.27419985 0.04796646 
449.00000000 0.08303847 0.07277172 0.41035690 0.05755612 0.05402003 0.27417819 0.04807857 
450.00000000 0.08288273 0.07315404 0.41000892 0.05751245 0.05411807 0.27413461 0.04818917 
451.00000000 0.08273077 0.07352088 0.40969114 0.05746807 0.05421753 0.27406883 0.04830277 
452.00000000 0.08258663 0.07387511 0.40941369 0.05741467 0.05431751 0.27397182 0.04842056 
453.00000000 0.08245142 0.07422159 0.40919839 0.05734844 0.05441700 0.27382389 0.04853926 
454.00000000 0.08232363 0.07456551 0.40906915 0.05727270 0.05451533 0.27360155 0.04865213 
455.00000000 0.08220173 0.07491019 0.40903694 0.05719685 0.05461237 0.27328999 0.04875195 
456.00000000 0.08208727 0.07525549 0.40908968 0.05713176 0.05470835 0.27289303 0.04883441 
457.00000000 0.08198608 0.07559770 0.40919556 0.05708453 0.05480328 0.27243276 0.04890010 
458.00000000 0.08190632 0.07593105 0.40931921 0.05705526 0.05489633 0.27193818 0.04895365 
459.00000000 0.08185466 0.07625010 0.40944187 0.05703790 0.05498573 0.27142921 0.04900053 
460.00000000 0.08183283 0.07655177 0.40957266 0.05702435 0.05506931 0.27090574 0.04904334 
461.00000000 0.08183706 0.07683603 0.40974269 0.05700949 0.05514576 0.27034925 0.04907973 
462.00000000 0.08186057 0.07710496 0.40998378 0.05699434 0.05521555 0.26973731 0.04910348 
463.00000000 0.08189797 0.07736058 0.41030419 0.05698554 0.05528096 0.26906242 0.04910834 
464.00000000 0.08194864 0.07760276 0.41067691 0.05699150 0.05534465 0.26834305 0.04909249 
465.00000000 0.08201697 0.07782849 0.41104883 0.05701755 0.05540780 0.26761930 0.04906105 
466.00000000 0.08210902 0.07803298 0.41136653 0.05706281 0.05546892 0.26693472 0.04902503 
467.00000000 0.08222762 0.07821179 0.41160398 0.05712046 0.05552430 0.26631485 0.04899701 
468.00000000 0.08236907 0.07836296 0.41177563 0.05718117 0.05556989 0.26575512 0.04898617 
469.00000000 0.08252362 0.07848805 0.41192658 0.05723764 0.05560377 0.26522543 0.04899491 
470.00000000 0.08267968 0.07859175 0.41210504 0.05728787 0.05562751 0.26468905 0.04901910 
471.00000000 0.08282925 0.07868025 0.41233295 0.05733552 0.05564565 0.26412485 0.04905154 
472.00000000 0.08297139 0.07875930 0.41259212 0.05738735 0.05566329 0.26353978 0.04908677 
473.00000000 0.08311146 0.07883313 0.41283398 0.05744930 0.05568337 0.26296439 0.04912436 
474.00000000 0.08325643 0.07890447 0.41300724 0.05752349 0.05570517 0.26243438 0.04916881 
475.00000000 0.08340937 0.07897542 0.41308731 0.05760760 0.05572512 0.26196913 0.04922605 
476.00000000 0.08356661 0.07904828 0.41309008 0.05769654 0.05573941 0.26156021 0.04929887 
477.00000000 0.08371929 0.07912589 0.41306181 0.05778548 0.05574694 0.26117656 0.04938403 
478.00000000 0.08385841 0.07921141 0.41305156 0.05787231 0.05575085 0.26078288 0.04947258 
479.00000000 0.08397995 0.07930773 0.41308263 0.05795849 0.05575760 0.26036011 0.04955350 
480.00000000 0.08408701 0.07941686 0.41313982 0.05804803 0.05577413 0.25991570 0.04961845 
481.00000000 0.08418760 0.07953988 0.41317970 0.05814524 0.05580450 0.25947796 0.04966511 
482.00000000 0.08428951 0.07967721 0.41315732 0.05825255 0.05584816 0.25907821 0.04969704 
483.00000000 0.08439588 0.07982857 0.41305309 0.05836937 0.05590055 0.25873177 0.04972078 
484.00000000 0.08450398 0.07999240 0.41288369 0.05849230 0.05595602 0.25842954 0.04974208 
485.00000000 0.08460798 0.08016499 0.41269081 0.05861668 0.05601126 0.25814473 0.04976354 
486.00000000 0.08470337 0.08034055 0.41251618 0.05873852 0.05606734 0.25784955 0.04978449 
487.00000000 0.08479001 0.08051265 0.41237864 0.05885598 0.05612916 0.25753076 0.04980278 
488.00000000 0.08487202 0.08067664 0.41226681 0.05896995 0.05620252 0.25719471 0.04981736 
489.00000000 0.08495450 0.08083197 0.41214983 0.05908329 0.05629055 0.25686006 0.04982979 
490.00000000 0.08503968 0.08098279 0.41199825 0.05919945 0.05639185 0.25654401 0.04984397 
491.00000000 0.08512477 0.08113593 0.41180155 0.05932096 0.05650141 0.25625116 0.04986421 
492.00000000 0.08520344 0.08129692 0.41157191 0.05944870 0.05661392 0.25597200 0.04989310 
493.00000000 0.08526947 0.08146645 0.41133347 0.05958206 0.05672749 0.25569093 0.04993012 
494.00000000 0.08532042 0.08163978 0.41110574 0.05971985 0.05684534 0.25539730 0.04997157 
495.00000000 0.08535870 0.08180995 0.41089244 0.05986135 0.05697430 0.25509159 0.05001166 
496.00000000 0.08538967 0.08197309 0.41068199 0.06000689 0.05712112 0.25478297 0.05004428 
497.00000000 0.08541778 0.08213234 0.41045770 0.06015787 0.05728900 0.25448102 0.05006429 
498.00000000 0.08544324 0.08229803 0.41021019 0.06031633 0.05747679 0.25418764 0.05006778 
499.00000000 0.08546125 0.08248334 0.40994447 0.06048427 0.05768089 0.25389438 0.05005140 
500.00000000 0.08546450 0.08269764 0.40967745 0.06066298 0.05789863 0.25358708 0.05001171 
501.00000000 0.08544760 0.08294110 0.40942810 0.06085258 0.05813041 0.25325476 0.04994544 
502.00000000 0.08541066 0.08320404 0.40920695 0.06105189 0.05837938 0.25289679 0.04985030 
503.00000000 0.08535983 0.08347163 0.40901203 0.06125862 0.05864858 0.25252337 0.04972594 
504.00000000 0.08530409 0.08373138 0.40883320 0.06146994 0.05893789 0.25214915 0.04957434 
505.00000000 0.08525009 0.08397904 0.40866100 0.06168343 0.05924290 0.25178443 0.04939911 
506.00000000 0.08519790 0.08421965 0.40849372 0.06189804 0.05955662 0.25143007 0.04920400 
507.00000000 0.08514031 0.08446328 0.40833774 0.06211464 0.05987278 0.25107947 0.04899179 
508.00000000 0.08506641 0.08471763 0.40820082 0.06233572 0.06018847 0.25072669 0.04876425 
509.00000000 0.08496781 0.08498152 0.40808266 0.06256447 0.06050454 0.25037561 0.04852340 
510.00000000 0.08484379 0.08524333 0.40796943 0.06280345 0.06082355 0.25004361 0.04827284 
511.00000000 0.08470226 0.08548576 0.40783720 0.06305376 0.06114665 0.24975646 0.04801791 
512.00000000 0.08455575 0.08569436 0.40766263 0.06331474 0.06147136 0.24953658 0.04776458 
513.00000000 0.08441480 0.08586517 0.40743406 0.06358482 0.06179194 0.24939195 0.04751726 
514.00000000 0.08428238 0.08600688 0.40715591 0.06386284 0.06210229 0.24931275 0.04727695 
515.00000000 0.08415269 0.08613636 0.40684345 0.06414918 0.06239948 0.24927797 0.04704087 
516.00000000 0.08401506 0.08626979 0.40651161 0.06444588 0.06268569 0.24926789 0.04680409 
517.00000000 0.08386104 0.08641393 0.40616490 0.06475563 0.06296729 0.24927468 0.04656253 
518.00000000 0.08369058 0.08656288 0.40579481 0.06508030 0.06325135 0.24930468 0.04631540 
519.00000000 0.08351355 0.08670220 0.40538667 0.06541950 0.06354150 0.24937077 0.04606582 
520.00000000 0.08334558 0.08681820 0.40493189 0.06577001 0.06383562 0.24947955 0.04581915 
521.00000000 0.08320032 0.08690664 0.40443782 0.06612642 0.06412707 0.24962156 0.04558018 
522.00000000 0.08308228 0.08697551 0.40392904 0.06648281 0.06440887 0.24977083 0.04535065 
523.00000000 0.08298437 0.08704079 0.40343904 0.06683449 0.06467809 0.24989424 0.04512897 
524.00000000 0.08289147 0.08711745 0.40299668 0.06717873 0.06493761 0.24996568 0.04491239 
525.00000000 0.08278846 0.08721100 0.40261453 0.06751447 0.06519407 0.24997705 0.04470042 
526.00000000 0.08266832 0.08731438 0.40228534 0.06784134 0.06545333 0.24994012 0.04449717 
527.00000000 0.08253539 0.08741214 0.40198838 0.06815849 0.06571611 0.24987853 0.04431097 
528.00000000 0.08240191 0.08748942 0.40170242 0.06846388 0.06597676 0.24981414 0.04415147 
529.00000000 0.08227968 0.08754046 0.40141815 0.06875431 0.06622611 0.24975559 0.04402571 
530.00000000 0.08217183 0.08757174 0.40114293 0.06902623 0.06645658 0.24969515 0.04393554 
531.00000000 0.08206952 0.08759855 0.40089511 0.06927694 0.06666630 0.24961571 0.04387787 
532.00000000 0.08195577 0.08763715 0.40069138 0.06950520 0.06685969 0.24950351 0.04384731 
533.00000000 0.08181439 0.08769659 0.40053445 0.06971116 0.06704463 0.24935914 0.04383963 
534.00000000 0.08163907 0.08777485 0.40040859 0.06989601 0.06722783 0.24919994 0.04385370 
535.00000000 0.08143701 0.08786129 0.40028577 0.07006136 0.06741142 0.24905226 0.04389089 
536.00000000 0.08122524 0.08794395 0.40013942 0.07020861 0.06759234 0.24893775 0.04395267 
537.00000000 0.08102155 0.08801712 0.39995835 0.07033854 0.06776510 0.24886141 0.04403793 
538.00000000 0.08083542 0.08808481 0.39975288 0.07045132 0.06792574 0.24880806 0.04414176 
539.00000000 0.08066404 0.08815859 0.39955016 0.07054689 0.06807470 0.24874924 0.04425638 
540.00000000 0.08049545 0.08825122 0.39938128 0.07062500 0.06821689 0.24865672 0.04437344 
541.00000000 0.08031684 0.08836970 0.39926755 0.07068516 0.06835940 0.24851492 0.04448642 
542.00000000 0.08012298 0.08851156 0.39921332 0.07072685 0.06850807 0.24832541 0.04459179 
543.00000000 0.07992020 0.08866640 0.39920881 0.07075009 0.06866462 0.24810118 0.04468870 
544.00000000 0.07972337 0.08882148 0.39924078 0.07075587 0.06882622 0.24785482 0.04477746 
545.00000000 0.07954813 0.08896776 0.39930446 0.07074605 0.06898767 0.24758779 0.04485815 
546.00000000 0.07940262 0.08910304 0.39940991 0.07072272 0.06914495 0.24728691 0.04492985 
547.00000000 0.07928362 0.08923117 0.39957912 0.07068728 0.06929790 0.24692995 0.04499097 
548.00000000 0.07917889 0.08935859 0.39983532 0.07063937 0.06945051 0.24649727 0.04504004 
549.00000000 0.07907452 0.08949029 0.40019063 0.07057651 0.06960888 0.24598279 0.04507637 
550.00000000 0.07896282 0.08962716 0.40063870 0.07049521 0.06977768 0.24539813 0.04510031 
551.00000000 0.07884659 0.08976620 0.40115658 0.07039298 0.06995713 0.24476739 0.04511314 
552.00000000 0.07873739 0.08990270 0.40171444 0.07027000 0.07014248 0.24411613 0.04511685 
553.00000000 0.07864890 0.09003301 0.40228741 0.07012917 0.07032641 0.24346100 0.04511409 
554.00000000 0.07858928 0.09015626 0.40286315 0.06997464 0.07050300 0.24280556 0.04510812 
555.00000000 0.07855676 0.09027495 0.40344174 0.06980992 0.07067055 0.24214357 0.04510253 
556.00000000 0.07854081 0.09039450 0.40402863 0.06963619 0.07083186 0.24146733 0.04510068 
557.00000000 0.07852802 0.09052182 0.40462514 0.06945211 0.07099180 0.24077620 0.04510492 
558.00000000 0.07850933 0.09066322 0.40522209 0.06925523 0.07115363 0.24008033 0.04511617 
559.00000000 0.07848457 0.09082253 0.40580038 0.06904449 0.07131635 0.23939762 0.04513406 
560.00000000 0.07846166 0.09099993 0.40633792 0.06882189 0.07147481 0.23874612 0.04515767 
561.00000000 0.07845125 0.09119192 0.40681839 0.06859244 0.07162285 0.23813665 0.04518651 
562.00000000 0.07845991 0.09139260 0.40723701 0.06836257 0.07175726 0.23756945 0.04522121 
563.00000000 0.07848570 0.09159613 0.40760044 0.06813802 0.07188012 0.23703599 0.04526359 
564.00000000 0.07851872 0.09179944 0.40792114 0.06792221 0.07199791 0.23652456 0.04531602 
565.00000000 0.07854601 0.09200344 0.40820912 0.06771569 0.07211796 0.23602728 0.04538050 
566.00000000 0.07855825 0.09221195 0.40846542 0.06751698 0.07224437 0.23554503 0.04545801 
567.00000000 0.07855419 0.09242881 0.40868100 0.06732448 0.07237556 0.23508764 0.04554832 
568.00000000 0.07854067 0.09265481 0.40884140 0.06713806 0.07250528 0.23466942 0.04565036 
569.00000000 0.07852833 0.09288599 0.40893393 0.06695945 0.07262645 0.23430274 0.04576310 
570.00000000 0.07852560 0.09311456 0.40895285 0.06679142 0.07273542 0.23399336 0.04588677 
571.00000000 0.07853448 0.09333227 0.40890001 0.06663654 0.07283375 0.23373943 0.04602352 
572.00000000 0.07855008 0.09353470 0.40878105 0.06649597 0.07292629 0.23353449 0.04617742 
573.00000000 0.07856408 0.09372374 0.40859964 0.06636891 0.07301687 0.23337312 0.04635364 
574.00000000 0.07856979 0.09390680 0.40835299 0.06625292 0.07310425 0.23325621 0.04655704 
575.00000000 0.07856599 0.09409309 0.40803188 0.06614514 0.07318099 0.23319235 0.04679056 
576.00000000 0.07855748 0.09428892 0.40762528 0.06604369 0.07323638 0.23319430 0.04705395 
577.00000000 0.07855227 0.09449454 0.40712650 0.06594829 0.07326176 0.23327276 0.04734388 
578.00000000 0.07855737 0.09470408 0.40653686 0.06586004 0.07325513 0.23343107 0.04765546 
579.00000000 0.07857540 0.09490893 0.40586523 0.06578082 0.07322163 0.23366352 0.04798446 
580.00000000 0.07860366 0.09510264 0.40512451 0.06571266 0.07317005 0.23395756 0.04832892 
581.00000000 0.07863580 0.09528434 0.40432715 0.06565725 0.07310761 0.23429868 0.04868917 
582.00000000 0.07866526 0.09545864 0.40348220 0.06561586 0.07303640 0.23467567 0.04906597 
583.00000000 0.07868832 0.09563209 0.40259520 0.06558959 0.07295378 0.23508338 0.04945764 
584.00000000 0.07870561 0.09580847 0.40167087 0.06557962 0.07285615 0.23552143 0.04985786 
585.00000000 0.07872127 0.09598547 0.40071609 0.06558711 0.07274374 0.23599030 0.05025602 
586.00000000 0.07874071 0.09615472 0.39974064 0.06561280 0.07262313 0.23648756 0.05064044 
587.00000000 0.07876792 0.09630529 0.39875529 0.06565678 0.07250549 0.23700657 0.05100267 
588.00000000 0.07880368 0.09642891 0.39776870 0.06571856 0.07240211 0.23753778 0.05134027 
589.00000000 0.07884532 0.09652370 0.39678505 0.06579732 0.07232006 0.23807214 0.05165641 
590.00000000 0.07888817 0.09659439 0.39580326 0.06589209 0.07226063 0.23860502 0.05195645 
591.00000000 0.07892789 0.09664918 0.39481819 0.06600169 0.07222092 0.23913839 0.05224375 
592.00000000 0.07896253 0.09669519 0.39382363 0.06612447 0.07219737 0.23967967 0.05251715 
593.00000000 0.07899320 0.09673508 0.39281539 0.06625780 0.07218882 0.24023771 0.05277201 
594.00000000 0.07902338 0.09676638 0.39179250 0.06639770 0.07219741 0.24081860 0.05300404 
595.00000000 0.07905730 0.09678379 0.39075600 0.06653902 0.07222662 0.24142378 0.05321348 
596.00000000 0.07909800 0.09678327 0.38970642 0.06667636 0.07227840 0.24205094 0.05340661 
597.00000000 0.07914601 0.09676532 0.38864214 0.06680528 0.07235127 0.24269644 0.05359352 
598.00000000 0.07919927 0.09673565 0.38755958 0.06692327 0.07244077 0.24335785 0.05378361 
599.00000000 0.07925436 0.09670301 0.38645554 0.06702986 0.07254134 0.24403457 0.05398134 
600.00000000 0.07930832 0.09667561 0.38533069 0.06712587 0.07264863 0.24472602 0.05418485 
601.00000000 0.07936017 0.09665799 0.38419244 0.06721204 0.07276093 0.24542833 0.05438810 
602.00000000 0.07941147 0.09664969 0.38305457 0.06728783 0.07287906 0.24613236 0.05458502 
603.00000000 0.07946571 0.09664655 0.38193346 0.06735111 0.07300505 0.24682484 0.05477328 
604.00000000 0.07952660 0.09664366 0.38084326 0.06739902 0.07314052 0.24749169 0.05495526 
605.00000000 0.07959609 0.09663854 0.37979303 0.06742942 0.07328582 0.24812107 0.05513603 
606.00000000 0.07967341 0.09663261 0.37878725 0.06744220 0.07344020 0.24870456 0.05531977 
607.00000000 0.07975579 0.09663053 0.37782870 0.06743945 0.07360237 0.24923608 0.05550707 
608.00000000 0.07984035 0.09663804 0.37692201 0.06742441 0.07377122 0.24970939 0.05569460 
609.00000000 0.07992594 0.09665966 0.37607534 0.06739969 0.07394630 0.25011591 0.05587715 
610.00000000 0.08001387 0.09669740 0.37529893 0.06736583 0.07412802 0.25044513 0.05605081 
611.00000000 0.08010710 0.09675065 0.37460085 0.06732087 0.07431729 0.25068790 0.05621534 
612.00000000 0.08020848 0.09681725 0.37398296 0.06726105 0.07451476 0.25084086 0.05637465 
613.00000000 0.08031905 0.09689499 0.37343944 0.06718242 0.07472001 0.25090883 0.05653527 
614.00000000 0.08043763 0.09698273 0.37295854 0.06708235 0.07493089 0.25090388 0.05670400 
615.00000000 0.08056193 0.09708089 0.37252646 0.06696018 0.07514331 0.25084135 0.05688587 
616.00000000 0.08069024 0.09719131 0.37213176 0.06681694 0.07535177 0.25073454 0.05708344 
617.00000000 0.08082216 0.09731695 0.37176853 0.06665429 0.07555056 0.25059046 0.05729707 
618.00000000 0.08095811 0.09746116 0.37143673 0.06647367 0.07573515 0.25040927 0.05752591 
619.00000000 0.08109820 0.09762661 0.37113933 0.06627578 0.07590300 0.25018814 0.05776894 
620.00000000 0.08124125 0.09781402 0.37087802 0.06606063 0.07605341 0.24992718 0.05802550 
621.00000000 0.08138451 0.09802167 0.37065025 0.06582803 0.07618665 0.24963360 0.05829531 
622.00000000 0.08152449 0.09824609 0.37044917 0.06557815 0.07630295 0.24932126 0.05857789 
623.00000000 0.08165829 0.09848396 0.37026664 0.06531214 0.07640175 0.24900552 0.05887170 
624.00000000 0.08178459 0.09873403 0.37009798 0.06503241 0.07648172 0.24869567 0.05917361 
625.00000000 0.08190349 0.09899836 0.36994608 0.06474267 0.07654140 0.24838919 0.05947882 
626.00000000 0.08201545 0.09928171 0.36982195 0.06444769 0.07658024 0.24807133 0.05978162 
627.00000000 0.08212028 0.09958913 0.36974094 0.06415248 0.07659932 0.24772127 0.06007659 
628.00000000 0.08221691 0.09992262 0.36971666 0.06386099 0.07660172 0.24732136 0.06035974 
629.00000000 0.08230386 0.10027926 0.36975624 0.06357493 0.07659230 0.24686434 0.06062907 
630.00000000 0.08238022 0.10065194 0.36985891 0.06329332 0.07657683 0.24635467 0.06088411 
631.00000000 0.08244665 0.10103226 0.37001842 0.06301339 0.07656069 0.24580353 0.06112504 
632.00000000 0.08250581 0.10141404 0.37022754 0.06273259 0.07654742 0.24522067 0.06135194 
633.00000000 0.08256165 0.10179564 0.37048221 0.06245064 0.07653781 0.24460751 0.06156453 
634.00000000 0.08261797 0.10217988 0.37078287 0.06217045 0.07653011 0.24395607 0.06176265 
635.00000000 0.08267701 0.10257149 0.37113181 0.06189710 0.07652134 0.24325460 0.06194665 
636.00000000 0.08273921 0.10297340 0.37152845 0.06163516 0.07650922 0.24249697 0.06211759 
637.00000000 0.08280386 0.10338430 0.37196550 0.06138597 0.07649352 0.24169022 0.06227663 
638.00000000 0.08287022 0.10379911 0.37242828 0.06114660 0.07647621 0.24085567 0.06242392 
639.00000000 0.08293869 0.10421196 0.37289753 0.06091145 0.07645995 0.24002272 0.06255770 
640.00000000 0.08301130 0.10461985 0.37335446 0.06067578 0.07644579 0.23921859 0.06267422 
641.00000000 0.08309113 0.10502500 0.37378570 0.06043893 0.07643142 0.23845914 0.06276868 
642.00000000 0.08318097 0.10543460 0.37418551 0.06020547 0.07641089 0.23774589 0.06283667 
643.00000000 0.08328220 0.10585783 0.37455427 0.05998311 0.07637657 0.23707061 0.06287542 
644.00000000 0.08339477 0.10630162 0.37489467 0.05977882 0.07632203 0.23642414 0.06288395 
645.00000000 0.08351806 0.10676757 0.37520855 0.05959523 0.07624470 0.23580365 0.06286225 
646.00000000 0.08365192 0.10725187 0.37549594 0.05942960 0.07614665 0.23521430 0.06280973 
647.00000000 0.08379733 0.10774796 0.37575628 0.05927582 0.07603320 0.23466484 0.06272456 
648.00000000 0.08395629 0.10824998 0.37599042 0.05912835 0.07591001 0.23416065 0.06260429 
649.00000000 0.08413117 0.10875503 0.37620189 0.05898541 0.07578034 0.23369838 0.06244778 
650.00000000 0.08432361 0.10926334 0.37639673 0.05884971 0.07564396 0.23326547 0.06225717 
651.00000000 0.08453409 0.10977622 0.37658179 0.05872622 0.07549847 0.23284457 0.06203864 
652.00000000 0.08476250 0.11029314 0.37676262 0.05861852 0.07534206 0.23242017 0.06180100 
653.00000000 0.08500910 0.11080964 0.37694243 0.05852594 0.07517613 0.23198385 0.06155292 
654.00000000 0.08527519 0.11131758 0.37712211 0.05844312 0.07500584 0.23153583 0.06130033 
655.00000000 0.08556269 0.11180732 0.37730067 0.05836225 0.07483838 0.23108306 0.06104564 
656.00000000 0.08587319 0.11227046 0.37747531 0.05827664 0.07467983 0.23063523 0.06078934 
657.00000000 0.08620688 0.11270188 0.37764108 0.05818367 0.07453267 0.23020113 0.06053270 
658.00000000 0.08656199 0.11310048 0.37779059 0.05808526 0.07439534 0.22978672 0.06027963 
659.00000000 0.08693539 0.11346841 0.37791402 0.05798594 0.07426414 0.22939570 0.06003640 
660.00000000 0.08732420 0.11380922 0.37800043 0.05788957 0.07413617 0.22903129 0.05980912 
661.00000000 0.08772738 0.11412569 0.37804055 0.05779693 0.07401132 0.22869743 0.05960069 
662.00000000 0.08814617 0.11441863 0.37803024 0.05770526 0.07389224 0.22839813 0.05940934 
663.00000000 0.08858290 0.11468682 0.37797248 0.05761009 0.07378234 0.22813550 0.05922988 
664.00000000 0.08903889 0.11492809 0.37787636 0.05750803 0.07368361 0.22790794 0.05905709 
665.00000000 0.08951270 0.11514056 0.37775332 0.05739882 0.07359566 0.22770984 0.05888910 
666.00000000 0.08999967 0.11532402 0.37761240 0.05728528 0.07351666 0.22753331 0.05872865 
667.00000000 0.09049350 0.11548037 0.37745712 0.05717140 0.07344531 0.22737080 0.05858150 
668.00000000 0.09098896 0.11561300 0.37728614 0.05705979 0.07338254 0.22721670 0.05845288 
669.00000000 0.09148414 0.11572525 0.37709797 0.05695021 0.07333159 0.22706657 0.05834428 
670.00000000 0.09198058 0.11581890 0.37689687 0.05683981 0.07329664 0.22691443 0.05825277 
671.00000000 0.09248110 0.11589326 0.37669587 0.05672480 0.07328106 0.22675072 0.05817320 
672.00000000 0.09298659 0.11594515 0.37651389 0.05660252 0.07328640 0.22656323 0.05810222 
673.00000000 0.09349382 0.11596979 0.37636794 0.05647274 0.07331269 0.22634150 0.05804151 
674.00000000 0.09399573 0.11596252 0.37626457 0.05633750 0.07335948 0.22608208 0.05799811 
675.00000000 0.09448417 0.11592077 0.37619533 0.05619989 0.07342670 0.22579164 0.05798149 
676.00000000 0.09495375 0.11584524 0.37613956 0.05606254 0.07351460 0.22548543 0.05799887 
677.00000000 0.09540420 0.11573987 0.37607365 0.05592660 0.07362304 0.22518118 0.05805146 
678.00000000 0.09583980 0.11561041 0.37598198 0.05579171 0.07375070 0.22489144 0.05813396 
679.00000000 0.09626606 0.11546221 0.37586300 0.05565680 0.07389522 0.22461903 0.05823769 
680.00000000 0.09668572 0.11529824 0.37572655 0.05552136 0.07405429 0.22435841 0.05835542 
681.00000000 0.09709636 0.11511840 0.37558449 0.05538648 0.07422675 0.22410230 0.05848522 
682.00000000 0.09749106 0.11492072 0.37544031 0.05525513 0.07441308 0.22384879 0.05863090 
683.00000000 0.09786173 0.11470395 0.37528444 0.05513145 0.07461483 0.22360482 0.05879878 
684.00000000 0.09820322 0.11446998 0.37509823 0.05501927 0.07483331 0.22338334 0.05899266 
685.00000000 0.09851575 0.11422461 0.37486449 0.05492080 0.07506852 0.22319597 0.05920986 
686.00000000 0.09880408 0.11397603 0.37457856 0.05483592 0.07531932 0.22304518 0.05944090 
687.00000000 0.09907416 0.11373166 0.37425278 0.05476273 0.07558476 0.22292097 0.05967294 
688.00000000 0.09932923 0.11349483 0.37391157 0.05469902 0.07586589 0.22280442 0.05989503 
689.00000000 0.09956771 0.11326315 0.37358006 0.05464390 0.07616663 0.22267615 0.06010239 
690.00000000 0.09978404 0.11302949 0.37327273 0.05459874 0.07649277 0.22252482 0.06029742 
691.00000000 0.09997206 0.11278522 0.37298844 0.05456665 0.07684960 0.22235108 0.06048695 
692.00000000 0.10012902 0.11252400 0.37271391 0.05455105 0.07723927 0.22216539 0.06067735 
693.00000000 0.10025781 0.11224416 0.37243324 0.05455391 0.07765934 0.22198135 0.06087021 
694.00000000 0.10036598 0.11194867 0.37213772 0.05457476 0.07810348 0.22180827 0.06106112 
695.00000000 0.10046245 0.11164296 0.37183032 0.05461098 0.07856403 0.22164715 0.06124211 
696.00000000 0.10055356 0.11133173 0.37152211 0.05465927 0.07903510 0.22149222 0.06140600 
697.00000000 0.10064093 0.11101670 0.37122327 0.05471742 0.07951420 0.22133713 0.06155036 
698.00000000 0.10072206 0.11069636 0.37093394 0.05478549 0.08000144 0.22118197 0.06167874 
699.00000000 0.10079323 0.11036805 0.37064052 0.05486568 0.08049695 0.22103688 0.06179870 
700.00000000 0.10085267 0.11003103 0.37031950 0.05496094 0.08099785 0.22092031 0.06191770 
701.00000000 0.10090222 0.10968890 0.36994670 0.05507312 0.08149690 0.22085267 0.06203949 
702.00000000 0.10094629 0.10935016 0.36950700 0.05520157 0.08198358 0.22084850 0.06216290 
703.00000000 0.10098899 0.10902660 0.36899946 0.05534299 0.08244746 0.22091083 0.06228366 
704.00000000 0.10103124 0.10873018 0.36843541 0.05549271 0.08288176 0.22103100 0.06239771 
705.00000000 0.10106981 0.10846968 0.36783056 0.05564672 0.08328538 0.22119393 0.06250392 
706.00000000 0.10109868 0.10824864 0.36719609 0.05580339 0.08366211 0.22138630 0.06260479 
707.00000000 0.10111180 0.10806542 0.36653332 0.05596396 0.08401755 0.22160288 0.06270507 
708.00000000 0.10110562 0.10791533 0.36583487 0.05613153 0.08435539 0.22184786 0.06280940 
709.00000000 0.10107996 0.10779351 0.36509111 0.05630922 0.08467506 0.22213068 0.06292047 
710.00000000 0.10103688 0.10769727 0.36429820 0.05649855 0.08497192 0.22245858 0.06303860 
711.00000000 0.10097836 0.10762694 0.36346354 0.05669895 0.08523973 0.22282976 0.06316272 
712.00000000 0.10090464 0.10758477 0.36260544 0.05690855 0.08547379 0.22323129 0.06329150 
713.00000000 0.10081437 0.10757251 0.36174668 0.05712586 0.08567306 0.22364364 0.06342388 
714.00000000 0.10070654 0.10758880 0.36090519 0.05735101 0.08583993 0.22404953 0.06355900 
715.00000000 0.10058278 0.10762829 0.36008712 0.05758596 0.08597789 0.22444215 0.06369580 
716.00000000 0.10044849 0.10768294 0.35928614 0.05783362 0.08608839 0.22482749 0.06383294 
717.00000000 0.10031189 0.10774490 0.35848953 0.05809642 0.08616884 0.22521953 0.06396888 
718.00000000 0.10018153 0.10780957 0.35768747 0.05837514 0.08621315 0.22563093 0.06410222 
719.00000000 0.10006340 0.10787735 0.35688041 0.05866860 0.08621406 0.22606448 0.06423170 
720.00000000 0.09995973 0.10795338 0.35608028 0.05897418 0.08616611 0.22651046 0.06435587 
721.00000000 0.09987013 0.10804511 0.35530469 0.05928869 0.08606736 0.22695145 0.06447256 
722.00000000 0.09979444 0.10815899 0.35456760 0.05960917 0.08591932 0.22737173 0.06457874 
723.00000000 0.09973504 0.10829806 0.35387224 0.05993331 0.08572532 0.22776503 0.06467099 
724.00000000 0.09969723 0.10846137 0.35321063 0.06025963 0.08548866 0.22813589 0.06474659 
725.00000000 0.09968717 0.10864532 0.35256929 0.06058743 0.08521180 0.22849443 0.06480457 
726.00000000 0.09970873 0.10884595 0.35193747 0.06091666 0.08489706 0.22884804 0.06484608 
727.00000000 0.09976100 0.10906109 0.35131323 0.06124768 0.08454782 0.22919527 0.06487391 
728.00000000 0.09983814 0.10929119 0.35070458 0.06158093 0.08416915 0.22952485 0.06489117 
729.00000000 0.09993209 0.10953849 0.35012528 0.06191666 0.08376734 0.22982024 0.06489990 
730.00000000 0.10003652 0.10980458 0.34958819 0.06225476 0.08334875 0.23006688 0.06490033 
731.00000000 0.10014977 0.11008798 0.34909977 0.06259479 0.08291869 0.23025783 0.06489117 
732.00000000 0.10027493 0.11038299 0.34865854 0.06293629 0.08248123 0.23039510 0.06487093 
733.00000000 0.10041726 0.11068050 0.34825744 0.06327926 0.08203983 0.23048656 0.06483915 
734.00000000 0.10058039 0.11097055 0.34788809 0.06362446 0.08159862 0.23054090 0.06479700 
735.00000000 0.10076339 0.11124544 0.34754453 0.06397337 0.08116292 0.23056349 0.06474685 
736.00000000 0.10096053 0.11150201 0.34722495 0.06432759 0.08073878 0.23055503 0.06469112 
737.00000000 0.10116412 0.11174178 0.34693047 0.06468788 0.08033131 0.23051340 0.06463103 
738.00000000 0.10136873 0.11196901 0.34666208 0.06505310 0.07994326 0.23043765 0.06456617 
739.00000000 0.10157432 0.11218782 0.34641746 0.06541976 0.07957448 0.23033134 0.06449482 
740.00000000 0.10178631 0.11239987 0.34618990 0.06578272 0.07922305 0.23020311 0.06441504 
741.00000000 0.10201255 0.11260381 0.34596945 0.06613702 0.07888757 0.23006407 0.06432553 
742.00000000 0.10225884 0.11279644 0.34574532 0.06647979 0.07856949 0.22992401 0.06422610 
743.00000000 0.10252547 0.11297501 0.34550798 0.06681121 0.07827411 0.22978870 0.06411752 
744.00000000 0.10280675 0.11313930 0.34525042 0.06713382 0.07800926 0.22965943 0.06400101 
745.00000000 0.10309418 0.11329231 0.34496846 0.06745043 0.07778227 0.22953470 0.06387766 
746.00000000 0.10338130 0.11343911 0.34466051 0.06776186 0.07759669 0.22941257 0.06374796 
747.00000000 0.10366753 0.11358441 0.34432767 0.06806594 0.07745078 0.22929203 0.06361165 
748.00000000 0.10395851 0.11372993 0.34397412 0.06835861 0.07733873 0.22917223 0.06346788 
749.00000000 0.10426305 0.11387287 0.34360727 0.06863640 0.07725418 0.22905064 0.06331560 
750.00000000 0.10458814 0.11400643 0.34323650 0.06889881 0.07719398 0.22892190 0.06315425 
751.00000000 0.10493490 0.11412234 0.34287079 0.06914879 0.07716004 0.22877873 0.06298441 
752.00000000 0.10529761 0.11421430 0.34251647 0.06939099 0.07715800 0.22861422 0.06280841 
753.00000000 0.10566653 0.11428057 0.34217654 0.06962876 0.07719325 0.22842418 0.06263018 
754.00000000 0.10603287 0.11432418 0.34185172 0.06986180 0.07726671 0.22820831 0.06245441 
755.00000000 0.10639306 0.11435068 0.34154258 0.07008564 0.07737305 0.22796972 0.06228527 
756.00000000 0.10674985 0.11436446 0.34125117 0.07029368 0.07750245 0.22771303 0.06212536 
757.00000000 0.10710980 0.11436591 0.34098120 0.07048024 0.07764501 0.22744231 0.06197553 
758.00000000 0.10747853 0.11435130 0.34073607 0.07064309 0.07779530 0.22716006 0.06183565 
759.00000000 0.10785633 0.11431535 0.34051583 0.07078374 0.07795458 0.22686814 0.06170602 
760.00000000 0.10823660 0.11425513 0.34031491 0.07090572 0.07812941 0.22656966 0.06158856 
761.00000000 0.10860831 0.11417278 0.34012194 0.07101187 0.07832749 0.22627080 0.06148682 
762.00000000 0.10896109 0.11407532 0.33992175 0.07110238 0.07855318 0.22598155 0.06140473 
763.00000000 0.10929022 0.11397144 0.33969890 0.07117487 0.07880506 0.22571475 0.06134477 
764.00000000 0.10959860 0.11386717 0.33944125 0.07122630 0.07907698 0.22548318 0.06130652 
765.00000000 0.10989468 0.11376304 0.33914263 0.07125574 0.07936155 0.22529572 0.06128663 
766.00000000 0.11018747 0.11365437 0.33880343 0.07126613 0.07965405 0.22515443 0.06128011 
767.00000000 0.11048139 0.11353453 0.33842891 0.07126402 0.07995443 0.22505426 0.06128245 
768.00000000 0.11077378 0.11339906 0.33802619 0.07125736 0.08026646 0.22498583 0.06129133 
769.00000000 0.11105667 0.11324834 0.33760094 0.07125250 0.08059445 0.22494000 0.06130710 
770.00000000 0.11132164 0.11308740 0.33715519 0.07125221 0.08093936 0.22491235 0.06133185 
771.00000000 0.11156497 0.11292302 0.33668700 0.07125567 0.08129658 0.22490519 0.06136758 
772.00000000 0.11179001 0.11276016 0.33619256 0.07126026 0.08165670 0.22492565 0.06141465 
773.00000000 0.11200556 0.11259986 0.33566998 0.07126415 0.08200872 0.22498044 0.06147130 
774.00000000 0.11222138 0.11243988 0.33512283 0.07126785 0.08234372 0.22507006 0.06153429 
775.00000000 0.11244310 0.11227747 0.33456139 0.07127402 0.08265739 0.22518616 0.06160047 
776.00000000 0.11266965 0.11211250 0.33400019 0.07128569 0.08294999 0.22531365 0.06166832 
777.00000000 0.11289441 0.11194905 0.33345258 0.07130402 0.08322401 0.22543724 0.06173869 
778.00000000 0.11310950 0.11179459 0.33292455 0.07132712 0.08348088 0.22554898 0.06181438 
779.00000000 0.11331065 0.11165731 0.33241106 0.07135061 0.08371861 0.22565294 0.06189883 
780.00000000 0.11349989 0.11154296 0.33189748 0.07136972 0.08393185 0.22576371 0.06199439 
781.00000000 0.11368471 0.11145319 0.33136610 0.07138154 0.08411421 0.22589910 0.06210115 
782.00000000 0.11387438 0.11138598 0.33080484 0.07138622 0.08426125 0.22607065 0.06221667 
783.00000000 0.11407538 0.11133786 0.33021334 0.07138662 0.08437255 0.22627725 0.06233699 
784.00000000 0.11428838 0.11130651 0.32960327 0.07138658 0.08445148 0.22650545 0.06245833 
785.00000000 0.11450842 0.11129243 0.32899249 0.07138902 0.08450283 0.22673602 0.06257878 
786.00000000 0.11472785 0.11129897 0.32839599 0.07139490 0.08452961 0.22695352 0.06269916 
787.00000000 0.11494034 0.11133081 0.32781856 0.07140355 0.08453094 0.22715323 0.06282257 
788.00000000 0.11514370 0.11139171 0.32725340 0.07141400 0.08450249 0.22734169 0.06295301 
789.00000000 0.11534014 0.11148285 0.32668769 0.07142633 0.08443919 0.22753027 0.06309353 
790.00000000 0.11553424 0.11160233 0.32611210 0.07144216 0.08433840 0.22772558 0.06324519 
791.00000000 0.11572978 0.11174601 0.32552884 0.07146411 0.08420184 0.22792231 0.06340710 
792.00000000 0.11592735 0.11190908 0.32495352 0.07149465 0.08403514 0.22810250 0.06357776 
793.00000000 0.11612369 0.11208764 0.32440957 0.07153517 0.08384549 0.22824175 0.06375669 
794.00000000 0.11631318 0.11227963 0.32391784 0.07158557 0.08363906 0.22831909 0.06394563 
795.00000000 0.11649042 0.11248480 0.32348664 0.07164463 0.08341954 0.22832539 0.06414859 
796.00000000 0.11665264 0.11270370 0.32310767 0.07171069 0.08318868 0.22826594 0.06437069 
797.00000000 0.11680086 0.11293631 0.32275993 0.07178226 0.08294806 0.22815622 0.06461634 
798.00000000 0.11693942 0.11318102 0.32241942 0.07185816 0.08270085 0.22801362 0.06488751 
799.00000000 0.11707410 0.11343430 0.32206906 0.07193759 0.08245229 0.22784984 0.06518282 
800.00000000 0.11720976 0.11369145 0.32170390 0.07202019 0.08220881 0.22766788 0.06549801 
801.00000000 0.11734862 0.11394815 0.32132934 0.07210628 0.08197620 0.22746418 0.06582723 
802.00000000 0.11748964 0.11420224 0.32095391 0.07219674 0.08175812 0.22723434 0.06616500 
803.00000000 0.11762940 0.11445479 0.32058119 0.07229268 0.08155545 0.22697879 0.06650770 
804.00000000 0.11776392 0.11470984 0.32020546 0.07239483 0.08136681 0.22670518 0.06685397 
805.00000000 0.11789052 0.11497264 0.31981367 0.07250327 0.08118975 0.22642640 0.06720374 
806.00000000 0.11800897 0.11524748 0.31939206 0.07261747 0.08102209 0.22615572 0.06755622 
807.00000000 0.11812122 0.11553585 0.31893350 0.07273684 0.08086266 0.22590188 0.06790805 
808.00000000 0.11823009 0.11583602 0.31844169 0.07286147 0.08071130 0.22566659 0.06825283 
809.00000000 0.11833753 0.11614397 0.31793020 0.07299251 0.08056830 0.22544503 0.06858245 
810.00000000 0.11844321 0.11645537 0.31741742 0.07313172 0.08043389 0.22522865 0.06888974 
811.00000000 0.11854427 0.11676754 0.31692013 0.07328042 0.08030819 0.22500841 0.06917103 
812.00000000 0.11863635 0.11708027 0.31644912 0.07343855 0.08019162 0.22477691 0.06942717 
813.00000000 0.11871550 0.11739512 0.31600846 0.07360443 0.08008531 0.22452881 0.06966237 
814.00000000 0.11878017 0.11771366 0.31559792 0.07377541 0.07999115 0.22426026 0.06988142 
815.00000000 0.11883229 0.11803570 0.31521619 0.07394885 0.07991140 0.22396866 0.07008691 
816.00000000 0.11887686 0.11835809 0.31486283 0.07412305 0.07984791 0.22365297 0.07027828 
817.00000000 0.11892032 0.11867493 0.31453855 0.07429751 0.07980167 0.22331409 0.07045292 
818.00000000 0.11896821 0.11897914 0.31424409 0.07447239 0.07977305 0.22295444 0.07060868 
819.00000000 0.11902318 0.11926504 0.31397913 0.07464742 0.07976266 0.22257643 0.07074614 
820.00000000 0.11908430 0.11953067 0.31374197 0.07482109 0.07977205 0.22218083 0.07086909 
821.00000000 0.11914798 0.11977872 0.31353016 0.07499068 0.07980342 0.22176603 0.07098300 
822.00000000 0.11921004 0.12001534 0.31334108 0.07515315 0.07985851 0.22132947 0.07109241 
823.00000000 0.11926787 0.12024754 0.31317160 0.07530625 0.07993706 0.22087075 0.07119893 
824.00000000 0.11932155 0.12048009 0.31301709 0.07544930 0.08003599 0.22039486 0.07130113 
825.00000000 0.11937335 0.12071359 0.31287109 0.07558322 0.08014978 0.21991271 0.07139626 
826.00000000 0.11942584 0.12094469 0.31272682 0.07570988 0.08027234 0.21943794 0.07148249 
827.00000000 0.11947940 0.12116879 0.31258043 0.07583084 0.08039950 0.21898097 0.07156007 
828.00000000 0.11953085 0.12138335 0.31243436 0.07594651 0.08053065 0.21854353 0.07163074 
829.00000000 0.11957385 0.12159002 0.31229871 0.07605602 0.08066867 0.21811687 0.07169584 
830.00000000 0.11960127 0.12179396 0.31218898 0.07615778 0.08081788 0.21768529 0.07175484 
831.00000000 0.11960839 0.12200076 0.31212043 0.07625019 0.08098118 0.21723371 0.07180534 
832.00000000 0.11959522 0.12221245 0.31210166 0.07633221 0.08115789 0.21675549 0.07184507 
833.00000000 0.11956675 0.12242471 0.31213095 0.07640359 0.08134366 0.21625606 0.07187429 
834.00000000 0.11953088 0.12262704 0.31219769 0.07646483 0.08153265 0.21575006 0.07189686 
835.00000000 0.11949521 0.12280628 0.31228840 0.07651686 0.08172092 0.21525343 0.07191889 
836.00000000 0.11946416 0.12295183 0.31239397 0.07656052 0.08190905 0.21477477 0.07194570 
837.00000000 0.11943794 0.12305987 0.31251408 0.07659612 0.08210202 0.21431107 0.07197890 
838.00000000 0.11941382 0.12313431 0.31265613 0.07662309 0.08230640 0.21385027 0.07201598 
839.00000000 0.11938904 0.12318383 0.31282895 0.07663986 0.08252625 0.21337935 0.07205272 
840.00000000 0.11936352 0.12321683 0.31303456 0.07664428 0.08276018 0.21289354 0.07208710 
841.00000000 0.11934101 0.12323686 0.31326284 0.07663440 0.08300116 0.21240149 0.07212225 
842.00000000 0.11932796 0.12324148 0.31349250 0.07660951 0.08323935 0.21192313 0.07216608 
843.00000000 0.11933051 0.12322539 0.31369832 0.07657067 0.08346629 0.21148128 0.07222754 
844.00000000 0.11935131 0.12318609 0.31386105 0.07652046 0.08367823 0.21109141 0.07231145 
845.00000000 0.11938765 0.12312863 0.31397471 0.07646203 0.08387674 0.21075506 0.07241518 
846.00000000 0.11943220 0.12306622 0.31404756 0.07639795 0.08406637 0.21046036 0.07252934 
847.00000000 0.11947604 0.12301603 0.31409593 0.07632953 0.08425104 0.21018899 0.07264245 
848.00000000 0.11951238 0.12299233 0.31413452 0.07625692 0.08443092 0.20992601 0.07274692 
849.00000000 0.11953879 0.12300090 0.31416817 0.07618008 0.08460179 0.20966729 0.07284297 
850.00000000 0.11955685 0.12303775 0.31419006 0.07609989 0.08475682 0.20942064 0.07293798 
851.00000000 0.11956954 0.12309297 0.31418705 0.07601885 0.08489010 0.20919992 0.07304157 
852.00000000 0.11957795 0.12315737 0.31414903 0.07594086 0.08499981 0.20901582 0.07315916 
853.00000000 0.11957935 0.12322800 0.31407680 0.07587028 0.08508942 0.20886823 0.07328791 
854.00000000 0.11956788 0.12330936 0.31398399 0.07581075 0.08516608 0.20874458 0.07341736 
855.00000000 0.11953730 0.12340987 0.31389186 0.07576432 0.08523711 0.20862483 0.07353471 
856.00000000 0.11948415 0.12353603 0.31381997 0.07573135 0.08530661 0.20849045 0.07363144 
857.00000000 0.11940924 0.12368799 0.31377771 0.07571086 0.08537368 0.20833270 0.07370782 
858.00000000 0.11931682 0.12385913 0.31376110 0.07570118 0.08543343 0.20815591 0.07377242 
859.00000000 0.11921203 0.12403985 0.31375648 0.07570036 0.08547997 0.20797399 0.07383731 
860.00000000 0.11909822 0.12422302 0.31374836 0.07570657 0.08550987 0.20780250 0.07391146 
861.00000000 0.11897563 0.12440798 0.31372703 0.07571820 0.08552413 0.20765072 0.07399632 
862.00000000 0.11884212 0.12460054 0.31369179 0.07573400 0.08552775 0.20751799 0.07408582 
863.00000000 0.11869548 0.12480919 0.31364865 0.07575322 0.08552713 0.20739577 0.07417056 
864.00000000 0.11853575 0.12503977 0.31360431 0.07577558 0.08552699 0.20727400 0.07424359 
865.00000000 0.11836626 0.12529177 0.31356007 0.07580096 0.08552839 0.20714815 0.07430440 
866.00000000 0.11819278 0.12555833 0.31350923 0.07582882 0.08552870 0.20702309 0.07435905 
867.00000000 0.11802134 0.12582961 0.31343915 0.07585789 0.08552371 0.20691156 0.07441675 
868.00000000 0.11785597 0.12609742 0.31333650 0.07588636 0.08551024 0.20682845 0.07448507 
869.00000000 0.11769750 0.12635825 0.31319262 0.07591281 0.08548821 0.20678421 0.07456640 
870.00000000 0.11754437 0.12661286 0.31300615 0.07593731 0.08546077 0.20678102 0.07465752 
871.00000000 0.11739474 0.12686287 0.31278201 0.07596227 0.08543278 0.20681345 0.07475189 
872.00000000 0.11724881 0.12710673 0.31252794 0.07599222 0.08540837 0.20687287 0.07484305 
873.00000000 0.11710973 0.12733778 0.31225069 0.07603237 0.08538919 0.20695294 0.07492731 
874.00000000 0.11698239 0.12754586 0.31195396 0.07608641 0.08537416 0.20705283 0.07500438 
875.00000000 0.11687093 0.12772163 0.31163880 0.07615471 0.08536086 0.20717659 0.07507648 
876.00000000 0.11677617 0.12786084 0.31130571 0.07623401 0.08534757 0.20732909 0.07514661 
877.00000000 0.11669472 0.12796588 0.31095666 0.07631897 0.08533475 0.20751176 0.07521726 
878.00000000 0.11662023 0.12804363 0.31059571 0.07640475 0.08532512 0.20772074 0.07528983 
879.00000000 0.11654613 0.12810107 0.31022791 0.07648937 0.08532229 0.20794848 0.07536476 
880.00000000 0.11646833 0.12814154 0.30985742 0.07657422 0.08532903 0.20818746 0.07544200 
881.00000000 0.11638619 0.12816399 0.30948615 0.07666262 0.08534618 0.20843357 0.07552130 
882.00000000 0.11630132 0.12816560 0.30911357 0.07675693 0.08537314 0.20868687 0.07560257 
883.00000000 0.11621521 0.12814570 0.30873802 0.07685620 0.08540927 0.20894939 0.07568621 
884.00000000 0.11612714 0.12810838 0.30835817 0.07695581 0.08545528 0.20922158 0.07577363 
885.00000000 0.11603391 0.12806168 0.30797360 0.07704952 0.08551340 0.20950049 0.07586740 
886.00000000 0.11593130 0.12801386 0.30758390 0.07713279 0.08558627 0.20978088 0.07597098 
887.00000000 0.11581665 0.12796911 0.30718712 0.07720560 0.08567522 0.21005858 0.07608771 
888.00000000 0.11569079 0.12792528 0.30677914 0.07727298 0.08577925 0.21033330 0.07621926 
889.00000000 0.11555833 0.12787514 0.30635474 0.07734308 0.08589570 0.21060869 0.07636434 
890.00000000 0.11542611 0.12781023 0.30591006 0.07742361 0.08602235 0.21088942 0.07651822 
891.00000000 0.11530070 0.12772510 0.30544501 0.07751878 0.08615974 0.21117700 0.07667367 
892.00000000 0.11518626 0.12761942 0.30496383 0.07762812 0.08631195 0.21146733 0.07682308 
893.00000000 0.11508379 0.12749698 0.30447322 0.07774796 0.08648515 0.21175211 0.07696078 
894.00000000 0.11499196 0.12736226 0.30397875 0.07787429 0.08668472 0.21202350 0.07708451 
895.00000000 0.11490881 0.12721707 0.30348171 0.07800543 0.08691265 0.21227910 0.07719523 
896.00000000 0.11483341 0.12705919 0.30297865 0.07814284 0.08716693 0.21252367 0.07729531 
897.00000000 0.11476660 0.12688394 0.30246376 0.07828992 0.08744337 0.21276640 0.07738601 
898.00000000 0.11471026 0.12668750 0.30193294 0.07844962 0.08773889 0.21301501 0.07746578 
899.00000000 0.11466565 0.12646996 0.30138693 0.07862233 0.08805422 0.21327050 0.07753041 
900.00000000 0.11463185 0.12623623 0.30083176 0.07880537 0.08839392 0.21352571 0.07757516 
901.00000000 0.11460517 0.12599451 0.30027591 0.07899421 0.08876365 0.21376893 0.07759763 
902.00000000 0.11458004 0.12575299 0.29972559 0.07918473 0.08916632 0.21399061 0.07759972 
903.00000000 0.11455098 0.12551696 0.29918069 0.07937519 0.08959931 0.21418927 0.07758759 
904.00000000 0.11451461 0.12528757 0.29863412 0.07956682 0.09005478 0.21437277 0.07756933 
905.00000000 0.11447078 0.12506282 0.29807489 0.07976308 0.09052269 0.21455402 0.07755171 
906.00000000 0.11442220 0.12483959 0.29749325 0.07996814 0.09099519 0.21474398 0.07753765 
907.00000000 0.11437288 0.12461555 0.29688473 0.08018537 0.09146981 0.21494592 0.07752572 
908.00000000 0.11432645 0.12438991 0.29625081 0.08041673 0.09194960 0.21515478 0.07751172 
909.00000000 0.11428512 0.12416296 0.29559580 0.08066304 0.09244020 0.21536167 0.07749121 
910.00000000 0.11424997 0.12393508 0.29492190 0.08092485 0.09294564 0.21556097 0.07746160 
911.00000000 0.11422199 0.12370582 0.29422564 0.08120295 0.09346541 0.21575532 0.07742287 
912.00000000 0.11420348 0.12347367 0.29349829 0.08149837 0.09399435 0.21595516 0.07737668 
913.00000000 0.11419873 0.12323635 0.29273033 0.08181178 0.09452530 0.21617276 0.07732474 
914.00000000 0.11421349 0.12299139 0.29191729 0.08214283 0.09505320 0.21641458 0.07726722 
915.00000000 0.11425326 0.12273680 0.29106311 0.08248995 0.09557809 0.21667670 0.07720209 
916.00000000 0.11432124 0.12247178 0.29017935 0.08285070 0.09610530 0.21694614 0.07712549 
917.00000000 0.11441713 0.12219730 0.28928061 0.08322238 0.09664252 0.21720709 0.07703296 
918.00000000 0.11453757 0.12191643 0.28837904 0.08360253 0.09719538 0.21744812 0.07692093 
919.00000000 0.11467787 0.12163397 0.28748099 0.08398879 0.09776404 0.21766620 0.07678814 
920.00000000 0.11483437 0.12135549 0.28658768 0.08437828 0.09834266 0.21786518 0.07663635 
921.00000000 0.11500592 0.12108577 0.28569939 0.08476702 0.09892187 0.21804993 0.07647010 
922.00000000 0.11519370 0.12082741 0.28482035 0.08515005 0.09949288 0.21822016 0.07629546 
923.00000000 0.11539941 0.12058031 0.28396099 0.08552222 0.10005081 0.21836796 0.07611830 
924.00000000 0.11562317 0.12034243 0.28313621 0.08587955 0.10059526 0.21848067 0.07594272 
925.00000000 0.11586248 0.12011131 0.28236060 0.08622025 0.10112798 0.21854712 0.07577026 
926.00000000 0.11611321 0.11988541 0.28164321 0.08654485 0.10164917 0.21856362 0.07560054 
927.00000000 0.11637179 0.11966460 0.28098449 0.08685513 0.10215469 0.21853632 0.07543299 
928.00000000 0.11663738 0.11944953 0.28037723 0.08715250 0.10263579 0.21847859 0.07526897 
929.00000000 0.11691276 0.11924008 0.27981114 0.08743667 0.10308135 0.21840483 0.07511316 
930.00000000 0.11720327 0.11903402 0.27927837 0.08770549 0.10348135 0.21832438 0.07497312 
931.00000000 0.11751447 0.11882673 0.27877678 0.08795607 0.10382965 0.21823914 0.07485715 
932.00000000 0.11784973 0.11861243 0.27830922 0.08818658 0.10412463 0.21814608 0.07477133 
933.00000000 0.11820913 0.11838622 0.27787938 0.08839772 0.10436747 0.21804278 0.07471729 
934.00000000 0.11859022 0.11814570 0.27748684 0.08859293 0.10455949 0.21793262 0.07469220 
935.00000000 0.11898994 0.11789163 0.27712408 0.08877696 0.10469988 0.21782629 0.07469122 
936.00000000 0.11940630 0.11762715 0.27677747 0.08895362 0.10478548 0.21773871 0.07471127 
937.00000000 0.11983916 0.11735622 0.27643184 0.08912385 0.10481241 0.21768286 0.07475365 
938.00000000 0.12028946 0.11708187 0.27607635 0.08928543 0.10477879 0.21766424 0.07482386 
939.00000000 0.12075729 0.11680569 0.27570776 0.08943441 0.10468692 0.21767944 0.07492849 
940.00000000 0.12124001 0.11652855 0.27532966 0.08956764 0.10454338 0.21771977 0.07507100 
941.00000000 0.12173139 0.11625198 0.27494797 0.08968483 0.10435719 0.21777767 0.07524897 
942.00000000 0.12222252 0.11597908 0.27456580 0.08978894 0.10413687 0.21785209 0.07545470 
943.00000000 0.12270383 0.11571429 0.27418019 0.08988462 0.10388828 0.21794987 0.07567893 
944.00000000 0.12316739 0.11546220 0.27378290 0.08997543 0.10361429 0.21808248 0.07591530 
945.00000000 0.12360854 0.11522593 0.27336450 0.09006179 0.10331635 0.21825991 0.07616297 
946.00000000 0.12402605 0.11500587 0.27291927 0.09014071 0.10299677 0.21848565 0.07642568 
947.00000000 0.12442095 0.11479972 0.27244795 0.09020765 0.10266008 0.21875565 0.07670800 
948.00000000 0.12479470 0.11460362 0.27195674 0.09025929 0.10231264 0.21906176 0.07701124 
949.00000000 0.12514771 0.11441364 0.27145392 0.09029561 0.10196052 0.21939714 0.07733145 
950.00000000 0.12547914 0.11422655 0.27094617 0.09032011 0.10160718 0.21976017 0.07766068 
951.00000000 0.12578794 0.11403988 0.27043685 0.09033815 0.10125230 0.22015443 0.07799046 
952.00000000 0.12607442 0.11385133 0.26992691 0.09035440 0.10089256 0.22058494 0.07831544 
953.00000000 0.12634154 0.11365816 0.26941768 0.09037104 0.10052408 0.22105265 0.07863485 
954.00000000 0.12659508 0.11345688 0.26891360 0.09038771 0.10014494 0.22155059 0.07895121 
955.00000000 0.12684220 0.11324375 0.26842314 0.09040307 0.09975653 0.22206409 0.07926722 
956.00000000 0.12708906 0.11301579 0.26795757 0.09041708 0.09936270 0.22257484 0.07958297 
957.00000000 0.12733857 0.11277198 0.26752851 0.09043242 0.09896738 0.22306624 0.07989490 
958.00000000 0.12758954 0.11251356 0.26714609 0.09045446 0.09857217 0.22352692 0.08019726 
959.00000000 0.12783749 0.11224360 0.26681828 0.09048971 0.09817554 0.22395076 0.08048463 
960.00000000 0.12807697 0.11196563 0.26655145 0.09054373 0.09777434 0.22433380 0.08075408 
961.00000000 0.12830391 0.11168221 0.26635138 0.09061965 0.09736678 0.22467053 0.08100553 
962.00000000 0.12851702 0.11139388 0.26622356 0.09071810 0.09695504 0.22495194 0.08124046 
963.00000000 0.12871736 0.11109938 0.26617222 0.09083841 0.09654550 0.22516715 0.08145999 
964.00000000 0.12890656 0.11079694 0.26619855 0.09098035 0.09614638 0.22530748 0.08166373 
965.00000000 0.12908497 0.11048581 0.26629930 0.09114521 0.09576421 0.22537056 0.08184994 
966.00000000 0.12925109 0.11016681 0.26646706 0.09133548 0.09540119 0.22536160 0.08201677 
967.00000000 0.12940275 0.10984144 0.26669222 0.09155358 0.09505535 0.22529112 0.08216353 
968.00000000 0.12953934 0.10951005 0.26696569 0.09180018 0.09472318 0.22517041 0.08229115 
969.00000000 0.12966365 0.10917021 0.26728088 0.09207335 0.09440307 0.22500731 0.08240152 
970.00000000 0.12978216 0.10881654 0.26763390 0.09236905 0.09409719 0.22480466 0.08249651 
971.00000000 0.12990328 0.10844239 0.26802154 0.09268265 0.09381058 0.22456220 0.08257737 
972.00000000 0.13003460 0.10804287 0.26843846 0.09301056 0.09354794 0.22428058 0.08264498 
973.00000000 0.13018085 0.10761729 0.26887550 0.09335090 0.09331030 0.22396452 0.08270065 
974.00000000 0.13034360 0.10716981 0.26932071 0.09370280 0.09309380 0.22362271 0.08274658 
975.00000000 0.13052296 0.10670772 0.26976310 0.09406503 0.09289136 0.22326416 0.08278566 
976.00000000 0.13071979 0.10623845 0.27019710 0.09443486 0.09269630 0.22289318 0.08282032 
977.00000000 0.13093696 0.10576674 0.27062509 0.09480794 0.09250589 0.22250612 0.08285126 
978.00000000 0.13117890 0.10529365 0.27105632 0.09517951 0.09232258 0.22209205 0.08287699 
979.00000000 0.13144951 0.10481801 0.27150224 0.09554589 0.09215217 0.22163751 0.08289468 
980.00000000 0.13174990 0.10433947 0.27197052 0.09590558 0.09199980 0.22113276 0.08290198 
981.00000000 0.13207745 0.10386153 0.27246112 0.09625898 0.09186628 0.22057610 0.08289854 
982.00000000 0.13242697 0.10339232 0.27296655 0.09660705 0.09174705 0.21997362 0.08288644 
983.00000000 0.13279328 0.10294241 0.27347633 0.09694974 0.09163454 0.21933463 0.08286906 
984.00000000 0.13317373 0.10252045 0.27398300 0.09728525 0.09152263 0.21866581 0.08284912 
985.00000000 0.13356906 0.10212894 0.27448636 0.09761065 0.09141060 0.21796732 0.08282708 
986.00000000 0.13398215 0.10176263 0.27499355 0.09792339 0.09130401 0.21723323 0.08280104 
987.00000000 0.13441538 0.10141097 0.27551494 0.09822290 0.09121179 0.21645581 0.08276820 
988.00000000 0.13486808 0.10106344 0.27605808 0.09851101 0.09114093 0.21563136 0.08272709 
989.00000000 0.13533581 0.10071494 0.27662283 0.09879106 0.09109216 0.21476404 0.08267916 
990.00000000 0.13581189 0.10036794 0.27720052 0.09906597 0.09105925 0.21386565 0.08262878 
991.00000000 0.13629040 0.10003001 0.27777755 0.09933667 0.09103256 0.21295113 0.08258169 
992.00000000 0.13676874 0.09970826 0.27834134 0.09960168 0.09100476 0.21203267 0.08254256 
993.00000000 0.13724820 0.09940411 0.27888554 0.09985838 0.09097533 0.21111539 0.08251304 
994.00000000 0.13773230 0.09911173 0.27941176 0.10010496 0.09095114 0.21019686 0.08249125 
995.00000000 0.13822360 0.09882120 0.27992685 0.10034188 0.09094265 0.20927087 0.08247296 
996.00000000 0.13872103 0.09852475 0.28043714 0.10057190 0.09095794 0.20833337 0.08245388 
997.00000000 0.13921925 0.09822227 0.28094252 0.10079863 0.09099802 0.20738757 0.08243174 
998.00000000 0.13971042 0.09792267 0.28143365 0.10102444 0.09105624 0.20644520 0.08240737 
999.00000000 0.14018743 0.09764026 0.28189378 0.10124918 0.09112200 0.20552340 0.08238395 
