0.00000000 1.00000000 -0.00000000
5.00000000 0.98801160 0.01198840
10.00000000 0.95297059 0.04702941
15.00000000 0.89755380 0.10244620
20.00000000 0.82591633 0.17408367
25.00000000 0.74327554 0.25672446
30.00000000 0.65540803 0.34459197
35.00000000 0.56812310 0.43187690
40.00000000 0.48677516 0.51322484
45.00000000 0.41586756 0.58413244
50.00000000 0.35878269 0.64121731
55.00000000 0.31765309 0.68234691
60.00000000 0.29336745 0.70663255
65.00000000 0.28568886 0.71431114
70.00000000 0.29345140 0.70654860
75.00000000 0.31479717 0.68520283
80.00000000 0.34741841 0.65258159
85.00000000 0.38877663 0.61122337
90.00000000 0.43628104 0.56371896
95.00000000 0.48741945 0.51258055
100.00000000 0.53984403 0.46015597
105.00000000 0.59142100 0.40857900
110.00000000 0.64025597 0.35974403
115.00000000 0.68470708 0.31529292
120.00000000 0.72339518 0.27660482
125.00000000 0.75521651 0.24478349
130.00000000 0.77935932 0.22064068
135.00000000 0.79532218 0.20467782
140.00000000 0.80292927 0.19707073
145.00000000 0.80233707 0.19766293
150.00000000 0.79402711 0.20597289
155.00000000 0.77878081 0.22121919
160.00000000 0.75763503 0.24236497
165.00000000 0.73181937 0.26818063
170.00000000 0.70267956 0.29732044
175.00000000 0.67159318 0.32840682
180.00000000 0.63988647 0.36011353
185.00000000 0.60876080 0.39123920
190.00000000 0.57923740 0.42076260
195.00000000 0.55212613 0.44787387
200.00000000 0.52802111 0.47197889
205.00000000 0.50732148 0.49267852
210.00000000 0.49027159 0.50972841
215.00000000 0.47701144 0.52298856
220.00000000 0.46762629 0.53237371
225.00000000 0.46218478 0.53781522
230.00000000 0.46075733 0.53924267
235.00000000 0.46341088 0.53658912
240.00000000 0.47018131 0.52981869
245.00000000 0.48102999 0.51897001
250.00000000 0.49579471 0.50420529
255.00000000 0.51414681 0.48585319
260.00000000 0.53556546 0.46443454
265.00000000 0.55933671 0.44066329
270.00000000 0.58457969 0.41542031
275.00000000 0.61029723 0.38970277
280.00000000 0.63544302 0.36455698
285.00000000 0.65899491 0.34100509
290.00000000 0.68002325 0.31997675
295.00000000 0.69774496 0.30225504
300.00000000 0.71155815 0.28844185
305.00000000 0.72105604 0.27894396
310.00000000 0.72602348 0.27397652
315.00000000 0.72642191 0.27357809
320.00000000 0.72236941 0.27763059
325.00000000 0.71412140 0.28587860
330.00000000 0.70205512 0.29794488
335.00000000 0.68665789 0.31334211
340.00000000 0.66851669 0.33148331
345.00000000 0.64830523 0.35169477
350.00000000 0.62676513 0.37323487
355.00000000 0.60467932 0.39532068
360.00000000 0.58283866 0.41716134
365.00000000 0.56200500 0.43799500
370.00000000 0.54287587 0.45712413
375.00000000 0.52605586 0.47394414
380.00000000 0.51203866 0.48796134
385.00000000 0.50120092 0.49879908
390.00000000 0.49380614 0.50619386
395.00000000 0.49001447 0.50998553
400.00000000 0.48989279 0.51010721
405.00000000 0.49342017 0.50657983
410.00000000 0.50048600 0.49951400
415.00000000 0.51088114 0.48911886
420.00000000 0.52428570 0.47571430
425.00000000 0.54025962 0.45974038
430.00000000 0.55824250 0.44175750
435.00000000 0.57756794 0.42243206
440.00000000 0.59749439 0.40250561
445.00000000 0.61725017 0.38274983
450.00000000 0.63608662 0.36391338
455.00000000 0.65333028 0.34666972
460.00000000 0.66842474 0.33157526
465.00000000 0.68095445 0.31904555
470.00000000 0.69064672 0.30935328
475.00000000 0.69735332 0.30264668
480.00000000 0.70101765 0.29898235
485.00000000 0.70163712 0.29836288
490.00000000 0.69923144 0.30076856
495.00000000 0.69382572 0.30617428
500.00000000 0.68545379 0.31454621
505.00000000 0.67418149 0.32581851
510.00000000 0.66014458 0.33985542
515.00000000 0.64359192 0.35640808
520.00000000 0.62492254 0.37507746
525.00000000 0.60470613 0.39529387
530.00000000 0.58367966 0.41632034
535.00000000 0.56271769 0.43728231
540.00000000 0.54277902 0.45722098
545.00000000 0.52483673 0.47516327
550.00000000 0.50980175 0.49019825
555.00000000 0.49845021 0.50154979
560.00000000 0.49136372 0.50863628
565.00000000 0.48888866 0.51111134
570.00000000 0.49111719 0.50888281
575.00000000 0.49788913 0.50211087
580.00000000 0.50881180 0.49118820
585.00000000 0.52329349 0.47670651
590.00000000 0.54058635 0.45941365
595.00000000 0.55983502 0.44016498
600.00000000 0.58012812 0.41987188
605.00000000 0.60055021 0.39944979
610.00000000 0.62023201 0.37976799
615.00000000 0.63839606 0.36160394
620.00000000 0.65439454 0.34560546
625.00000000 0.66773591 0.33226409
630.00000000 0.67809735 0.32190265
635.00000000 0.68532175 0.31467825
640.00000000 0.68939979 0.31060021
645.00000000 0.69044050 0.30955950
650.00000000 0.68863559 0.31136441
655.00000000 0.68422404 0.31577596
660.00000000 0.67746333 0.32253667
665.00000000 0.66861206 0.33138794
670.00000000 0.65792563 0.34207437
675.00000000 0.64566396 0.35433604
680.00000000 0.63210681 0.36789319
685.00000000 0.61757090 0.38242910
690.00000000 0.60242265 0.39757735
695.00000000 0.58708172 0.41291828
700.00000000 0.57201320 0.42798680
705.00000000 0.55770919 0.44229081
710.00000000 0.54466329 0.45533671
715.00000000 0.53334292 0.46665708
720.00000000 0.52416449 0.47583551
725.00000000 0.51747477 0.48252523
730.00000000 0.51353998 0.48646002
735.00000000 0.51254097 0.48745903
740.00000000 0.51457149 0.48542851
745.00000000 0.51963577 0.48036423
750.00000000 0.52764265 0.47235735
755.00000000 0.53839582 0.46160418
760.00000000 0.55158216 0.44841784
765.00000000 0.56676310 0.43323690
770.00000000 0.58337470 0.41662530
775.00000000 0.60074200 0.39925800
780.00000000 0.61811061 0.38188939
785.00000000 0.63469484 0.36530516
790.00000000 0.64973773 0.35026227
795.00000000 0.66257441 0.33742559
800.00000000 0.67268869 0.32731131
805.00000000 0.67975286 0.32024714
810.00000000 0.68364346 0.31635654
815.00000000 0.68443019 0.31556981
820.00000000 0.68234042 0.31765958
825.00000000 0.67770651 0.32229349
830.00000000 0.67090648 0.32909352
835.00000000 0.66230953 0.33769047
840.00000000 0.65223655 0.34776345
845.00000000 0.64094194 0.35905806
850.00000000 0.62861859 0.37138141
855.00000000 0.61542279 0.38457721
860.00000000 0.60151200 0.39848800
865.00000000 0.58708634 0.41291366
870.00000000 0.57242440 0.42757560
875.00000000 0.55790568 0.44209432
880.00000000 0.54401501 0.45598499
885.00000000 0.53132761 0.46867239
890.00000000 0.52047645 0.47952355
895.00000000 0.51210614 0.48789386
900.00000000 0.50681860 0.49318140
905.00000000 0.50511627 0.49488373
910.00000000 0.50734844 0.49265156
915.00000000 0.51366561 0.48633439
920.00000000 0.52398640 0.47601360
925.00000000 0.53798108 0.46201892
930.00000000 0.55507477 0.44492523
935.00000000 0.57447262 0.42552738
940.00000000 0.59520702 0.40479298
945.00000000 0.61620459 0.38379541
950.00000000 0.63636754 0.36363246
955.00000000 0.65466094 0.34533906
960.00000000 0.67019555 0.32980445
965.00000000 0.68229506 0.31770494
970.00000000 0.69053826 0.30946174
975.00000000 0.69477012 0.30522988
980.00000000 0.69508097 0.30491903
985.00000000 0.69175844 0.30824156
990.00000000 0.68522239 0.31477761
995.00000000 0.67595556 0.32404444
