0.00000000 1.00000000 -0.00000000
5.00000000 0.97732919 0.02267081
10.00000000 0.91402357 0.08597643
15.00000000 0.82267420 0.17732580
20.00000000 0.71981498 0.28018502
25.00000000 0.62118945 0.37881055
30.00000000 0.53803519 0.46196481
35.00000000 0.47555813 0.52444187
40.00000000 0.43368872 0.56631128
45.00000000 0.40925764 0.59074236
50.00000000 0.39833841 0.60166159
55.00000000 0.39776712 0.60223288
60.00000000 0.40550837 0.59449163
65.00000000 0.42018180 0.57981820
70.00000000 0.44037695 0.55962305
75.00000000 0.46429003 0.53570997
80.00000000 0.48986791 0.51013209
85.00000000 0.51529083 0.48470917
90.00000000 0.53945132 0.46054868
95.00000000 0.56213783 0.43786217
100.00000000 0.58382575 0.41617425
105.00000000 0.60518885 0.39481115
110.00000000 0.62656957 0.37343043
115.00000000 0.64764939 0.35235061
120.00000000 0.66745646 0.33254354
125.00000000 0.68468971 0.31531029
130.00000000 0.69819261 0.30180739
135.00000000 0.70734014 0.29265986
140.00000000 0.71214816 0.28785184
145.00000000 0.71306259 0.28693741
150.00000000 0.71056457 0.28943543
155.00000000 0.70483645 0.29516355
160.00000000 0.69569937 0.30430063
165.00000000 0.68286641 0.31713359
170.00000000 0.66635492 0.33364508
175.00000000 0.64679522 0.35320478
180.00000000 0.62543525 0.37456475
185.00000000 0.60383231 0.39616769
190.00000000 0.58341640 0.41658360
195.00000000 0.56517420 0.43482580
200.00000000 0.54959796 0.45040204
205.00000000 0.53685262 0.46314738
210.00000000 0.52697978 0.47302022
215.00000000 0.51997623 0.48002377
220.00000000 0.51573305 0.48426695
225.00000000 0.51397187 0.48602813
230.00000000 0.51433515 0.48566485
235.00000000 0.51664897 0.48335103
240.00000000 0.52118440 0.47881560
245.00000000 0.52866164 0.47133836
250.00000000 0.53986406 0.46013594
255.00000000 0.55499964 0.44500036
260.00000000 0.57317894 0.42682106
265.00000000 0.59239062 0.40760938
270.00000000 0.61010267 0.38989733
275.00000000 0.62424131 0.37575869
280.00000000 0.63404003 0.36595997
285.00000000 0.64028667 0.35971333
290.00000000 0.64481927 0.35518073
295.00000000 0.64953788 0.35046212
300.00000000 0.65545674 0.34454326
305.00000000 0.66227077 0.33772923
310.00000000 0.66859884 0.33140116
315.00000000 0.67269604 0.32730396
320.00000000 0.67321673 0.32678327
325.00000000 0.66965657 0.33034343
330.00000000 0.66233840 0.33766160
335.00000000 0.65206559 0.34793441
340.00000000 0.63970081 0.36029919
345.00000000 0.62589556 0.37410444
350.00000000 0.61106141 0.38893859
355.00000000 0.59553728 0.40446272
360.00000000 0.57983327 0.42016673
365.00000000 0.56482094 0.43517906
370.00000000 0.55176331 0.44823669
375.00000000 0.54211904 0.45788096
380.00000000 0.53712591 0.46287409
385.00000000 0.53727679 0.46272321
390.00000000 0.54191099 0.45808901
395.00000000 0.54917839 0.45082161
400.00000000 0.55652384 0.44347616
405.00000000 0.56159590 0.43840410
410.00000000 0.56322322 0.43677678
415.00000000 0.56198659 0.43801341
420.00000000 0.56005183 0.43994817
425.00000000 0.56027686 0.43972314
430.00000000 0.56498451 0.43501549
435.00000000 0.57498021 0.42501979
440.00000000 0.58927239 0.41072761
445.00000000 0.60558709 0.39441291
450.00000000 0.62136592 0.37863408
455.00000000 0.63472553 0.36527447
460.00000000 0.64493881 0.35506119
465.00000000 0.65229948 0.34770052
470.00000000 0.65756033 0.34243967
475.00000000 0.66130828 0.33869172
480.00000000 0.66359269 0.33640731
485.00000000 0.66392856 0.33607144
490.00000000 0.66159083 0.33840917
495.00000000 0.65600943 0.34399057
500.00000000 0.64708599 0.35291401
505.00000000 0.63533219 0.36466781
510.00000000 0.62181001 0.37818999
515.00000000 0.60790699 0.39209301
520.00000000 0.59501304 0.40498696
525.00000000 0.58419341 0.41580659
530.00000000 0.57596672 0.42403328
535.00000000 0.57026964 0.42973036
540.00000000 0.56661105 0.43338895
545.00000000 0.56432390 0.43567610
550.00000000 0.56277616 0.43722384
555.00000000 0.56144936 0.43855064
560.00000000 0.55991000 0.44009000
565.00000000 0.55779915 0.44220085
570.00000000 0.55495923 0.44504077
575.00000000 0.55168878 0.44831122
580.00000000 0.54895242 0.45104758
585.00000000 0.54831066 0.45168934
590.00000000 0.55145311 0.44854689
595.00000000 0.55947258 0.44052742
600.00000000 0.57224018 0.42775982
605.00000000 0.58826274 0.41173726
610.00000000 0.60517253 0.39482747
615.00000000 0.62063722 0.37936278
620.00000000 0.63321509 0.36678491
625.00000000 0.64269625 0.35730375
630.00000000 0.64977139 0.35022861
635.00000000 0.65527112 0.34472888
640.00000000 0.65946494 0.34053506
645.00000000 0.66184375 0.33815625
650.00000000 0.66148247 0.33851753
655.00000000 0.65770710 0.34229290
660.00000000 0.65061663 0.34938337
665.00000000 0.64113331 0.35886669
670.00000000 0.63057795 0.36942205
675.00000000 0.62006646 0.37993354
680.00000000 0.61010855 0.38989145
685.00000000 0.60062480 0.39937520
690.00000000 0.59131356 0.40868644
695.00000000 0.58209108 0.41790892
700.00000000 0.57331853 0.42668147
705.00000000 0.56569941 0.43430059
710.00000000 0.55994642 0.44005358
715.00000000 0.55643844 0.44356156
720.00000000 0.55505863 0.44494137
725.00000000 0.55527453 0.44472547
730.00000000 0.55638947 0.44361053
735.00000000 0.55783535 0.44216465
740.00000000 0.55939411 0.44060589
745.00000000 0.56128539 0.43871461
750.00000000 0.56410022 0.43589978
755.00000000 0.56858998 0.43141002
760.00000000 0.57535694 0.42464306
765.00000000 0.58454377 0.41545623
770.00000000 0.59565661 0.40434339
775.00000000 0.60763102 0.39236898
780.00000000 0.61914603 0.38085397
785.00000000 0.62905399 0.37094601
790.00000000 0.63671172 0.36328828
795.00000000 0.64204143 0.35795857
800.00000000 0.64530792 0.35469208
805.00000000 0.64677369 0.35322631
810.00000000 0.64646795 0.35353205
815.00000000 0.64421991 0.35578009
820.00000000 0.63991808 0.36008192
825.00000000 0.63379530 0.36620470
830.00000000 0.62651986 0.37348014
835.00000000 0.61900984 0.38099016
840.00000000 0.61208150 0.38791850
845.00000000 0.60615361 0.39384639
850.00000000 0.60118124 0.39881876
855.00000000 0.59682670 0.40317330
860.00000000 0.59271933 0.40728067
865.00000000 0.58862334 0.41137666
870.00000000 0.58443932 0.41556068
875.00000000 0.58011595 0.41988405
880.00000000 0.57561856 0.42438144
885.00000000 0.57103277 0.42896723
890.00000000 0.56673170 0.43326830
895.00000000 0.56343343 0.43656657
900.00000000 0.56201551 0.43798449
905.00000000 0.56312227 0.43687773
910.00000000 0.56677546 0.43322454
915.00000000 0.57224340 0.42775660
920.00000000 0.57829046 0.42170954
925.00000000 0.58370010 0.41629990
930.00000000 0.58779397 0.41220603
935.00000000 0.59067445 0.40932555
940.00000000 0.59308893 0.40691107
945.00000000 0.59603170 0.40396830
950.00000000 0.60031793 0.39968207
955.00000000 0.60632126 0.39367874
960.00000000 0.61391941 0.38608059
965.00000000 0.62256380 0.37743620
970.00000000 0.63137117 0.36862883
975.00000000 0.63921563 0.36078437
980.00000000 0.64488356 0.35511644
985.00000000 0.64734803 0.35265197
990.00000000 0.64611331 0.35388669
995.00000000 0.64146251 0.35853749
