0.00000000 1.00000000 -0.00000000 -0.00000000 -0.00000000 0.00000000 0.00000000 -0.00000000 
1.00000000 0.99971312 0.00027284 0.00000108 0.00000124 0.00000159 0.00000666 0.00000348 
2.00000000 0.99885314 0.00109070 0.00000434 0.00000495 0.00000638 0.00002661 0.00001389 
3.00000000 0.99742210 0.00245151 0.00000987 0.00001115 0.00001439 0.00005977 0.00003119 
4.00000000 0.99542336 0.00435191 0.00001784 0.00001987 0.00002566 0.00010604 0.00005531 
5.00000000 0.99286160 0.00678715 0.00002847 0.00003114 0.00004026 0.00016523 0.00008614 
6.00000000 0.98974280 0.00975123 0.00004201 0.00004501 0.00005825 0.00023715 0.00012355 
7.00000000 0.98607418 0.01323686 0.00005883 0.00006153 0.00007973 0.00032151 0.00016737 
8.00000000 0.98186420 0.01723552 0.00007929 0.00008077 0.00010479 0.00041802 0.00021740 
9.00000000 0.97712247 0.02173753 0.00010384 0.00010280 0.00013357 0.00052634 0.00027345 
10.00000000 0.97185976 0.02673205 0.00013297 0.00012770 0.00016620 0.00064606 0.00033527 
11.00000000 0.96608788 0.03220719 0.00016721 0.00015556 0.00020282 0.00077675 0.00040259 
12.00000000 0.95981968 0.03815003 0.00020713 0.00018648 0.00024359 0.00091795 0.00047513 
13.00000000 0.95306897 0.04454667 0.00025335 0.00022057 0.00028868 0.00106915 0.00055260 
14.00000000 0.94585052 0.05138230 0.00030649 0.00025794 0.00033827 0.00122981 0.00063467 
15.00000000 0.93817994 0.05864122 0.00036723 0.00029871 0.00039255 0.00139936 0.00072100 
16.00000000 0.93007372 0.06630691 0.00043625 0.00034299 0.00045170 0.00157719 0.00081124 
17.00000000 0.92154914 0.07436206 0.00051424 0.00039092 0.00051594 0.00176267 0.00090503 
18.00000000 0.91262424 0.08278861 0.00060192 0.00044263 0.00058546 0.00195515 0.00100199 
19.00000000 0.90331782 0.09156778 0.00070000 0.00049825 0.00066047 0.00215394 0.00110175 
20.00000000 0.89364935 0.10068015 0.00080918 0.00055791 0.00074118 0.00235834 0.00120390 
21.00000000 0.88363898 0.11010564 0.00093018 0.00062174 0.00082779 0.00256762 0.00130804 
22.00000000 0.87330745 0.11982363 0.00106369 0.00068988 0.00092053 0.00278104 0.00141379 
23.00000000 0.86267606 0.12981297 0.00121038 0.00076246 0.00101958 0.00299783 0.00152073 
24.00000000 0.85176661 0.14005206 0.00137091 0.00083959 0.00112516 0.00321722 0.00162846 
25.00000000 0.84060135 0.15051889 0.00154590 0.00092141 0.00123745 0.00343842 0.00173658 
26.00000000 0.82920287 0.16119116 0.00173595 0.00100802 0.00135666 0.00366065 0.00184469 
27.00000000 0.81759410 0.17204628 0.00194162 0.00109953 0.00148295 0.00388311 0.00195241 
28.00000000 0.80579817 0.18306151 0.00216341 0.00119603 0.00161651 0.00410502 0.00205935 
29.00000000 0.79383841 0.19421397 0.00240180 0.00129761 0.00175751 0.00432557 0.00216515 
30.00000000 0.78173825 0.20548070 0.00265720 0.00140434 0.00190608 0.00454398 0.00226944 
31.00000000 0.76952121 0.21683877 0.00292999 0.00151628 0.00206238 0.00475949 0.00237188 
32.00000000 0.75721080 0.22826525 0.00322047 0.00163347 0.00222654 0.00497133 0.00247215 
33.00000000 0.74483053 0.23973730 0.00352888 0.00175594 0.00239867 0.00517876 0.00256992 
34.00000000 0.73240384 0.25123221 0.00385542 0.00188369 0.00257888 0.00538104 0.00266492 
35.00000000 0.71995408 0.26272741 0.00420022 0.00201672 0.00276725 0.00557747 0.00275685 
36.00000000 0.70750447 0.27420052 0.00456332 0.00215499 0.00296386 0.00576736 0.00284548 
37.00000000 0.69507804 0.28562940 0.00494473 0.00229846 0.00316875 0.00595005 0.00293057 
38.00000000 0.68269763 0.29699217 0.00534437 0.00244704 0.00338198 0.00612490 0.00301191 
39.00000000 0.67038577 0.30826731 0.00576211 0.00260063 0.00360356 0.00629130 0.00308933 
40.00000000 0.65816469 0.31943363 0.00619774 0.00275911 0.00383350 0.00644869 0.00316265 
41.00000000 0.64605624 0.33047040 0.00665098 0.00292232 0.00407178 0.00659652 0.00323176 
42.00000000 0.63408182 0.34135737 0.00712150 0.00309010 0.00431837 0.00673431 0.00329654 
43.00000000 0.62226234 0.35207481 0.00760888 0.00326224 0.00457323 0.00686158 0.00335692 
44.00000000 0.61061818 0.36260359 0.00811267 0.00343851 0.00483627 0.00697794 0.00341284 
45.00000000 0.59916911 0.37292519 0.00863233 0.00361866 0.00510742 0.00708301 0.00346428 
46.00000000 0.58793429 0.38302174 0.00916727 0.00380240 0.00538657 0.00717648 0.00351125 
47.00000000 0.57693224 0.39287606 0.00971685 0.00398943 0.00567359 0.00725807 0.00355377 
48.00000000 0.56618078 0.40247165 0.01028035 0.00417942 0.00596833 0.00732757 0.00359190 
49.00000000 0.55569708 0.41179273 0.01085702 0.00437201 0.00627063 0.00738479 0.00362574 
50.00000000 0.54549758 0.42082422 0.01144606 0.00456682 0.00658031 0.00742964 0.00365538 
51.00000000 0.53559803 0.42955175 0.01204661 0.00476345 0.00689717 0.00746203 0.00368096 
52.00000000 0.52601345 0.43796171 0.01265780 0.00496148 0.00722097 0.00748194 0.00370264 
53.00000000 0.51675813 0.44604120 0.01327870 0.00516046 0.00755148 0.00748942 0.00372061 
54.00000000 0.50784559 0.45377809 0.01390835 0.00535992 0.00788843 0.00748456 0.00373506 
55.00000000 0.49928858 0.46116102 0.01454576 0.00555941 0.00823153 0.00746748 0.00374622 
56.00000000 0.49109901 0.46817942 0.01518993 0.00575843 0.00858050 0.00743838 0.00375433 
57.00000000 0.48328799 0.47482356 0.01583982 0.00595647 0.00893499 0.00739751 0.00375967 
58.00000000 0.47586573 0.48108452 0.01649438 0.00615303 0.00929468 0.00734515 0.00376249 
59.00000000 0.46884158 0.48695428 0.01715257 0.00634760 0.00965920 0.00728166 0.00376311 
60.00000000 0.46222396 0.49242565 0.01781332 0.00653966 0.01002816 0.00720743 0.00376182 
61.00000000 0.45602038 0.49749233 0.01847556 0.00672870 0.01040118 0.00712290 0.00375894 
62.00000000 0.45023747 0.50214892 0.01913822 0.00691420 0.01077783 0.00702856 0.00375481 
63.00000000 0.44488090 0.50639082 0.01980025 0.00709566 0.01115767 0.00692493 0.00374976 
64.00000000 0.43995549 0.51021434 0.02046058 0.00727258 0.01154026 0.00681261 0.00374414 
65.00000000 0.43546517 0.51361656 0.02111819 0.00744448 0.01192512 0.00669219 0.00373828 
66.00000000 0.43141301 0.51659539 0.02177205 0.00761090 0.01231177 0.00656434 0.00373254 
67.00000000 0.42780124 0.51914952 0.02242116 0.00777138 0.01269969 0.00642973 0.00372727 
68.00000000 0.42463129 0.52127839 0.02306456 0.00792551 0.01308837 0.00628908 0.00372281 
69.00000000 0.42190374 0.52298219 0.02370129 0.00807289 0.01347726 0.00614312 0.00371951 
70.00000000 0.41961839 0.52426185 0.02433045 0.00821315 0.01386582 0.00599264 0.00371770 
71.00000000 0.41777424 0.52511906 0.02495115 0.00834595 0.01425347 0.00583842 0.00371771 
72.00000000 0.41636948 0.52555621 0.02556256 0.00847100 0.01463963 0.00568126 0.00371986 
73.00000000 0.41540150 0.52557643 0.02616387 0.00858802 0.01502371 0.00552200 0.00372446 
74.00000000 0.41486691 0.52518358 0.02675432 0.00869681 0.01540510 0.00536147 0.00373181 
75.00000000 0.41476152 0.52438224 0.02733320 0.00879718 0.01578318 0.00520051 0.00374218 
76.00000000 0.41508035 0.52317767 0.02789983 0.00888899 0.01615733 0.00503999 0.00375585 
77.00000000 0.41581770 0.52157584 0.02845358 0.00897217 0.01652691 0.00488074 0.00377306 
78.00000000 0.41696712 0.51958336 0.02899387 0.00904668 0.01689130 0.00472363 0.00379404 
79.00000000 0.41852147 0.51720748 0.02952017 0.00911252 0.01724984 0.00456951 0.00381901 
80.00000000 0.42047295 0.51445604 0.03003200 0.00916977 0.01760189 0.00441920 0.00384815 
81.00000000 0.42281314 0.51133742 0.03052892 0.00921854 0.01794681 0.00427354 0.00388164 
82.00000000 0.42553303 0.50786055 0.03101055 0.00925900 0.01828395 0.00413333 0.00391961 
83.00000000 0.42862305 0.50403481 0.03147654 0.00929138 0.01861266 0.00399936 0.00396220 
84.00000000 0.43207314 0.49987007 0.03192662 0.00931594 0.01893232 0.00387241 0.00400949 
85.00000000 0.43587272 0.49537664 0.03236056 0.00933303 0.01924228 0.00375321 0.00406157 
86.00000000 0.44001073 0.49056522 0.03277815 0.00934301 0.01954193 0.00364247 0.00411849 
87.00000000 0.44447568 0.48544694 0.03317926 0.00934631 0.01983066 0.00354088 0.00418026 
88.00000000 0.44925563 0.48003330 0.03356381 0.00934342 0.02010786 0.00344909 0.00424690 
89.00000000 0.45433823 0.47433616 0.03393172 0.00933486 0.02037296 0.00336769 0.00431837 
90.00000000 0.45971072 0.46836775 0.03428300 0.00932120 0.02062540 0.00329728 0.00439464 
91.00000000 0.46535999 0.46214064 0.03461769 0.00930305 0.02086463 0.00323836 0.00447563 
92.00000000 0.47127254 0.45566770 0.03493586 0.00928107 0.02109015 0.00319143 0.00456125 
93.00000000 0.47743460 0.44896207 0.03523761 0.00925594 0.02130147 0.00315693 0.00465139 
94.00000000 0.48383208 0.44203717 0.03552310 0.00922839 0.02149812 0.00313524 0.00474590 
95.00000000 0.49045068 0.43490661 0.03579251 0.00919917 0.02167969 0.00312671 0.00484463 
96.00000000 0.49727586 0.42758419 0.03604606 0.00916906 0.02184579 0.00313162 0.00494741 
97.00000000 0.50429295 0.42008385 0.03628399 0.00913887 0.02199606 0.00315023 0.00505405 
98.00000000 0.51148713 0.41241966 0.03650659 0.00910941 0.02213019 0.00318271 0.00516432 
99.00000000 0.51884349 0.40460574 0.03671414 0.00908152 0.02224790 0.00322920 0.00527800 
100.00000000 0.52634706 0.39665630 0.03690699 0.00905605 0.02234897 0.00328978 0.00539485 
101.00000000 0.53398282 0.38858556 0.03708547 0.00903383 0.02243321 0.00336448 0.00551462 
102.00000000 0.54173575 0.38040775 0.03724997 0.00901573 0.02250049 0.00345327 0.00563704 
103.00000000 0.54959082 0.37213711 0.03740087 0.00900258 0.02255072 0.00355607 0.00576183 
104.00000000 0.55753302 0.36378784 0.03753857 0.00899523 0.02258387 0.00367276 0.00588871 
105.00000000 0.56554741 0.35537412 0.03766350 0.00899449 0.02259995 0.00380314 0.00601738 
106.00000000 0.57361909 0.34691007 0.03777609 0.00900117 0.02259905 0.00394698 0.00614757 
107.00000000 0.58173324 0.33840972 0.03787677 0.00901606 0.02258127 0.00410399 0.00627895 
108.00000000 0.58987517 0.32988700 0.03796601 0.00903992 0.02254683 0.00427383 0.00641124 
109.00000000 0.59803032 0.32135575 0.03804425 0.00907347 0.02249595 0.00445613 0.00654413 
110.00000000 0.60618430 0.31282961 0.03811197 0.00911740 0.02242894 0.00465046 0.00667733 
111.00000000 0.61432290 0.30432209 0.03816962 0.00917238 0.02234615 0.00485633 0.00681053 
112.00000000 0.62243215 0.29584645 0.03821768 0.00923901 0.02224801 0.00507324 0.00694345 
113.00000000 0.63049833 0.28741577 0.03825663 0.00931786 0.02213498 0.00530063 0.00707581 
114.00000000 0.63850797 0.27904283 0.03828693 0.00940945 0.02200760 0.00553791 0.00720731 
115.00000000 0.64644793 0.27074017 0.03830906 0.00951424 0.02186645 0.00578445 0.00733771 
116.00000000 0.65430536 0.26252003 0.03832348 0.00963265 0.02171217 0.00603958 0.00746673 
117.00000000 0.66206775 0.25439433 0.03833068 0.00976504 0.02154545 0.00630262 0.00759413 
118.00000000 0.66972294 0.24637470 0.03833112 0.00991170 0.02136703 0.00657284 0.00771967 
119.00000000 0.67725911 0.23847241 0.03832525 0.01007288 0.02117771 0.00684950 0.00784313 
120.00000000 0.68466481 0.23069841 0.03831355 0.01024875 0.02097834 0.00713184 0.00796431 
121.00000000 0.69192899 0.22306329 0.03829645 0.01043942 0.02076978 0.00741906 0.00808300 
122.00000000 0.69904096 0.21557727 0.03827441 0.01064496 0.02055298 0.00771037 0.00819904 
123.00000000 0.70599046 0.20825021 0.03824787 0.01086536 0.02032891 0.00800494 0.00831225 
124.00000000 0.71276761 0.20109155 0.03821727 0.01110054 0.02009856 0.00830197 0.00842251 
125.00000000 0.71936298 0.19411037 0.03818303 0.01135037 0.01986298 0.00860060 0.00852967 
126.00000000 0.72576759 0.18731528 0.03814558 0.01161466 0.01962323 0.00890002 0.00863364 
127.00000000 0.73197289 0.18071451 0.03810534 0.01189316 0.01938041 0.00919939 0.00873431 
128.00000000 0.73797080 0.17431582 0.03806271 0.01218555 0.01913564 0.00949786 0.00883162 
129.00000000 0.74375372 0.16812651 0.03801811 0.01249147 0.01889005 0.00979463 0.00892551 
130.00000000 0.74931454 0.16215345 0.03797193 0.01281049 0.01864479 0.01008885 0.00901594 
131.00000000 0.75464662 0.15640302 0.03792457 0.01314215 0.01840101 0.01037974 0.00910289 
132.00000000 0.75974383 0.15088113 0.03787642 0.01348591 0.01815989 0.01066648 0.00918635 
133.00000000 0.76460052 0.14559321 0.03782787 0.01384121 0.01792258 0.01094829 0.00926633 
134.00000000 0.76921154 0.14054422 0.03777929 0.01420743 0.01769024 0.01122442 0.00934286 
135.00000000 0.77357224 0.13573864 0.03773106 0.01458393 0.01746403 0.01149412 0.00941598 
136.00000000 0.77767845 0.13118046 0.03768355 0.01497001 0.01724510 0.01175668 0.00948576 
137.00000000 0.78152651 0.12687322 0.03763712 0.01536495 0.01703455 0.01201140 0.00955225 
138.00000000 0.78511324 0.12281995 0.03759214 0.01576801 0.01683351 0.01225761 0.00961554 
139.00000000 0.78843596 0.11902320 0.03754897 0.01617841 0.01664305 0.01249469 0.00967572 
140.00000000 0.79149248 0.11548506 0.03750795 0.01659534 0.01646421 0.01272204 0.00973292 
141.00000000 0.79428107 0.11220714 0.03746945 0.01701800 0.01629803 0.01293910 0.00978723 
142.00000000 0.79680051 0.10919055 0.03743380 0.01744556 0.01614547 0.01314533 0.00983879 
143.00000000 0.79905006 0.10643597 0.03740134 0.01787718 0.01600748 0.01334024 0.00988773 
144.00000000 0.80102946 0.10394356 0.03737243 0.01831202 0.01588496 0.01352339 0.00993419 
145.00000000 0.80273890 0.10171306 0.03734739 0.01874923 0.01577874 0.01369436 0.00997832 
146.00000000 0.80417905 0.09974372 0.03732656 0.01918798 0.01568964 0.01385278 0.01002027 
147.00000000 0.80535104 0.09803435 0.03731027 0.01962744 0.01561838 0.01399831 0.01006020 
148.00000000 0.80625645 0.09658333 0.03729885 0.02006678 0.01556565 0.01413067 0.01009827 
149.00000000 0.80689728 0.09538858 0.03729262 0.02050519 0.01553209 0.01424961 0.01013463 
150.00000000 0.80727599 0.09444761 0.03729190 0.02094189 0.01551824 0.01435492 0.01016945 
151.00000000 0.80739544 0.09375752 0.03729701 0.02137610 0.01552461 0.01444644 0.01020289 
152.00000000 0.80725888 0.09331499 0.03730826 0.02180708 0.01555164 0.01452406 0.01023510 
153.00000000 0.80686998 0.09311633 0.03732594 0.02223410 0.01559969 0.01458771 0.01026625 
154.00000000 0.80623276 0.09315745 0.03735037 0.02265647 0.01566906 0.01463739 0.01029650 
155.00000000 0.80535165 0.09343390 0.03738183 0.02307353 0.01575999 0.01467311 0.01032598 
156.00000000 0.80423140 0.09394089 0.03742062 0.02348464 0.01587264 0.01469495 0.01035486 
157.00000000 0.80287713 0.09467327 0.03746701 0.02388921 0.01600711 0.01470300 0.01038327 
158.00000000 0.80129427 0.09562559 0.03752128 0.02428669 0.01616341 0.01469743 0.01041134 
159.00000000 0.79948857 0.09679206 0.03758369 0.02467656 0.01634150 0.01467842 0.01043920 
160.00000000 0.79746609 0.09816661 0.03765451 0.02505834 0.01654127 0.01464620 0.01046697 
161.00000000 0.79523319 0.09974290 0.03773399 0.02543159 0.01676253 0.01460104 0.01049477 
162.00000000 0.79279646 0.10151430 0.03782236 0.02579593 0.01700503 0.01454323 0.01052270 
163.00000000 0.79016279 0.10347394 0.03791985 0.02615099 0.01726846 0.01447312 0.01055084 
164.00000000 0.78733929 0.10561472 0.03802669 0.02649648 0.01755244 0.01439107 0.01057930 
165.00000000 0.78433331 0.10792932 0.03814308 0.02683213 0.01785652 0.01429749 0.01060815 
166.00000000 0.78115238 0.11041022 0.03826923 0.02715771 0.01818021 0.01419281 0.01063745 
167.00000000 0.77780425 0.11304972 0.03840530 0.02747304 0.01852295 0.01407749 0.01066726 
168.00000000 0.77429685 0.11583994 0.03855147 0.02777799 0.01888412 0.01395200 0.01069763 
169.00000000 0.77063826 0.11877285 0.03870790 0.02807246 0.01926305 0.01381687 0.01072860 
170.00000000 0.76683671 0.12184030 0.03887473 0.02835640 0.01965904 0.01367263 0.01076020 
171.00000000 0.76290055 0.12503401 0.03905208 0.02862978 0.02007131 0.01351982 0.01079245 
172.00000000 0.75883826 0.12834561 0.03924005 0.02889263 0.02049906 0.01335901 0.01082536 
173.00000000 0.75465841 0.13176663 0.03943876 0.02914501 0.02094145 0.01319080 0.01085894 
174.00000000 0.75036965 0.13528854 0.03964826 0.02938701 0.02139758 0.01301579 0.01089318 
175.00000000 0.74598068 0.13890276 0.03986862 0.02961875 0.02186655 0.01283457 0.01092807 
176.00000000 0.74150027 0.14260069 0.04009988 0.02984039 0.02234741 0.01264778 0.01096358 
177.00000000 0.73693721 0.14637369 0.04034205 0.03005213 0.02283918 0.01245604 0.01099969 
178.00000000 0.73230032 0.15021314 0.04059516 0.03025417 0.02334087 0.01225998 0.01103637 
179.00000000 0.72759840 0.15411040 0.04085917 0.03044676 0.02385146 0.01206024 0.01107356 
180.00000000 0.72284026 0.15805690 0.04113405 0.03063016 0.02436993 0.01185746 0.01111123 
181.00000000 0.71803465 0.16204409 0.04141976 0.03080467 0.02489523 0.01165227 0.01114932 
182.00000000 0.71319031 0.16606350 0.04171622 0.03097059 0.02542630 0.01144530 0.01118778 
183.00000000 0.70831590 0.17010670 0.04202334 0.03112825 0.02596210 0.01123718 0.01122654 
184.00000000 0.70342001 0.17416538 0.04234100 0.03127798 0.02650157 0.01102852 0.01126554 
185.00000000 0.69851114 0.17823133 0.04266908 0.03142015 0.02704365 0.01081993 0.01130472 
186.00000000 0.69359771 0.18229644 0.04300742 0.03155512 0.02758730 0.01061200 0.01134400 
187.00000000 0.68868799 0.18635276 0.04335586 0.03168328 0.02813147 0.01040533 0.01138332 
188.00000000 0.68379015 0.19039244 0.04371422 0.03180499 0.02867513 0.01020048 0.01142260 
189.00000000 0.67891221 0.19440781 0.04408228 0.03192067 0.02921727 0.00999799 0.01146177 
190.00000000 0.67406205 0.19839138 0.04445982 0.03203070 0.02975689 0.00979841 0.01150076 
191.00000000 0.66924736 0.20233580 0.04484660 0.03213548 0.03029302 0.00960224 0.01153950 
192.00000000 0.66447568 0.20623394 0.04524237 0.03223541 0.03082471 0.00940997 0.01157791 
193.00000000 0.65975436 0.21007885 0.04564686 0.03233090 0.03135101 0.00922208 0.01161594 
194.00000000 0.65509055 0.21386379 0.04605976 0.03242234 0.03187104 0.00903901 0.01165350 
195.00000000 0.65049118 0.21758226 0.04648079 0.03251012 0.03238393 0.00886118 0.01169055 
196.00000000 0.64596298 0.22122795 0.04690961 0.03259465 0.03288882 0.00868898 0.01172701 
197.00000000 0.64151247 0.22479481 0.04734590 0.03267629 0.03338492 0.00852278 0.01176284 
198.00000000 0.63714591 0.22827700 0.04778931 0.03275543 0.03387145 0.00836292 0.01179798 
199.00000000 0.63286932 0.23166898 0.04823949 0.03283244 0.03434769 0.00820971 0.01183237 
200.00000000 0.62868850 0.23496540 0.04869607 0.03290769 0.03481293 0.00806343 0.01186598 
201.00000000 0.62460897 0.23816122 0.04915866 0.03298152 0.03526651 0.00792434 0.01189877 
202.00000000 0.62063599 0.24125165 0.04962690 0.03305427 0.03570781 0.00779266 0.01193071 
203.00000000 0.61677457 0.24423215 0.05010037 0.03312629 0.03613627 0.00766859 0.01196175 
204.00000000 0.61302944 0.24709848 0.05057868 0.03319788 0.03655133 0.00755229 0.01199189 
205.00000000 0.60940504 0.24984666 0.05106143 0.03326937 0.03695251 0.00744390 0.01202110 
206.00000000 0.60590555 0.25247299 0.05154820 0.03334103 0.03733934 0.00734351 0.01204938 
207.00000000 0.60253485 0.25497407 0.05203857 0.03341317 0.03771143 0.00725121 0.01207670 
208.00000000 0.59929654 0.25734675 0.05253213 0.03348605 0.03806839 0.00716705 0.01210308 
209.00000000 0.59619395 0.25958819 0.05302846 0.03355994 0.03840991 0.00709104 0.01212852 
210.00000000 0.59323007 0.26169583 0.05352714 0.03363507 0.03873568 0.00702317 0.01215304 
211.00000000 0.59040766 0.26366738 0.05402775 0.03371169 0.03904548 0.00696341 0.01217663 
212.00000000 0.58772913 0.26550087 0.05452987 0.03379001 0.03933909 0.00691169 0.01219934 
213.00000000 0.58519664 0.26719456 0.05503310 0.03387024 0.03961634 0.00686793 0.01222119 
214.00000000 0.58281203 0.26874704 0.05553701 0.03395259 0.03987712 0.00683200 0.01224221 
215.00000000 0.58057686 0.27015716 0.05604121 0.03403722 0.04012133 0.00680379 0.01226243 
216.00000000 0.57849240 0.27142404 0.05654529 0.03412433 0.04034892 0.00678311 0.01228191 
217.00000000 0.57655962 0.27254708 0.05704887 0.03421405 0.04055989 0.00676980 0.01230069 
218.00000000 0.57477922 0.27352596 0.05755155 0.03430655 0.04075425 0.00676365 0.01231882 
219.00000000 0.57315161 0.27436061 0.05805298 0.03440195 0.04093206 0.00676444 0.01233636 
220.00000000 0.57167691 0.27505123 0.05855278 0.03450038 0.04109340 0.00677193 0.01235337 
221.00000000 0.57035499 0.27559829 0.05905059 0.03460196 0.04123840 0.00678586 0.01236991 
222.00000000 0.56918540 0.27600249 0.05954608 0.03470678 0.04136722 0.00680597 0.01238605 
223.00000000 0.56816749 0.27626480 0.06003892 0.03481494 0.04148002 0.00683198 0.01240186 
224.00000000 0.56730028 0.27638641 0.06052878 0.03492652 0.04157702 0.00686357 0.01241742 
225.00000000 0.56658259 0.27636876 0.06101537 0.03504158 0.04165844 0.00690046 0.01243279 
226.00000000 0.56601295 0.27621351 0.06149840 0.03516019 0.04172456 0.00694231 0.01244807 
227.00000000 0.56558966 0.27592256 0.06197760 0.03528241 0.04177565 0.00698882 0.01246331 
228.00000000 0.56531079 0.27549799 0.06245270 0.03540826 0.04181201 0.00703964 0.01247861 
229.00000000 0.56517416 0.27494212 0.06292347 0.03553779 0.04183397 0.00709443 0.01249405 
230.00000000 0.56517739 0.27425746 0.06338968 0.03567102 0.04184188 0.00715287 0.01250970 
231.00000000 0.56531786 0.27344672 0.06385112 0.03580797 0.04183608 0.00721461 0.01252565 
232.00000000 0.56559276 0.27251276 0.06430760 0.03594863 0.04181696 0.00727931 0.01254197 
233.00000000 0.56599908 0.27145867 0.06475894 0.03609302 0.04178492 0.00734661 0.01255876 
234.00000000 0.56653361 0.27028766 0.06520499 0.03624112 0.04174034 0.00741619 0.01257608 
235.00000000 0.56719295 0.26900313 0.06564561 0.03639292 0.04168365 0.00748771 0.01259403 
236.00000000 0.56797355 0.26760861 0.06608068 0.03654838 0.04161528 0.00756083 0.01261266 
237.00000000 0.56887167 0.26610780 0.06651009 0.03670749 0.04153566 0.00763523 0.01263206 
238.00000000 0.56988343 0.26450449 0.06693376 0.03687020 0.04144523 0.00771058 0.01265231 
239.00000000 0.57100480 0.26280264 0.06735161 0.03703647 0.04134445 0.00778657 0.01267347 
240.00000000 0.57223161 0.26100630 0.06776359 0.03720624 0.04123376 0.00786289 0.01269560 
241.00000000 0.57355957 0.25911962 0.06816968 0.03737947 0.04111362 0.00793926 0.01271878 
242.00000000 0.57498427 0.25714686 0.06856984 0.03755607 0.04098451 0.00801539 0.01274306 
243.00000000 0.57650118 0.25509237 0.06896409 0.03773599 0.04084687 0.00809100 0.01276851 
244.00000000 0.57810568 0.25296057 0.06935243 0.03791915 0.04070118 0.00816582 0.01279517 
245.00000000 0.57979307 0.25075596 0.06973489 0.03810546 0.04054789 0.00823963 0.01282309 
246.00000000 0.58155857 0.24848309 0.07011152 0.03829485 0.04038748 0.00831216 0.01285233 
247.00000000 0.58339732 0.24614657 0.07048238 0.03848721 0.04022040 0.00838321 0.01288292 
248.00000000 0.58530441 0.24375104 0.07084754 0.03868245 0.04004710 0.00845257 0.01291490 
249.00000000 0.58727487 0.24130118 0.07120708 0.03888047 0.03986805 0.00852004 0.01294831 
250.00000000 0.58930372 0.23880171 0.07156112 0.03908116 0.03968368 0.00858544 0.01298316 
251.00000000 0.59138592 0.23625735 0.07190976 0.03928442 0.03949445 0.00864860 0.01301949 
252.00000000 0.59351642 0.23367283 0.07225313 0.03949013 0.03930079 0.00870939 0.01305731 
253.00000000 0.59569016 0.23105288 0.07259137 0.03969817 0.03910312 0.00876766 0.01309664 
254.00000000 0.59790209 0.22840222 0.07292461 0.03990842 0.03890188 0.00882330 0.01313749 
255.00000000 0.60014715 0.22572556 0.07325302 0.04012076 0.03869747 0.00887620 0.01317985 
256.00000000 0.60242030 0.22302757 0.07357676 0.04033506 0.03849030 0.00892628 0.01322373 
257.00000000 0.60471655 0.22031291 0.07389600 0.04055119 0.03828077 0.00897345 0.01326913 
258.00000000 0.60703092 0.21758618 0.07421093 0.04076902 0.03806927 0.00901767 0.01331602 
259.00000000 0.60935847 0.21485193 0.07452172 0.04098843 0.03785617 0.00905888 0.01336440 
260.00000000 0.61169433 0.21211467 0.07482859 0.04120926 0.03764184 0.00909705 0.01341425 
261.00000000 0.61403368 0.20937884 0.07513172 0.04143140 0.03742665 0.00913218 0.01346554 
262.00000000 0.61637178 0.20664881 0.07543131 0.04165469 0.03721093 0.00916424 0.01351824 
263.00000000 0.61870394 0.20392887 0.07572758 0.04187902 0.03699502 0.00919325 0.01357233 
264.00000000 0.62102557 0.20122324 0.07602074 0.04210423 0.03677924 0.00921923 0.01362775 
265.00000000 0.62333218 0.19853604 0.07631099 0.04233019 0.03656392 0.00924220 0.01368447 
266.00000000 0.62561935 0.19587130 0.07659856 0.04255676 0.03634934 0.00926223 0.01374245 
267.00000000 0.62788279 0.19323295 0.07688366 0.04278381 0.03613582 0.00927934 0.01380164 
268.00000000 0.63011829 0.19062481 0.07716650 0.04301121 0.03592361 0.00929361 0.01386197 
269.00000000 0.63232179 0.18805059 0.07744730 0.04323881 0.03571299 0.00930511 0.01392341 
270.00000000 0.63448931 0.18551390 0.07772628 0.04346649 0.03550422 0.00931391 0.01398589 
271.00000000 0.63661704 0.18301821 0.07800365 0.04369412 0.03529754 0.00932010 0.01404934 
272.00000000 0.63870127 0.18056687 0.07827962 0.04392157 0.03509318 0.00932378 0.01411371 
273.00000000 0.64073844 0.17816312 0.07855440 0.04414871 0.03489137 0.00932504 0.01417892 
274.00000000 0.64272511 0.17581003 0.07882820 0.04437541 0.03469232 0.00932400 0.01424492 
275.00000000 0.64465803 0.17351058 0.07910122 0.04460157 0.03449624 0.00932075 0.01431162 
276.00000000 0.64653404 0.17126757 0.07937366 0.04482706 0.03430330 0.00931542 0.01437897 
277.00000000 0.64835017 0.16908368 0.07964571 0.04505176 0.03411369 0.00930811 0.01444687 
278.00000000 0.65010361 0.16696145 0.07991757 0.04527557 0.03392757 0.00929896 0.01451527 
279.00000000 0.65179166 0.16490326 0.08018941 0.04549838 0.03374512 0.00928808 0.01458409 
280.00000000 0.65341184 0.16291133 0.08046143 0.04572009 0.03356647 0.00927559 0.01465325 
281.00000000 0.65496179 0.16098777 0.08073379 0.04594059 0.03339176 0.00926162 0.01472267 
282.00000000 0.65643933 0.15913450 0.08100666 0.04615979 0.03322113 0.00924630 0.01479229 
283.00000000 0.65784244 0.15735330 0.08128020 0.04637760 0.03305469 0.00922974 0.01486203 
284.00000000 0.65916927 0.15564579 0.08155457 0.04659393 0.03289255 0.00921207 0.01493181 
285.00000000 0.66041813 0.15401345 0.08182992 0.04680869 0.03273483 0.00919341 0.01500157 
286.00000000 0.66158750 0.15245759 0.08210639 0.04702181 0.03258161 0.00917387 0.01507122 
287.00000000 0.66267604 0.15097937 0.08238411 0.04723322 0.03243298 0.00915358 0.01514071 
288.00000000 0.66368255 0.14957979 0.08266321 0.04744283 0.03228901 0.00913265 0.01520995 
289.00000000 0.66460602 0.14825971 0.08294381 0.04765059 0.03214979 0.00911119 0.01527889 
290.00000000 0.66544559 0.14701981 0.08322604 0.04785643 0.03201537 0.00908929 0.01534746 
291.00000000 0.66620059 0.14586064 0.08350999 0.04806029 0.03188581 0.00906708 0.01541560 
292.00000000 0.66687048 0.14478260 0.08379576 0.04826212 0.03176116 0.00904463 0.01548325 
293.00000000 0.66745491 0.14378592 0.08408345 0.04846186 0.03164147 0.00902205 0.01555034 
294.00000000 0.66795366 0.14287069 0.08437314 0.04865948 0.03152677 0.00899942 0.01561684 
295.00000000 0.66836671 0.14203687 0.08466491 0.04885492 0.03141709 0.00897682 0.01568268 
296.00000000 0.66869414 0.14128425 0.08495884 0.04904815 0.03131247 0.00895433 0.01574782 
297.00000000 0.66893624 0.14061250 0.08525499 0.04923913 0.03121291 0.00893203 0.01581220 
298.00000000 0.66909341 0.14002113 0.08555341 0.04942783 0.03111844 0.00890997 0.01587580 
299.00000000 0.66916621 0.13950953 0.08585417 0.04961422 0.03102906 0.00888822 0.01593858 
300.00000000 0.66915535 0.13907696 0.08615730 0.04979828 0.03094479 0.00886684 0.01600049 
301.00000000 0.66906166 0.13872254 0.08646284 0.04997998 0.03086561 0.00884586 0.01606151 
302.00000000 0.66888612 0.13844526 0.08677083 0.05015931 0.03079154 0.00882534 0.01612161 
303.00000000 0.66862984 0.13824401 0.08708129 0.05033625 0.03072255 0.00880530 0.01618077 
304.00000000 0.66829406 0.13811752 0.08739424 0.05051079 0.03065864 0.00878579 0.01623896 
305.00000000 0.66788014 0.13806446 0.08770970 0.05068291 0.03059978 0.00876682 0.01629618 
306.00000000 0.66738955 0.13808335 0.08802769 0.05085262 0.03054597 0.00874842 0.01635240 
307.00000000 0.66682390 0.13817262 0.08834819 0.05101991 0.03049716 0.00873060 0.01640763 
308.00000000 0.66618488 0.13833058 0.08867122 0.05118477 0.03045335 0.00871336 0.01646184 
309.00000000 0.66547430 0.13855548 0.08899676 0.05134721 0.03041448 0.00869673 0.01651506 
310.00000000 0.66469407 0.13884543 0.08932481 0.05150723 0.03038052 0.00868068 0.01656727 
311.00000000 0.66384619 0.13919850 0.08965534 0.05166483 0.03035145 0.00866522 0.01661847 
312.00000000 0.66293275 0.13961264 0.08998835 0.05182004 0.03032720 0.00865034 0.01666869 
313.00000000 0.66195592 0.14008574 0.09032381 0.05197284 0.03030773 0.00863602 0.01671793 
314.00000000 0.66091797 0.14061563 0.09066168 0.05212327 0.03029300 0.00862224 0.01676621 
315.00000000 0.65982122 0.14120003 0.09100194 0.05227134 0.03028294 0.00860899 0.01681353 
316.00000000 0.65866807 0.14183665 0.09134455 0.05241705 0.03027749 0.00859624 0.01685993 
317.00000000 0.65746097 0.14252311 0.09168948 0.05256044 0.03027661 0.00858396 0.01690543 
318.00000000 0.65620245 0.14325698 0.09203667 0.05270152 0.03028021 0.00857212 0.01695005 
319.00000000 0.65489506 0.14403580 0.09238608 0.05284033 0.03028823 0.00856069 0.01699381 
320.00000000 0.65354142 0.14485705 0.09273767 0.05297688 0.03030060 0.00854962 0.01703676 
321.00000000 0.65214419 0.14571819 0.09309138 0.05311120 0.03031723 0.00853889 0.01707891 
322.00000000 0.65070606 0.14661663 0.09344717 0.05324333 0.03033805 0.00852845 0.01712031 
323.00000000 0.64922975 0.14754978 0.09380496 0.05337330 0.03036298 0.00851825 0.01716098 
324.00000000 0.64771799 0.14851500 0.09416470 0.05350115 0.03039191 0.00850827 0.01720097 
325.00000000 0.64617356 0.14950966 0.09452634 0.05362691 0.03042477 0.00849846 0.01724030 
326.00000000 0.64459924 0.15053110 0.09488980 0.05375063 0.03046144 0.00848877 0.01727902 
327.00000000 0.64299780 0.15157668 0.09525502 0.05387234 0.03050184 0.00847915 0.01731716 
328.00000000 0.64137203 0.15264373 0.09562194 0.05399210 0.03054586 0.00846957 0.01735477 
329.00000000 0.63972473 0.15372959 0.09599048 0.05410995 0.03059339 0.00845998 0.01739188 
330.00000000 0.63805867 0.15483164 0.09636057 0.05422593 0.03064431 0.00845034 0.01742852 
331.00000000 0.63637662 0.15594724 0.09673215 0.05434011 0.03069852 0.00844061 0.01746475 
332.00000000 0.63468134 0.15707378 0.09710513 0.05445253 0.03075589 0.00843074 0.01750059 
333.00000000 0.63297555 0.15820868 0.09747945 0.05456325 0.03081630 0.00842070 0.01753608 
334.00000000 0.63126196 0.15934937 0.09785502 0.05467234 0.03087961 0.00841044 0.01757126 
335.00000000 0.62954325 0.16049332 0.09823177 0.05477985 0.03094571 0.00839993 0.01760617 
336.00000000 0.62782205 0.16163805 0.09860962 0.05488585 0.03101445 0.00838913 0.01764084 
337.00000000 0.62610097 0.16278110 0.09898850 0.05499040 0.03108570 0.00837802 0.01767530 
338.00000000 0.62438258 0.16392007 0.09936832 0.05509357 0.03115932 0.00836655 0.01770959 
339.00000000 0.62266937 0.16505258 0.09974901 0.05519543 0.03123516 0.00835470 0.01774373 
340.00000000 0.62096383 0.16617634 0.10013049 0.05529606 0.03131308 0.00834245 0.01777776 
341.00000000 0.61926834 0.16728908 0.10051267 0.05539552 0.03139292 0.00832976 0.01781170 
342.00000000 0.61758528 0.16838861 0.10089548 0.05549389 0.03147454 0.00831663 0.01784558 
343.00000000 0.61591692 0.16947278 0.10127883 0.05559126 0.03155777 0.00830302 0.01787941 
344.00000000 0.61426550 0.17053952 0.10166266 0.05568770 0.03164247 0.00828892 0.01791323 
345.00000000 0.61263318 0.17158682 0.10204687 0.05578329 0.03172847 0.00827433 0.01794705 
346.00000000 0.61102205 0.17261275 0.10243139 0.05587811 0.03181561 0.00825922 0.01798088 
347.00000000 0.60943413 0.17361542 0.10281614 0.05597225 0.03190373 0.00824360 0.01801474 
348.00000000 0.60787136 0.17459304 0.10320105 0.05606579 0.03199267 0.00822745 0.01804865 
349.00000000 0.60633562 0.17554389 0.10358603 0.05615882 0.03208226 0.00821077 0.01808261 
350.00000000 0.60482870 0.17646632 0.10397101 0.05625142 0.03217233 0.00819358 0.01811664 
351.00000000 0.60335231 0.17735878 0.10435591 0.05634368 0.03226273 0.00817586 0.01815073 
352.00000000 0.60190807 0.17821976 0.10474067 0.05643570 0.03235328 0.00815763 0.01818489 
353.00000000 0.60049754 0.17904787 0.10512521 0.05652754 0.03244382 0.00813890 0.01821912 
354.00000000 0.59912216 0.17984179 0.10550945 0.05661932 0.03253419 0.00811967 0.01825343 
355.00000000 0.59778332 0.18060027 0.10589333 0.05671110 0.03262422 0.00809997 0.01828780 
356.00000000 0.59648230 0.18132216 0.10627678 0.05680298 0.03271375 0.00807980 0.01832223 
357.00000000 0.59522030 0.18200639 0.10665973 0.05689504 0.03280262 0.00805920 0.01835672 
358.00000000 0.59399842 0.18265199 0.10704212 0.05698738 0.03289067 0.00803817 0.01839125 
359.00000000 0.59281769 0.18325804 0.10742389 0.05708007 0.03297775 0.00801675 0.01842581 
360.00000000 0.59167904 0.18382374 0.10780497 0.05717320 0.03306369 0.00799496 0.01846040 
361.00000000 0.59058331 0.18434837 0.10818530 0.05726685 0.03314835 0.00797283 0.01849499 
362.00000000 0.58953124 0.18483128 0.10856483 0.05736110 0.03323159 0.00795039 0.01852957 
363.00000000 0.58852351 0.18527192 0.10894351 0.05745602 0.03331325 0.00792766 0.01856412 
364.00000000 0.58756068 0.18566981 0.10932128 0.05755171 0.03339320 0.00790469 0.01859863 
365.00000000 0.58664324 0.18602458 0.10969810 0.05764822 0.03347130 0.00788150 0.01863307 
366.00000000 0.58577158 0.18633592 0.11007391 0.05774563 0.03354742 0.00785813 0.01866742 
367.00000000 0.58494601 0.18660362 0.11044867 0.05784402 0.03362142 0.00783461 0.01870165 
368.00000000 0.58416674 0.18682752 0.11082235 0.05794344 0.03369320 0.00781099 0.01873576 
369.00000000 0.58343393 0.18700759 0.11119489 0.05804396 0.03376264 0.00778729 0.01876970 
370.00000000 0.58274761 0.18714384 0.11156627 0.05814564 0.03382961 0.00776356 0.01880346 
371.00000000 0.58210775 0.18723638 0.11193646 0.05824854 0.03389403 0.00773984 0.01883701 
372.00000000 0.58151425 0.18728537 0.11230541 0.05835271 0.03395578 0.00771615 0.01887033 
373.00000000 0.58096690 0.18729108 0.11267311 0.05845820 0.03401478 0.00769255 0.01890338 
374.00000000 0.58046544 0.18725382 0.11303953 0.05856506 0.03407094 0.00766906 0.01893615 
375.00000000 0.58000952 0.18717399 0.11340464 0.05867333 0.03412417 0.00764573 0.01896861 
376.00000000 0.57959871 0.18705207 0.11376844 0.05878305 0.03417442 0.00762258 0.01900073 
377.00000000 0.57923252 0.18688857 0.11413090 0.05889426 0.03422160 0.00759967 0.01903249 
378.00000000 0.57891038 0.18668411 0.11449200 0.05900698 0.03426566 0.00757701 0.01906386 
379.00000000 0.57863165 0.18643934 0.11485175 0.05912124 0.03430655 0.00755465 0.01909481 
380.00000000 0.57839563 0.18615499 0.11521013 0.05923707 0.03434422 0.00753262 0.01912534 
381.00000000 0.57820156 0.18583184 0.11556714 0.05935449 0.03437864 0.00751094 0.01915540 
382.00000000 0.57804861 0.18547072 0.11592277 0.05947351 0.03440977 0.00748966 0.01918498 
383.00000000 0.57793588 0.18507252 0.11627704 0.05959413 0.03443758 0.00746879 0.01921406 
384.00000000 0.57786244 0.18463820 0.11662993 0.05971638 0.03446207 0.00744836 0.01924261 
385.00000000 0.57782729 0.18416874 0.11698147 0.05984025 0.03448323 0.00742841 0.01927062 
386.00000000 0.57782937 0.18366518 0.11733165 0.05996573 0.03450104 0.00740895 0.01929807 
387.00000000 0.57786759 0.18312861 0.11768050 0.06009283 0.03451552 0.00739000 0.01932494 
388.00000000 0.57794080 0.18256015 0.11802802 0.06022154 0.03452668 0.00737158 0.01935122 
389.00000000 0.57804782 0.18196096 0.11837424 0.06035185 0.03453453 0.00735372 0.01937689 
390.00000000 0.57818741 0.18133225 0.11871917 0.06048373 0.03453910 0.00733642 0.01940193 
391.00000000 0.57835830 0.18067523 0.11906283 0.06061716 0.03454042 0.00731971 0.01942635 
392.00000000 0.57855920 0.17999119 0.11940525 0.06075213 0.03453853 0.00730358 0.01945012 
393.00000000 0.57878877 0.17928140 0.11974646 0.06088861 0.03453347 0.00728805 0.01947323 
394.00000000 0.57904564 0.17854719 0.12008649 0.06102657 0.03452530 0.00727314 0.01949569 
395.00000000 0.57932843 0.17778989 0.12042535 0.06116596 0.03451406 0.00725883 0.01951748 
396.00000000 0.57963572 0.17701086 0.12076309 0.06130677 0.03449983 0.00724514 0.01953859 
397.00000000 0.57996607 0.17621149 0.12109975 0.06144894 0.03448266 0.00723206 0.01955904 
398.00000000 0.58031804 0.17539315 0.12143534 0.06159244 0.03446263 0.00721959 0.01957880 
399.00000000 0.58069015 0.17455726 0.12176993 0.06173722 0.03443981 0.00720774 0.01959789 
400.00000000 0.58108092 0.17370523 0.12210353 0.06188324 0.03441430 0.00719649 0.01961631 
401.00000000 0.58148886 0.17283847 0.12243619 0.06203044 0.03438616 0.00718583 0.01963405 
402.00000000 0.58191247 0.17195841 0.12276795 0.06217878 0.03435550 0.00717576 0.01965112 
403.00000000 0.58235026 0.17106648 0.12309886 0.06232820 0.03432240 0.00716627 0.01966753 
404.00000000 0.58280071 0.17016410 0.12342896 0.06247864 0.03428696 0.00715734 0.01968329 
405.00000000 0.58326234 0.16925269 0.12375828 0.06263005 0.03424929 0.00714896 0.01969839 
406.00000000 0.58373363 0.16833367 0.12408689 0.06278238 0.03420948 0.00714111 0.01971286 
407.00000000 0.58421310 0.16740845 0.12441481 0.06293555 0.03416763 0.00713377 0.01972669 
408.00000000 0.58469926 0.16647842 0.12474210 0.06308952 0.03412387 0.00712693 0.01973990 
409.00000000 0.58519064 0.16554497 0.12506881 0.06324421 0.03407829 0.00712056 0.01975251 
410.00000000 0.58568579 0.16460947 0.12539497 0.06339958 0.03403102 0.00711465 0.01976453 
411.00000000 0.58618325 0.16367328 0.12572065 0.06355555 0.03398215 0.00710917 0.01977596 
412.00000000 0.58668162 0.16273772 0.12604588 0.06371205 0.03393180 0.00710410 0.01978683 
413.00000000 0.58717947 0.16180413 0.12637071 0.06386904 0.03388009 0.00709940 0.01979715 
414.00000000 0.58767544 0.16087377 0.12669520 0.06402644 0.03382714 0.00709507 0.01980693 
415.00000000 0.58816817 0.15994793 0.12701938 0.06418419 0.03377305 0.00709108 0.01981620 
416.00000000 0.58865631 0.15902785 0.12734331 0.06434222 0.03371795 0.00708738 0.01982497 
417.00000000 0.58913859 0.15811473 0.12766703 0.06450047 0.03366194 0.00708398 0.01983326 
418.00000000 0.58961371 0.15720976 0.12799060 0.06465888 0.03360515 0.00708082 0.01984109 
419.00000000 0.59008045 0.15631409 0.12831404 0.06481738 0.03354767 0.00707790 0.01984847 
420.00000000 0.59053760 0.15542883 0.12863742 0.06497592 0.03348963 0.00707517 0.01985542 
421.00000000 0.59098399 0.15455508 0.12896078 0.06513443 0.03343113 0.00707263 0.01986197 
422.00000000 0.59141848 0.15369387 0.12928416 0.06529284 0.03337229 0.00707023 0.01986813 
423.00000000 0.59183998 0.15284622 0.12960760 0.06545111 0.03331320 0.00706795 0.01987393 
424.00000000 0.59224744 0.15201310 0.12993116 0.06560916 0.03325398 0.00706578 0.01987937 
425.00000000 0.59263983 0.15119545 0.13025487 0.06576695 0.03319473 0.00706368 0.01988449 
426.00000000 0.59301620 0.15039415 0.13057877 0.06592442 0.03313554 0.00706163 0.01988930 
427.00000000 0.59337560 0.14961006 0.13090291 0.06608151 0.03307651 0.00705960 0.01989381 
428.00000000 0.59371716 0.14884398 0.13122732 0.06623817 0.03301773 0.00705758 0.01989806 
429.00000000 0.59404003 0.14809669 0.13155205 0.06639434 0.03295930 0.00705554 0.01990205 
430.00000000 0.59434342 0.14736891 0.13187713 0.06654998 0.03290131 0.00705346 0.01990580 
431.00000000 0.59462657 0.14666130 0.13220260 0.06670503 0.03284383 0.00705132 0.01990934 
432.00000000 0.59488879 0.14597452 0.13252850 0.06685946 0.03278696 0.00704911 0.01991267 
433.00000000 0.59512942 0.14530914 0.13285486 0.06701320 0.03273076 0.00704679 0.01991583 
434.00000000 0.59534786 0.14466571 0.13318171 0.06716623 0.03267531 0.00704437 0.01991881 
435.00000000 0.59554354 0.14404472 0.13350910 0.06731850 0.03262068 0.00704181 0.01992165 
436.00000000 0.59571596 0.14344663 0.13383704 0.06746996 0.03256694 0.00703911 0.01992435 
437.00000000 0.59586465 0.14287184 0.13416558 0.06762059 0.03251414 0.00703626 0.01992693 
438.00000000 0.59598921 0.14232071 0.13449474 0.06777034 0.03246236 0.00703324 0.01992941 
439.00000000 0.59608926 0.14179355 0.13482455 0.06791918 0.03241163 0.00703004 0.01993179 
440.00000000 0.59616450 0.14129063 0.13515503 0.06806708 0.03236202 0.00702665 0.01993410 
441.00000000 0.59621465 0.14081217 0.13548622 0.06821401 0.03231356 0.00702306 0.01993633 
442.00000000 0.59623949 0.14035835 0.13581813 0.06835993 0.03226631 0.00701927 0.01993852 
443.00000000 0.59623886 0.13992929 0.13615079 0.06850484 0.03222029 0.00701527 0.01994066 
444.00000000 0.59621263 0.13952508 0.13648423 0.06864869 0.03217555 0.00701105 0.01994277 
445.00000000 0.59616072 0.13914576 0.13681846 0.06879147 0.03213211 0.00700662 0.01994486 
446.00000000 0.59608310 0.13879134 0.13715350 0.06893316 0.03209000 0.00700197 0.01994694 
447.00000000 0.59597979 0.13846175 0.13748937 0.06907374 0.03204924 0.00699709 0.01994901 
448.00000000 0.59585084 0.13815693 0.13782610 0.06921320 0.03200986 0.00699199 0.01995109 
449.00000000 0.59569636 0.13787674 0.13816368 0.06935152 0.03197186 0.00698667 0.01995317 
450.00000000 0.59551649 0.13762101 0.13850215 0.06948869 0.03193525 0.00698112 0.01995528 
451.00000000 0.59531143 0.13738953 0.13884151 0.06962470 0.03190005 0.00697536 0.01995742 
452.00000000 0.59508140 0.13718205 0.13918177 0.06975955 0.03186626 0.00696939 0.01995958 
453.00000000 0.59482668 0.13699829 0.13952294 0.06989322 0.03183388 0.00696320 0.01996179 
454.00000000 0.59454757 0.13683793 0.13986504 0.07002571 0.03180291 0.00695681 0.01996403 
455.00000000 0.59424442 0.13670061 0.14020808 0.07015702 0.03177334 0.00695021 0.01996632 
456.00000000 0.59391762 0.13658594 0.14055205 0.07028715 0.03174515 0.00694342 0.01996867 
457.00000000 0.59356759 0.13649348 0.14089697 0.07041611 0.03171835 0.00693644 0.01997106 
458.00000000 0.59319478 0.13642280 0.14124283 0.07054388 0.03169292 0.00692928 0.01997352 
459.00000000 0.59279968 0.13637339 0.14158965 0.07067048 0.03166882 0.00692195 0.01997603 
460.00000000 0.59238281 0.13634473 0.14193742 0.07079592 0.03164606 0.00691445 0.01997861 
461.00000000 0.59194472 0.13633630 0.14228615 0.07092020 0.03162460 0.00690679 0.01998125 
462.00000000 0.59148599 0.13634750 0.14263583 0.07104333 0.03160442 0.00689898 0.01998395 
463.00000000 0.59100722 0.13637776 0.14298647 0.07116532 0.03158549 0.00689102 0.01998673 
464.00000000 0.59050906 0.13642643 0.14333805 0.07128617 0.03156778 0.00688294 0.01998957 
465.00000000 0.58999214 0.13649289 0.14369057 0.07140592 0.03155126 0.00687473 0.01999248 
466.00000000 0.58945717 0.13657646 0.14404404 0.07152456 0.03153590 0.00686640 0.01999547 
467.00000000 0.58890482 0.13667647 0.14439844 0.07164212 0.03152167 0.00685797 0.01999852 
468.00000000 0.58833583 0.13679221 0.14475376 0.07175860 0.03150852 0.00684943 0.02000165 
469.00000000 0.58775094 0.13692297 0.14510999 0.07187403 0.03149642 0.00684080 0.02000485 
470.00000000 0.58715090 0.13706800 0.14546713 0.07198843 0.03148532 0.00683209 0.02000812 
471.00000000 0.58653648 0.13722657 0.14582517 0.07210181 0.03147520 0.00682330 0.02001147 
472.00000000 0.58590846 0.13739792 0.14618408 0.07221419 0.03146601 0.00681444 0.02001489 
473.00000000 0.58526765 0.13758128 0.14654386 0.07232560 0.03145771 0.00680552 0.02001839 
474.00000000 0.58461484 0.13777587 0.14690449 0.07243605 0.03145025 0.00679654 0.02002196 
475.00000000 0.58395086 0.13798091 0.14726596 0.07254557 0.03144359 0.00678751 0.02002561 
476.00000000 0.58327652 0.13819561 0.14762824 0.07265418 0.03143769 0.00677844 0.02002933 
477.00000000 0.58259266 0.13841917 0.14799133 0.07276189 0.03143251 0.00676932 0.02003312 
478.00000000 0.58190010 0.13865080 0.14835520 0.07286874 0.03142799 0.00676017 0.02003700 
479.00000000 0.58119968 0.13888969 0.14871983 0.07297474 0.03142411 0.00675099 0.02004095 
480.00000000 0.58049224 0.13913506 0.14908521 0.07307993 0.03142081 0.00674178 0.02004498 
481.00000000 0.57977861 0.13938610 0.14945130 0.07318432 0.03141804 0.00673255 0.02004909 
482.00000000 0.57905962 0.13964201 0.14981809 0.07328793 0.03141578 0.00672329 0.02005327 
483.00000000 0.57833611 0.13990202 0.15018556 0.07339080 0.03141396 0.00671401 0.02005754 
484.00000000 0.57760890 0.14016533 0.15055367 0.07349294 0.03141256 0.00670472 0.02006189 
485.00000000 0.57687880 0.14043117 0.15092241 0.07359437 0.03141152 0.00669540 0.02006633 
486.00000000 0.57614663 0.14069876 0.15129175 0.07369513 0.03141080 0.00668607 0.02007084 
487.00000000 0.57541319 0.14096736 0.15166167 0.07379524 0.03141038 0.00667672 0.02007545 
488.00000000 0.57467928 0.14123620 0.15203213 0.07389471 0.03141019 0.00666735 0.02008014 
489.00000000 0.57394567 0.14150456 0.15240310 0.07399358 0.03141021 0.00665796 0.02008492 
490.00000000 0.57321314 0.14177170 0.15277457 0.07409186 0.03141039 0.00664855 0.02008979 
491.00000000 0.57248243 0.14203691 0.15314650 0.07418958 0.03141070 0.00663911 0.02009476 
492.00000000 0.57175429 0.14229951 0.15351887 0.07428676 0.03141111 0.00662965 0.02009982 
493.00000000 0.57102944 0.14255881 0.15389163 0.07438342 0.03141156 0.00662015 0.02010498 
494.00000000 0.57030858 0.14281415 0.15426477 0.07447959 0.03141203 0.00661063 0.02011024 
495.00000000 0.56959242 0.14306488 0.15463826 0.07457528 0.03141249 0.00660107 0.02011560 
496.00000000 0.56888161 0.14331039 0.15501206 0.07467052 0.03141290 0.00659146 0.02012106 
497.00000000 0.56817680 0.14355005 0.15538614 0.07476533 0.03141323 0.00658181 0.02012663 
498.00000000 0.56747864 0.14378329 0.15576047 0.07485973 0.03141345 0.00657211 0.02013231 
499.00000000 0.56678771 0.14400954 0.15613502 0.07495374 0.03141353 0.00656236 0.02013809 
500.00000000 0.56610462 0.14422825 0.15650977 0.07504738 0.03141344 0.00655255 0.02014399 
501.00000000 0.56542992 0.14443892 0.15688467 0.07514066 0.03141315 0.00654267 0.02015000 
502.00000000 0.56476415 0.14464103 0.15725970 0.07523362 0.03141265 0.00653272 0.02015613 
503.00000000 0.56410783 0.14483412 0.15763483 0.07532625 0.03141189 0.00652270 0.02016238 
504.00000000 0.56346145 0.14501773 0.15801003 0.07541860 0.03141086 0.00651260 0.02016874 
505.00000000 0.56282548 0.14519144 0.15838526 0.07551066 0.03140953 0.00650241 0.02017523 
506.00000000 0.56220034 0.14535485 0.15876050 0.07560246 0.03140789 0.00649213 0.02018183 
507.00000000 0.56158647 0.14550758 0.15913572 0.07569402 0.03140591 0.00648175 0.02018856 
508.00000000 0.56098423 0.14564928 0.15951088 0.07578534 0.03140357 0.00647127 0.02019542 
509.00000000 0.56039401 0.14577963 0.15988596 0.07587646 0.03140086 0.00646069 0.02020240 
510.00000000 0.55981613 0.14589832 0.16026093 0.07596738 0.03139775 0.00644999 0.02020950 
511.00000000 0.55925089 0.14600508 0.16063577 0.07605812 0.03139423 0.00643918 0.02021673 
512.00000000 0.55869858 0.14609966 0.16101043 0.07614869 0.03139029 0.00642825 0.02022409 
513.00000000 0.55815946 0.14618184 0.16138491 0.07623912 0.03138591 0.00641719 0.02023157 
514.00000000 0.55763374 0.14625143 0.16175916 0.07632940 0.03138107 0.00640601 0.02023918 
515.00000000 0.55712163 0.14630826 0.16213317 0.07641957 0.03137577 0.00639470 0.02024691 
516.00000000 0.55662329 0.14635218 0.16250691 0.07650963 0.03136998 0.00638325 0.02025476 
517.00000000 0.55613888 0.14638307 0.16288036 0.07659959 0.03136371 0.00637166 0.02026274 
518.00000000 0.55566850 0.14640083 0.16325349 0.07668947 0.03135694 0.00635994 0.02027084 
519.00000000 0.55521226 0.14640541 0.16362627 0.07677928 0.03134966 0.00634807 0.02027905 
520.00000000 0.55477021 0.14639676 0.16399870 0.07686903 0.03134187 0.00633606 0.02028738 
521.00000000 0.55434239 0.14637486 0.16437074 0.07695874 0.03133355 0.00632390 0.02029582 
522.00000000 0.55392882 0.14633971 0.16474238 0.07704842 0.03132470 0.00631160 0.02030437 
523.00000000 0.55352948 0.14629135 0.16511360 0.07713808 0.03131531 0.00629916 0.02031303 
524.00000000 0.55314434 0.14622982 0.16548438 0.07722774 0.03130538 0.00628656 0.02032179 
525.00000000 0.55277333 0.14615521 0.16585470 0.07731739 0.03129490 0.00627383 0.02033064 
526.00000000 0.55241637 0.14606761 0.16622454 0.07740706 0.03128388 0.00626095 0.02033959 
527.00000000 0.55207334 0.14596714 0.16659390 0.07749675 0.03127230 0.00624793 0.02034863 
528.00000000 0.55174412 0.14585394 0.16696276 0.07758648 0.03126016 0.00623478 0.02035776 
529.00000000 0.55142855 0.14572819 0.16733110 0.07767626 0.03124746 0.00622148 0.02036696 
530.00000000 0.55112646 0.14559005 0.16769891 0.07776609 0.03123421 0.00620805 0.02037623 
531.00000000 0.55083764 0.14543973 0.16806619 0.07785599 0.03122039 0.00619450 0.02038557 
532.00000000 0.55056187 0.14527745 0.16843292 0.07794596 0.03120601 0.00618081 0.02039498 
533.00000000 0.55029893 0.14510345 0.16879909 0.07803601 0.03119108 0.00616701 0.02040443 
534.00000000 0.55004854 0.14491799 0.16916470 0.07812616 0.03117558 0.00615309 0.02041393 
535.00000000 0.54981045 0.14472134 0.16952974 0.07821641 0.03115953 0.00613906 0.02042347 
536.00000000 0.54958434 0.14451379 0.16989420 0.07830676 0.03114293 0.00612493 0.02043305 
537.00000000 0.54936993 0.14429565 0.17025808 0.07839723 0.03112577 0.00611069 0.02044265 
538.00000000 0.54916687 0.14406723 0.17062138 0.07848783 0.03110806 0.00609637 0.02045226 
539.00000000 0.54897483 0.14382886 0.17098409 0.07857856 0.03108982 0.00608196 0.02046189 
540.00000000 0.54879346 0.14358090 0.17134621 0.07866942 0.03107103 0.00606747 0.02047152 
541.00000000 0.54862238 0.14332369 0.17170775 0.07876043 0.03105171 0.00605291 0.02048114 
542.00000000 0.54846122 0.14305761 0.17206869 0.07885158 0.03103186 0.00603829 0.02049075 
543.00000000 0.54830958 0.14278304 0.17242905 0.07894289 0.03101149 0.00602362 0.02050033 
544.00000000 0.54816707 0.14250036 0.17278883 0.07903436 0.03099060 0.00600890 0.02050988 
545.00000000 0.54803326 0.14220997 0.17314803 0.07912599 0.03096921 0.00599414 0.02051940 
546.00000000 0.54790774 0.14191228 0.17350665 0.07921779 0.03094732 0.00597936 0.02052886 
547.00000000 0.54779007 0.14160770 0.17386470 0.07930976 0.03092493 0.00596456 0.02053827 
548.00000000 0.54767983 0.14129665 0.17422219 0.07940190 0.03090207 0.00594975 0.02054762 
549.00000000 0.54757656 0.14097955 0.17457912 0.07949421 0.03087873 0.00593493 0.02055689 
550.00000000 0.54747982 0.14065683 0.17493550 0.07958671 0.03085493 0.00592013 0.02056608 
551.00000000 0.54738914 0.14032893 0.17529134 0.07967938 0.03083067 0.00590535 0.02057519 
552.00000000 0.54730409 0.13999627 0.17564665 0.07977223 0.03080598 0.00589059 0.02058419 
553.00000000 0.54722419 0.13965929 0.17600144 0.07986526 0.03078086 0.00587587 0.02059309 
554.00000000 0.54714898 0.13931844 0.17635571 0.07995846 0.03075532 0.00586120 0.02060188 
555.00000000 0.54707800 0.13897416 0.17670948 0.08005185 0.03072938 0.00584658 0.02061055 
556.00000000 0.54701079 0.13862687 0.17706277 0.08014541 0.03070304 0.00583203 0.02061909 
557.00000000 0.54694688 0.13827702 0.17741558 0.08023915 0.03067633 0.00581756 0.02062749 
558.00000000 0.54688581 0.13792505 0.17776792 0.08033305 0.03064925 0.00580317 0.02063575 
559.00000000 0.54682711 0.13757139 0.17811981 0.08042713 0.03062183 0.00578887 0.02064387 
560.00000000 0.54677034 0.13721646 0.17847126 0.08052136 0.03059407 0.00577467 0.02065183 
561.00000000 0.54671504 0.13686070 0.17882229 0.08061576 0.03056599 0.00576058 0.02065962 
562.00000000 0.54666076 0.13650453 0.17917292 0.08071032 0.03053761 0.00574662 0.02066725 
563.00000000 0.54660705 0.13614836 0.17952314 0.08080502 0.03050894 0.00573277 0.02067471 
564.00000000 0.54655348 0.13579260 0.17987299 0.08089987 0.03048001 0.00571906 0.02068199 
565.00000000 0.54649962 0.13543766 0.18022247 0.08099486 0.03045081 0.00570550 0.02068909 
566.00000000 0.54644503 0.13508394 0.18057160 0.08108997 0.03042139 0.00569208 0.02069599 
567.00000000 0.54638931 0.13473181 0.18092040 0.08118521 0.03039174 0.00567881 0.02070271 
568.00000000 0.54633205 0.13438167 0.18126888 0.08128057 0.03036189 0.00566571 0.02070923 
569.00000000 0.54627284 0.13403389 0.18161705 0.08137604 0.03033185 0.00565278 0.02071555 
570.00000000 0.54621130 0.13368882 0.18196494 0.08147161 0.03030165 0.00564001 0.02072166 
571.00000000 0.54614705 0.13334682 0.18231256 0.08156726 0.03027131 0.00562743 0.02072757 
572.00000000 0.54607971 0.13300823 0.18265992 0.08166300 0.03024083 0.00561503 0.02073327 
573.00000000 0.54600894 0.13267339 0.18300703 0.08175882 0.03021025 0.00560282 0.02073875 
574.00000000 0.54593437 0.13234261 0.18335393 0.08185469 0.03017957 0.00559080 0.02074402 
575.00000000 0.54585569 0.13201620 0.18370061 0.08195062 0.03014881 0.00557898 0.02074908 
576.00000000 0.54577256 0.13169446 0.18404710 0.08204660 0.03011801 0.00556736 0.02075391 
577.00000000 0.54568468 0.13137767 0.18439341 0.08214261 0.03008717 0.00555593 0.02075853 
578.00000000 0.54559176 0.13106611 0.18473955 0.08223864 0.03005631 0.00554471 0.02076293 
579.00000000 0.54549350 0.13076003 0.18508554 0.08233468 0.03002545 0.00553370 0.02076711 
580.00000000 0.54538964 0.13045967 0.18543140 0.08243072 0.02999461 0.00552290 0.02077106 
581.00000000 0.54527993 0.13016528 0.18577713 0.08252676 0.02996380 0.00551230 0.02077480 
582.00000000 0.54516412 0.12987706 0.18612276 0.08262277 0.02993306 0.00550191 0.02077831 
583.00000000 0.54504199 0.12959523 0.18646829 0.08271876 0.02990239 0.00549173 0.02078161 
584.00000000 0.54491333 0.12931998 0.18681374 0.08281471 0.02987180 0.00548176 0.02078468 
585.00000000 0.54477794 0.12905148 0.18715912 0.08291060 0.02984133 0.00547200 0.02078754 
586.00000000 0.54463564 0.12878989 0.18750444 0.08300643 0.02981098 0.00546244 0.02079018 
587.00000000 0.54448626 0.12853536 0.18784971 0.08310219 0.02978078 0.00545309 0.02079261 
588.00000000 0.54432965 0.12828803 0.18819495 0.08319787 0.02975073 0.00544395 0.02079482 
589.00000000 0.54416568 0.12804802 0.18854017 0.08329346 0.02972086 0.00543500 0.02079682 
590.00000000 0.54399422 0.12781543 0.18888538 0.08338894 0.02969117 0.00542625 0.02079861 
591.00000000 0.54381516 0.12759035 0.18923058 0.08348432 0.02966169 0.00541770 0.02080019 
592.00000000 0.54362842 0.12737287 0.18957580 0.08357957 0.02963243 0.00540934 0.02080157 
593.00000000 0.54343392 0.12716304 0.18992103 0.08367470 0.02960340 0.00540117 0.02080275 
594.00000000 0.54323160 0.12696091 0.19026628 0.08376968 0.02957462 0.00539318 0.02080373 
595.00000000 0.54302140 0.12676652 0.19061157 0.08386453 0.02954609 0.00538538 0.02080451 
596.00000000 0.54280331 0.12657989 0.19095690 0.08395921 0.02951784 0.00537775 0.02080510 
597.00000000 0.54257730 0.12640103 0.19130227 0.08405374 0.02948987 0.00537029 0.02080550 
598.00000000 0.54234337 0.12622993 0.19164771 0.08414810 0.02946218 0.00536300 0.02080571 
599.00000000 0.54210152 0.12606658 0.19199320 0.08424229 0.02943481 0.00535586 0.02080574 
600.00000000 0.54185179 0.12591093 0.19233877 0.08433629 0.02940774 0.00534889 0.02080559 
601.00000000 0.54159422 0.12576296 0.19268441 0.08443011 0.02938100 0.00534206 0.02080526 
602.00000000 0.54132884 0.12562259 0.19303012 0.08452373 0.02935458 0.00533538 0.02080476 
603.00000000 0.54105574 0.12548976 0.19337592 0.08461716 0.02932851 0.00532883 0.02080409 
604.00000000 0.54077498 0.12536439 0.19372180 0.08471038 0.02930277 0.00532242 0.02080325 
605.00000000 0.54048666 0.12524639 0.19406778 0.08480340 0.02927739 0.00531613 0.02080225 
606.00000000 0.54019088 0.12513566 0.19441384 0.08489622 0.02925236 0.00530996 0.02080110 
607.00000000 0.53988775 0.12503207 0.19476000 0.08498882 0.02922768 0.00530390 0.02079978 
608.00000000 0.53957739 0.12493550 0.19510626 0.08508120 0.02920337 0.00529795 0.02079832 
609.00000000 0.53925994 0.12484583 0.19545262 0.08517337 0.02917943 0.00529210 0.02079671 
610.00000000 0.53893556 0.12476289 0.19579908 0.08526532 0.02915585 0.00528634 0.02079496 
611.00000000 0.53860439 0.12468655 0.19614564 0.08535705 0.02913265 0.00528067 0.02079306 
612.00000000 0.53826659 0.12461663 0.19649231 0.08544856 0.02910981 0.00527507 0.02079103 
613.00000000 0.53792236 0.12455297 0.19683907 0.08553985 0.02908734 0.00526956 0.02078886 
614.00000000 0.53757186 0.12449538 0.19718593 0.08563092 0.02906525 0.00526410 0.02078656 
615.00000000 0.53721529 0.12444368 0.19753290 0.08572177 0.02904352 0.00525871 0.02078414 
616.00000000 0.53685285 0.12439767 0.19787996 0.08581240 0.02902216 0.00525337 0.02078159 
617.00000000 0.53648476 0.12435715 0.19822712 0.08590281 0.02900116 0.00524808 0.02077892 
618.00000000 0.53611121 0.12432192 0.19857438 0.08599301 0.02898052 0.00524283 0.02077613 
619.00000000 0.53573244 0.12429175 0.19892173 0.08608299 0.02896024 0.00523761 0.02077323 
620.00000000 0.53534867 0.12426644 0.19926917 0.08617276 0.02894031 0.00523242 0.02077022 
621.00000000 0.53496013 0.12424575 0.19961670 0.08626233 0.02892073 0.00522726 0.02076710 
622.00000000 0.53456706 0.12422947 0.19996431 0.08635169 0.02890149 0.00522211 0.02076388 
623.00000000 0.53416970 0.12421735 0.20031200 0.08644085 0.02888258 0.00521697 0.02076055 
624.00000000 0.53376829 0.12420916 0.20065977 0.08652981 0.02886400 0.00521183 0.02075712 
625.00000000 0.53336309 0.12420467 0.20100762 0.08661857 0.02884574 0.00520670 0.02075360 
626.00000000 0.53295435 0.12420363 0.20135553 0.08670715 0.02882779 0.00520156 0.02074998 
627.00000000 0.53254231 0.12420580 0.20170351 0.08679554 0.02881015 0.00519641 0.02074627 
628.00000000 0.53212725 0.12421094 0.20205155 0.08688375 0.02879281 0.00519124 0.02074247 
629.00000000 0.53170940 0.12421879 0.20239964 0.08697179 0.02877575 0.00518605 0.02073858 
630.00000000 0.53128904 0.12422912 0.20274778 0.08705966 0.02875896 0.00518083 0.02073461 
631.00000000 0.53086642 0.12424167 0.20309596 0.08714736 0.02874245 0.00517559 0.02073056 
632.00000000 0.53044180 0.12425620 0.20344419 0.08723490 0.02872619 0.00517031 0.02072642 
633.00000000 0.53001544 0.12427246 0.20379244 0.08732229 0.02871017 0.00516498 0.02072221 
634.00000000 0.52958760 0.12429021 0.20414073 0.08740953 0.02869439 0.00515962 0.02071792 
635.00000000 0.52915853 0.12430920 0.20448903 0.08749662 0.02867884 0.00515421 0.02071356 
636.00000000 0.52872850 0.12432920 0.20483735 0.08758358 0.02866350 0.00514875 0.02070912 
637.00000000 0.52829775 0.12434996 0.20518568 0.08767041 0.02864836 0.00514323 0.02070462 
638.00000000 0.52786653 0.12437125 0.20553401 0.08775711 0.02863341 0.00513766 0.02070005 
639.00000000 0.52743509 0.12439282 0.20588233 0.08784369 0.02861864 0.00513202 0.02069541 
640.00000000 0.52700367 0.12441447 0.20623065 0.08793015 0.02860404 0.00512632 0.02069070 
641.00000000 0.52657252 0.12443594 0.20657895 0.08801651 0.02858959 0.00512056 0.02068593 
642.00000000 0.52614188 0.12445703 0.20692722 0.08810276 0.02857529 0.00511472 0.02068110 
643.00000000 0.52571196 0.12447752 0.20727546 0.08818892 0.02856111 0.00510881 0.02067622 
644.00000000 0.52528301 0.12449719 0.20762367 0.08827498 0.02854705 0.00510283 0.02067127 
645.00000000 0.52485524 0.12451583 0.20797183 0.08836096 0.02853311 0.00509677 0.02066626 
646.00000000 0.52442887 0.12453324 0.20831994 0.08844685 0.02851925 0.00509064 0.02066121 
647.00000000 0.52400411 0.12454923 0.20866800 0.08853267 0.02850548 0.00508442 0.02065610 
648.00000000 0.52358116 0.12456360 0.20901599 0.08861841 0.02849178 0.00507812 0.02065093 
649.00000000 0.52316022 0.12457617 0.20936391 0.08870409 0.02847815 0.00507174 0.02064572 
650.00000000 0.52274149 0.12458676 0.20971175 0.08878970 0.02846456 0.00506527 0.02064046 
651.00000000 0.52232515 0.12459520 0.21005951 0.08887526 0.02845101 0.00505872 0.02063515 
652.00000000 0.52191138 0.12460132 0.21040718 0.08896076 0.02843748 0.00505208 0.02062979 
653.00000000 0.52150035 0.12460497 0.21075475 0.08904621 0.02842397 0.00504535 0.02062439 
654.00000000 0.52109222 0.12460599 0.21110222 0.08913162 0.02841047 0.00503854 0.02061895 
655.00000000 0.52068715 0.12460424 0.21144958 0.08921698 0.02839696 0.00503163 0.02061347 
656.00000000 0.52028528 0.12459958 0.21179682 0.08930230 0.02838344 0.00502464 0.02060795 
657.00000000 0.51988676 0.12459188 0.21214394 0.08938758 0.02836989 0.00501755 0.02060239 
658.00000000 0.51949172 0.12458103 0.21249094 0.08947283 0.02835631 0.00501038 0.02059679 
659.00000000 0.51910028 0.12456692 0.21283780 0.08955805 0.02834268 0.00500312 0.02059116 
660.00000000 0.51871257 0.12454942 0.21318452 0.08964324 0.02832900 0.00499576 0.02058549 
661.00000000 0.51832868 0.12452846 0.21353109 0.08972841 0.02831526 0.00498832 0.02057979 
662.00000000 0.51794871 0.12450393 0.21387751 0.08981355 0.02830145 0.00498078 0.02057406 
663.00000000 0.51757277 0.12447577 0.21422378 0.08989866 0.02828756 0.00497316 0.02056830 
664.00000000 0.51720092 0.12444388 0.21456989 0.08998376 0.02827359 0.00496545 0.02056252 
665.00000000 0.51683324 0.12440822 0.21491583 0.09006883 0.02825953 0.00495765 0.02055670 
666.00000000 0.51646981 0.12436872 0.21526160 0.09015388 0.02824536 0.00494976 0.02055086 
667.00000000 0.51611067 0.12432533 0.21560720 0.09023892 0.02823109 0.00494179 0.02054500 
668.00000000 0.51575588 0.12427801 0.21595261 0.09032393 0.02821672 0.00493373 0.02053912 
669.00000000 0.51540548 0.12422674 0.21629784 0.09040892 0.02820222 0.00492559 0.02053321 
670.00000000 0.51505949 0.12417147 0.21664289 0.09049390 0.02818760 0.00491736 0.02052729 
671.00000000 0.51471794 0.12411221 0.21698774 0.09057886 0.02817286 0.00490905 0.02052134 
672.00000000 0.51438085 0.12404893 0.21733239 0.09066379 0.02815798 0.00490066 0.02051539 
673.00000000 0.51404823 0.12398163 0.21767685 0.09074871 0.02814297 0.00489219 0.02050941 
674.00000000 0.51372007 0.12391032 0.21802110 0.09083361 0.02812782 0.00488365 0.02050343 
675.00000000 0.51339637 0.12383502 0.21836515 0.09091848 0.02811253 0.00487503 0.02049743 
676.00000000 0.51307711 0.12375574 0.21870898 0.09100332 0.02809709 0.00486633 0.02049142 
677.00000000 0.51276227 0.12367250 0.21905261 0.09108815 0.02808150 0.00485757 0.02048540 
678.00000000 0.51245182 0.12358535 0.21939602 0.09117294 0.02806576 0.00484873 0.02047937 
679.00000000 0.51214572 0.12349432 0.21973922 0.09125770 0.02804987 0.00483982 0.02047334 
680.00000000 0.51184392 0.12339946 0.22008220 0.09134244 0.02803383 0.00483085 0.02046730 
681.00000000 0.51154637 0.12330082 0.22042496 0.09142714 0.02801763 0.00482182 0.02046126 
682.00000000 0.51125302 0.12319847 0.22076750 0.09151180 0.02800128 0.00481272 0.02045521 
683.00000000 0.51096380 0.12309247 0.22110982 0.09159642 0.02798477 0.00480356 0.02044916 
684.00000000 0.51067864 0.12298288 0.22145191 0.09168100 0.02796810 0.00479435 0.02044311 
685.00000000 0.51039747 0.12286979 0.22179378 0.09176554 0.02795127 0.00478508 0.02043706 
686.00000000 0.51012019 0.12275328 0.22213542 0.09185003 0.02793429 0.00477576 0.02043102 
687.00000000 0.50984672 0.12263344 0.22247684 0.09193447 0.02791716 0.00476639 0.02042497 
688.00000000 0.50957698 0.12251035 0.22281803 0.09201886 0.02789987 0.00475698 0.02041893 
689.00000000 0.50931085 0.12238412 0.22315900 0.09210319 0.02788242 0.00474752 0.02041289 
690.00000000 0.50904824 0.12225485 0.22349974 0.09218746 0.02786483 0.00473802 0.02040686 
691.00000000 0.50878904 0.12212263 0.22384026 0.09227167 0.02784709 0.00472848 0.02040084 
692.00000000 0.50853314 0.12198759 0.22418055 0.09235581 0.02782919 0.00471890 0.02039482 
693.00000000 0.50828042 0.12184983 0.22452062 0.09243988 0.02781116 0.00470930 0.02038881 
694.00000000 0.50803075 0.12170947 0.22486046 0.09252387 0.02779298 0.00469966 0.02038280 
695.00000000 0.50778403 0.12156663 0.22520008 0.09260780 0.02777465 0.00469000 0.02037681 
696.00000000 0.50754012 0.12142143 0.22553949 0.09269164 0.02775620 0.00468031 0.02037082 
697.00000000 0.50729889 0.12127399 0.22587867 0.09277539 0.02773761 0.00467060 0.02036485 
698.00000000 0.50706021 0.12112445 0.22621764 0.09285906 0.02771888 0.00466088 0.02035888 
699.00000000 0.50682395 0.12097292 0.22655639 0.09294264 0.02770003 0.00465114 0.02035293 
700.00000000 0.50658996 0.12081955 0.22689493 0.09302613 0.02768106 0.00464139 0.02034698 
701.00000000 0.50635812 0.12066446 0.22723325 0.09310952 0.02766196 0.00463163 0.02034105 
702.00000000 0.50612828 0.12050779 0.22757137 0.09319281 0.02764275 0.00462187 0.02033513 
703.00000000 0.50590030 0.12034967 0.22790928 0.09327599 0.02762343 0.00461211 0.02032922 
704.00000000 0.50567404 0.12019024 0.22824699 0.09335907 0.02760399 0.00460235 0.02032332 
705.00000000 0.50544935 0.12002963 0.22858450 0.09344204 0.02758446 0.00459259 0.02031743 
706.00000000 0.50522610 0.11986798 0.22892181 0.09352490 0.02756482 0.00458284 0.02031155 
707.00000000 0.50500414 0.11970543 0.22925892 0.09360764 0.02754509 0.00457311 0.02030568 
708.00000000 0.50478332 0.11954211 0.22959584 0.09369026 0.02752527 0.00456339 0.02029983 
709.00000000 0.50456350 0.11937815 0.22993257 0.09377275 0.02750535 0.00455368 0.02029398 
710.00000000 0.50434455 0.11921370 0.23026912 0.09385513 0.02748536 0.00454400 0.02028815 
711.00000000 0.50412632 0.11904888 0.23060548 0.09393737 0.02746529 0.00453434 0.02028232 
712.00000000 0.50390866 0.11888383 0.23094167 0.09401949 0.02744515 0.00452471 0.02027650 
713.00000000 0.50369144 0.11871868 0.23127768 0.09410147 0.02742493 0.00451511 0.02027069 
714.00000000 0.50347452 0.11855356 0.23161351 0.09418332 0.02740466 0.00450555 0.02026489 
715.00000000 0.50325777 0.11838859 0.23194918 0.09426503 0.02738432 0.00449602 0.02025910 
716.00000000 0.50304105 0.11822391 0.23228468 0.09434660 0.02736393 0.00448652 0.02025331 
717.00000000 0.50282422 0.11805964 0.23262002 0.09442803 0.02734348 0.00447708 0.02024753 
718.00000000 0.50260717 0.11789589 0.23295521 0.09450931 0.02732299 0.00446767 0.02024175 
719.00000000 0.50238976 0.11773279 0.23329024 0.09459045 0.02730246 0.00445832 0.02023598 
720.00000000 0.50217186 0.11757046 0.23362512 0.09467145 0.02728190 0.00444901 0.02023021 
721.00000000 0.50195336 0.11740900 0.23395985 0.09475229 0.02726130 0.00443976 0.02022445 
722.00000000 0.50173413 0.11724853 0.23429444 0.09483298 0.02724067 0.00443056 0.02021869 
723.00000000 0.50151407 0.11708915 0.23462889 0.09491352 0.02722002 0.00442142 0.02021292 
724.00000000 0.50129306 0.11693097 0.23496320 0.09499391 0.02719935 0.00441234 0.02020716 
725.00000000 0.50107099 0.11677409 0.23529738 0.09507414 0.02717867 0.00440333 0.02020140 
726.00000000 0.50084776 0.11661861 0.23563144 0.09515422 0.02715797 0.00439438 0.02019563 
727.00000000 0.50062326 0.11646461 0.23596536 0.09523414 0.02713727 0.00438549 0.02018986 
728.00000000 0.50039740 0.11631220 0.23629917 0.09531390 0.02711657 0.00437668 0.02018409 
729.00000000 0.50017009 0.11616144 0.23663286 0.09539350 0.02709586 0.00436794 0.02017831 
730.00000000 0.49994124 0.11601243 0.23696644 0.09547294 0.02707517 0.00435926 0.02017252 
731.00000000 0.49971076 0.11586524 0.23729990 0.09555222 0.02705448 0.00435067 0.02016673 
732.00000000 0.49947857 0.11571995 0.23763326 0.09563135 0.02703381 0.00434215 0.02016093 
733.00000000 0.49924460 0.11557662 0.23796651 0.09571031 0.02701315 0.00433371 0.02015512 
734.00000000 0.49900878 0.11543531 0.23829966 0.09578910 0.02699251 0.00432534 0.02014929 
735.00000000 0.49877103 0.11529610 0.23863271 0.09586774 0.02697190 0.00431706 0.02014346 
736.00000000 0.49853131 0.11515903 0.23896567 0.09594621 0.02695131 0.00430886 0.02013761 
737.00000000 0.49828954 0.11502416 0.23929853 0.09602452 0.02693076 0.00430074 0.02013175 
738.00000000 0.49804568 0.11489153 0.23963131 0.09610267 0.02691024 0.00429270 0.02012588 
739.00000000 0.49779967 0.11476119 0.23996399 0.09618066 0.02688976 0.00428475 0.02011998 
740.00000000 0.49755148 0.11463317 0.24029660 0.09625848 0.02686932 0.00427688 0.02011407 
741.00000000 0.49730107 0.11450751 0.24062912 0.09633614 0.02684892 0.00426910 0.02010815 
742.00000000 0.49704840 0.11438424 0.24096156 0.09641364 0.02682857 0.00426140 0.02010220 
743.00000000 0.49679344 0.11426338 0.24129392 0.09649098 0.02680826 0.00425379 0.02009624 
744.00000000 0.49653616 0.11414495 0.24162621 0.09656815 0.02678801 0.00424626 0.02009025 
745.00000000 0.49627656 0.11402897 0.24195843 0.09664517 0.02676781 0.00423882 0.02008424 
746.00000000 0.49601460 0.11391546 0.24229058 0.09672202 0.02674767 0.00423147 0.02007821 
747.00000000 0.49575028 0.11380441 0.24262265 0.09679871 0.02672759 0.00422420 0.02007215 
748.00000000 0.49548360 0.11369583 0.24295466 0.09687525 0.02670757 0.00421702 0.02006607 
749.00000000 0.49521454 0.11358973 0.24328661 0.09695162 0.02668762 0.00420992 0.02005997 
750.00000000 0.49494312 0.11348609 0.24361848 0.09702784 0.02666773 0.00420290 0.02005384 
751.00000000 0.49466934 0.11338491 0.24395030 0.09710390 0.02664790 0.00419597 0.02004768 
752.00000000 0.49439321 0.11328617 0.24428205 0.09717981 0.02662815 0.00418912 0.02004150 
753.00000000 0.49411474 0.11318986 0.24461374 0.09725556 0.02660846 0.00418236 0.02003528 
754.00000000 0.49383395 0.11309596 0.24494538 0.09733115 0.02658885 0.00417567 0.02002904 
755.00000000 0.49355087 0.11300443 0.24527695 0.09740659 0.02656931 0.00416906 0.02002277 
756.00000000 0.49326553 0.11291527 0.24560846 0.09748188 0.02654985 0.00416253 0.02001647 
757.00000000 0.49297795 0.11282842 0.24593992 0.09755702 0.02653046 0.00415608 0.02001015 
758.00000000 0.49268816 0.11274386 0.24627132 0.09763201 0.02651115 0.00414971 0.02000379 
759.00000000 0.49239621 0.11266156 0.24660266 0.09770685 0.02649192 0.00414340 0.01999740 
760.00000000 0.49210214 0.11258146 0.24693394 0.09778155 0.02647277 0.00413717 0.01999097 
761.00000000 0.49180598 0.11250352 0.24726517 0.09785610 0.02645370 0.00413101 0.01998452 
762.00000000 0.49150780 0.11242770 0.24759633 0.09793050 0.02643471 0.00412492 0.01997804 
763.00000000 0.49120763 0.11235395 0.24792744 0.09800476 0.02641580 0.00411890 0.01997152 
764.00000000 0.49090554 0.11228221 0.24825850 0.09807888 0.02639697 0.00411294 0.01996497 
765.00000000 0.49060157 0.11221243 0.24858949 0.09815286 0.02637822 0.00410704 0.01995839 
766.00000000 0.49029579 0.11214456 0.24892042 0.09822670 0.02635956 0.00410120 0.01995177 
767.00000000 0.48998825 0.11207852 0.24925130 0.09830040 0.02634098 0.00409542 0.01994512 
768.00000000 0.48967903 0.11201426 0.24958211 0.09837397 0.02632248 0.00408970 0.01993844 
769.00000000 0.48936818 0.11195172 0.24991286 0.09844741 0.02630406 0.00408403 0.01993173 
770.00000000 0.48905578 0.11189083 0.25024355 0.09852072 0.02628573 0.00407842 0.01992498 
771.00000000 0.48874190 0.11183152 0.25057417 0.09859389 0.02626747 0.00407285 0.01991820 
772.00000000 0.48842659 0.11177372 0.25090473 0.09866694 0.02624930 0.00406733 0.01991139 
773.00000000 0.48810995 0.11171736 0.25123522 0.09873986 0.02623121 0.00406185 0.01990455 
774.00000000 0.48779204 0.11166238 0.25156565 0.09881266 0.02621320 0.00405641 0.01989767 
775.00000000 0.48747294 0.11160869 0.25189600 0.09888533 0.02619526 0.00405102 0.01989076 
776.00000000 0.48715272 0.11155623 0.25222628 0.09895789 0.02617741 0.00404566 0.01988382 
777.00000000 0.48683146 0.11150492 0.25255649 0.09903033 0.02615963 0.00404033 0.01987684 
778.00000000 0.48650925 0.11145468 0.25288662 0.09910265 0.02614193 0.00403504 0.01986983 
779.00000000 0.48618615 0.11140544 0.25321668 0.09917486 0.02612431 0.00402977 0.01986279 
780.00000000 0.48586226 0.11135713 0.25354665 0.09924695 0.02610676 0.00402453 0.01985572 
781.00000000 0.48553764 0.11130966 0.25387654 0.09931894 0.02608928 0.00401932 0.01984862 
782.00000000 0.48521238 0.11126296 0.25420635 0.09939082 0.02607187 0.00401413 0.01984149 
783.00000000 0.48488656 0.11121696 0.25453608 0.09946260 0.02605454 0.00400895 0.01983432 
784.00000000 0.48456027 0.11117157 0.25486571 0.09953427 0.02603727 0.00400379 0.01982712 
785.00000000 0.48423357 0.11112672 0.25519525 0.09960585 0.02602007 0.00399865 0.01981990 
786.00000000 0.48390655 0.11108234 0.25552470 0.09967732 0.02600293 0.00399351 0.01981264 
787.00000000 0.48357929 0.11103835 0.25585405 0.09974870 0.02598586 0.00398839 0.01980535 
788.00000000 0.48325186 0.11099468 0.25618331 0.09981999 0.02596885 0.00398327 0.01979804 
789.00000000 0.48292436 0.11095125 0.25651246 0.09989119 0.02595190 0.00397816 0.01979069 
790.00000000 0.48259684 0.11090799 0.25684151 0.09996229 0.02593501 0.00397304 0.01978332 
791.00000000 0.48226939 0.11086483 0.25717045 0.10003332 0.02591817 0.00396793 0.01977592 
792.00000000 0.48194208 0.11082170 0.25749928 0.10010426 0.02590139 0.00396281 0.01976848 
793.00000000 0.48161498 0.11077853 0.25782800 0.10017511 0.02588466 0.00395769 0.01976103 
794.00000000 0.48128818 0.11073524 0.25815660 0.10024589 0.02586798 0.00395257 0.01975354 
795.00000000 0.48096173 0.11069179 0.25848508 0.10031660 0.02585135 0.00394743 0.01974602 
796.00000000 0.48063571 0.11064809 0.25881344 0.10038722 0.02583477 0.00394228 0.01973848 
797.00000000 0.48031018 0.11060409 0.25914168 0.10045778 0.02581822 0.00393712 0.01973092 
798.00000000 0.47998521 0.11055973 0.25946979 0.10052827 0.02580172 0.00393195 0.01972332 
799.00000000 0.47966087 0.11051494 0.25979777 0.10059869 0.02578526 0.00392675 0.01971570 
800.00000000 0.47933722 0.11046967 0.26012562 0.10066905 0.02576884 0.00392154 0.01970806 
801.00000000 0.47901431 0.11042386 0.26045333 0.10073935 0.02575245 0.00391631 0.01970039 
802.00000000 0.47869220 0.11037746 0.26078090 0.10080958 0.02573610 0.00391106 0.01969270 
803.00000000 0.47837096 0.11033042 0.26110833 0.10087976 0.02571977 0.00390579 0.01968498 
804.00000000 0.47805063 0.11028268 0.26143561 0.10094988 0.02570347 0.00390049 0.01967723 
805.00000000 0.47773126 0.11023421 0.26176274 0.10101995 0.02568720 0.00389517 0.01966947 
806.00000000 0.47741291 0.11018495 0.26208973 0.10108997 0.02567096 0.00388982 0.01966168 
807.00000000 0.47709562 0.11013485 0.26241655 0.10115994 0.02565473 0.00388444 0.01965386 
808.00000000 0.47677943 0.11008390 0.26274323 0.10122987 0.02563852 0.00387903 0.01964603 
809.00000000 0.47646439 0.11003203 0.26306974 0.10129975 0.02562234 0.00387359 0.01963817 
810.00000000 0.47615053 0.10997922 0.26339609 0.10136959 0.02560616 0.00386813 0.01963029 
811.00000000 0.47583790 0.10992543 0.26372227 0.10143938 0.02559000 0.00386263 0.01962238 
812.00000000 0.47552652 0.10987064 0.26404829 0.10150914 0.02557386 0.00385710 0.01961446 
813.00000000 0.47521643 0.10981481 0.26437413 0.10157886 0.02555772 0.00385153 0.01960651 
814.00000000 0.47490766 0.10975792 0.26469980 0.10164855 0.02554159 0.00384593 0.01959855 
815.00000000 0.47460023 0.10969994 0.26502530 0.10171821 0.02552546 0.00384030 0.01959056 
816.00000000 0.47429417 0.10964086 0.26535061 0.10178783 0.02550934 0.00383464 0.01958255 
817.00000000 0.47398950 0.10958065 0.26567575 0.10185742 0.02549322 0.00382894 0.01957453 
818.00000000 0.47368623 0.10951931 0.26600070 0.10192699 0.02547710 0.00382320 0.01956648 
819.00000000 0.47338438 0.10945681 0.26632546 0.10199653 0.02546098 0.00381743 0.01955841 
820.00000000 0.47308397 0.10939314 0.26665004 0.10206604 0.02544485 0.00381163 0.01955033 
821.00000000 0.47278501 0.10932830 0.26697443 0.10213553 0.02542872 0.00380579 0.01954222 
822.00000000 0.47248750 0.10926228 0.26729862 0.10220500 0.02541259 0.00379991 0.01953410 
823.00000000 0.47219146 0.10919508 0.26762262 0.10227445 0.02539644 0.00379400 0.01952596 
824.00000000 0.47189688 0.10912669 0.26794642 0.10234387 0.02538029 0.00378806 0.01951780 
825.00000000 0.47160376 0.10905711 0.26827002 0.10241328 0.02536413 0.00378208 0.01950962 
826.00000000 0.47131210 0.10898636 0.26859342 0.10248267 0.02534795 0.00377607 0.01950142 
827.00000000 0.47102191 0.10891443 0.26891662 0.10255204 0.02533177 0.00377003 0.01949321 
828.00000000 0.47073316 0.10884132 0.26923961 0.10262139 0.02531557 0.00376395 0.01948498 
829.00000000 0.47044586 0.10876706 0.26956240 0.10269073 0.02529936 0.00375785 0.01947673 
830.00000000 0.47015999 0.10869166 0.26988498 0.10276006 0.02528313 0.00375171 0.01946847 
831.00000000 0.46987555 0.10861512 0.27020736 0.10282937 0.02526688 0.00374554 0.01946019 
832.00000000 0.46959250 0.10853746 0.27052952 0.10289867 0.02525062 0.00373934 0.01945189 
833.00000000 0.46931085 0.10845870 0.27085147 0.10296795 0.02523434 0.00373311 0.01944358 
834.00000000 0.46903056 0.10837886 0.27117321 0.10303722 0.02521804 0.00372685 0.01943526 
835.00000000 0.46875162 0.10829796 0.27149473 0.10310648 0.02520173 0.00372057 0.01942691 
836.00000000 0.46847400 0.10821603 0.27181604 0.10317572 0.02518539 0.00371426 0.01941856 
837.00000000 0.46819768 0.10813308 0.27213713 0.10324495 0.02516904 0.00370793 0.01941018 
838.00000000 0.46792263 0.10804915 0.27245801 0.10331417 0.02515267 0.00370157 0.01940180 
839.00000000 0.46764883 0.10796427 0.27277867 0.10338338 0.02513628 0.00369519 0.01939339 
840.00000000 0.46737624 0.10787845 0.27309911 0.10345257 0.02511986 0.00368878 0.01938498 
841.00000000 0.46710483 0.10779174 0.27341933 0.10352176 0.02510343 0.00368236 0.01937655 
842.00000000 0.46683457 0.10770417 0.27373934 0.10359092 0.02508698 0.00367592 0.01936811 
843.00000000 0.46656543 0.10761576 0.27405912 0.10366008 0.02507051 0.00366946 0.01935965 
844.00000000 0.46629736 0.10752655 0.27437868 0.10372922 0.02505402 0.00366298 0.01935118 
845.00000000 0.46603034 0.10743659 0.27469803 0.10379835 0.02503752 0.00365648 0.01934270 
846.00000000 0.46576432 0.10734590 0.27501715 0.10386746 0.02502099 0.00364997 0.01933420 
847.00000000 0.46549927 0.10725452 0.27533605 0.10393656 0.02500445 0.00364345 0.01932570 
848.00000000 0.46523515 0.10716249 0.27565474 0.10400564 0.02498789 0.00363692 0.01931718 
849.00000000 0.46497192 0.10706985 0.27597320 0.10407471 0.02497131 0.00363038 0.01930864 
850.00000000 0.46470953 0.10697664 0.27629144 0.10414375 0.02495472 0.00362383 0.01930010 
851.00000000 0.46444794 0.10688290 0.27660946 0.10421278 0.02493811 0.00361727 0.01929154 
852.00000000 0.46418711 0.10678866 0.27692727 0.10428179 0.02492149 0.00361070 0.01928298 
853.00000000 0.46392700 0.10669398 0.27724485 0.10435078 0.02490485 0.00360413 0.01927440 
854.00000000 0.46366757 0.10659889 0.27756222 0.10441975 0.02488820 0.00359756 0.01926581 
855.00000000 0.46340877 0.10650344 0.27787937 0.10448869 0.02487154 0.00359098 0.01925721 
856.00000000 0.46315055 0.10640766 0.27819630 0.10455761 0.02485487 0.00358441 0.01924860 
857.00000000 0.46289288 0.10631160 0.27851301 0.10462651 0.02483819 0.00357784 0.01923998 
858.00000000 0.46263570 0.10621529 0.27882951 0.10469538 0.02482150 0.00357126 0.01923136 
859.00000000 0.46237898 0.10611879 0.27914579 0.10476422 0.02480480 0.00356469 0.01922272 
860.00000000 0.46212267 0.10602213 0.27946186 0.10483304 0.02478810 0.00355813 0.01921407 
861.00000000 0.46186672 0.10592536 0.27977772 0.10490183 0.02477139 0.00355157 0.01920541 
862.00000000 0.46161110 0.10582851 0.28009337 0.10497058 0.02475468 0.00354503 0.01919674 
863.00000000 0.46135575 0.10573163 0.28040880 0.10503930 0.02473796 0.00353849 0.01918807 
864.00000000 0.46110065 0.10563476 0.28072402 0.10510799 0.02472125 0.00353196 0.01917938 
865.00000000 0.46084573 0.10553793 0.28103904 0.10517665 0.02470453 0.00352544 0.01917069 
866.00000000 0.46059096 0.10544119 0.28135384 0.10524526 0.02468782 0.00351893 0.01916199 
867.00000000 0.46033631 0.10534458 0.28166844 0.10531384 0.02467111 0.00351244 0.01915328 
868.00000000 0.46008172 0.10524814 0.28198284 0.10538238 0.02465440 0.00350597 0.01914456 
869.00000000 0.45982716 0.10515189 0.28229703 0.10545088 0.02463770 0.00349951 0.01913584 
870.00000000 0.45957258 0.10505589 0.28261101 0.10551934 0.02462101 0.00349307 0.01912710 
871.00000000 0.45931796 0.10496016 0.28292480 0.10558775 0.02460432 0.00348665 0.01911836 
872.00000000 0.45906325 0.10486474 0.28323839 0.10565612 0.02458764 0.00348025 0.01910962 
873.00000000 0.45880841 0.10476966 0.28355178 0.10572444 0.02457098 0.00347387 0.01910086 
874.00000000 0.45855342 0.10467497 0.28386497 0.10579271 0.02455433 0.00346751 0.01909210 
875.00000000 0.45829822 0.10458068 0.28417796 0.10586093 0.02453769 0.00346117 0.01908333 
876.00000000 0.45804280 0.10448683 0.28449077 0.10592910 0.02452107 0.00345486 0.01907456 
877.00000000 0.45778712 0.10439346 0.28480338 0.10599722 0.02450446 0.00344858 0.01906578 
878.00000000 0.45753115 0.10430058 0.28511579 0.10606529 0.02448788 0.00344232 0.01905699 
879.00000000 0.45727485 0.10420824 0.28542802 0.10613330 0.02447131 0.00343609 0.01904820 
880.00000000 0.45701820 0.10411645 0.28574006 0.10620125 0.02445476 0.00342988 0.01903940 
881.00000000 0.45676116 0.10402524 0.28605191 0.10626915 0.02443824 0.00342371 0.01903060 
882.00000000 0.45650373 0.10393463 0.28636358 0.10633698 0.02442174 0.00341756 0.01902178 
883.00000000 0.45624586 0.10384465 0.28667507 0.10640476 0.02440526 0.00341144 0.01901297 
884.00000000 0.45598753 0.10375531 0.28698637 0.10647247 0.02438881 0.00340536 0.01900415 
885.00000000 0.45572873 0.10366665 0.28729749 0.10654012 0.02437238 0.00339930 0.01899532 
886.00000000 0.45546943 0.10357867 0.28760843 0.10660771 0.02435599 0.00339328 0.01898649 
887.00000000 0.45520961 0.10349140 0.28791920 0.10667523 0.02433962 0.00338729 0.01897765 
888.00000000 0.45494926 0.10340485 0.28822978 0.10674268 0.02432329 0.00338133 0.01896881 
889.00000000 0.45468835 0.10331903 0.28854020 0.10681007 0.02430698 0.00337541 0.01895996 
890.00000000 0.45442688 0.10323397 0.28885044 0.10687738 0.02429071 0.00336952 0.01895110 
891.00000000 0.45416482 0.10314966 0.28916050 0.10694463 0.02427447 0.00336366 0.01894225 
892.00000000 0.45390217 0.10306613 0.28947040 0.10701181 0.02425827 0.00335784 0.01893338 
893.00000000 0.45363892 0.10298337 0.28978013 0.10707891 0.02424210 0.00335205 0.01892452 
894.00000000 0.45337505 0.10290141 0.29008968 0.10714594 0.02422597 0.00334630 0.01891564 
895.00000000 0.45311056 0.10282024 0.29039907 0.10721290 0.02420988 0.00334059 0.01890677 
896.00000000 0.45284543 0.10273987 0.29070830 0.10727978 0.02419382 0.00333491 0.01889788 
897.00000000 0.45257968 0.10266031 0.29101736 0.10734659 0.02417780 0.00332926 0.01888900 
898.00000000 0.45231329 0.10258155 0.29132626 0.10741332 0.02416182 0.00332365 0.01888011 
899.00000000 0.45204625 0.10250361 0.29163499 0.10747998 0.02414588 0.00331808 0.01887121 
900.00000000 0.45177858 0.10242647 0.29194357 0.10754656 0.02412998 0.00331254 0.01886231 
901.00000000 0.45151026 0.10235013 0.29225198 0.10761306 0.02411412 0.00330704 0.01885341 
902.00000000 0.45124131 0.10227460 0.29256023 0.10767948 0.02409830 0.00330157 0.01884450 
903.00000000 0.45097172 0.10219987 0.29286833 0.10774583 0.02408252 0.00329614 0.01883559 
904.00000000 0.45070149 0.10212594 0.29317627 0.10781209 0.02406679 0.00329075 0.01882667 
905.00000000 0.45043064 0.10205279 0.29348405 0.10787828 0.02405110 0.00328538 0.01881775 
906.00000000 0.45015917 0.10198043 0.29379168 0.10794439 0.02403545 0.00328006 0.01880883 
907.00000000 0.44988709 0.10190884 0.29409915 0.10801041 0.02401984 0.00327477 0.01879990 
908.00000000 0.44961441 0.10183801 0.29440647 0.10807636 0.02400427 0.00326951 0.01879096 
909.00000000 0.44934114 0.10176794 0.29471363 0.10814223 0.02398875 0.00326429 0.01878203 
910.00000000 0.44906728 0.10169860 0.29502065 0.10820801 0.02397327 0.00325910 0.01877308 
911.00000000 0.44879286 0.10163000 0.29532751 0.10827372 0.02395784 0.00325394 0.01876414 
912.00000000 0.44851788 0.10156211 0.29563422 0.10833934 0.02394245 0.00324882 0.01875519 
913.00000000 0.44824236 0.10149492 0.29594077 0.10840489 0.02392710 0.00324373 0.01874623 
914.00000000 0.44796632 0.10142842 0.29624718 0.10847035 0.02391179 0.00323867 0.01873728 
915.00000000 0.44768976 0.10136258 0.29655344 0.10853573 0.02389653 0.00323364 0.01872832 
916.00000000 0.44741272 0.10129740 0.29685955 0.10860103 0.02388131 0.00322864 0.01871935 
917.00000000 0.44713520 0.10123285 0.29716551 0.10866626 0.02386613 0.00322367 0.01871038 
918.00000000 0.44685723 0.10116892 0.29747132 0.10873140 0.02385099 0.00321873 0.01870141 
919.00000000 0.44657882 0.10110558 0.29777698 0.10879646 0.02383590 0.00321383 0.01869243 
920.00000000 0.44630000 0.10104282 0.29808249 0.10886145 0.02382084 0.00320894 0.01868345 
921.00000000 0.44602078 0.10098062 0.29838786 0.10892635 0.02380583 0.00320409 0.01867447 
922.00000000 0.44574119 0.10091895 0.29869307 0.10899118 0.02379086 0.00319926 0.01866548 
923.00000000 0.44546125 0.10085780 0.29899814 0.10905593 0.02377593 0.00319446 0.01865649 
924.00000000 0.44518098 0.10079714 0.29930306 0.10912060 0.02376104 0.00318968 0.01864749 
925.00000000 0.44490040 0.10073696 0.29960784 0.10918519 0.02374618 0.00318493 0.01863849 
926.00000000 0.44461954 0.10067722 0.29991246 0.10924971 0.02373137 0.00318020 0.01862949 
927.00000000 0.44433843 0.10061790 0.30021694 0.10931415 0.02371659 0.00317550 0.01862049 
928.00000000 0.44405707 0.10055899 0.30052127 0.10937852 0.02370185 0.00317081 0.01861148 
929.00000000 0.44377551 0.10050046 0.30082545 0.10944281 0.02368715 0.00316615 0.01860247 
930.00000000 0.44349375 0.10044229 0.30112949 0.10950702 0.02367248 0.00316151 0.01859345 
931.00000000 0.44321184 0.10038445 0.30143337 0.10957117 0.02365785 0.00315689 0.01858443 
932.00000000 0.44292979 0.10032691 0.30173711 0.10963523 0.02364326 0.00315229 0.01857541 
933.00000000 0.44264762 0.10026967 0.30204069 0.10969923 0.02362870 0.00314770 0.01856639 
934.00000000 0.44236537 0.10021268 0.30234413 0.10976315 0.02361417 0.00314313 0.01855736 
935.00000000 0.44208305 0.10015593 0.30264742 0.10982701 0.02359967 0.00313858 0.01854833 
936.00000000 0.44180070 0.10009940 0.30295056 0.10989079 0.02358521 0.00313405 0.01853930 
937.00000000 0.44151833 0.10004306 0.30325355 0.10995450 0.02357077 0.00312952 0.01853027 
938.00000000 0.44123597 0.09998689 0.30355638 0.11001814 0.02355637 0.00312502 0.01852123 
939.00000000 0.44095364 0.09993086 0.30385907 0.11008172 0.02354200 0.00312052 0.01851219 
940.00000000 0.44067137 0.09987495 0.30416160 0.11014523 0.02352765 0.00311604 0.01850315 
941.00000000 0.44038919 0.09981915 0.30446399 0.11020867 0.02351334 0.00311157 0.01849411 
942.00000000 0.44010711 0.09976342 0.30476622 0.11027204 0.02349905 0.00310711 0.01848506 
943.00000000 0.43982516 0.09970774 0.30506830 0.11033535 0.02348478 0.00310266 0.01847601 
944.00000000 0.43954336 0.09965211 0.30537022 0.11039859 0.02347055 0.00309821 0.01846696 
945.00000000 0.43926173 0.09959648 0.30567199 0.11046177 0.02345633 0.00309378 0.01845791 
946.00000000 0.43898030 0.09954085 0.30597361 0.11052489 0.02344214 0.00308935 0.01844886 
947.00000000 0.43869909 0.09948519 0.30627507 0.11058795 0.02342798 0.00308493 0.01843980 
948.00000000 0.43841811 0.09942948 0.30657637 0.11065094 0.02341383 0.00308051 0.01843075 
949.00000000 0.43813740 0.09937370 0.30687752 0.11071387 0.02339971 0.00307610 0.01842169 
950.00000000 0.43785696 0.09931785 0.30717852 0.11077674 0.02338561 0.00307170 0.01841263 
951.00000000 0.43757682 0.09926188 0.30747935 0.11083955 0.02337152 0.00306730 0.01840357 
952.00000000 0.43729699 0.09920580 0.30778003 0.11090231 0.02335746 0.00306290 0.01839451 
953.00000000 0.43701750 0.09914958 0.30808055 0.11096500 0.02334342 0.00305850 0.01838545 
954.00000000 0.43673836 0.09909321 0.30838091 0.11102764 0.02332939 0.00305410 0.01837639 
955.00000000 0.43645959 0.09903667 0.30868111 0.11109022 0.02331538 0.00304971 0.01836733 
956.00000000 0.43618120 0.09897994 0.30898115 0.11115275 0.02330138 0.00304531 0.01835827 
957.00000000 0.43590321 0.09892302 0.30928103 0.11121522 0.02328740 0.00304091 0.01834920 
958.00000000 0.43562563 0.09886589 0.30958075 0.11127763 0.02327344 0.00303652 0.01834014 
959.00000000 0.43534849 0.09880853 0.30988031 0.11133999 0.02325949 0.00303212 0.01833108 
960.00000000 0.43507178 0.09875093 0.31017970 0.11140230 0.02324555 0.00302772 0.01832202 
961.00000000 0.43479552 0.09869309 0.31047893 0.11146455 0.02323163 0.00302332 0.01831295 
962.00000000 0.43451973 0.09863499 0.31077800 0.11152675 0.02321771 0.00301891 0.01830389 
963.00000000 0.43424442 0.09857663 0.31107691 0.11158890 0.02320381 0.00301450 0.01829483 
964.00000000 0.43396959 0.09851798 0.31137564 0.11165100 0.02318992 0.00301009 0.01828577 
965.00000000 0.43369525 0.09845906 0.31167422 0.11171305 0.02317604 0.00300567 0.01827671 
966.00000000 0.43342142 0.09839984 0.31197263 0.11177504 0.02316217 0.00300125 0.01826765 
967.00000000 0.43314809 0.09834032 0.31227087 0.11183699 0.02314831 0.00299683 0.01825859 
968.00000000 0.43287529 0.09828049 0.31256894 0.11189889 0.02313446 0.00299239 0.01824954 
969.00000000 0.43260300 0.09822036 0.31286685 0.11196074 0.02312061 0.00298796 0.01824048 
970.00000000 0.43233124 0.09815991 0.31316459 0.11202254 0.02310677 0.00298351 0.01823143 
971.00000000 0.43206002 0.09809915 0.31346217 0.11208429 0.02309294 0.00297906 0.01822238 
972.00000000 0.43178933 0.09803806 0.31375957 0.11214599 0.02307912 0.00297461 0.01821332 
973.00000000 0.43151917 0.09797665 0.31405681 0.11220765 0.02306530 0.00297015 0.01820428 
974.00000000 0.43124956 0.09791491 0.31435387 0.11226926 0.02305149 0.00296568 0.01819523 
975.00000000 0.43098049 0.09785285 0.31465077 0.11233082 0.02303769 0.00296120 0.01818618 
976.00000000 0.43071196 0.09779046 0.31494749 0.11239234 0.02302389 0.00295672 0.01817714 
977.00000000 0.43044397 0.09772775 0.31524405 0.11245380 0.02301009 0.00295223 0.01816810 
978.00000000 0.43017652 0.09766472 0.31554043 0.11251523 0.02299630 0.00294773 0.01815906 
979.00000000 0.42990961 0.09760136 0.31583665 0.11257661 0.02298252 0.00294323 0.01815002 
980.00000000 0.42964324 0.09753769 0.31613269 0.11263794 0.02296874 0.00293872 0.01814099 
981.00000000 0.42937740 0.09747370 0.31642856 0.11269922 0.02295496 0.00293421 0.01813195 
982.00000000 0.42911209 0.09740940 0.31672426 0.11276046 0.02294119 0.00292968 0.01812292 
983.00000000 0.42884730 0.09734479 0.31701978 0.11282166 0.02292742 0.00292515 0.01811390 
984.00000000 0.42858303 0.09727988 0.31731514 0.11288281 0.02291366 0.00292061 0.01810487 
985.00000000 0.42831928 0.09721467 0.31761032 0.11294391 0.02289989 0.00291607 0.01809585 
986.00000000 0.42805603 0.09714918 0.31790533 0.11300497 0.02288614 0.00291152 0.01808683 
987.00000000 0.42779328 0.09708340 0.31820016 0.11306599 0.02287238 0.00290697 0.01807782 
988.00000000 0.42753103 0.09701735 0.31849482 0.11312696 0.02285863 0.00290240 0.01806881 
989.00000000 0.42726926 0.09695103 0.31878931 0.11318789 0.02284489 0.00289784 0.01805980 
990.00000000 0.42700796 0.09688445 0.31908363 0.11324877 0.02283114 0.00289326 0.01805079 
991.00000000 0.42674714 0.09681762 0.31937777 0.11330960 0.02281740 0.00288868 0.01804179 
992.00000000 0.42648676 0.09675055 0.31967174 0.11337039 0.02280367 0.00288410 0.01803279 
993.00000000 0.42622684 0.09668325 0.31996553 0.11343114 0.02278993 0.00287951 0.01802379 
994.00000000 0.42596736 0.09661573 0.32025916 0.11349184 0.02277621 0.00287492 0.01801480 
995.00000000 0.42570830 0.09654800 0.32055260 0.11355249 0.02276248 0.00287032 0.01800581 
996.00000000 0.42544965 0.09648006 0.32084588 0.11361310 0.02274876 0.00286572 0.01799682 
997.00000000 0.42519141 0.09641194 0.32113898 0.11367366 0.02273505 0.00286112 0.01798784 
998.00000000 0.42493356 0.09634364 0.32143191 0.11373418 0.02272134 0.00285651 0.01797886 
999.00000000 0.42467609 0.09627518 0.32172466 0.11379466 0.02270763 0.00285190 0.01796988 
