0.00000000 0.00225937 0.01191697 0.76937613 0.00190601 0.00102365 0.20810004 0.00541781 
1.00000000 0.00225938 0.01191697 0.76937612 0.00190601 0.00102365 0.20810006 0.00541781 
2.00000000 0.00225939 0.01191700 0.76937648 0.00190602 0.00102366 0.20809964 0.00541780 
3.00000000 0.00225948 0.01191716 0.76937835 0.00190606 0.00102371 0.20809751 0.00541773 
4.00000000 0.00225972 0.01191759 0.76938338 0.00190616 0.00102383 0.20809178 0.00541755 
5.00000000 0.00226021 0.01191847 0.76939334 0.00190636 0.00102409 0.20808034 0.00541719 
6.00000000 0.00226108 0.01191999 0.76940974 0.00190674 0.00102455 0.20806129 0.00541661 
7.00000000 0.00226245 0.01192234 0.76943340 0.00190736 0.00102531 0.20803334 0.00541580 
8.00000000 0.00226446 0.01192569 0.76946406 0.00190831 0.00102647 0.20799621 0.00541478 
9.00000000 0.00226724 0.01193017 0.76950020 0.00190970 0.00102816 0.20795087 0.00541366 
10.00000000 0.00227091 0.01193587 0.76953887 0.00191162 0.00103048 0.20789966 0.00541258 
11.00000000 0.00227560 0.01194284 0.76957580 0.00191422 0.00103360 0.20784620 0.00541175 
12.00000000 0.00228143 0.01195110 0.76960557 0.00191760 0.00103765 0.20779524 0.00541141 
13.00000000 0.00228853 0.01196064 0.76962195 0.00192193 0.00104281 0.20775230 0.00541185 
14.00000000 0.00229703 0.01197146 0.76961824 0.00192733 0.00104923 0.20772335 0.00541337 
15.00000000 0.00230707 0.01198356 0.76958767 0.00193396 0.00105709 0.20771438 0.00541627 
16.00000000 0.00231884 0.01199696 0.76952371 0.00194197 0.00106657 0.20773112 0.00542082 
17.00000000 0.00233252 0.01201171 0.76942027 0.00195153 0.00107787 0.20777881 0.00542729 
18.00000000 0.00234834 0.01202789 0.76927184 0.00196277 0.00109116 0.20786210 0.00543591 
19.00000000 0.00236651 0.01204563 0.76907343 0.00197586 0.00110664 0.20798505 0.00544687 
20.00000000 0.00238732 0.01206506 0.76882044 0.00199095 0.00112451 0.20815136 0.00546037 
21.00000000 0.00241102 0.01208632 0.76850842 0.00200820 0.00114496 0.20836450 0.00547658 
22.00000000 0.00243790 0.01210957 0.76813285 0.00202777 0.00116819 0.20862807 0.00549564 
23.00000000 0.00246825 0.01213495 0.76768888 0.00204979 0.00119441 0.20894597 0.00551775 
24.00000000 0.00250237 0.01216255 0.76717116 0.00207443 0.00122381 0.20932262 0.00554306 
25.00000000 0.00254054 0.01219248 0.76657377 0.00210183 0.00125658 0.20976303 0.00557176 
26.00000000 0.00258306 0.01222480 0.76589025 0.00213214 0.00129292 0.21027278 0.00560405 
27.00000000 0.00263021 0.01225953 0.76511375 0.00216550 0.00133304 0.21085787 0.00564011 
28.00000000 0.00268229 0.01229671 0.76423726 0.00220203 0.00137710 0.21152448 0.00568012 
29.00000000 0.00273959 0.01233635 0.76325393 0.00224188 0.00142531 0.21227869 0.00572424 
30.00000000 0.00280241 0.01237849 0.76215733 0.00228516 0.00147784 0.21312618 0.00577260 
31.00000000 0.00287105 0.01242318 0.76094172 0.00233198 0.00153486 0.21407195 0.00582526 
32.00000000 0.00294584 0.01247051 0.75960228 0.00238244 0.00159653 0.21512011 0.00588229 
33.00000000 0.00302709 0.01252058 0.75813519 0.00243664 0.00166302 0.21627381 0.00594366 
34.00000000 0.00311514 0.01257354 0.75653762 0.00249466 0.00173447 0.21753522 0.00600933 
35.00000000 0.00321032 0.01262957 0.75480766 0.00255657 0.00181102 0.21890566 0.00607920 
36.00000000 0.00331295 0.01268886 0.75294411 0.00262243 0.00189279 0.22038571 0.00615315 
37.00000000 0.00342336 0.01275159 0.75094634 0.00269229 0.00197992 0.22197551 0.00623101 
38.00000000 0.00354186 0.01281796 0.74881399 0.00276618 0.00207249 0.22367490 0.00631262 
39.00000000 0.00366874 0.01288815 0.74654688 0.00284414 0.00217062 0.22548368 0.00639777 
40.00000000 0.00380429 0.01296234 0.74414487 0.00292619 0.00227439 0.22740163 0.00648628 
41.00000000 0.00394876 0.01304064 0.74160781 0.00301235 0.00238388 0.22942864 0.00657792 
42.00000000 0.00410237 0.01312319 0.73893562 0.00310261 0.00249915 0.23156460 0.00667247 
43.00000000 0.00426533 0.01321010 0.73612840 0.00319696 0.00262026 0.23380927 0.00676968 
44.00000000 0.00443783 0.01330145 0.73318661 0.00329540 0.00274724 0.23616217 0.00686929 
45.00000000 0.00462003 0.01339735 0.73011125 0.00339789 0.00288013 0.23862233 0.00697101 
46.00000000 0.00481206 0.01349789 0.72690401 0.00350441 0.00301894 0.24118814 0.00707455 
47.00000000 0.00501403 0.01360320 0.72356742 0.00361490 0.00316368 0.24385720 0.00717957 
48.00000000 0.00522606 0.01371340 0.72010491 0.00372930 0.00331433 0.24662627 0.00728573 
49.00000000 0.00544819 0.01382866 0.71652078 0.00384755 0.00347088 0.24949129 0.00739265 
50.00000000 0.00568049 0.01394912 0.71282018 0.00396958 0.00363328 0.25244739 0.00749997 
51.00000000 0.00592296 0.01407497 0.70900892 0.00409528 0.00380149 0.25548908 0.00760730 
52.00000000 0.00617561 0.01420638 0.70509336 0.00422458 0.00397544 0.25861038 0.00771425 
53.00000000 0.00643838 0.01434353 0.70108022 0.00435737 0.00415506 0.26180499 0.00782045 
54.00000000 0.00671120 0.01448656 0.69697645 0.00449353 0.00434026 0.26506647 0.00792553 
55.00000000 0.00699396 0.01463562 0.69278911 0.00463297 0.00453095 0.26838830 0.00802910 
56.00000000 0.00728653 0.01479080 0.68852531 0.00477555 0.00472700 0.27176398 0.00813083 
57.00000000 0.00758871 0.01495220 0.68419221 0.00492116 0.00492831 0.27518705 0.00823036 
58.00000000 0.00790032 0.01511986 0.67979705 0.00506967 0.00513475 0.27865100 0.00832735 
59.00000000 0.00822109 0.01529385 0.67534718 0.00522096 0.00534616 0.28214926 0.00842150 
60.00000000 0.00855077 0.01547416 0.67085018 0.00537490 0.00556240 0.28567510 0.00851248 
61.00000000 0.00888906 0.01566082 0.66631392 0.00553135 0.00578332 0.28922152 0.00860001 
62.00000000 0.00923563 0.01585384 0.66174658 0.00569016 0.00600872 0.29278125 0.00868382 
63.00000000 0.00959015 0.01605322 0.65715665 0.00585122 0.00623845 0.29634667 0.00876364 
64.00000000 0.00995225 0.01625898 0.65255297 0.00601436 0.00647231 0.29990989 0.00883925 
65.00000000 0.01032154 0.01647111 0.64794459 0.00617944 0.00671009 0.30346277 0.00891046 
66.00000000 0.01069763 0.01668963 0.64334075 0.00634631 0.00695160 0.30699699 0.00897708 
67.00000000 0.01108011 0.01691454 0.63875072 0.00651483 0.00719662 0.31050419 0.00903898 
68.00000000 0.01146853 0.01714584 0.63418377 0.00668485 0.00744494 0.31397602 0.00909605 
69.00000000 0.01186246 0.01738349 0.62964905 0.00685621 0.00769632 0.31740427 0.00914820 
70.00000000 0.01226144 0.01762746 0.62515553 0.00702877 0.00795054 0.32078088 0.00919537 
71.00000000 0.01266501 0.01787768 0.62071197 0.00720238 0.00820736 0.32409805 0.00923755 
72.00000000 0.01307268 0.01813406 0.61632691 0.00737690 0.00846655 0.32734817 0.00927473 
73.00000000 0.01348399 0.01839648 0.61200868 0.00755220 0.00872785 0.33052387 0.00930692 
74.00000000 0.01389845 0.01866481 0.60776539 0.00772814 0.00899104 0.33361798 0.00933419 
75.00000000 0.01431558 0.01893889 0.60360497 0.00790459 0.00925585 0.33662352 0.00935659 
76.00000000 0.01473492 0.01921855 0.59953516 0.00808142 0.00952205 0.33953367 0.00937422 
77.00000000 0.01515599 0.01950360 0.59556347 0.00825851 0.00978939 0.34234182 0.00938722 
78.00000000 0.01557833 0.01979387 0.59169720 0.00843573 0.01005761 0.34504152 0.00939574 
79.00000000 0.01600150 0.02008916 0.58794334 0.00861296 0.01032647 0.34762661 0.00939996 
80.00000000 0.01642507 0.02038929 0.58430857 0.00879009 0.01059571 0.35009119 0.00940008 
81.00000000 0.01684861 0.02069407 0.58079919 0.00896700 0.01086509 0.35242969 0.00939635 
82.00000000 0.01727173 0.02100332 0.57742106 0.00914358 0.01113436 0.35463694 0.00938902 
83.00000000 0.01769404 0.02131685 0.57417960 0.00931972 0.01140326 0.35670815 0.00937838 
84.00000000 0.01811517 0.02163447 0.57107980 0.00949531 0.01167157 0.35863895 0.00936473 
85.00000000 0.01853479 0.02195599 0.56812617 0.00967025 0.01193902 0.36042539 0.00934837 
86.00000000 0.01895257 0.02228119 0.56532285 0.00984446 0.01220540 0.36206389 0.00932964 
87.00000000 0.01936821 0.02260986 0.56267356 0.01001783 0.01247046 0.36355123 0.00930886 
88.00000000 0.01978142 0.02294175 0.56018167 0.01019030 0.01273398 0.36488452 0.00928636 
89.00000000 0.02019197 0.02327662 0.55785022 0.01036177 0.01299573 0.36606119 0.00926250 
90.00000000 0.02059961 0.02361422 0.55568189 0.01053218 0.01325551 0.36707899 0.00923760 
91.00000000 0.02100415 0.02395427 0.55367901 0.01070146 0.01351310 0.36793599 0.00921203 
92.00000000 0.02140541 0.02429651 0.55184350 0.01086955 0.01376829 0.36863063 0.00918611 
93.00000000 0.02180323 0.02464068 0.55017683 0.01103640 0.01402090 0.36916175 0.00916022 
94.00000000 0.02219749 0.02498652 0.54867995 0.01120194 0.01427073 0.36952868 0.00913468 
95.00000000 0.02258810 0.02533378 0.54735329 0.01136614 0.01451760 0.36973123 0.00910986 
96.00000000 0.02297497 0.02568223 0.54619667 0.01152894 0.01476133 0.36976977 0.00908608 
97.00000000 0.02335806 0.02603164 0.54520934 0.01169030 0.01500177 0.36964519 0.00906369 
98.00000000 0.02373733 0.02638181 0.54438999 0.01185018 0.01523874 0.36935893 0.00904301 
99.00000000 0.02411278 0.02673253 0.54373679 0.01200855 0.01547211 0.36891290 0.00902435 
100.00000000 0.02448442 0.02708360 0.54324747 0.01216538 0.01570172 0.36830941 0.00900800 
101.00000000 0.02485227 0.02743484 0.54291939 0.01232063 0.01592745 0.36755116 0.00899426 
102.00000000 0.02521640 0.02778604 0.54274962 0.01247430 0.01614917 0.36664109 0.00898337 
103.00000000 0.02557687 0.02813702 0.54273500 0.01262637 0.01636677 0.36558238 0.00897559 
104.00000000 0.02593377 0.02848757 0.54287217 0.01277683 0.01658015 0.36437838 0.00897114 
105.00000000 0.02628719 0.02883749 0.54315761 0.01292567 0.01678922 0.36303259 0.00897023 
106.00000000 0.02663724 0.02918658 0.54358760 0.01307291 0.01699390 0.36154871 0.00897306 
107.00000000 0.02698406 0.02953463 0.54415820 0.01321854 0.01719411 0.35993066 0.00897980 
108.00000000 0.02732778 0.02988145 0.54486519 0.01336259 0.01738980 0.35818261 0.00899059 
109.00000000 0.02766855 0.03022686 0.54570400 0.01350506 0.01758091 0.35630905 0.00900557 
110.00000000 0.02800651 0.03057068 0.54666970 0.01364599 0.01776740 0.35431487 0.00902485 
111.00000000 0.02834183 0.03091277 0.54775695 0.01378538 0.01794925 0.35220530 0.00904852 
112.00000000 0.02867467 0.03125299 0.54896002 0.01392327 0.01812642 0.34998601 0.00907663 
113.00000000 0.02900519 0.03159123 0.55027278 0.01405967 0.01829892 0.34766298 0.00910922 
114.00000000 0.02933356 0.03192739 0.55168885 0.01419464 0.01846673 0.34524253 0.00914630 
115.00000000 0.02965994 0.03226139 0.55320160 0.01432818 0.01862987 0.34273117 0.00918786 
116.00000000 0.02998449 0.03259314 0.55480428 0.01446036 0.01878834 0.34013554 0.00923386 
117.00000000 0.03030737 0.03292257 0.55649009 0.01459120 0.01894219 0.33746231 0.00928427 
118.00000000 0.03062874 0.03324962 0.55825232 0.01472074 0.01909145 0.33471814 0.00933899 
119.00000000 0.03094877 0.03357420 0.56008432 0.01484905 0.01923616 0.33190956 0.00939795 
120.00000000 0.03126761 0.03389623 0.56197957 0.01497618 0.01937637 0.32904301 0.00946104 
121.00000000 0.03158540 0.03421564 0.56393169 0.01510217 0.01951215 0.32612479 0.00952815 
122.00000000 0.03190230 0.03453235 0.56593438 0.01522709 0.01964358 0.32316114 0.00959916 
123.00000000 0.03221844 0.03484627 0.56798140 0.01535101 0.01977073 0.32015822 0.00967392 
124.00000000 0.03253397 0.03515735 0.57006650 0.01547398 0.01989369 0.31712222 0.00975228 
125.00000000 0.03284901 0.03546552 0.57218340 0.01559608 0.02001256 0.31405937 0.00983406 
126.00000000 0.03316368 0.03577075 0.57432574 0.01571736 0.02012742 0.31097596 0.00991909 
127.00000000 0.03347809 0.03607302 0.57648709 0.01583789 0.02023841 0.30787836 0.01000716 
128.00000000 0.03379234 0.03637232 0.57866096 0.01595773 0.02034561 0.30477298 0.01009806 
129.00000000 0.03410653 0.03666867 0.58084088 0.01607694 0.02044916 0.30166626 0.01019156 
130.00000000 0.03442074 0.03696209 0.58302040 0.01619560 0.02054918 0.29856455 0.01028743 
131.00000000 0.03473504 0.03725264 0.58519323 0.01631376 0.02064578 0.29547411 0.01038543 
132.00000000 0.03504952 0.03754034 0.58735327 0.01643148 0.02073911 0.29240097 0.01048531 
133.00000000 0.03536423 0.03782524 0.58949467 0.01654882 0.02082930 0.28935091 0.01058683 
134.00000000 0.03567923 0.03810738 0.59161192 0.01666585 0.02091648 0.28632941 0.01068973 
135.00000000 0.03599459 0.03838681 0.59369980 0.01678263 0.02100080 0.28334161 0.01079378 
136.00000000 0.03631035 0.03866354 0.59575343 0.01689921 0.02108240 0.28039233 0.01089874 
137.00000000 0.03662658 0.03893762 0.59776825 0.01701565 0.02116142 0.27748611 0.01100437 
138.00000000 0.03694331 0.03920907 0.59973996 0.01713202 0.02123801 0.27462718 0.01111046 
139.00000000 0.03726059 0.03947792 0.60166448 0.01724835 0.02131233 0.27181957 0.01121676 
140.00000000 0.03757847 0.03974422 0.60353795 0.01736471 0.02138450 0.26906707 0.01132307 
141.00000000 0.03789698 0.04000802 0.60535667 0.01748114 0.02145469 0.26637333 0.01142916 
142.00000000 0.03821616 0.04026938 0.60711711 0.01759768 0.02152304 0.26374181 0.01153481 
143.00000000 0.03853604 0.04052840 0.60881589 0.01771436 0.02158969 0.26117580 0.01163982 
144.00000000 0.03885663 0.04078517 0.61044984 0.01783123 0.02165478 0.25867838 0.01174397 
145.00000000 0.03917797 0.04103979 0.61201598 0.01794830 0.02171846 0.25625243 0.01184706 
146.00000000 0.03950007 0.04129240 0.61351161 0.01806560 0.02178086 0.25390055 0.01194890 
147.00000000 0.03982296 0.04154312 0.61493429 0.01818315 0.02184212 0.25162505 0.01204930 
148.00000000 0.04014666 0.04179207 0.61628189 0.01830096 0.02190238 0.24942795 0.01214809 
149.00000000 0.04047118 0.04203938 0.61755262 0.01841904 0.02196175 0.24731092 0.01224512 
150.00000000 0.04079655 0.04228516 0.61874499 0.01853740 0.02202037 0.24527531 0.01234023 
151.00000000 0.04112280 0.04252953 0.61985782 0.01865604 0.02207835 0.24332217 0.01243329 
152.00000000 0.04145002 0.04277228 0.62089144 0.01877498 0.02213582 0.24145122 0.01252424 
153.00000000 0.04177822 0.04301353 0.62184493 0.01889422 0.02219289 0.23966327 0.01261294 
154.00000000 0.04210745 0.04325339 0.62271761 0.01901373 0.02224966 0.23795885 0.01269930 
155.00000000 0.04243773 0.04349200 0.62350910 0.01913351 0.02230625 0.23633821 0.01278321 
156.00000000 0.04276908 0.04372948 0.62421927 0.01925353 0.02236274 0.23480133 0.01286458 
157.00000000 0.04310153 0.04396596 0.62484826 0.01937375 0.02241923 0.23334792 0.01294335 
158.00000000 0.04343512 0.04420156 0.62539645 0.01949415 0.02247581 0.23197745 0.01301946 
159.00000000 0.04376986 0.04443641 0.62586447 0.01961470 0.02253256 0.23068912 0.01309287 
160.00000000 0.04410579 0.04467064 0.62625317 0.01973536 0.02258957 0.22948192 0.01316355 
161.00000000 0.04444292 0.04490438 0.62656363 0.01985607 0.02264691 0.22835460 0.01323149 
162.00000000 0.04478129 0.04513775 0.62679714 0.01997681 0.02270464 0.22730569 0.01329668 
163.00000000 0.04512090 0.04537089 0.62695519 0.02009752 0.02276283 0.22633354 0.01335914 
164.00000000 0.04546178 0.04560390 0.62703945 0.02021815 0.02282154 0.22543629 0.01341888 
165.00000000 0.04580396 0.04583692 0.62705178 0.02033864 0.02288083 0.22461193 0.01347594 
166.00000000 0.04614743 0.04607006 0.62699418 0.02045896 0.02294073 0.22385827 0.01353037 
167.00000000 0.04649221 0.04630344 0.62686883 0.02057903 0.02300130 0.22317298 0.01358221 
168.00000000 0.04683832 0.04653717 0.62667801 0.02069880 0.02306257 0.22255360 0.01363153 
169.00000000 0.04718575 0.04677135 0.62642416 0.02081821 0.02312458 0.22199754 0.01367841 
170.00000000 0.04753451 0.04700608 0.62610981 0.02093721 0.02318736 0.22150213 0.01372291 
171.00000000 0.04788458 0.04724148 0.62573758 0.02105573 0.02325093 0.22106457 0.01376513 
172.00000000 0.04823597 0.04747762 0.62531020 0.02117371 0.02331531 0.22068202 0.01380517 
173.00000000 0.04858866 0.04771459 0.62483045 0.02129110 0.02338052 0.22035156 0.01384312 
174.00000000 0.04894264 0.04795248 0.62430117 0.02140783 0.02344658 0.22007022 0.01387909 
175.00000000 0.04929787 0.04819136 0.62372526 0.02152386 0.02351348 0.21983500 0.01391318 
176.00000000 0.04965434 0.04843129 0.62310563 0.02163912 0.02358125 0.21964287 0.01394551 
177.00000000 0.05001201 0.04867235 0.62244522 0.02175355 0.02364987 0.21949081 0.01397619 
178.00000000 0.05037085 0.04891458 0.62174698 0.02186712 0.02371935 0.21937578 0.01400534 
179.00000000 0.05073081 0.04915804 0.62101385 0.02197976 0.02378969 0.21929477 0.01403308 
180.00000000 0.05109186 0.04940275 0.62024877 0.02209143 0.02386088 0.21924479 0.01405952 
181.00000000 0.05145393 0.04964877 0.61945461 0.02220209 0.02393291 0.21922289 0.01408479 
182.00000000 0.05181698 0.04989611 0.61863425 0.02231170 0.02400577 0.21922618 0.01410901 
183.00000000 0.05218095 0.05014479 0.61779049 0.02242021 0.02407945 0.21925183 0.01413228 
184.00000000 0.05254577 0.05039483 0.61692609 0.02252759 0.02415394 0.21929706 0.01415473 
185.00000000 0.05291138 0.05064623 0.61604371 0.02263382 0.02422921 0.21935918 0.01417646 
186.00000000 0.05327772 0.05089899 0.61514597 0.02273886 0.02430526 0.21943561 0.01419759 
187.00000000 0.05364471 0.05115310 0.61423538 0.02284270 0.02438206 0.21952382 0.01421823 
188.00000000 0.05401228 0.05140854 0.61331438 0.02294531 0.02445960 0.21962143 0.01423846 
189.00000000 0.05438036 0.05166529 0.61238528 0.02304668 0.02453786 0.21972612 0.01425840 
190.00000000 0.05474888 0.05192333 0.61145031 0.02314681 0.02461682 0.21983572 0.01427813 
191.00000000 0.05511777 0.05218262 0.61051157 0.02324568 0.02469646 0.21994817 0.01429774 
192.00000000 0.05548694 0.05244311 0.60957107 0.02334330 0.02477676 0.22006152 0.01431731 
193.00000000 0.05585633 0.05270476 0.60863067 0.02343967 0.02485770 0.22017395 0.01433693 
194.00000000 0.05622586 0.05296752 0.60769211 0.02353480 0.02493926 0.22028379 0.01435666 
195.00000000 0.05659547 0.05323134 0.60675703 0.02362869 0.02502143 0.22038947 0.01437656 
196.00000000 0.05696510 0.05349615 0.60582690 0.02372138 0.02510418 0.22048958 0.01439671 
197.00000000 0.05733467 0.05376188 0.60490309 0.02381287 0.02518751 0.22058283 0.01441715 
198.00000000 0.05770413 0.05402848 0.60398682 0.02390320 0.02527138 0.22066806 0.01443794 
199.00000000 0.05807343 0.05429585 0.60307917 0.02399239 0.02535580 0.22074425 0.01445911 
200.00000000 0.05844251 0.05456394 0.60218111 0.02408047 0.02544074 0.22081053 0.01448070 
201.00000000 0.05881133 0.05483266 0.60129345 0.02416749 0.02552620 0.22086613 0.01450274 
202.00000000 0.05917985 0.05510192 0.60041690 0.02425348 0.02561215 0.22091043 0.01452527 
203.00000000 0.05954804 0.05537166 0.59955200 0.02433848 0.02569859 0.22094294 0.01454829 
204.00000000 0.05991586 0.05564178 0.59869920 0.02442255 0.02578552 0.22096326 0.01457183 
205.00000000 0.06028330 0.05591219 0.59785880 0.02450573 0.02587291 0.22097116 0.01459590 
206.00000000 0.06065034 0.05618282 0.59703101 0.02458807 0.02596078 0.22096648 0.01462050 
207.00000000 0.06101698 0.05645357 0.59621588 0.02466964 0.02604910 0.22094920 0.01464563 
208.00000000 0.06138321 0.05672437 0.59541339 0.02475048 0.02613788 0.22091939 0.01467130 
209.00000000 0.06174903 0.05699512 0.59462338 0.02483065 0.02622711 0.22087723 0.01469748 
210.00000000 0.06211446 0.05726574 0.59384561 0.02491022 0.02631679 0.22082300 0.01472418 
211.00000000 0.06247952 0.05753614 0.59307974 0.02498924 0.02640692 0.22075705 0.01475138 
212.00000000 0.06284423 0.05780624 0.59232533 0.02506779 0.02649750 0.22067984 0.01477907 
213.00000000 0.06320862 0.05807597 0.59158186 0.02514592 0.02658853 0.22059188 0.01480721 
214.00000000 0.06357273 0.05834524 0.59084873 0.02522371 0.02668002 0.22049377 0.01483580 
215.00000000 0.06393660 0.05861398 0.59012526 0.02530121 0.02677197 0.22038618 0.01486481 
216.00000000 0.06430027 0.05888211 0.58941074 0.02537849 0.02686437 0.22026982 0.01489421 
217.00000000 0.06466380 0.05914956 0.58870435 0.02545562 0.02695725 0.22014546 0.01492397 
218.00000000 0.06502725 0.05941626 0.58800526 0.02553267 0.02705059 0.22001392 0.01495406 
219.00000000 0.06539067 0.05968215 0.58731258 0.02560969 0.02714441 0.21987605 0.01498446 
220.00000000 0.06575412 0.05994716 0.58662538 0.02568676 0.02723871 0.21973274 0.01501513 
221.00000000 0.06611767 0.06021124 0.58594271 0.02576394 0.02733349 0.21958490 0.01504605 
222.00000000 0.06648140 0.06047432 0.58526360 0.02584129 0.02742877 0.21943344 0.01507717 
223.00000000 0.06684535 0.06073637 0.58458705 0.02591887 0.02752455 0.21927933 0.01510847 
224.00000000 0.06720962 0.06099732 0.58391207 0.02599675 0.02762084 0.21912348 0.01513992 
225.00000000 0.06757425 0.06125714 0.58323765 0.02607498 0.02771764 0.21896686 0.01517148 
226.00000000 0.06793933 0.06151578 0.58256281 0.02615362 0.02781495 0.21881039 0.01520311 
227.00000000 0.06830492 0.06177322 0.58188656 0.02623273 0.02791278 0.21865500 0.01523479 
228.00000000 0.06867109 0.06202940 0.58120794 0.02631235 0.02801113 0.21850160 0.01526649 
229.00000000 0.06903790 0.06228431 0.58052601 0.02639254 0.02811000 0.21835106 0.01529817 
230.00000000 0.06940540 0.06253792 0.57983986 0.02647335 0.02820941 0.21820425 0.01532980 
231.00000000 0.06977367 0.06279020 0.57914863 0.02655483 0.02830934 0.21806197 0.01536136 
232.00000000 0.07014274 0.06304115 0.57845149 0.02663701 0.02840980 0.21792501 0.01539280 
233.00000000 0.07051268 0.06329074 0.57774764 0.02671994 0.02851078 0.21779411 0.01542411 
234.00000000 0.07088352 0.06353896 0.57703637 0.02680366 0.02861228 0.21766997 0.01545524 
235.00000000 0.07125530 0.06378581 0.57631699 0.02688821 0.02871430 0.21755321 0.01548619 
236.00000000 0.07162805 0.06403128 0.57558889 0.02697361 0.02881683 0.21744445 0.01551690 
237.00000000 0.07200181 0.06427537 0.57485151 0.02705989 0.02891985 0.21734419 0.01554737 
238.00000000 0.07237659 0.06451808 0.57410437 0.02714709 0.02902337 0.21725294 0.01557755 
239.00000000 0.07275241 0.06475942 0.57334706 0.02723523 0.02912736 0.21717108 0.01560743 
240.00000000 0.07312928 0.06499940 0.57257921 0.02732432 0.02923182 0.21709898 0.01563698 
241.00000000 0.07350719 0.06523802 0.57180057 0.02741440 0.02933672 0.21703693 0.01566617 
242.00000000 0.07388615 0.06547531 0.57101092 0.02750547 0.02944205 0.21698514 0.01569497 
243.00000000 0.07426614 0.06571126 0.57021015 0.02759754 0.02954779 0.21694376 0.01572335 
244.00000000 0.07464715 0.06594592 0.56939821 0.02769063 0.02965391 0.21691288 0.01575131 
245.00000000 0.07502914 0.06617928 0.56857513 0.02778474 0.02976039 0.21689253 0.01577879 
246.00000000 0.07541209 0.06641138 0.56774100 0.02787987 0.02986721 0.21688265 0.01580579 
247.00000000 0.07579597 0.06664225 0.56689603 0.02797603 0.02997432 0.21688313 0.01583227 
248.00000000 0.07618072 0.06687190 0.56604046 0.02807321 0.03008171 0.21689379 0.01585822 
249.00000000 0.07656631 0.06710036 0.56517461 0.02817141 0.03018934 0.21691437 0.01588359 
250.00000000 0.07695267 0.06732767 0.56429891 0.02827062 0.03029717 0.21694458 0.01590838 
251.00000000 0.07733976 0.06755385 0.56341381 0.02837083 0.03040516 0.21698403 0.01593255 
252.00000000 0.07772751 0.06777894 0.56251986 0.02847203 0.03051327 0.21703230 0.01595609 
253.00000000 0.07811585 0.06800297 0.56161767 0.02857419 0.03062147 0.21708889 0.01597895 
254.00000000 0.07850472 0.06822597 0.56070790 0.02867731 0.03072971 0.21715325 0.01600113 
255.00000000 0.07889404 0.06844797 0.55979129 0.02878136 0.03083795 0.21722480 0.01602260 
256.00000000 0.07928373 0.06866902 0.55886860 0.02888632 0.03094612 0.21730288 0.01604333 
257.00000000 0.07967373 0.06888914 0.55794068 0.02899215 0.03105420 0.21738678 0.01606330 
258.00000000 0.08006396 0.06910838 0.55700841 0.02909885 0.03116213 0.21747578 0.01608250 
259.00000000 0.08045432 0.06932676 0.55607271 0.02920636 0.03126985 0.21756910 0.01610089 
260.00000000 0.08084476 0.06954432 0.55513455 0.02931467 0.03137732 0.21766590 0.01611847 
261.00000000 0.08123518 0.06976111 0.55419493 0.02942374 0.03148448 0.21776536 0.01613521 
262.00000000 0.08162551 0.06997714 0.55325487 0.02953353 0.03159127 0.21786657 0.01615110 
263.00000000 0.08201567 0.07019247 0.55231543 0.02964401 0.03169765 0.21796865 0.01616612 
264.00000000 0.08240558 0.07040713 0.55137769 0.02975513 0.03180355 0.21807066 0.01618026 
265.00000000 0.08279518 0.07062114 0.55044273 0.02986686 0.03190892 0.21817166 0.01619351 
266.00000000 0.08318438 0.07083454 0.54951167 0.02997915 0.03201370 0.21827069 0.01620586 
267.00000000 0.08357312 0.07104737 0.54858559 0.03009197 0.03211784 0.21836680 0.01621730 
268.00000000 0.08396134 0.07125966 0.54766562 0.03020526 0.03222128 0.21845900 0.01622783 
269.00000000 0.08434897 0.07147143 0.54675286 0.03031898 0.03232397 0.21854633 0.01623745 
270.00000000 0.08473595 0.07168273 0.54584840 0.03043309 0.03242584 0.21862783 0.01624616 
271.00000000 0.08512223 0.07189357 0.54495333 0.03054754 0.03252684 0.21870253 0.01625396 
272.00000000 0.08550776 0.07210398 0.54406870 0.03066228 0.03262692 0.21876949 0.01626087 
273.00000000 0.08589249 0.07231400 0.54319556 0.03077726 0.03272603 0.21882777 0.01626688 
274.00000000 0.08627638 0.07252365 0.54233493 0.03089243 0.03282411 0.21887648 0.01627203 
275.00000000 0.08665939 0.07273295 0.54148778 0.03100775 0.03292111 0.21891471 0.01627632 
276.00000000 0.08704149 0.07294192 0.54065506 0.03112316 0.03301698 0.21894162 0.01627978 
277.00000000 0.08742264 0.07315058 0.53983768 0.03123862 0.03311168 0.21895636 0.01628243 
278.00000000 0.08780284 0.07335896 0.53903650 0.03135408 0.03320515 0.21895816 0.01628431 
279.00000000 0.08818206 0.07356707 0.53825235 0.03146948 0.03329736 0.21894624 0.01628543 
280.00000000 0.08856027 0.07377493 0.53748599 0.03158478 0.03338827 0.21891990 0.01628585 
281.00000000 0.08893749 0.07398256 0.53673814 0.03169994 0.03347782 0.21887845 0.01628560 
282.00000000 0.08931369 0.07418996 0.53600946 0.03181490 0.03356599 0.21882128 0.01628472 
283.00000000 0.08968888 0.07439715 0.53530055 0.03192961 0.03365274 0.21874781 0.01628327 
284.00000000 0.09006306 0.07460413 0.53461196 0.03204403 0.03373804 0.21865750 0.01628128 
285.00000000 0.09043623 0.07481092 0.53394417 0.03215812 0.03382186 0.21854988 0.01627882 
286.00000000 0.09080841 0.07501753 0.53329760 0.03227182 0.03390417 0.21842453 0.01627595 
287.00000000 0.09117961 0.07522395 0.53267260 0.03238510 0.03398494 0.21828109 0.01627271 
288.00000000 0.09154985 0.07543019 0.53206946 0.03249791 0.03406417 0.21811925 0.01626917 
289.00000000 0.09191914 0.07563625 0.53148841 0.03261021 0.03414183 0.21793876 0.01626541 
290.00000000 0.09228750 0.07584214 0.53092958 0.03272197 0.03421790 0.21773944 0.01626148 
291.00000000 0.09265496 0.07604784 0.53039308 0.03283313 0.03429237 0.21752115 0.01625745 
292.00000000 0.09302155 0.07625337 0.52987892 0.03294368 0.03436525 0.21728384 0.01625341 
293.00000000 0.09338729 0.07645871 0.52938705 0.03305356 0.03443651 0.21702748 0.01624940 
294.00000000 0.09375221 0.07666386 0.52891736 0.03316275 0.03450617 0.21675214 0.01624552 
295.00000000 0.09411634 0.07686881 0.52846968 0.03327121 0.03457421 0.21645792 0.01624184 
296.00000000 0.09447970 0.07707355 0.52804375 0.03337891 0.03464066 0.21614501 0.01623842 
297.00000000 0.09484234 0.07727808 0.52763927 0.03348583 0.03470551 0.21581362 0.01623535 
298.00000000 0.09520429 0.07748238 0.52725587 0.03359194 0.03476878 0.21546405 0.01623270 
299.00000000 0.09556556 0.07768644 0.52689313 0.03369721 0.03483048 0.21509664 0.01623054 
300.00000000 0.09592621 0.07789026 0.52655055 0.03380162 0.03489063 0.21471179 0.01622894 
301.00000000 0.09628624 0.07809381 0.52622761 0.03390515 0.03494925 0.21430995 0.01622799 
302.00000000 0.09664571 0.07829708 0.52592371 0.03400777 0.03500637 0.21389162 0.01622773 
303.00000000 0.09700463 0.07850006 0.52563820 0.03410948 0.03506201 0.21345736 0.01622826 
304.00000000 0.09736304 0.07870274 0.52537039 0.03421026 0.03511621 0.21300775 0.01622962 
305.00000000 0.09772097 0.07890509 0.52511955 0.03431009 0.03516899 0.21254343 0.01623188 
306.00000000 0.09807843 0.07910710 0.52488491 0.03440896 0.03522040 0.21206510 0.01623510 
307.00000000 0.09843547 0.07930875 0.52466564 0.03450687 0.03527047 0.21157346 0.01623935 
308.00000000 0.09879209 0.07951003 0.52446090 0.03460380 0.03531924 0.21106928 0.01624466 
309.00000000 0.09914833 0.07971092 0.52426981 0.03469975 0.03536676 0.21055334 0.01625109 
310.00000000 0.09950421 0.07991140 0.52409146 0.03479473 0.03541307 0.21002645 0.01625868 
311.00000000 0.09985975 0.08011145 0.52392492 0.03488872 0.03545822 0.20948947 0.01626748 
312.00000000 0.10021496 0.08031107 0.52376922 0.03498173 0.03550226 0.20894325 0.01627751 
313.00000000 0.10056988 0.08051022 0.52362341 0.03507376 0.03554524 0.20838868 0.01628881 
314.00000000 0.10092450 0.08070890 0.52348649 0.03516481 0.03558722 0.20782667 0.01630141 
315.00000000 0.10127886 0.08090708 0.52335746 0.03525490 0.03562825 0.20725812 0.01631533 
316.00000000 0.10163296 0.08110475 0.52323534 0.03534402 0.03566838 0.20668397 0.01633057 
317.00000000 0.10198681 0.08130190 0.52311910 0.03543220 0.03570769 0.20610514 0.01634716 
318.00000000 0.10234044 0.08149851 0.52300774 0.03551944 0.03574621 0.20552257 0.01636509 
319.00000000 0.10269384 0.08169457 0.52290027 0.03560575 0.03578403 0.20493718 0.01638437 
320.00000000 0.10304704 0.08189006 0.52279568 0.03569114 0.03582118 0.20434991 0.01640499 
321.00000000 0.10340004 0.08208497 0.52269300 0.03577564 0.03585775 0.20376167 0.01642694 
322.00000000 0.10375284 0.08227928 0.52259125 0.03585926 0.03589378 0.20317338 0.01645020 
323.00000000 0.10410547 0.08247299 0.52248948 0.03594202 0.03592935 0.20258594 0.01647475 
324.00000000 0.10445792 0.08266609 0.52238675 0.03602394 0.03596451 0.20200022 0.01650056 
325.00000000 0.10481021 0.08285857 0.52228217 0.03610503 0.03599932 0.20141710 0.01652761 
326.00000000 0.10516233 0.08305041 0.52217483 0.03618533 0.03603385 0.20083740 0.01655585 
327.00000000 0.10551430 0.08324161 0.52206388 0.03626485 0.03606817 0.20026194 0.01658525 
328.00000000 0.10586613 0.08343216 0.52194849 0.03634361 0.03610232 0.19969152 0.01661576 
329.00000000 0.10621781 0.08362207 0.52182788 0.03642164 0.03613638 0.19912689 0.01664733 
330.00000000 0.10656936 0.08381132 0.52170127 0.03649897 0.03617040 0.19856878 0.01667991 
331.00000000 0.10692079 0.08399990 0.52156794 0.03657561 0.03620444 0.19801788 0.01671344 
332.00000000 0.10727209 0.08418783 0.52142721 0.03665160 0.03623856 0.19747485 0.01674786 
333.00000000 0.10762328 0.08437510 0.52127843 0.03672696 0.03627281 0.19694031 0.01678311 
334.00000000 0.10797436 0.08456170 0.52112100 0.03680171 0.03630726 0.19641485 0.01681912 
335.00000000 0.10832533 0.08474765 0.52095435 0.03687588 0.03634195 0.19589901 0.01685583 
336.00000000 0.10867621 0.08493293 0.52077796 0.03694950 0.03637694 0.19539330 0.01689316 
337.00000000 0.10902700 0.08511756 0.52059136 0.03702260 0.03641227 0.19489816 0.01693104 
338.00000000 0.10937771 0.08530155 0.52039412 0.03709519 0.03644800 0.19441403 0.01696940 
339.00000000 0.10972835 0.08548488 0.52018585 0.03716731 0.03648417 0.19394127 0.01700816 
340.00000000 0.11007891 0.08566758 0.51996621 0.03723898 0.03652084 0.19348022 0.01704726 
341.00000000 0.11042942 0.08584965 0.51973491 0.03731023 0.03655803 0.19303116 0.01708661 
342.00000000 0.11077986 0.08603109 0.51949170 0.03738108 0.03659579 0.19259435 0.01712614 
343.00000000 0.11113026 0.08621193 0.51923637 0.03745155 0.03663416 0.19216996 0.01716577 
344.00000000 0.11148061 0.08639216 0.51896878 0.03752167 0.03667317 0.19175818 0.01720544 
345.00000000 0.11183093 0.08657179 0.51868879 0.03759145 0.03671287 0.19135910 0.01724507 
346.00000000 0.11218121 0.08675085 0.51839636 0.03766094 0.03675327 0.19097280 0.01728458 
347.00000000 0.11253146 0.08692934 0.51809144 0.03773013 0.03679441 0.19059931 0.01732390 
348.00000000 0.11288169 0.08710728 0.51777405 0.03779906 0.03683631 0.19023862 0.01736298 
349.00000000 0.11323190 0.08728467 0.51744425 0.03786775 0.03687900 0.18989068 0.01740174 
350.00000000 0.11358210 0.08746154 0.51710213 0.03793621 0.03692250 0.18955540 0.01744012 
351.00000000 0.11393227 0.08763790 0.51674783 0.03800446 0.03696682 0.18923265 0.01747806 
352.00000000 0.11428244 0.08781376 0.51638151 0.03807251 0.03701199 0.18892228 0.01751551 
353.00000000 0.11463259 0.08798914 0.51600338 0.03814039 0.03705801 0.18862409 0.01755240 
354.00000000 0.11498272 0.08816405 0.51561367 0.03820811 0.03710491 0.18833786 0.01758869 
355.00000000 0.11533283 0.08833851 0.51521265 0.03827568 0.03715267 0.18806332 0.01762432 
356.00000000 0.11568293 0.08851254 0.51480063 0.03834312 0.03720132 0.18780019 0.01765927 
357.00000000 0.11603300 0.08868615 0.51437793 0.03841043 0.03725085 0.18754815 0.01769348 
358.00000000 0.11638303 0.08885936 0.51394490 0.03847763 0.03730127 0.18730688 0.01772692 
359.00000000 0.11673303 0.08903219 0.51350191 0.03854473 0.03735257 0.18707600 0.01775957 
360.00000000 0.11708298 0.08920464 0.51304937 0.03861174 0.03740476 0.18685513 0.01779138 
361.00000000 0.11743288 0.08937674 0.51258768 0.03867866 0.03745782 0.18664388 0.01782234 
362.00000000 0.11778270 0.08954850 0.51211729 0.03874550 0.03751175 0.18644182 0.01785243 
363.00000000 0.11813244 0.08971994 0.51163865 0.03881227 0.03756654 0.18624853 0.01788164 
364.00000000 0.11848209 0.08989107 0.51115222 0.03887896 0.03762218 0.18606355 0.01790994 
365.00000000 0.11883162 0.09006190 0.51065846 0.03894560 0.03767864 0.18588643 0.01793734 
366.00000000 0.11918103 0.09023246 0.51015788 0.03901217 0.03773593 0.18571671 0.01796382 
367.00000000 0.11953029 0.09040275 0.50965094 0.03907869 0.03779402 0.18555391 0.01798940 
368.00000000 0.11987939 0.09057279 0.50913817 0.03914515 0.03785289 0.18539755 0.01801407 
369.00000000 0.12022830 0.09074258 0.50862004 0.03921155 0.03791252 0.18524716 0.01803785 
370.00000000 0.12057700 0.09091215 0.50809706 0.03927789 0.03797290 0.18510226 0.01806073 
371.00000000 0.12092548 0.09108151 0.50756972 0.03934419 0.03803399 0.18496237 0.01808275 
372.00000000 0.12127370 0.09125066 0.50703853 0.03941042 0.03809577 0.18482701 0.01810391 
373.00000000 0.12162165 0.09141961 0.50650398 0.03947659 0.03815823 0.18469571 0.01812423 
374.00000000 0.12196930 0.09158838 0.50596654 0.03954271 0.03822132 0.18456800 0.01814374 
375.00000000 0.12231663 0.09175697 0.50542670 0.03960876 0.03828504 0.18444344 0.01816247 
376.00000000 0.12266360 0.09192540 0.50488492 0.03967475 0.03834934 0.18432156 0.01818043 
377.00000000 0.12301020 0.09209366 0.50434165 0.03974067 0.03841420 0.18420195 0.01819767 
378.00000000 0.12335640 0.09226177 0.50379735 0.03980651 0.03847959 0.18408415 0.01821421 
379.00000000 0.12370218 0.09242973 0.50325244 0.03987229 0.03854549 0.18396778 0.01823009 
380.00000000 0.12404751 0.09259755 0.50270734 0.03993798 0.03861185 0.18385243 0.01824534 
381.00000000 0.12439236 0.09276524 0.50216244 0.04000359 0.03867866 0.18373772 0.01825999 
382.00000000 0.12473671 0.09293279 0.50161812 0.04006912 0.03874589 0.18362329 0.01827409 
383.00000000 0.12508053 0.09310021 0.50107476 0.04013456 0.03881349 0.18350878 0.01828767 
384.00000000 0.12542382 0.09326751 0.50053268 0.04019990 0.03888145 0.18339388 0.01830076 
385.00000000 0.12576653 0.09343469 0.49999222 0.04026515 0.03894973 0.18327827 0.01831341 
386.00000000 0.12610866 0.09360174 0.49945369 0.04033030 0.03901830 0.18316166 0.01832566 
387.00000000 0.12645017 0.09376868 0.49891735 0.04039534 0.03908714 0.18304378 0.01833753 
388.00000000 0.12679106 0.09393550 0.49838348 0.04046028 0.03915622 0.18292439 0.01834908 
389.00000000 0.12713131 0.09410220 0.49785232 0.04052511 0.03922550 0.18280325 0.01836032 
390.00000000 0.12747089 0.09426879 0.49732408 0.04058983 0.03929496 0.18268015 0.01837131 
391.00000000 0.12780980 0.09443525 0.49679895 0.04065443 0.03936457 0.18255492 0.01838207 
392.00000000 0.12814802 0.09460160 0.49627712 0.04071892 0.03943431 0.18242739 0.01839264 
393.00000000 0.12848554 0.09476784 0.49575874 0.04078329 0.03950415 0.18229740 0.01840304 
394.00000000 0.12882235 0.09493395 0.49524392 0.04084755 0.03957406 0.18216485 0.01841332 
395.00000000 0.12915844 0.09509994 0.49473279 0.04091168 0.03964402 0.18202963 0.01842349 
396.00000000 0.12949381 0.09526582 0.49422543 0.04097570 0.03971401 0.18189165 0.01843358 
397.00000000 0.12982845 0.09543156 0.49372190 0.04103960 0.03978401 0.18175086 0.01844363 
398.00000000 0.13016236 0.09559719 0.49322225 0.04110338 0.03985398 0.18160721 0.01845364 
399.00000000 0.13049553 0.09576268 0.49272649 0.04116704 0.03992392 0.18146068 0.01846365 
400.00000000 0.13082797 0.09592805 0.49223465 0.04123059 0.03999380 0.18131127 0.01847366 
401.00000000 0.13115969 0.09609329 0.49174670 0.04129402 0.04006361 0.18115899 0.01848371 
402.00000000 0.13149067 0.09625839 0.49126261 0.04135734 0.04013332 0.18100388 0.01849379 
403.00000000 0.13182093 0.09642336 0.49078233 0.04142055 0.04020291 0.18084597 0.01850393 
404.00000000 0.13215047 0.09658820 0.49030580 0.04148366 0.04027239 0.18068534 0.01851414 
405.00000000 0.13247931 0.09675289 0.48983294 0.04154666 0.04034172 0.18052206 0.01852442 
406.00000000 0.13280744 0.09691745 0.48936364 0.04160957 0.04041089 0.18035623 0.01853478 
407.00000000 0.13313489 0.09708186 0.48889781 0.04167238 0.04047990 0.18018794 0.01854522 
408.00000000 0.13346166 0.09724613 0.48843531 0.04173510 0.04054873 0.18001732 0.01855575 
409.00000000 0.13378776 0.09741026 0.48797602 0.04179774 0.04061736 0.17984450 0.01856636 
410.00000000 0.13411321 0.09757424 0.48751978 0.04186030 0.04068580 0.17966961 0.01857706 
411.00000000 0.13443802 0.09773807 0.48706645 0.04192278 0.04075402 0.17949281 0.01858784 
412.00000000 0.13476220 0.09790176 0.48661586 0.04198520 0.04082203 0.17931425 0.01859870 
413.00000000 0.13508578 0.09806529 0.48616784 0.04204755 0.04088981 0.17913408 0.01860964 
414.00000000 0.13540875 0.09822868 0.48572222 0.04210985 0.04095737 0.17895249 0.01862063 
415.00000000 0.13573115 0.09839191 0.48527881 0.04217211 0.04102468 0.17876965 0.01863169 
416.00000000 0.13605299 0.09855500 0.48483742 0.04223432 0.04109176 0.17858573 0.01864279 
417.00000000 0.13637428 0.09871793 0.48439788 0.04229649 0.04115859 0.17840091 0.01865393 
418.00000000 0.13669503 0.09888071 0.48395998 0.04235864 0.04122517 0.17821538 0.01866509 
419.00000000 0.13701527 0.09904333 0.48352354 0.04242076 0.04129150 0.17802932 0.01867627 
420.00000000 0.13733500 0.09920581 0.48308837 0.04248288 0.04135757 0.17784292 0.01868745 
421.00000000 0.13765425 0.09936813 0.48265427 0.04254498 0.04142339 0.17765636 0.01869862 
422.00000000 0.13797303 0.09953030 0.48222105 0.04260709 0.04148896 0.17746981 0.01870976 
423.00000000 0.13829135 0.09969232 0.48178853 0.04266920 0.04155427 0.17728347 0.01872087 
424.00000000 0.13860922 0.09985418 0.48135653 0.04273133 0.04161932 0.17709749 0.01873193 
425.00000000 0.13892666 0.10001590 0.48092487 0.04279348 0.04168412 0.17691206 0.01874292 
426.00000000 0.13924367 0.10017746 0.48049338 0.04285565 0.04174867 0.17672732 0.01875384 
427.00000000 0.13956028 0.10033887 0.48006189 0.04291787 0.04181296 0.17654345 0.01876468 
428.00000000 0.13987649 0.10050013 0.47963025 0.04298012 0.04187700 0.17636060 0.01877542 
429.00000000 0.14019231 0.10066123 0.47919831 0.04304242 0.04194079 0.17617890 0.01878604 
430.00000000 0.14050774 0.10082219 0.47876592 0.04310478 0.04200433 0.17599849 0.01879655 
431.00000000 0.14082280 0.10098300 0.47833296 0.04316719 0.04206763 0.17581950 0.01880693 
432.00000000 0.14113749 0.10114366 0.47789929 0.04322967 0.04213068 0.17564204 0.01881718 
433.00000000 0.14145181 0.10130416 0.47746481 0.04329222 0.04219349 0.17546623 0.01882728 
434.00000000 0.14176578 0.10146452 0.47702941 0.04335484 0.04225607 0.17529215 0.01883722 
435.00000000 0.14207940 0.10162473 0.47659300 0.04341755 0.04231841 0.17511990 0.01884702 
436.00000000 0.14239266 0.10178479 0.47615551 0.04348034 0.04238051 0.17494955 0.01885665 
437.00000000 0.14270558 0.10194470 0.47571685 0.04354321 0.04244239 0.17478116 0.01886612 
438.00000000 0.14301814 0.10210446 0.47527698 0.04360618 0.04250404 0.17461479 0.01887542 
439.00000000 0.14333036 0.10226407 0.47483584 0.04366923 0.04256546 0.17445047 0.01888456 
440.00000000 0.14364223 0.10242353 0.47439341 0.04373239 0.04262666 0.17428824 0.01889353 
441.00000000 0.14395376 0.10258284 0.47394966 0.04379564 0.04268764 0.17412812 0.01890234 
442.00000000 0.14426493 0.10274200 0.47350458 0.04385900 0.04274840 0.17397011 0.01891098 
443.00000000 0.14457576 0.10290101 0.47305817 0.04392245 0.04280895 0.17381420 0.01891947 
444.00000000 0.14488623 0.10305987 0.47261044 0.04398600 0.04286928 0.17366038 0.01892780 
445.00000000 0.14519634 0.10321858 0.47216142 0.04404966 0.04292939 0.17350862 0.01893599 
446.00000000 0.14550610 0.10337714 0.47171115 0.04411342 0.04298930 0.17335888 0.01894403 
447.00000000 0.14581549 0.10353554 0.47125966 0.04417727 0.04304899 0.17321111 0.01895195 
448.00000000 0.14612451 0.10369380 0.47080701 0.04424123 0.04310847 0.17306525 0.01895973 
449.00000000 0.14643317 0.10385190 0.47035328 0.04430528 0.04316775 0.17292122 0.01896741 
450.00000000 0.14674144 0.10400984 0.46989853 0.04436943 0.04322681 0.17277896 0.01897498 
451.00000000 0.14704934 0.10416764 0.46944286 0.04443367 0.04328567 0.17263837 0.01898245 
452.00000000 0.14735686 0.10432527 0.46898635 0.04449800 0.04334432 0.17249935 0.01898984 
453.00000000 0.14766399 0.10448276 0.46852912 0.04456242 0.04340275 0.17236179 0.01899717 
454.00000000 0.14797073 0.10464008 0.46807126 0.04462692 0.04346098 0.17222559 0.01900443 
455.00000000 0.14827707 0.10479725 0.46761291 0.04469149 0.04351900 0.17209062 0.01901166 
456.00000000 0.14858302 0.10495427 0.46715417 0.04475613 0.04357681 0.17195675 0.01901885 
457.00000000 0.14888856 0.10511112 0.46669519 0.04482085 0.04363441 0.17182385 0.01902602 
458.00000000 0.14919370 0.10526782 0.46623610 0.04488562 0.04369179 0.17169178 0.01903319 
459.00000000 0.14949843 0.10542436 0.46577703 0.04495045 0.04374896 0.17156040 0.01904037 
460.00000000 0.14980275 0.10558074 0.46531813 0.04501533 0.04380592 0.17142957 0.01904757 
461.00000000 0.15010665 0.10573696 0.46485956 0.04508024 0.04386265 0.17129913 0.01905481 
462.00000000 0.15041014 0.10589301 0.46440145 0.04514520 0.04391917 0.17116894 0.01906210 
463.00000000 0.15071321 0.10604891 0.46394396 0.04521018 0.04397547 0.17103883 0.01906945 
464.00000000 0.15101586 0.10620464 0.46348724 0.04527518 0.04403154 0.17090866 0.01907688 
465.00000000 0.15131809 0.10636021 0.46303144 0.04534020 0.04408739 0.17077828 0.01908440 
466.00000000 0.15161989 0.10651561 0.46257672 0.04540522 0.04414301 0.17064753 0.01909201 
467.00000000 0.15192128 0.10667085 0.46212323 0.04547024 0.04419840 0.17051625 0.01909975 
468.00000000 0.15222224 0.10682593 0.46167112 0.04553525 0.04425356 0.17038430 0.01910760 
469.00000000 0.15252277 0.10698084 0.46122054 0.04560023 0.04430849 0.17025153 0.01911559 
470.00000000 0.15282289 0.10713558 0.46077162 0.04566520 0.04436318 0.17011780 0.01912373 
471.00000000 0.15312257 0.10729015 0.46032452 0.04573012 0.04441764 0.16998297 0.01913202 
472.00000000 0.15342184 0.10744456 0.45987937 0.04579500 0.04447186 0.16984690 0.01914048 
473.00000000 0.15372068 0.10759879 0.45943630 0.04585983 0.04452584 0.16970946 0.01914910 
474.00000000 0.15401909 0.10775285 0.45899543 0.04592460 0.04457958 0.16957053 0.01915791 
475.00000000 0.15431709 0.10790674 0.45855690 0.04598930 0.04463307 0.16942999 0.01916690 
476.00000000 0.15461466 0.10806046 0.45812081 0.04605393 0.04468633 0.16928773 0.01917609 
477.00000000 0.15491182 0.10821399 0.45768727 0.04611847 0.04473934 0.16914364 0.01918547 
478.00000000 0.15520855 0.10836736 0.45725638 0.04618292 0.04479210 0.16899763 0.01919506 
479.00000000 0.15550486 0.10852054 0.45682824 0.04624728 0.04484462 0.16884961 0.01920485 
480.00000000 0.15580076 0.10867354 0.45640292 0.04631152 0.04489690 0.16869950 0.01921486 
481.00000000 0.15609623 0.10882636 0.45598052 0.04637565 0.04494893 0.16854722 0.01922508 
482.00000000 0.15639129 0.10897900 0.45556109 0.04643967 0.04500072 0.16839272 0.01923551 
483.00000000 0.15668593 0.10913145 0.45514469 0.04650355 0.04505227 0.16823595 0.01924616 
484.00000000 0.15698016 0.10928371 0.45473137 0.04656730 0.04510358 0.16807685 0.01925703 
485.00000000 0.15727397 0.10943578 0.45432118 0.04663092 0.04515464 0.16791539 0.01926811 
486.00000000 0.15756736 0.10958766 0.45391414 0.04669439 0.04520547 0.16775155 0.01927942 
487.00000000 0.15786034 0.10973934 0.45351028 0.04675771 0.04525607 0.16758532 0.01929094 
488.00000000 0.15815290 0.10989083 0.45310961 0.04682088 0.04530643 0.16741668 0.01930268 
489.00000000 0.15844505 0.11004211 0.45271213 0.04688389 0.04535656 0.16724564 0.01931463 
490.00000000 0.15873678 0.11019319 0.45231783 0.04694674 0.04540647 0.16707221 0.01932679 
491.00000000 0.15902809 0.11034406 0.45192670 0.04700942 0.04545616 0.16689641 0.01933916 
492.00000000 0.15931899 0.11049472 0.45153872 0.04707193 0.04550562 0.16671828 0.01935174 
493.00000000 0.15960947 0.11064517 0.45115384 0.04713427 0.04555488 0.16653786 0.01936452 
494.00000000 0.15989954 0.11079540 0.45077203 0.04719643 0.04560393 0.16635519 0.01937749 
495.00000000 0.16018918 0.11094541 0.45039322 0.04725842 0.04565277 0.16617033 0.01939066 
496.00000000 0.16047841 0.11109520 0.45001737 0.04732023 0.04570142 0.16598335 0.01940402 
497.00000000 0.16076722 0.11124476 0.44964440 0.04738185 0.04574988 0.16579432 0.01941756 
498.00000000 0.16105561 0.11139410 0.44927424 0.04744330 0.04579815 0.16560332 0.01943128 
499.00000000 0.16134358 0.11154320 0.44890679 0.04750456 0.04584625 0.16541045 0.01944518 
500.00000000 0.16163112 0.11169207 0.44854197 0.04756564 0.04589417 0.16521578 0.01945924 
501.00000000 0.16191825 0.11184069 0.44817968 0.04762654 0.04594193 0.16501943 0.01947347 
502.00000000 0.16220496 0.11198908 0.44781981 0.04768725 0.04598954 0.16482151 0.01948785 
503.00000000 0.16249124 0.11213722 0.44746225 0.04774779 0.04603699 0.16462211 0.01950239 
504.00000000 0.16277711 0.11228511 0.44710690 0.04780814 0.04608431 0.16442137 0.01951707 
505.00000000 0.16306255 0.11243276 0.44675361 0.04786831 0.04613149 0.16421939 0.01953189 
506.00000000 0.16334758 0.11258014 0.44640228 0.04792831 0.04617855 0.16401631 0.01954684 
507.00000000 0.16363219 0.11272727 0.44605276 0.04798813 0.04622549 0.16381225 0.01956191 
508.00000000 0.16391637 0.11287415 0.44570493 0.04804777 0.04627232 0.16360734 0.01957711 
509.00000000 0.16420014 0.11302076 0.44535866 0.04810725 0.04631906 0.16340172 0.01959242 
510.00000000 0.16448350 0.11316710 0.44501379 0.04816655 0.04636571 0.16319552 0.01960784 
511.00000000 0.16476644 0.11331318 0.44467020 0.04822569 0.04641227 0.16298887 0.01962336 
512.00000000 0.16504896 0.11345899 0.44432773 0.04828466 0.04645876 0.16278191 0.01963897 
513.00000000 0.16533108 0.11360453 0.44398626 0.04834348 0.04650519 0.16257478 0.01965467 
514.00000000 0.16561279 0.11374981 0.44364563 0.04840213 0.04655157 0.16236762 0.01967046 
515.00000000 0.16589410 0.11389480 0.44330571 0.04846063 0.04659790 0.16216055 0.01968631 
516.00000000 0.16617500 0.11403953 0.44296635 0.04851899 0.04664419 0.16195371 0.01970224 
517.00000000 0.16645550 0.11418398 0.44262741 0.04857719 0.04669046 0.16174723 0.01971823 
518.00000000 0.16673561 0.11432815 0.44228877 0.04863525 0.04673670 0.16154124 0.01973427 
519.00000000 0.16701533 0.11447205 0.44195027 0.04869317 0.04678294 0.16133588 0.01975037 
520.00000000 0.16729466 0.11461567 0.44161179 0.04875096 0.04682917 0.16113125 0.01976650 
521.00000000 0.16757361 0.11475901 0.44127320 0.04880861 0.04687540 0.16092748 0.01978268 
522.00000000 0.16785218 0.11490208 0.44093438 0.04886614 0.04692165 0.16072469 0.01979888 
523.00000000 0.16813037 0.11504488 0.44059520 0.04892354 0.04696793 0.16052299 0.01981510 
524.00000000 0.16840819 0.11518740 0.44025554 0.04898082 0.04701423 0.16032248 0.01983135 
525.00000000 0.16868565 0.11532964 0.43991530 0.04903798 0.04706056 0.16012327 0.01984760 
526.00000000 0.16896274 0.11547161 0.43957437 0.04909503 0.04710694 0.15992545 0.01986386 
527.00000000 0.16923948 0.11561331 0.43923265 0.04915196 0.04715337 0.15972911 0.01988011 
528.00000000 0.16951586 0.11575474 0.43889004 0.04920880 0.04719985 0.15953434 0.01989636 
529.00000000 0.16979190 0.11589590 0.43854645 0.04926553 0.04724640 0.15934123 0.01991260 
530.00000000 0.17006759 0.11603679 0.43820181 0.04932216 0.04729301 0.15914983 0.01992881 
531.00000000 0.17034294 0.11617742 0.43785603 0.04937869 0.04733970 0.15896022 0.01994499 
532.00000000 0.17061796 0.11631779 0.43750905 0.04943513 0.04738646 0.15877246 0.01996114 
533.00000000 0.17089265 0.11645790 0.43716080 0.04949149 0.04743331 0.15858661 0.01997725 
534.00000000 0.17116700 0.11659775 0.43681123 0.04954775 0.04748025 0.15840271 0.01999332 
535.00000000 0.17144104 0.11673734 0.43646029 0.04960393 0.04752727 0.15822080 0.02000933 
536.00000000 0.17171475 0.11687668 0.43610793 0.04966004 0.04757439 0.15804092 0.02002529 
537.00000000 0.17198814 0.11701577 0.43575414 0.04971606 0.04762161 0.15786310 0.02004118 
538.00000000 0.17226122 0.11715462 0.43539887 0.04977201 0.04766892 0.15768736 0.02005700 
539.00000000 0.17253398 0.11729323 0.43504211 0.04982789 0.04771634 0.15751371 0.02007274 
540.00000000 0.17280643 0.11743159 0.43468384 0.04988369 0.04776387 0.15734217 0.02008840 
541.00000000 0.17307858 0.11756972 0.43432407 0.04993943 0.04781150 0.15717274 0.02010397 
542.00000000 0.17335041 0.11770761 0.43396278 0.04999510 0.04785924 0.15700540 0.02011945 
543.00000000 0.17362193 0.11784528 0.43360000 0.05005071 0.04790708 0.15684017 0.02013483 
544.00000000 0.17389315 0.11798272 0.43323572 0.05010626 0.04795504 0.15667701 0.02015011 
545.00000000 0.17416405 0.11811993 0.43286998 0.05016174 0.04800310 0.15651591 0.02016528 
546.00000000 0.17443465 0.11825693 0.43250280 0.05021717 0.04805127 0.15635685 0.02018033 
547.00000000 0.17470494 0.11839371 0.43213422 0.05027253 0.04809955 0.15619979 0.02019526 
548.00000000 0.17497491 0.11853028 0.43176426 0.05032785 0.04814794 0.15604469 0.02021007 
549.00000000 0.17524458 0.11866664 0.43139298 0.05038310 0.04819643 0.15589152 0.02022475 
550.00000000 0.17551393 0.11880280 0.43102042 0.05043830 0.04824503 0.15574023 0.02023929 
551.00000000 0.17578296 0.11893875 0.43064663 0.05049345 0.04829372 0.15559078 0.02025370 
552.00000000 0.17605167 0.11907451 0.43027168 0.05054855 0.04834252 0.15544310 0.02026797 
553.00000000 0.17632006 0.11921007 0.42989563 0.05060360 0.04839141 0.15529714 0.02028209 
554.00000000 0.17658813 0.11934544 0.42951853 0.05065859 0.04844039 0.15515285 0.02029607 
555.00000000 0.17685586 0.11948062 0.42914047 0.05071353 0.04848947 0.15501015 0.02030990 
556.00000000 0.17712326 0.11961562 0.42876151 0.05076843 0.04853863 0.15486898 0.02032357 
557.00000000 0.17739033 0.11975043 0.42838172 0.05082327 0.04858788 0.15472928 0.02033709 
558.00000000 0.17765705 0.11988507 0.42800119 0.05087807 0.04863720 0.15459097 0.02035045 
559.00000000 0.17792343 0.12001953 0.42761999 0.05093281 0.04868660 0.15445398 0.02036365 
560.00000000 0.17818946 0.12015382 0.42723821 0.05098751 0.04873607 0.15431824 0.02037669 
561.00000000 0.17845514 0.12028794 0.42685592 0.05104216 0.04878560 0.15418367 0.02038957 
562.00000000 0.17872046 0.12042190 0.42647321 0.05109675 0.04883520 0.15405020 0.02040229 
563.00000000 0.17898541 0.12055569 0.42609016 0.05115130 0.04888485 0.15391774 0.02041485 
564.00000000 0.17925000 0.12068931 0.42570686 0.05120580 0.04893455 0.15378623 0.02042724 
565.00000000 0.17951422 0.12082278 0.42532339 0.05126025 0.04898430 0.15365558 0.02043948 
566.00000000 0.17977806 0.12095610 0.42493983 0.05131465 0.04903409 0.15352572 0.02045155 
567.00000000 0.18004152 0.12108926 0.42455626 0.05136900 0.04908392 0.15339657 0.02046347 
568.00000000 0.18030460 0.12122227 0.42417278 0.05142329 0.04913378 0.15326806 0.02047523 
569.00000000 0.18056729 0.12135513 0.42378944 0.05147754 0.04918366 0.15314011 0.02048683 
570.00000000 0.18082959 0.12148784 0.42340634 0.05153173 0.04923357 0.15301265 0.02049829 
571.00000000 0.18109149 0.12162040 0.42302355 0.05158588 0.04928348 0.15288560 0.02050959 
572.00000000 0.18135300 0.12175283 0.42264114 0.05163997 0.04933341 0.15275891 0.02052075 
573.00000000 0.18161411 0.12188511 0.42225918 0.05169400 0.04938335 0.15263249 0.02053177 
574.00000000 0.18187482 0.12201725 0.42187775 0.05174798 0.04943328 0.15250628 0.02054265 
575.00000000 0.18213512 0.12214925 0.42149690 0.05180191 0.04948320 0.15238022 0.02055340 
576.00000000 0.18239501 0.12228111 0.42111670 0.05185579 0.04953312 0.15225426 0.02056402 
577.00000000 0.18265449 0.12241284 0.42073722 0.05190961 0.04958302 0.15212832 0.02057451 
578.00000000 0.18291357 0.12254443 0.42035850 0.05196337 0.04963289 0.15200235 0.02058489 
579.00000000 0.18317223 0.12267589 0.41998060 0.05201708 0.04968275 0.15187631 0.02059515 
580.00000000 0.18343048 0.12280721 0.41960356 0.05207073 0.04973257 0.15175014 0.02060531 
581.00000000 0.18368832 0.12293841 0.41922744 0.05212432 0.04978236 0.15162380 0.02061536 
582.00000000 0.18394575 0.12306947 0.41885226 0.05217786 0.04983210 0.15149724 0.02062532 
583.00000000 0.18420277 0.12320040 0.41847808 0.05223133 0.04988181 0.15137042 0.02063519 
584.00000000 0.18445937 0.12333120 0.41810492 0.05228476 0.04993147 0.15124331 0.02064498 
585.00000000 0.18471556 0.12346187 0.41773281 0.05233812 0.04998107 0.15111587 0.02065470 
586.00000000 0.18497135 0.12359241 0.41736177 0.05239142 0.05003062 0.15098808 0.02066434 
587.00000000 0.18522672 0.12372282 0.41699184 0.05244467 0.05008012 0.15085991 0.02067392 
588.00000000 0.18548169 0.12385310 0.41662302 0.05249786 0.05012955 0.15073133 0.02068345 
589.00000000 0.18573625 0.12398325 0.41625533 0.05255099 0.05017892 0.15060233 0.02069293 
590.00000000 0.18599041 0.12411328 0.41588878 0.05260406 0.05022822 0.15047290 0.02070237 
591.00000000 0.18624417 0.12424317 0.41552337 0.05265707 0.05027745 0.15034301 0.02071177 
592.00000000 0.18649753 0.12437293 0.41515910 0.05271002 0.05032660 0.15021267 0.02072114 
593.00000000 0.18675049 0.12450257 0.41479599 0.05276292 0.05037568 0.15008186 0.02073049 
594.00000000 0.18700306 0.12463207 0.41443401 0.05281575 0.05042469 0.14995059 0.02073983 
595.00000000 0.18725524 0.12476144 0.41407317 0.05286853 0.05047362 0.14981885 0.02074915 
596.00000000 0.18750703 0.12489068 0.41371344 0.05292126 0.05052246 0.14968665 0.02075847 
597.00000000 0.18775843 0.12501979 0.41335483 0.05297392 0.05057122 0.14955401 0.02076780 
598.00000000 0.18800946 0.12514877 0.41299730 0.05302653 0.05061990 0.14942092 0.02077712 
599.00000000 0.18826010 0.12527761 0.41264085 0.05307908 0.05066850 0.14928740 0.02078647 
600.00000000 0.18851036 0.12540632 0.41228544 0.05313158 0.05071701 0.14915347 0.02079582 
601.00000000 0.18876026 0.12553489 0.41193106 0.05318402 0.05076543 0.14901914 0.02080520 
602.00000000 0.18900978 0.12566332 0.41157767 0.05323640 0.05081377 0.14888444 0.02081461 
603.00000000 0.18925893 0.12579162 0.41122526 0.05328874 0.05086202 0.14874939 0.02082405 
604.00000000 0.18950772 0.12591979 0.41087378 0.05334102 0.05091018 0.14861401 0.02083351 
605.00000000 0.18975614 0.12604781 0.41052321 0.05339324 0.05095826 0.14847832 0.02084302 
606.00000000 0.19000420 0.12617569 0.41017351 0.05344542 0.05100624 0.14834237 0.02085256 
607.00000000 0.19025191 0.12630344 0.40982466 0.05349755 0.05105414 0.14820616 0.02086214 
608.00000000 0.19049926 0.12643104 0.40947660 0.05354962 0.05110196 0.14806975 0.02087177 
609.00000000 0.19074625 0.12655850 0.40912932 0.05360165 0.05114968 0.14793315 0.02088144 
610.00000000 0.19099290 0.12668582 0.40878277 0.05365363 0.05119732 0.14779641 0.02089116 
611.00000000 0.19123920 0.12681299 0.40843691 0.05370556 0.05124488 0.14765954 0.02090092 
612.00000000 0.19148515 0.12694001 0.40809172 0.05375745 0.05129234 0.14752260 0.02091073 
613.00000000 0.19173075 0.12706689 0.40774714 0.05380929 0.05133973 0.14738561 0.02092059 
614.00000000 0.19197601 0.12719363 0.40740315 0.05386108 0.05138703 0.14724861 0.02093049 
615.00000000 0.19222093 0.12732021 0.40705971 0.05391284 0.05143425 0.14711163 0.02094044 
616.00000000 0.19246550 0.12744665 0.40671678 0.05396455 0.05148139 0.14697470 0.02095043 
617.00000000 0.19270974 0.12757293 0.40637433 0.05401622 0.05152844 0.14683787 0.02096046 
618.00000000 0.19295364 0.12769907 0.40603232 0.05406785 0.05157542 0.14670116 0.02097054 
619.00000000 0.19319720 0.12782505 0.40569072 0.05411944 0.05162232 0.14656461 0.02098065 
620.00000000 0.19344042 0.12795089 0.40534950 0.05417100 0.05166914 0.14642825 0.02099080 
621.00000000 0.19368331 0.12807657 0.40500863 0.05422251 0.05171589 0.14629211 0.02100099 
622.00000000 0.19392586 0.12820209 0.40466807 0.05427399 0.05176256 0.14615622 0.02101120 
623.00000000 0.19416808 0.12832746 0.40432780 0.05432544 0.05180915 0.14602061 0.02102145 
624.00000000 0.19440997 0.12845268 0.40398780 0.05437684 0.05185567 0.14588531 0.02103172 
625.00000000 0.19465152 0.12857775 0.40364804 0.05442822 0.05190212 0.14575035 0.02104201 
626.00000000 0.19489274 0.12870265 0.40330849 0.05447956 0.05194850 0.14561575 0.02105232 
627.00000000 0.19513363 0.12882741 0.40296913 0.05453087 0.05199481 0.14548152 0.02106264 
628.00000000 0.19537418 0.12895200 0.40262995 0.05458214 0.05204105 0.14534771 0.02107297 
629.00000000 0.19561440 0.12907644 0.40229093 0.05463338 0.05208722 0.14521431 0.02108332 
630.00000000 0.19585430 0.12920072 0.40195204 0.05468460 0.05213332 0.14508136 0.02109366 
631.00000000 0.19609386 0.12932485 0.40161329 0.05473578 0.05217935 0.14494886 0.02110401 
632.00000000 0.19633309 0.12944882 0.40127465 0.05478693 0.05222532 0.14481684 0.02111435 
633.00000000 0.19657199 0.12957263 0.40093613 0.05483805 0.05227122 0.14468530 0.02112468 
634.00000000 0.19681057 0.12969629 0.40059770 0.05488914 0.05231706 0.14455425 0.02113501 
635.00000000 0.19704881 0.12981979 0.40025936 0.05494020 0.05236283 0.14442370 0.02114532 
636.00000000 0.19728673 0.12994313 0.39992112 0.05499123 0.05240853 0.14429366 0.02115561 
637.00000000 0.19752431 0.13006631 0.39958296 0.05504223 0.05245417 0.14416412 0.02116588 
638.00000000 0.19776157 0.13018934 0.39924490 0.05509320 0.05249975 0.14403510 0.02117613 
639.00000000 0.19799851 0.13031221 0.39890693 0.05514414 0.05254526 0.14390659 0.02118636 
640.00000000 0.19823511 0.13043493 0.39856905 0.05519505 0.05259071 0.14377859 0.02119656 
641.00000000 0.19847139 0.13055749 0.39823128 0.05524593 0.05263610 0.14365109 0.02120672 
642.00000000 0.19870735 0.13067989 0.39789362 0.05529677 0.05268142 0.14352409 0.02121686 
643.00000000 0.19894298 0.13080214 0.39755607 0.05534759 0.05272668 0.14339758 0.02122696 
644.00000000 0.19917829 0.13092423 0.39721866 0.05539837 0.05277187 0.14327155 0.02123702 
645.00000000 0.19941327 0.13104617 0.39688139 0.05544912 0.05281700 0.14314600 0.02124705 
646.00000000 0.19964793 0.13116796 0.39654428 0.05549983 0.05286206 0.14302089 0.02125705 
647.00000000 0.19988227 0.13128959 0.39620733 0.05555051 0.05290706 0.14289623 0.02126700 
648.00000000 0.20011629 0.13141106 0.39587058 0.05560116 0.05295199 0.14277200 0.02127692 
649.00000000 0.20034999 0.13153238 0.39553403 0.05565177 0.05299685 0.14264818 0.02128680 
650.00000000 0.20058337 0.13165355 0.39519770 0.05570234 0.05304165 0.14252474 0.02129664 
651.00000000 0.20081644 0.13177457 0.39486162 0.05575287 0.05308638 0.14240168 0.02130645 
652.00000000 0.20104918 0.13189543 0.39452579 0.05580336 0.05313104 0.14227898 0.02131622 
653.00000000 0.20128161 0.13201615 0.39419025 0.05585381 0.05317563 0.14215660 0.02132595 
654.00000000 0.20151372 0.13213671 0.39385502 0.05590422 0.05322015 0.14203453 0.02133565 
655.00000000 0.20174552 0.13225712 0.39352011 0.05595458 0.05326460 0.14191275 0.02134532 
656.00000000 0.20197701 0.13237738 0.39318555 0.05600490 0.05330898 0.14179123 0.02135496 
657.00000000 0.20220818 0.13249748 0.39285136 0.05605517 0.05335328 0.14166995 0.02136457 
658.00000000 0.20243903 0.13261744 0.39251757 0.05610540 0.05339752 0.14154889 0.02137415 
659.00000000 0.20266958 0.13273725 0.39218419 0.05615557 0.05344167 0.14142802 0.02138371 
660.00000000 0.20289981 0.13285691 0.39185125 0.05620569 0.05348576 0.14130732 0.02139325 
661.00000000 0.20312974 0.13297642 0.39151878 0.05625577 0.05352976 0.14118677 0.02140278 
662.00000000 0.20335935 0.13309578 0.39118678 0.05630578 0.05357369 0.14106634 0.02141228 
663.00000000 0.20358865 0.13321499 0.39085530 0.05635574 0.05361754 0.14094600 0.02142178 
664.00000000 0.20381764 0.13333405 0.39052433 0.05640565 0.05366132 0.14082575 0.02143126 
665.00000000 0.20404632 0.13345297 0.39019392 0.05645549 0.05370501 0.14070555 0.02144074 
666.00000000 0.20427470 0.13357173 0.38986408 0.05650527 0.05374862 0.14058538 0.02145022 
667.00000000 0.20450276 0.13369035 0.38953482 0.05655499 0.05379215 0.14046523 0.02145969 
668.00000000 0.20473051 0.13380881 0.38920617 0.05660465 0.05383560 0.14034507 0.02146917 
669.00000000 0.20495796 0.13392713 0.38887815 0.05665424 0.05387897 0.14022488 0.02147866 
670.00000000 0.20518509 0.13404530 0.38855077 0.05670377 0.05392226 0.14010465 0.02148816 
671.00000000 0.20541192 0.13416332 0.38822405 0.05675323 0.05396546 0.13998436 0.02149766 
672.00000000 0.20563843 0.13428120 0.38789800 0.05680261 0.05400858 0.13986399 0.02150719 
673.00000000 0.20586464 0.13439892 0.38757263 0.05685193 0.05405161 0.13974353 0.02151673 
674.00000000 0.20609054 0.13451650 0.38724797 0.05690118 0.05409456 0.13962296 0.02152630 
675.00000000 0.20631612 0.13463392 0.38692402 0.05695035 0.05413743 0.13950228 0.02153589 
676.00000000 0.20654140 0.13475120 0.38660079 0.05699944 0.05418021 0.13938147 0.02154550 
677.00000000 0.20676636 0.13486832 0.38627829 0.05704846 0.05422290 0.13926051 0.02155515 
678.00000000 0.20699101 0.13498530 0.38595653 0.05709740 0.05426551 0.13913942 0.02156483 
679.00000000 0.20721535 0.13510212 0.38563552 0.05714627 0.05430804 0.13901817 0.02157454 
680.00000000 0.20743937 0.13521880 0.38531526 0.05719505 0.05435048 0.13889676 0.02158428 
681.00000000 0.20766309 0.13533532 0.38499575 0.05724376 0.05439283 0.13877519 0.02159407 
682.00000000 0.20788648 0.13545169 0.38467700 0.05729238 0.05443511 0.13865345 0.02160389 
683.00000000 0.20810957 0.13556791 0.38435901 0.05734092 0.05447730 0.13853154 0.02161375 
684.00000000 0.20833234 0.13568398 0.38404178 0.05738938 0.05451940 0.13840947 0.02162365 
685.00000000 0.20855479 0.13579989 0.38372530 0.05743776 0.05456143 0.13828724 0.02163359 
686.00000000 0.20877693 0.13591565 0.38340959 0.05748605 0.05460337 0.13816484 0.02164358 
687.00000000 0.20899875 0.13603126 0.38309462 0.05753426 0.05464523 0.13804228 0.02165361 
688.00000000 0.20922025 0.13614671 0.38278039 0.05758239 0.05468701 0.13791957 0.02166368 
689.00000000 0.20944144 0.13626200 0.38246691 0.05763043 0.05472871 0.13779671 0.02167379 
690.00000000 0.20966231 0.13637714 0.38215416 0.05767839 0.05477034 0.13767371 0.02168395 
691.00000000 0.20988287 0.13649213 0.38184213 0.05772626 0.05481189 0.13755058 0.02169415 
692.00000000 0.21010310 0.13660696 0.38153081 0.05777404 0.05485336 0.13742734 0.02170439 
693.00000000 0.21032302 0.13672163 0.38122020 0.05782175 0.05489476 0.13730398 0.02171467 
694.00000000 0.21054263 0.13683614 0.38091027 0.05786937 0.05493609 0.13718052 0.02172498 
695.00000000 0.21076191 0.13695050 0.38060102 0.05791690 0.05497734 0.13705698 0.02173534 
696.00000000 0.21098088 0.13706470 0.38029244 0.05796435 0.05501853 0.13693337 0.02174573 
697.00000000 0.21119953 0.13717874 0.37998450 0.05801172 0.05505965 0.13680970 0.02175616 
698.00000000 0.21141787 0.13729262 0.37967720 0.05805901 0.05510070 0.13668599 0.02176662 
699.00000000 0.21163589 0.13740633 0.37937051 0.05810621 0.05514169 0.13656226 0.02177710 
700.00000000 0.21185360 0.13751989 0.37906442 0.05815333 0.05518262 0.13643851 0.02178762 
701.00000000 0.21207099 0.13763329 0.37875892 0.05820037 0.05522349 0.13631478 0.02179817 
702.00000000 0.21228807 0.13774653 0.37845398 0.05824734 0.05526429 0.13619106 0.02180873 
703.00000000 0.21250483 0.13785961 0.37814958 0.05829422 0.05530505 0.13606739 0.02181932 
704.00000000 0.21272129 0.13797253 0.37784571 0.05834102 0.05534574 0.13594378 0.02182993 
705.00000000 0.21293743 0.13808528 0.37754235 0.05838775 0.05538639 0.13582025 0.02184055 
706.00000000 0.21315327 0.13819787 0.37723948 0.05843440 0.05542698 0.13569681 0.02185119 
707.00000000 0.21336879 0.13831031 0.37693708 0.05848098 0.05546752 0.13557348 0.02186184 
708.00000000 0.21358401 0.13842258 0.37663513 0.05852748 0.05550802 0.13545029 0.02187249 
709.00000000 0.21379892 0.13853468 0.37633360 0.05857391 0.05554847 0.13532725 0.02188316 
710.00000000 0.21401353 0.13864663 0.37603249 0.05862026 0.05558888 0.13520438 0.02189382 
711.00000000 0.21422784 0.13875841 0.37573177 0.05866655 0.05562925 0.13508170 0.02190448 
712.00000000 0.21444184 0.13887003 0.37543142 0.05871277 0.05566958 0.13495921 0.02191514 
713.00000000 0.21465555 0.13898149 0.37513142 0.05875891 0.05570987 0.13483695 0.02192580 
714.00000000 0.21486896 0.13909279 0.37483175 0.05880499 0.05575013 0.13471493 0.02193645 
715.00000000 0.21508207 0.13920392 0.37453240 0.05885101 0.05579036 0.13459316 0.02194708 
716.00000000 0.21529488 0.13931490 0.37423335 0.05889695 0.05583055 0.13447166 0.02195771 
717.00000000 0.21550740 0.13942571 0.37393458 0.05894284 0.05587072 0.13435045 0.02196831 
718.00000000 0.21571963 0.13953636 0.37363607 0.05898866 0.05591085 0.13422953 0.02197890 
719.00000000 0.21593156 0.13964685 0.37333780 0.05903442 0.05595096 0.13410893 0.02198947 
720.00000000 0.21614321 0.13975718 0.37303977 0.05908012 0.05599105 0.13398866 0.02200002 
721.00000000 0.21635457 0.13986735 0.37274196 0.05912576 0.05603111 0.13386872 0.02201054 
722.00000000 0.21656564 0.13997736 0.37244434 0.05917134 0.05607115 0.13374914 0.02202103 
723.00000000 0.21677642 0.14008721 0.37214692 0.05921686 0.05611117 0.13362992 0.02203150 
724.00000000 0.21698693 0.14019691 0.37184967 0.05926232 0.05615117 0.13351107 0.02204194 
725.00000000 0.21719714 0.14030644 0.37155258 0.05930774 0.05619116 0.13339260 0.02205234 
726.00000000 0.21740708 0.14041582 0.37125565 0.05935309 0.05623112 0.13327452 0.02206272 
727.00000000 0.21761674 0.14052504 0.37095886 0.05939839 0.05627107 0.13315684 0.02207305 
728.00000000 0.21782611 0.14063410 0.37066221 0.05944364 0.05631101 0.13303957 0.02208336 
729.00000000 0.21803521 0.14074300 0.37036568 0.05948884 0.05635094 0.13292270 0.02209362 
730.00000000 0.21824403 0.14085176 0.37006928 0.05953399 0.05639085 0.13280625 0.02210385 
731.00000000 0.21845257 0.14096035 0.36977298 0.05957908 0.05643074 0.13269022 0.02211404 
732.00000000 0.21866083 0.14106879 0.36947680 0.05962413 0.05647063 0.13257461 0.02212420 
733.00000000 0.21886882 0.14117708 0.36918072 0.05966913 0.05651051 0.13245943 0.02213431 
734.00000000 0.21907654 0.14128521 0.36888474 0.05971407 0.05655037 0.13234467 0.02214438 
735.00000000 0.21928397 0.14139320 0.36858887 0.05975897 0.05659023 0.13223034 0.02215442 
736.00000000 0.21949114 0.14150103 0.36829309 0.05980383 0.05663007 0.13211643 0.02216441 
737.00000000 0.21969803 0.14160870 0.36799741 0.05984863 0.05666991 0.13200295 0.02217437 
738.00000000 0.21990464 0.14171623 0.36770183 0.05989339 0.05670974 0.13188989 0.02218428 
739.00000000 0.22011098 0.14182361 0.36740635 0.05993811 0.05674955 0.13177725 0.02219416 
740.00000000 0.22031704 0.14193084 0.36711097 0.05998277 0.05678936 0.13166502 0.02220399 
741.00000000 0.22052284 0.14203792 0.36681570 0.06002739 0.05682915 0.13155320 0.02221379 
742.00000000 0.22072835 0.14214486 0.36652054 0.06007197 0.05686894 0.13144179 0.02222355 
743.00000000 0.22093359 0.14225164 0.36622550 0.06011650 0.05690872 0.13133077 0.02223327 
744.00000000 0.22113856 0.14235828 0.36593058 0.06016099 0.05694848 0.13122015 0.02224295 
745.00000000 0.22134326 0.14246477 0.36563580 0.06020543 0.05698823 0.13110991 0.02225260 
746.00000000 0.22154767 0.14257112 0.36534115 0.06024983 0.05702797 0.13100005 0.02226221 
747.00000000 0.22175182 0.14267733 0.36504664 0.06029418 0.05706770 0.13089055 0.02227179 
748.00000000 0.22195568 0.14278339 0.36475229 0.06033849 0.05710741 0.13078141 0.02228133 
749.00000000 0.22215927 0.14288930 0.36445810 0.06038275 0.05714711 0.13067262 0.02229083 
750.00000000 0.22236259 0.14299508 0.36416409 0.06042697 0.05718680 0.13056417 0.02230031 
751.00000000 0.22256563 0.14310071 0.36387026 0.06047114 0.05722646 0.13045605 0.02230975 
752.00000000 0.22276839 0.14320620 0.36357663 0.06051527 0.05726611 0.13034824 0.02231916 
753.00000000 0.22297087 0.14331155 0.36328320 0.06055936 0.05730575 0.13024074 0.02232854 
754.00000000 0.22317308 0.14341676 0.36298999 0.06060340 0.05734536 0.13013353 0.02233789 
755.00000000 0.22337500 0.14352183 0.36269701 0.06064739 0.05738495 0.13002660 0.02234721 
756.00000000 0.22357665 0.14362676 0.36240427 0.06069134 0.05742453 0.12991994 0.02235651 
757.00000000 0.22377802 0.14373155 0.36211179 0.06073525 0.05746408 0.12981354 0.02236578 
758.00000000 0.22397911 0.14383620 0.36181957 0.06077910 0.05750360 0.12970739 0.02237502 
759.00000000 0.22417993 0.14394072 0.36152763 0.06082292 0.05754310 0.12960147 0.02238424 
760.00000000 0.22438046 0.14404510 0.36123598 0.06086668 0.05758258 0.12949577 0.02239343 
761.00000000 0.22458072 0.14414934 0.36094463 0.06091040 0.05762203 0.12939028 0.02240260 
762.00000000 0.22478069 0.14425345 0.36065360 0.06095408 0.05766145 0.12928498 0.02241174 
763.00000000 0.22498038 0.14435743 0.36036290 0.06099770 0.05770084 0.12917988 0.02242087 
764.00000000 0.22517980 0.14446126 0.36007254 0.06104128 0.05774020 0.12907494 0.02242997 
765.00000000 0.22537894 0.14456497 0.35978254 0.06108481 0.05777953 0.12897017 0.02243905 
766.00000000 0.22557779 0.14466854 0.35949289 0.06112830 0.05781882 0.12886554 0.02244811 
767.00000000 0.22577637 0.14477198 0.35920362 0.06117173 0.05785808 0.12876106 0.02245715 
768.00000000 0.22597467 0.14487528 0.35891474 0.06121512 0.05789731 0.12865670 0.02246617 
769.00000000 0.22617269 0.14497845 0.35862626 0.06125846 0.05793650 0.12855247 0.02247518 
770.00000000 0.22637043 0.14508149 0.35833818 0.06130175 0.05797564 0.12844834 0.02248416 
771.00000000 0.22656789 0.14518440 0.35805051 0.06134499 0.05801476 0.12834431 0.02249313 
772.00000000 0.22676508 0.14528718 0.35776328 0.06138819 0.05805383 0.12824037 0.02250208 
773.00000000 0.22696199 0.14538983 0.35747647 0.06143133 0.05809285 0.12813651 0.02251101 
774.00000000 0.22715862 0.14549235 0.35719011 0.06147442 0.05813184 0.12803273 0.02251993 
775.00000000 0.22735497 0.14559474 0.35690420 0.06151746 0.05817078 0.12792901 0.02252882 
776.00000000 0.22755105 0.14569700 0.35661875 0.06156046 0.05820968 0.12782536 0.02253771 
777.00000000 0.22774686 0.14579913 0.35633376 0.06160340 0.05824853 0.12772175 0.02254657 
778.00000000 0.22794238 0.14590113 0.35604924 0.06164629 0.05828734 0.12761819 0.02255543 
779.00000000 0.22813764 0.14600300 0.35576519 0.06168913 0.05832610 0.12751467 0.02256426 
780.00000000 0.22833262 0.14610475 0.35548162 0.06173192 0.05836481 0.12741119 0.02257308 
781.00000000 0.22852732 0.14620637 0.35519854 0.06177466 0.05840347 0.12730775 0.02258189 
782.00000000 0.22872176 0.14630786 0.35491594 0.06181735 0.05844208 0.12720433 0.02259068 
783.00000000 0.22891592 0.14640922 0.35463383 0.06185999 0.05848064 0.12710094 0.02259946 
784.00000000 0.22910981 0.14651046 0.35435220 0.06190257 0.05851915 0.12699757 0.02260822 
785.00000000 0.22930343 0.14661157 0.35407107 0.06194511 0.05855761 0.12689423 0.02261697 
786.00000000 0.22949678 0.14671256 0.35379044 0.06198759 0.05859602 0.12679091 0.02262571 
787.00000000 0.22968986 0.14681342 0.35351029 0.06203002 0.05863437 0.12668761 0.02263443 
788.00000000 0.22988267 0.14691415 0.35323064 0.06207240 0.05867267 0.12658433 0.02264314 
789.00000000 0.23007522 0.14701476 0.35295147 0.06211472 0.05871092 0.12648108 0.02265184 
790.00000000 0.23026749 0.14711524 0.35267280 0.06215700 0.05874911 0.12637785 0.02266052 
791.00000000 0.23045950 0.14721559 0.35239461 0.06219922 0.05878725 0.12627464 0.02266919 
792.00000000 0.23065124 0.14731582 0.35211690 0.06224139 0.05882533 0.12617146 0.02267785 
793.00000000 0.23084272 0.14741593 0.35183967 0.06228351 0.05886336 0.12606831 0.02268650 
794.00000000 0.23103393 0.14751591 0.35156292 0.06232558 0.05890133 0.12596519 0.02269514 
795.00000000 0.23122487 0.14761577 0.35128664 0.06236759 0.05893925 0.12586211 0.02270377 
796.00000000 0.23141555 0.14771550 0.35101083 0.06240956 0.05897711 0.12575907 0.02271238 
797.00000000 0.23160597 0.14781510 0.35073548 0.06245147 0.05901492 0.12565607 0.02272099 
798.00000000 0.23179612 0.14791458 0.35046059 0.06249333 0.05905267 0.12555313 0.02272958 
799.00000000 0.23198601 0.14801394 0.35018615 0.06253514 0.05909036 0.12545023 0.02273817 
800.00000000 0.23217563 0.14811317 0.34991215 0.06257690 0.05912800 0.12534740 0.02274675 
801.00000000 0.23236499 0.14821228 0.34963859 0.06261861 0.05916558 0.12524463 0.02275532 
802.00000000 0.23255410 0.14831126 0.34936546 0.06266026 0.05920311 0.12514193 0.02276388 
803.00000000 0.23274293 0.14841011 0.34909276 0.06270187 0.05924058 0.12503931 0.02277243 
804.00000000 0.23293151 0.14850884 0.34882047 0.06274342 0.05927800 0.12493677 0.02278097 
805.00000000 0.23311983 0.14860745 0.34854860 0.06278493 0.05931536 0.12483432 0.02278951 
806.00000000 0.23330788 0.14870593 0.34827713 0.06282638 0.05935266 0.12473197 0.02279804 
807.00000000 0.23349568 0.14880429 0.34800605 0.06286779 0.05938991 0.12462971 0.02280657 
808.00000000 0.23368321 0.14890252 0.34773537 0.06290914 0.05942711 0.12452757 0.02281509 
809.00000000 0.23387049 0.14900062 0.34746506 0.06295044 0.05946425 0.12442553 0.02282360 
810.00000000 0.23405750 0.14909860 0.34719513 0.06299170 0.05950134 0.12432362 0.02283211 
811.00000000 0.23424426 0.14919645 0.34692557 0.06303290 0.05953838 0.12422183 0.02284062 
812.00000000 0.23443076 0.14929418 0.34665636 0.06307406 0.05957536 0.12412017 0.02284912 
813.00000000 0.23461700 0.14939178 0.34638751 0.06311517 0.05961228 0.12401865 0.02285761 
814.00000000 0.23480298 0.14948926 0.34611901 0.06315622 0.05964916 0.12391727 0.02286610 
815.00000000 0.23498870 0.14958661 0.34585084 0.06319723 0.05968598 0.12381605 0.02287459 
816.00000000 0.23517417 0.14968383 0.34558301 0.06323820 0.05972275 0.12371497 0.02288307 
817.00000000 0.23535937 0.14978093 0.34531551 0.06327911 0.05975947 0.12361406 0.02289155 
818.00000000 0.23554433 0.14987790 0.34504833 0.06331997 0.05979614 0.12351331 0.02290003 
819.00000000 0.23572902 0.14997475 0.34478146 0.06336079 0.05983275 0.12341272 0.02290851 
820.00000000 0.23591346 0.15007147 0.34451490 0.06340156 0.05986932 0.12331232 0.02291698 
821.00000000 0.23609765 0.15016806 0.34424865 0.06344228 0.05990583 0.12321208 0.02292545 
822.00000000 0.23628158 0.15026453 0.34398270 0.06348296 0.05994229 0.12311203 0.02293391 
823.00000000 0.23646525 0.15036087 0.34371705 0.06352358 0.05997871 0.12301217 0.02294238 
824.00000000 0.23664868 0.15045708 0.34345169 0.06356416 0.06001507 0.12291249 0.02295084 
825.00000000 0.23683185 0.15055317 0.34318661 0.06360469 0.06005138 0.12281300 0.02295930 
826.00000000 0.23701476 0.15064914 0.34292183 0.06364518 0.06008765 0.12271370 0.02296775 
827.00000000 0.23719743 0.15074497 0.34265732 0.06368562 0.06012386 0.12261459 0.02297620 
828.00000000 0.23737984 0.15084068 0.34239310 0.06372601 0.06016003 0.12251568 0.02298465 
829.00000000 0.23756200 0.15093627 0.34212915 0.06376636 0.06019615 0.12241697 0.02299310 
830.00000000 0.23774391 0.15103173 0.34186548 0.06380666 0.06023222 0.12231846 0.02300154 
831.00000000 0.23792557 0.15112706 0.34160209 0.06384691 0.06026824 0.12222014 0.02300998 
832.00000000 0.23810698 0.15122227 0.34133897 0.06388712 0.06030422 0.12212203 0.02301841 
833.00000000 0.23828814 0.15131735 0.34107613 0.06392728 0.06034015 0.12202411 0.02302684 
834.00000000 0.23846906 0.15141231 0.34081355 0.06396740 0.06037603 0.12192639 0.02303527 
835.00000000 0.23864972 0.15150714 0.34055125 0.06400746 0.06041186 0.12182887 0.02304369 
836.00000000 0.23883014 0.15160184 0.34028923 0.06404749 0.06044765 0.12173154 0.02305211 
837.00000000 0.23901032 0.15169642 0.34002748 0.06408746 0.06048339 0.12163441 0.02306052 
838.00000000 0.23919024 0.15179088 0.33976601 0.06412739 0.06051908 0.12153747 0.02306893 
839.00000000 0.23936992 0.15188521 0.33950481 0.06416728 0.06055472 0.12144072 0.02307733 
840.00000000 0.23954936 0.15197942 0.33924389 0.06420712 0.06059032 0.12134416 0.02308572 
841.00000000 0.23972855 0.15207350 0.33898326 0.06424691 0.06062588 0.12124779 0.02309411 
842.00000000 0.23990750 0.15216746 0.33872291 0.06428666 0.06066138 0.12115160 0.02310249 
843.00000000 0.24008621 0.15226129 0.33846284 0.06432636 0.06069684 0.12105560 0.02311086 
844.00000000 0.24026467 0.15235500 0.33820306 0.06436601 0.06073226 0.12095976 0.02311923 
845.00000000 0.24044289 0.15244859 0.33794358 0.06440562 0.06076763 0.12086411 0.02312759 
846.00000000 0.24062087 0.15254205 0.33768439 0.06444518 0.06080295 0.12076862 0.02313594 
847.00000000 0.24079861 0.15263539 0.33742549 0.06448470 0.06083823 0.12067330 0.02314428 
848.00000000 0.24097610 0.15272860 0.33716690 0.06452416 0.06087346 0.12057815 0.02315262 
849.00000000 0.24115336 0.15282170 0.33690862 0.06456359 0.06090864 0.12048315 0.02316094 
850.00000000 0.24133037 0.15291467 0.33665064 0.06460296 0.06094378 0.12038831 0.02316926 
851.00000000 0.24150715 0.15300752 0.33639298 0.06464229 0.06097888 0.12029362 0.02317757 
852.00000000 0.24168369 0.15310024 0.33613563 0.06468157 0.06101392 0.12019908 0.02318586 
853.00000000 0.24185998 0.15319284 0.33587860 0.06472081 0.06104893 0.12010468 0.02319415 
854.00000000 0.24203604 0.15328532 0.33562190 0.06476000 0.06108388 0.12001042 0.02320243 
855.00000000 0.24221186 0.15337768 0.33536552 0.06479914 0.06111879 0.11991630 0.02321070 
856.00000000 0.24238744 0.15346992 0.33510947 0.06483823 0.06115366 0.11982231 0.02321896 
857.00000000 0.24256278 0.15356204 0.33485376 0.06487728 0.06118848 0.11972844 0.02322721 
858.00000000 0.24273789 0.15365403 0.33459839 0.06491628 0.06122325 0.11963470 0.02323545 
859.00000000 0.24291275 0.15374590 0.33434336 0.06495523 0.06125798 0.11954108 0.02324369 
860.00000000 0.24308738 0.15383766 0.33408868 0.06499414 0.06129266 0.11944758 0.02325191 
861.00000000 0.24326177 0.15392929 0.33383435 0.06503299 0.06132730 0.11935418 0.02326012 
862.00000000 0.24343593 0.15402080 0.33358036 0.06507180 0.06136189 0.11926090 0.02326832 
863.00000000 0.24360984 0.15411219 0.33332674 0.06511056 0.06139643 0.11916772 0.02327652 
864.00000000 0.24378352 0.15420346 0.33307347 0.06514928 0.06143093 0.11907464 0.02328470 
865.00000000 0.24395696 0.15429461 0.33282056 0.06518794 0.06146539 0.11898166 0.02329288 
866.00000000 0.24413017 0.15438564 0.33256802 0.06522656 0.06149980 0.11888877 0.02330105 
867.00000000 0.24430314 0.15447655 0.33231584 0.06526512 0.06153416 0.11879598 0.02330921 
868.00000000 0.24447587 0.15456734 0.33206403 0.06530364 0.06156848 0.11870328 0.02331736 
869.00000000 0.24464836 0.15465800 0.33181259 0.06534212 0.06160275 0.11861067 0.02332551 
870.00000000 0.24482062 0.15474855 0.33156153 0.06538054 0.06163698 0.11851814 0.02333364 
871.00000000 0.24499264 0.15483898 0.33131083 0.06541891 0.06167116 0.11842570 0.02334177 
872.00000000 0.24516443 0.15492930 0.33106051 0.06545724 0.06170530 0.11833334 0.02334989 
873.00000000 0.24533598 0.15501949 0.33081057 0.06549551 0.06173939 0.11824106 0.02335801 
874.00000000 0.24550729 0.15510956 0.33056100 0.06553374 0.06177344 0.11814886 0.02336612 
875.00000000 0.24567837 0.15519951 0.33031181 0.06557192 0.06180744 0.11805673 0.02337422 
876.00000000 0.24584921 0.15528935 0.33006299 0.06561005 0.06184140 0.11796469 0.02338232 
877.00000000 0.24601981 0.15537906 0.32981456 0.06564813 0.06187531 0.11787272 0.02339041 
878.00000000 0.24619019 0.15546866 0.32956649 0.06568616 0.06190918 0.11778082 0.02339849 
879.00000000 0.24636032 0.15555814 0.32931881 0.06572414 0.06194301 0.11768900 0.02340658 
880.00000000 0.24653022 0.15564749 0.32907150 0.06576208 0.06197679 0.11759726 0.02341465 
881.00000000 0.24669989 0.15573674 0.32882457 0.06579996 0.06201053 0.11750559 0.02342272 
882.00000000 0.24686932 0.15582586 0.32857801 0.06583780 0.06204422 0.11741400 0.02343079 
883.00000000 0.24703852 0.15591486 0.32833183 0.06587558 0.06207788 0.11732248 0.02343886 
884.00000000 0.24720748 0.15600375 0.32808601 0.06591332 0.06211148 0.11723104 0.02344692 
885.00000000 0.24737621 0.15609251 0.32784057 0.06595101 0.06214505 0.11713968 0.02345497 
886.00000000 0.24754471 0.15618116 0.32759549 0.06598865 0.06217857 0.11704839 0.02346303 
887.00000000 0.24771297 0.15626969 0.32735078 0.06602624 0.06221205 0.11695719 0.02347108 
888.00000000 0.24788101 0.15635811 0.32710643 0.06606378 0.06224549 0.11686607 0.02347913 
889.00000000 0.24804881 0.15644640 0.32686244 0.06610127 0.06227889 0.11677503 0.02348717 
890.00000000 0.24821638 0.15653458 0.32661881 0.06613871 0.06231224 0.11668407 0.02349521 
891.00000000 0.24838371 0.15662264 0.32637553 0.06617610 0.06234556 0.11659320 0.02350325 
892.00000000 0.24855082 0.15671058 0.32613261 0.06621345 0.06237883 0.11650242 0.02351129 
893.00000000 0.24871770 0.15679841 0.32589004 0.06625075 0.06241206 0.11641173 0.02351932 
894.00000000 0.24888435 0.15688612 0.32564782 0.06628799 0.06244525 0.11632113 0.02352735 
895.00000000 0.24905077 0.15697371 0.32540594 0.06632519 0.06247840 0.11623062 0.02353537 
896.00000000 0.24921696 0.15706118 0.32516440 0.06636234 0.06251151 0.11614021 0.02354340 
897.00000000 0.24938292 0.15714854 0.32492320 0.06639945 0.06254458 0.11604990 0.02355142 
898.00000000 0.24954865 0.15723578 0.32468233 0.06643650 0.06257761 0.11595969 0.02355943 
899.00000000 0.24971416 0.15732290 0.32444179 0.06647351 0.06261060 0.11586959 0.02356745 
900.00000000 0.24987944 0.15740991 0.32420158 0.06651047 0.06264356 0.11577959 0.02357546 
901.00000000 0.25004449 0.15749679 0.32396170 0.06654738 0.06267647 0.11568970 0.02358346 
902.00000000 0.25020932 0.15758357 0.32372213 0.06658425 0.06270935 0.11559993 0.02359146 
903.00000000 0.25037392 0.15767022 0.32348289 0.06662106 0.06274219 0.11551026 0.02359946 
904.00000000 0.25053830 0.15775676 0.32324396 0.06665783 0.06277499 0.11542072 0.02360745 
905.00000000 0.25070245 0.15784319 0.32300534 0.06669455 0.06280775 0.11533129 0.02361543 
906.00000000 0.25086638 0.15792949 0.32276702 0.06673123 0.06284048 0.11524199 0.02362341 
907.00000000 0.25103008 0.15801568 0.32252901 0.06676786 0.06287316 0.11515281 0.02363139 
908.00000000 0.25119357 0.15810176 0.32229131 0.06680444 0.06290582 0.11506375 0.02363935 
909.00000000 0.25135683 0.15818772 0.32205390 0.06684098 0.06293843 0.11497483 0.02364731 
910.00000000 0.25151987 0.15827356 0.32181678 0.06687747 0.06297101 0.11488604 0.02365527 
911.00000000 0.25168268 0.15835929 0.32157996 0.06691391 0.06300355 0.11479738 0.02366321 
912.00000000 0.25184528 0.15844490 0.32134343 0.06695031 0.06303606 0.11470886 0.02367115 
913.00000000 0.25200766 0.15853040 0.32110719 0.06698666 0.06306853 0.11462048 0.02367908 
914.00000000 0.25216981 0.15861578 0.32087123 0.06702297 0.06310097 0.11453224 0.02368700 
915.00000000 0.25233175 0.15870105 0.32063555 0.06705923 0.06313337 0.11444414 0.02369490 
916.00000000 0.25249346 0.15878621 0.32040016 0.06709545 0.06316574 0.11435619 0.02370280 
917.00000000 0.25265496 0.15887124 0.32016504 0.06713162 0.06319807 0.11426838 0.02371069 
918.00000000 0.25281624 0.15895617 0.31993020 0.06716775 0.06323037 0.11418072 0.02371857 
919.00000000 0.25297729 0.15904098 0.31969563 0.06720383 0.06326263 0.11409321 0.02372644 
920.00000000 0.25313814 0.15912567 0.31946133 0.06723987 0.06329486 0.11400585 0.02373429 
921.00000000 0.25329876 0.15921026 0.31922730 0.06727586 0.06332705 0.11391864 0.02374213 
922.00000000 0.25345916 0.15929472 0.31899354 0.06731181 0.06335921 0.11383158 0.02374996 
923.00000000 0.25361935 0.15937908 0.31876005 0.06734771 0.06339134 0.11374468 0.02375778 
924.00000000 0.25377932 0.15946332 0.31852683 0.06738357 0.06342343 0.11365794 0.02376558 
925.00000000 0.25393908 0.15954745 0.31829387 0.06741939 0.06345549 0.11357134 0.02377337 
926.00000000 0.25409862 0.15963146 0.31806118 0.06745517 0.06348752 0.11348491 0.02378115 
927.00000000 0.25425794 0.15971537 0.31782875 0.06749090 0.06351951 0.11339863 0.02378891 
928.00000000 0.25441705 0.15979916 0.31759658 0.06752658 0.06355146 0.11331251 0.02379666 
929.00000000 0.25457594 0.15988283 0.31736468 0.06756223 0.06358339 0.11322655 0.02380439 
930.00000000 0.25473461 0.15996640 0.31713304 0.06759783 0.06361528 0.11314074 0.02381211 
931.00000000 0.25489307 0.16004985 0.31690166 0.06763339 0.06364713 0.11305509 0.02381981 
932.00000000 0.25505132 0.16013319 0.31667054 0.06766890 0.06367895 0.11296959 0.02382750 
933.00000000 0.25520935 0.16021642 0.31643969 0.06770437 0.06371074 0.11288426 0.02383517 
934.00000000 0.25536716 0.16029954 0.31620909 0.06773980 0.06374250 0.11279907 0.02384283 
935.00000000 0.25552477 0.16038255 0.31597876 0.06777519 0.06377422 0.11271404 0.02385047 
936.00000000 0.25568215 0.16046545 0.31574870 0.06781053 0.06380591 0.11262917 0.02385809 
937.00000000 0.25583933 0.16054824 0.31551890 0.06784583 0.06383756 0.11254445 0.02386570 
938.00000000 0.25599629 0.16063091 0.31528936 0.06788109 0.06386918 0.11245987 0.02387329 
939.00000000 0.25615304 0.16071348 0.31506009 0.06791631 0.06390076 0.11237545 0.02388087 
940.00000000 0.25630957 0.16079593 0.31483108 0.06795149 0.06393232 0.11229118 0.02388843 
941.00000000 0.25646589 0.16087828 0.31460234 0.06798662 0.06396383 0.11220706 0.02389598 
942.00000000 0.25662200 0.16096052 0.31437387 0.06802171 0.06399531 0.11212308 0.02390351 
943.00000000 0.25677789 0.16104265 0.31414567 0.06805676 0.06402676 0.11203925 0.02391103 
944.00000000 0.25693358 0.16112467 0.31391774 0.06809176 0.06405817 0.11195555 0.02391853 
945.00000000 0.25708905 0.16120658 0.31369007 0.06812672 0.06408955 0.11187200 0.02392602 
946.00000000 0.25724431 0.16128838 0.31346269 0.06816165 0.06412090 0.11178859 0.02393349 
947.00000000 0.25739936 0.16137007 0.31323557 0.06819652 0.06415220 0.11170532 0.02394095 
948.00000000 0.25755420 0.16145166 0.31300874 0.06823136 0.06418348 0.11162218 0.02394839 
949.00000000 0.25770883 0.16153313 0.31278218 0.06826616 0.06421471 0.11153917 0.02395582 
950.00000000 0.25786324 0.16161450 0.31255589 0.06830091 0.06424591 0.11145630 0.02396324 
951.00000000 0.25801745 0.16169577 0.31232989 0.06833562 0.06427708 0.11137355 0.02397064 
952.00000000 0.25817144 0.16177692 0.31210417 0.06837029 0.06430821 0.11129093 0.02397803 
953.00000000 0.25832523 0.16185797 0.31187873 0.06840491 0.06433930 0.11120844 0.02398541 
954.00000000 0.25847881 0.16193891 0.31165357 0.06843950 0.06437036 0.11112607 0.02399278 
955.00000000 0.25863217 0.16201975 0.31142870 0.06847404 0.06440138 0.11104382 0.02400013 
956.00000000 0.25878533 0.16210048 0.31120412 0.06850854 0.06443237 0.11096168 0.02400747 
957.00000000 0.25893828 0.16218110 0.31097983 0.06854300 0.06446331 0.11087967 0.02401481 
958.00000000 0.25909103 0.16226162 0.31075582 0.06857742 0.06449423 0.11079777 0.02402213 
959.00000000 0.25924356 0.16234203 0.31053211 0.06861179 0.06452510 0.11071598 0.02402944 
960.00000000 0.25939589 0.16242233 0.31030869 0.06864612 0.06455594 0.11063430 0.02403674 
961.00000000 0.25954800 0.16250253 0.31008556 0.06868041 0.06458674 0.11055273 0.02404402 
962.00000000 0.25969992 0.16258263 0.30986273 0.06871466 0.06461750 0.11047127 0.02405131 
963.00000000 0.25985162 0.16266262 0.30964019 0.06874886 0.06464822 0.11038991 0.02405858 
964.00000000 0.26000312 0.16274250 0.30941795 0.06878302 0.06467891 0.11030865 0.02406584 
965.00000000 0.26015441 0.16282228 0.30919601 0.06881715 0.06470956 0.11022750 0.02407309 
966.00000000 0.26030550 0.16290196 0.30897437 0.06885122 0.06474017 0.11014644 0.02408034 
967.00000000 0.26045638 0.16298153 0.30875303 0.06888526 0.06477074 0.11006549 0.02408757 
968.00000000 0.26060705 0.16306100 0.30853199 0.06891925 0.06480127 0.10998463 0.02409480 
969.00000000 0.26075752 0.16314036 0.30831125 0.06895321 0.06483177 0.10990387 0.02410203 
970.00000000 0.26090779 0.16321962 0.30809081 0.06898711 0.06486223 0.10982320 0.02410924 
971.00000000 0.26105785 0.16329878 0.30787068 0.06902098 0.06489265 0.10974262 0.02411645 
972.00000000 0.26120770 0.16337783 0.30765085 0.06905481 0.06492303 0.10966214 0.02412365 
973.00000000 0.26135736 0.16345678 0.30743132 0.06908859 0.06495337 0.10958174 0.02413084 
974.00000000 0.26150680 0.16353563 0.30721210 0.06912233 0.06498367 0.10950144 0.02413803 
975.00000000 0.26165605 0.16361437 0.30699318 0.06915603 0.06501394 0.10942123 0.02414521 
976.00000000 0.26180509 0.16369301 0.30677457 0.06918969 0.06504416 0.10934110 0.02415238 
977.00000000 0.26195393 0.16377155 0.30655626 0.06922330 0.06507435 0.10926107 0.02415955 
978.00000000 0.26210257 0.16384998 0.30633826 0.06925687 0.06510449 0.10918112 0.02416671 
979.00000000 0.26225100 0.16392831 0.30612056 0.06929040 0.06513460 0.10910126 0.02417386 
980.00000000 0.26239923 0.16400654 0.30590317 0.06932389 0.06516467 0.10902148 0.02418101 
981.00000000 0.26254726 0.16408467 0.30568608 0.06935734 0.06519470 0.10894180 0.02418815 
982.00000000 0.26269509 0.16416269 0.30546930 0.06939074 0.06522469 0.10886220 0.02419529 
983.00000000 0.26284272 0.16424061 0.30525282 0.06942410 0.06525464 0.10878268 0.02420242 
984.00000000 0.26299015 0.16431843 0.30503664 0.06945742 0.06528456 0.10870326 0.02420955 
985.00000000 0.26313737 0.16439615 0.30482077 0.06949070 0.06531443 0.10862392 0.02421666 
986.00000000 0.26328440 0.16447377 0.30460519 0.06952394 0.06534426 0.10854467 0.02422378 
987.00000000 0.26343122 0.16455128 0.30438992 0.06955713 0.06537406 0.10846550 0.02423088 
988.00000000 0.26357784 0.16462870 0.30417495 0.06959029 0.06540382 0.10838642 0.02423798 
989.00000000 0.26372427 0.16470601 0.30396028 0.06962340 0.06543353 0.10830744 0.02424507 
990.00000000 0.26387049 0.16478322 0.30374591 0.06965647 0.06546321 0.10822854 0.02425216 
991.00000000 0.26401652 0.16486033 0.30353184 0.06968950 0.06549285 0.10814973 0.02425924 
992.00000000 0.26416235 0.16493733 0.30331806 0.06972248 0.06552245 0.10807101 0.02426631 
993.00000000 0.26430797 0.16501424 0.30310458 0.06975543 0.06555202 0.10799238 0.02427338 
994.00000000 0.26445340 0.16509105 0.30289139 0.06978834 0.06558154 0.10791384 0.02428044 
995.00000000 0.26459863 0.16516775 0.30267850 0.06982120 0.06561103 0.10783540 0.02428749 
996.00000000 0.26474367 0.16524436 0.30246590 0.06985402 0.06564047 0.10775704 0.02429454 
997.00000000 0.26488850 0.16532086 0.30225359 0.06988680 0.06566988 0.10767879 0.02430157 
998.00000000 0.26503314 0.16539726 0.30204157 0.06991954 0.06569925 0.10760062 0.02430860 
999.00000000 0.26517758 0.16547356 0.30182984 0.06995224 0.06572858 0.10752256 0.02431563 
