0.00000000 0.00225937 0.01191697 0.76937613 0.00190601 0.00102365 0.20810004 0.00541781 
1.00000000 0.00228602 0.01198546 0.77255120 0.00188504 0.00101258 0.20497797 0.00530175 
2.00000000 0.00231144 0.01205371 0.77570294 0.00186264 0.00100030 0.20188194 0.00518703 
3.00000000 0.00233568 0.01212174 0.77882716 0.00183895 0.00098693 0.19881564 0.00507389 
4.00000000 0.00235878 0.01218957 0.78191976 0.00181409 0.00097257 0.19578268 0.00496254 
5.00000000 0.00238079 0.01225723 0.78497675 0.00178819 0.00095732 0.19278654 0.00485319 
6.00000000 0.00240176 0.01232473 0.78799421 0.00176138 0.00094129 0.18983061 0.00474602 
7.00000000 0.00242176 0.01239209 0.79096838 0.00173377 0.00092457 0.18691819 0.00464124 
8.00000000 0.00244085 0.01245935 0.79389559 0.00170551 0.00090726 0.18405243 0.00453901 
9.00000000 0.00245911 0.01252651 0.79677232 0.00167671 0.00088947 0.18123638 0.00443950 
10.00000000 0.00247663 0.01259360 0.79959515 0.00164749 0.00087130 0.17847297 0.00434286 
11.00000000 0.00249352 0.01266064 0.80236082 0.00161797 0.00085285 0.17576498 0.00424922 
12.00000000 0.00250987 0.01272767 0.80506619 0.00158827 0.00083421 0.17311507 0.00415872 
13.00000000 0.00252580 0.01279470 0.80770828 0.00155850 0.00081547 0.17052576 0.00407147 
14.00000000 0.00254144 0.01286177 0.81028426 0.00152878 0.00079674 0.16799942 0.00398758 
15.00000000 0.00255692 0.01292890 0.81279143 0.00149922 0.00077812 0.16553829 0.00390713 
16.00000000 0.00257238 0.01299613 0.81522725 0.00146992 0.00075968 0.16314444 0.00383020 
17.00000000 0.00258797 0.01306349 0.81758936 0.00144099 0.00074152 0.16081981 0.00375686 
18.00000000 0.00260385 0.01313102 0.81987552 0.00141253 0.00072374 0.15856619 0.00368715 
19.00000000 0.00262020 0.01319875 0.82208369 0.00138463 0.00070642 0.15638520 0.00362112 
20.00000000 0.00263718 0.01326672 0.82421196 0.00135738 0.00068964 0.15427832 0.00355880 
21.00000000 0.00265497 0.01333499 0.82625861 0.00133088 0.00067350 0.15224686 0.00350019 
22.00000000 0.00267378 0.01340359 0.82822207 0.00130522 0.00065806 0.15029199 0.00344529 
23.00000000 0.00269378 0.01347257 0.83010094 0.00128046 0.00064343 0.14841471 0.00339411 
24.00000000 0.00271519 0.01354198 0.83189399 0.00125670 0.00062966 0.14661587 0.00334661 
25.00000000 0.00273820 0.01361188 0.83360014 0.00123400 0.00061685 0.14489618 0.00330276 
26.00000000 0.00276302 0.01368231 0.83521851 0.00121243 0.00060505 0.14325615 0.00326252 
27.00000000 0.00278988 0.01375334 0.83674835 0.00119205 0.00059435 0.14169620 0.00322583 
28.00000000 0.00281896 0.01382502 0.83818909 0.00117293 0.00058482 0.14021654 0.00319263 
29.00000000 0.00285051 0.01389742 0.83954033 0.00115513 0.00057652 0.13881726 0.00316284 
30.00000000 0.00288472 0.01397059 0.84080181 0.00113868 0.00056952 0.13749830 0.00313637 
31.00000000 0.00292182 0.01404460 0.84197346 0.00112365 0.00056388 0.13625945 0.00311314 
32.00000000 0.00296202 0.01411951 0.84305535 0.00111007 0.00055966 0.13510037 0.00309303 
33.00000000 0.00300553 0.01419538 0.84404771 0.00109798 0.00055691 0.13402054 0.00307594 
34.00000000 0.00305256 0.01427230 0.84495091 0.00108742 0.00055570 0.13301936 0.00306174 
35.00000000 0.00310332 0.01435031 0.84576550 0.00107841 0.00055608 0.13209606 0.00305032 
36.00000000 0.00315801 0.01442949 0.84649214 0.00107099 0.00055808 0.13124974 0.00304154 
37.00000000 0.00321682 0.01450991 0.84713166 0.00106516 0.00056177 0.13047939 0.00303527 
38.00000000 0.00327995 0.01459164 0.84768503 0.00106096 0.00056719 0.12978388 0.00303136 
39.00000000 0.00334757 0.01467473 0.84815333 0.00105839 0.00057437 0.12916194 0.00302966 
40.00000000 0.00341986 0.01475926 0.84853781 0.00105747 0.00058336 0.12861222 0.00303002 
41.00000000 0.00349699 0.01484529 0.84883982 0.00105820 0.00059419 0.12813322 0.00303229 
42.00000000 0.00357910 0.01493289 0.84906084 0.00106058 0.00060690 0.12772338 0.00303631 
43.00000000 0.00366636 0.01502211 0.84920248 0.00106462 0.00062150 0.12738101 0.00304192 
44.00000000 0.00375889 0.01511302 0.84926644 0.00107030 0.00063804 0.12710435 0.00304896 
45.00000000 0.00385681 0.01520568 0.84925456 0.00107763 0.00065653 0.12689152 0.00305727 
46.00000000 0.00396025 0.01530014 0.84916875 0.00108660 0.00067700 0.12674058 0.00306668 
47.00000000 0.00406930 0.01539645 0.84901106 0.00109718 0.00069947 0.12664951 0.00307703 
48.00000000 0.00418404 0.01549467 0.84878359 0.00110938 0.00072394 0.12661622 0.00308817 
49.00000000 0.00430456 0.01559483 0.84848857 0.00112316 0.00075043 0.12663852 0.00309992 
50.00000000 0.00443092 0.01569699 0.84812828 0.00113851 0.00077896 0.12671421 0.00311214 
51.00000000 0.00456316 0.01580118 0.84770509 0.00115541 0.00080952 0.12684098 0.00312466 
52.00000000 0.00470132 0.01590744 0.84722145 0.00117384 0.00084212 0.12701651 0.00313734 
53.00000000 0.00484541 0.01601579 0.84667986 0.00119376 0.00087676 0.12723840 0.00315002 
54.00000000 0.00499546 0.01612627 0.84608289 0.00121515 0.00091344 0.12750423 0.00316255 
55.00000000 0.00515144 0.01623889 0.84543318 0.00123799 0.00095216 0.12781153 0.00317481 
56.00000000 0.00531335 0.01635367 0.84473339 0.00126224 0.00099290 0.12815781 0.00318665 
57.00000000 0.00548113 0.01647061 0.84398623 0.00128788 0.00103565 0.12854056 0.00319793 
58.00000000 0.00565476 0.01658974 0.84319448 0.00131486 0.00108041 0.12895721 0.00320855 
59.00000000 0.00583415 0.01671104 0.84236090 0.00134316 0.00112714 0.12940523 0.00321837 
60.00000000 0.00601926 0.01683451 0.84148833 0.00137275 0.00117585 0.12988203 0.00322728 
61.00000000 0.00620997 0.01696015 0.84057958 0.00140358 0.00122649 0.13038504 0.00323518 
62.00000000 0.00640620 0.01708793 0.83963752 0.00143564 0.00127905 0.13091169 0.00324197 
63.00000000 0.00660784 0.01721783 0.83866501 0.00146887 0.00133350 0.13145940 0.00324756 
64.00000000 0.00681476 0.01734982 0.83766491 0.00150325 0.00138980 0.13202561 0.00325185 
65.00000000 0.00702684 0.01748388 0.83664008 0.00153874 0.00144794 0.13260775 0.00325479 
66.00000000 0.00724392 0.01761996 0.83559338 0.00157530 0.00150786 0.13320329 0.00325628 
67.00000000 0.00746586 0.01775802 0.83452767 0.00161291 0.00156954 0.13380972 0.00325629 
68.00000000 0.00769249 0.01789800 0.83344577 0.00165153 0.00163294 0.13442453 0.00325474 
69.00000000 0.00792366 0.01803986 0.83235049 0.00169111 0.00169800 0.13504527 0.00325160 
70.00000000 0.00815917 0.01818354 0.83124462 0.00173163 0.00176470 0.13566951 0.00324683 
71.00000000 0.00839885 0.01832896 0.83013092 0.00177306 0.00183297 0.13629484 0.00324040 
72.00000000 0.00864251 0.01847606 0.82901210 0.00181536 0.00190277 0.13691891 0.00323229 
73.00000000 0.00888996 0.01862476 0.82789084 0.00185849 0.00197406 0.13753941 0.00322249 
74.00000000 0.00914098 0.01877499 0.82676978 0.00190243 0.00204677 0.13815407 0.00321098 
75.00000000 0.00939539 0.01892666 0.82565151 0.00194714 0.00212085 0.13876067 0.00319778 
76.00000000 0.00965298 0.01907968 0.82453856 0.00199259 0.00219625 0.13935705 0.00318288 
77.00000000 0.00991354 0.01923397 0.82343342 0.00203875 0.00227291 0.13994109 0.00316632 
78.00000000 0.01017685 0.01938943 0.82233851 0.00208559 0.00235077 0.14051074 0.00314811 
79.00000000 0.01044272 0.01954596 0.82125619 0.00213307 0.00242976 0.14106401 0.00312829 
80.00000000 0.01071093 0.01970348 0.82018876 0.00218117 0.00250983 0.14159896 0.00310688 
81.00000000 0.01098126 0.01986187 0.81913843 0.00222986 0.00259090 0.14211374 0.00308395 
82.00000000 0.01125353 0.02002103 0.81810737 0.00227910 0.00267292 0.14260653 0.00305953 
83.00000000 0.01152751 0.02018086 0.81709764 0.00232887 0.00275581 0.14307562 0.00303369 
84.00000000 0.01180301 0.02034126 0.81611127 0.00237915 0.00283951 0.14351933 0.00300648 
85.00000000 0.01207982 0.02050213 0.81515016 0.00242989 0.00292394 0.14393609 0.00297797 
86.00000000 0.01235777 0.02066335 0.81421616 0.00248107 0.00300905 0.14432437 0.00294824 
87.00000000 0.01263665 0.02082482 0.81331102 0.00253266 0.00309475 0.14468275 0.00291735 
88.00000000 0.01291628 0.02098645 0.81243643 0.00258464 0.00318097 0.14500984 0.00288540 
89.00000000 0.01319648 0.02114812 0.81159396 0.00263697 0.00326765 0.14530437 0.00285246 
90.00000000 0.01347708 0.02130973 0.81078511 0.00268962 0.00335471 0.14556513 0.00281862 
91.00000000 0.01375792 0.02147120 0.81001129 0.00274257 0.00344207 0.14579099 0.00278396 
92.00000000 0.01403884 0.02163242 0.80927381 0.00279578 0.00352967 0.14598089 0.00274859 
93.00000000 0.01431968 0.02179330 0.80857390 0.00284923 0.00361743 0.14613387 0.00271259 
94.00000000 0.01460030 0.02195375 0.80791270 0.00290288 0.00370527 0.14624904 0.00267606 
95.00000000 0.01488057 0.02211369 0.80729123 0.00295671 0.00379312 0.14632559 0.00263909 
96.00000000 0.01516036 0.02227303 0.80671045 0.00301067 0.00388090 0.14636279 0.00260179 
97.00000000 0.01543955 0.02243169 0.80617121 0.00306475 0.00396855 0.14635999 0.00256425 
98.00000000 0.01571804 0.02258961 0.80567427 0.00311890 0.00405599 0.14631663 0.00252656 
99.00000000 0.01599571 0.02274671 0.80522029 0.00317310 0.00414315 0.14623222 0.00248882 
100.00000000 0.01627247 0.02290294 0.80480984 0.00322731 0.00422995 0.14610635 0.00245114 
101.00000000 0.01654825 0.02305823 0.80444340 0.00328149 0.00431633 0.14593870 0.00241360 
102.00000000 0.01682296 0.02321254 0.80412137 0.00333562 0.00440221 0.14572902 0.00237629 
103.00000000 0.01709654 0.02336582 0.80384403 0.00338965 0.00448752 0.14547714 0.00233931 
104.00000000 0.01736892 0.02351803 0.80361160 0.00344354 0.00457219 0.14518297 0.00230275 
105.00000000 0.01764006 0.02366914 0.80342418 0.00349727 0.00465616 0.14484650 0.00226668 
106.00000000 0.01790991 0.02381913 0.80328181 0.00355079 0.00473937 0.14446779 0.00223121 
107.00000000 0.01817844 0.02396797 0.80318443 0.00360407 0.00482173 0.14404697 0.00219639 
108.00000000 0.01844562 0.02411565 0.80313189 0.00365706 0.00490320 0.14358426 0.00216233 
109.00000000 0.01871143 0.02426217 0.80312396 0.00370973 0.00498371 0.14307993 0.00212907 
110.00000000 0.01897586 0.02440752 0.80316034 0.00376203 0.00506321 0.14253434 0.00209670 
111.00000000 0.01923889 0.02455172 0.80324063 0.00381394 0.00514162 0.14194792 0.00206528 
112.00000000 0.01950054 0.02469477 0.80336437 0.00386540 0.00521890 0.14132115 0.00203487 
113.00000000 0.01976080 0.02483670 0.80353101 0.00391638 0.00529500 0.14065459 0.00200553 
114.00000000 0.02001968 0.02497754 0.80373993 0.00396683 0.00536986 0.13994886 0.00197730 
115.00000000 0.02027721 0.02511731 0.80399044 0.00401672 0.00544342 0.13920465 0.00195025 
116.00000000 0.02053341 0.02525605 0.80428178 0.00406601 0.00551566 0.13842270 0.00192440 
117.00000000 0.02078829 0.02539382 0.80461312 0.00411465 0.00558651 0.13760382 0.00189980 
118.00000000 0.02104190 0.02553065 0.80498356 0.00416260 0.00565595 0.13674886 0.00187648 
119.00000000 0.02129427 0.02566661 0.80539216 0.00420984 0.00572392 0.13585874 0.00185447 
120.00000000 0.02154542 0.02580175 0.80583790 0.00425631 0.00579040 0.13493443 0.00183380 
121.00000000 0.02179542 0.02593614 0.80631970 0.00430197 0.00585534 0.13397695 0.00181447 
122.00000000 0.02204429 0.02606985 0.80683644 0.00434681 0.00591873 0.13298736 0.00179651 
123.00000000 0.02229209 0.02620295 0.80738695 0.00439076 0.00598053 0.13196679 0.00177992 
124.00000000 0.02253886 0.02633552 0.80796999 0.00443381 0.00604072 0.13091638 0.00176471 
125.00000000 0.02278465 0.02646764 0.80858430 0.00447592 0.00609928 0.12983733 0.00175088 
126.00000000 0.02302951 0.02659939 0.80922855 0.00451706 0.00615619 0.12873089 0.00173842 
127.00000000 0.02327350 0.02673085 0.80990141 0.00455719 0.00621143 0.12759831 0.00172732 
128.00000000 0.02351666 0.02686212 0.81060146 0.00459628 0.00626499 0.12644091 0.00171757 
129.00000000 0.02375905 0.02699328 0.81132730 0.00463432 0.00631688 0.12526003 0.00170915 
130.00000000 0.02400072 0.02712442 0.81207746 0.00467127 0.00636707 0.12405702 0.00170204 
131.00000000 0.02424172 0.02725563 0.81285045 0.00470711 0.00641558 0.12283329 0.00169621 
132.00000000 0.02448211 0.02738701 0.81364478 0.00474182 0.00646240 0.12159024 0.00169164 
133.00000000 0.02472193 0.02751864 0.81445890 0.00477539 0.00650754 0.12032931 0.00168829 
134.00000000 0.02496124 0.02765062 0.81529126 0.00480779 0.00655101 0.11905196 0.00168612 
135.00000000 0.02520008 0.02778303 0.81614031 0.00483902 0.00659283 0.11775964 0.00168509 
136.00000000 0.02543851 0.02791596 0.81700445 0.00486906 0.00663300 0.11645385 0.00168517 
137.00000000 0.02567657 0.02804949 0.81788210 0.00489790 0.00667155 0.11513607 0.00168631 
138.00000000 0.02591430 0.02818372 0.81877167 0.00492555 0.00670851 0.11380780 0.00168845 
139.00000000 0.02615176 0.02831873 0.81967155 0.00495199 0.00674389 0.11247053 0.00169155 
140.00000000 0.02638898 0.02845458 0.82058013 0.00497724 0.00677773 0.11112578 0.00169556 
141.00000000 0.02662601 0.02859136 0.82149581 0.00500128 0.00681007 0.10977505 0.00170042 
142.00000000 0.02686288 0.02872914 0.82241701 0.00502414 0.00684093 0.10841983 0.00170608 
143.00000000 0.02709964 0.02886798 0.82334212 0.00504581 0.00687036 0.10706162 0.00171248 
144.00000000 0.02733632 0.02900795 0.82426956 0.00506631 0.00689839 0.10570191 0.00171957 
145.00000000 0.02757295 0.02914911 0.82519776 0.00508566 0.00692508 0.10434216 0.00172727 
146.00000000 0.02780958 0.02929151 0.82612517 0.00510388 0.00695048 0.10298383 0.00173555 
147.00000000 0.02804623 0.02943520 0.82705026 0.00512098 0.00697463 0.10162838 0.00174432 
148.00000000 0.02828294 0.02958023 0.82797149 0.00513700 0.00699758 0.10027722 0.00175354 
149.00000000 0.02851974 0.02972663 0.82888738 0.00515195 0.00701939 0.09893177 0.00176314 
150.00000000 0.02875665 0.02987444 0.82979645 0.00516588 0.00704012 0.09759340 0.00177306 
151.00000000 0.02899372 0.03002369 0.83069725 0.00517881 0.00705984 0.09626346 0.00178324 
152.00000000 0.02923095 0.03017439 0.83158837 0.00519077 0.00707859 0.09494330 0.00179362 
153.00000000 0.02946839 0.03032657 0.83246842 0.00520182 0.00709644 0.09363420 0.00180415 
154.00000000 0.02970606 0.03048024 0.83333605 0.00521198 0.00711347 0.09233745 0.00181475 
155.00000000 0.02994398 0.03063541 0.83418993 0.00522130 0.00712973 0.09105426 0.00182539 
156.00000000 0.03018219 0.03079206 0.83502879 0.00522983 0.00714530 0.08978585 0.00183599 
157.00000000 0.03042070 0.03095021 0.83585137 0.00523761 0.00716024 0.08853337 0.00184650 
158.00000000 0.03065955 0.03110983 0.83665647 0.00524469 0.00717462 0.08729796 0.00185687 
159.00000000 0.03089877 0.03127091 0.83744293 0.00525113 0.00718852 0.08608068 0.00186705 
160.00000000 0.03113837 0.03143343 0.83820963 0.00525697 0.00720201 0.08488260 0.00187699 
161.00000000 0.03137839 0.03159737 0.83895548 0.00526228 0.00721515 0.08370470 0.00188663 
162.00000000 0.03161886 0.03176268 0.83967946 0.00526709 0.00722802 0.08254794 0.00189593 
163.00000000 0.03185980 0.03192935 0.84038059 0.00527148 0.00724070 0.08141324 0.00190485 
164.00000000 0.03210124 0.03209731 0.84105792 0.00527550 0.00725325 0.08030144 0.00191334 
165.00000000 0.03234322 0.03226653 0.84171056 0.00527920 0.00726574 0.07921338 0.00192136 
166.00000000 0.03258577 0.03243697 0.84233769 0.00528265 0.00727825 0.07814980 0.00192887 
167.00000000 0.03282892 0.03260856 0.84293850 0.00528590 0.00729085 0.07711143 0.00193584 
168.00000000 0.03307270 0.03278125 0.84351227 0.00528901 0.00730360 0.07609894 0.00194223 
169.00000000 0.03331715 0.03295497 0.84405831 0.00529205 0.00731658 0.07511293 0.00194801 
170.00000000 0.03356230 0.03312968 0.84457599 0.00529506 0.00732984 0.07415398 0.00195315 
171.00000000 0.03380820 0.03330529 0.84506473 0.00529811 0.00734346 0.07322258 0.00195762 
172.00000000 0.03405488 0.03348175 0.84552399 0.00530126 0.00735750 0.07231921 0.00196141 
173.00000000 0.03430238 0.03365898 0.84595332 0.00530455 0.00737202 0.07144426 0.00196447 
174.00000000 0.03455074 0.03383691 0.84635230 0.00530806 0.00738708 0.07059810 0.00196681 
175.00000000 0.03480001 0.03401546 0.84672055 0.00531183 0.00740274 0.06978101 0.00196840 
176.00000000 0.03505023 0.03419456 0.84705776 0.00531591 0.00741906 0.06899326 0.00196922 
177.00000000 0.03530144 0.03437414 0.84736369 0.00532035 0.00743607 0.06823503 0.00196927 
178.00000000 0.03555370 0.03455411 0.84763812 0.00532522 0.00745385 0.06750647 0.00196853 
179.00000000 0.03580704 0.03473441 0.84788091 0.00533055 0.00747243 0.06680768 0.00196699 
180.00000000 0.03606151 0.03491495 0.84809196 0.00533638 0.00749186 0.06613869 0.00196466 
181.00000000 0.03631716 0.03509566 0.84827121 0.00534278 0.00751217 0.06549949 0.00196152 
182.00000000 0.03657405 0.03527645 0.84841868 0.00534977 0.00753342 0.06489003 0.00195759 
183.00000000 0.03683222 0.03545726 0.84853443 0.00535740 0.00755564 0.06431020 0.00195285 
184.00000000 0.03709172 0.03563801 0.84861856 0.00536570 0.00757885 0.06375984 0.00194732 
185.00000000 0.03735259 0.03581863 0.84867123 0.00537471 0.00760309 0.06323874 0.00194100 
186.00000000 0.03761490 0.03599904 0.84869265 0.00538446 0.00762838 0.06274666 0.00193390 
187.00000000 0.03787869 0.03617918 0.84868306 0.00539499 0.00765475 0.06228330 0.00192603 
188.00000000 0.03814401 0.03635898 0.84864278 0.00540630 0.00768221 0.06184832 0.00191740 
189.00000000 0.03841091 0.03653836 0.84857214 0.00541844 0.00771079 0.06144134 0.00190802 
190.00000000 0.03867943 0.03671727 0.84847154 0.00543143 0.00774049 0.06106193 0.00189792 
191.00000000 0.03894963 0.03689564 0.84834141 0.00544527 0.00777132 0.06070963 0.00188710 
192.00000000 0.03922155 0.03707342 0.84818223 0.00545999 0.00780329 0.06038392 0.00187559 
193.00000000 0.03949523 0.03725055 0.84799452 0.00547560 0.00783641 0.06008428 0.00186341 
194.00000000 0.03977073 0.03742698 0.84777884 0.00549210 0.00787066 0.05981012 0.00185057 
195.00000000 0.04004808 0.03760264 0.84753577 0.00550952 0.00790605 0.05956083 0.00183711 
196.00000000 0.04032732 0.03777751 0.84726596 0.00552784 0.00794257 0.05933576 0.00182305 
197.00000000 0.04060850 0.03795152 0.84697006 0.00554707 0.00798020 0.05913425 0.00180841 
198.00000000 0.04089164 0.03812465 0.84664878 0.00556721 0.00801894 0.05895557 0.00179321 
199.00000000 0.04117679 0.03829684 0.84630286 0.00558825 0.00805876 0.05879900 0.00177750 
200.00000000 0.04146397 0.03846807 0.84593305 0.00561019 0.00809965 0.05866378 0.00176129 
201.00000000 0.04175322 0.03863830 0.84554015 0.00563302 0.00814157 0.05854912 0.00174461 
202.00000000 0.04204456 0.03880751 0.84512497 0.00565673 0.00818452 0.05845422 0.00172749 
203.00000000 0.04233802 0.03897566 0.84468836 0.00568129 0.00822845 0.05837825 0.00170997 
204.00000000 0.04263362 0.03914272 0.84423119 0.00570670 0.00827334 0.05832036 0.00169207 
205.00000000 0.04293138 0.03930869 0.84375434 0.00573294 0.00831914 0.05827969 0.00167383 
206.00000000 0.04323130 0.03947355 0.84325872 0.00575997 0.00836583 0.05825535 0.00165527 
207.00000000 0.04353342 0.03963727 0.84274527 0.00578779 0.00841337 0.05824646 0.00163643 
208.00000000 0.04383772 0.03979984 0.84221492 0.00581636 0.00846171 0.05825212 0.00161733 
209.00000000 0.04414423 0.03996126 0.84166863 0.00584566 0.00851081 0.05827140 0.00159802 
210.00000000 0.04445293 0.04012151 0.84110738 0.00587566 0.00856062 0.05830338 0.00157851 
211.00000000 0.04476384 0.04028060 0.84053214 0.00590632 0.00861111 0.05834714 0.00155885 
212.00000000 0.04507695 0.04043852 0.83994391 0.00593762 0.00866221 0.05840174 0.00153905 
213.00000000 0.04539224 0.04059527 0.83934368 0.00596952 0.00871388 0.05846624 0.00151916 
214.00000000 0.04570971 0.04075085 0.83873246 0.00600199 0.00876608 0.05853972 0.00149919 
215.00000000 0.04602934 0.04090527 0.83811125 0.00603500 0.00881874 0.05862122 0.00147919 
216.00000000 0.04635112 0.04105852 0.83748107 0.00606849 0.00887181 0.05870982 0.00145917 
217.00000000 0.04667502 0.04121063 0.83684292 0.00610245 0.00892524 0.05880458 0.00143916 
218.00000000 0.04700102 0.04136159 0.83619781 0.00613682 0.00897897 0.05890459 0.00141919 
219.00000000 0.04732910 0.04151142 0.83554675 0.00617158 0.00903295 0.05900892 0.00139929 
220.00000000 0.04765922 0.04166012 0.83489073 0.00620668 0.00908711 0.05911666 0.00137948 
221.00000000 0.04799134 0.04180772 0.83423076 0.00624208 0.00914142 0.05922691 0.00135978 
222.00000000 0.04832544 0.04195422 0.83356780 0.00627774 0.00919579 0.05933879 0.00134022 
223.00000000 0.04866147 0.04209965 0.83290284 0.00631362 0.00925019 0.05945142 0.00132082 
224.00000000 0.04899939 0.04224401 0.83223685 0.00634969 0.00930455 0.05956393 0.00130159 
225.00000000 0.04933916 0.04238732 0.83157076 0.00638590 0.00935881 0.05967550 0.00128256 
226.00000000 0.04968073 0.04252960 0.83090553 0.00642221 0.00941292 0.05978527 0.00126374 
227.00000000 0.05002405 0.04267087 0.83024206 0.00645858 0.00946683 0.05989245 0.00124516 
228.00000000 0.05036907 0.04281114 0.82958127 0.00649498 0.00952047 0.05999625 0.00122682 
229.00000000 0.05071574 0.04295044 0.82892403 0.00653137 0.00957380 0.06009588 0.00120874 
230.00000000 0.05106401 0.04308878 0.82827121 0.00656771 0.00962675 0.06019061 0.00119094 
231.00000000 0.05141382 0.04322618 0.82762365 0.00660396 0.00967928 0.06027970 0.00117342 
232.00000000 0.05176510 0.04336266 0.82698218 0.00664008 0.00973133 0.06036245 0.00115619 
233.00000000 0.05211782 0.04349824 0.82634760 0.00667605 0.00978285 0.06043818 0.00113926 
234.00000000 0.05247189 0.04363294 0.82572067 0.00671182 0.00983380 0.06050624 0.00112265 
235.00000000 0.05282728 0.04376677 0.82510214 0.00674736 0.00988412 0.06056598 0.00110635 
236.00000000 0.05318390 0.04389976 0.82449274 0.00678265 0.00993376 0.06061682 0.00109037 
237.00000000 0.05354171 0.04403191 0.82389315 0.00681765 0.00998269 0.06065816 0.00107472 
238.00000000 0.05390065 0.04416326 0.82330406 0.00685232 0.01003085 0.06068947 0.00105939 
239.00000000 0.05426064 0.04429381 0.82272608 0.00688665 0.01007821 0.06071022 0.00104439 
240.00000000 0.05462163 0.04442359 0.82215982 0.00692060 0.01012472 0.06071991 0.00102972 
241.00000000 0.05498356 0.04455261 0.82160587 0.00695415 0.01017035 0.06071809 0.00101537 
242.00000000 0.05534637 0.04468089 0.82106476 0.00698727 0.01021505 0.06070432 0.00100134 
243.00000000 0.05571000 0.04480844 0.82053702 0.00701993 0.01025879 0.06067818 0.00098764 
244.00000000 0.05607439 0.04493527 0.82002311 0.00705212 0.01030153 0.06063932 0.00097425 
245.00000000 0.05643948 0.04506141 0.81952349 0.00708382 0.01034325 0.06058737 0.00096117 
246.00000000 0.05680521 0.04518687 0.81903858 0.00711500 0.01038391 0.06052203 0.00094839 
247.00000000 0.05717154 0.04531165 0.81856875 0.00714565 0.01042349 0.06044301 0.00093591 
248.00000000 0.05753839 0.04543578 0.81811436 0.00717574 0.01046196 0.06035005 0.00092372 
249.00000000 0.05790573 0.04555927 0.81767571 0.00720527 0.01049928 0.06024293 0.00091180 
250.00000000 0.05827350 0.04568212 0.81725309 0.00723422 0.01053545 0.06012145 0.00090016 
251.00000000 0.05864165 0.04580436 0.81684675 0.00726257 0.01057044 0.05998545 0.00088878 
252.00000000 0.05901013 0.04592599 0.81645690 0.00729032 0.01060423 0.05983479 0.00087764 
253.00000000 0.05937890 0.04604702 0.81608372 0.00731745 0.01063680 0.05966937 0.00086675 
254.00000000 0.05974791 0.04616746 0.81572735 0.00734396 0.01066814 0.05948911 0.00085608 
255.00000000 0.06011712 0.04628732 0.81538792 0.00736983 0.01069823 0.05929395 0.00084563 
256.00000000 0.06048649 0.04640662 0.81506549 0.00739506 0.01072707 0.05908390 0.00083538 
257.00000000 0.06085598 0.04652536 0.81476011 0.00741964 0.01075465 0.05885894 0.00082532 
258.00000000 0.06122556 0.04664355 0.81447180 0.00744358 0.01078095 0.05861913 0.00081544 
259.00000000 0.06159519 0.04676120 0.81420053 0.00746686 0.01080597 0.05836452 0.00080573 
260.00000000 0.06196485 0.04687832 0.81394627 0.00748949 0.01082970 0.05809521 0.00079617 
261.00000000 0.06233450 0.04699491 0.81370892 0.00751146 0.01085215 0.05781131 0.00078675 
262.00000000 0.06270412 0.04711098 0.81348838 0.00753277 0.01087332 0.05751297 0.00077746 
263.00000000 0.06307368 0.04722654 0.81328450 0.00755343 0.01089320 0.05720037 0.00076829 
264.00000000 0.06344316 0.04734160 0.81309711 0.00757343 0.01091180 0.05687368 0.00075922 
265.00000000 0.06381254 0.04745616 0.81292601 0.00759278 0.01092912 0.05653313 0.00075025 
266.00000000 0.06418181 0.04757024 0.81277098 0.00761149 0.01094517 0.05617897 0.00074136 
267.00000000 0.06455094 0.04768382 0.81263175 0.00762955 0.01095995 0.05581145 0.00073254 
268.00000000 0.06491993 0.04779693 0.81250805 0.00764697 0.01097348 0.05543085 0.00072378 
269.00000000 0.06528876 0.04790957 0.81239957 0.00766376 0.01098576 0.05503750 0.00071507 
270.00000000 0.06565743 0.04802174 0.81230598 0.00767992 0.01099682 0.05463170 0.00070641 
271.00000000 0.06602593 0.04813345 0.81222692 0.00769547 0.01100665 0.05421382 0.00069777 
272.00000000 0.06639424 0.04824470 0.81216201 0.00771040 0.01101527 0.05378421 0.00068916 
273.00000000 0.06676238 0.04835550 0.81211085 0.00772474 0.01102271 0.05334325 0.00068057 
274.00000000 0.06713033 0.04846586 0.81207303 0.00773848 0.01102897 0.05289135 0.00067198 
275.00000000 0.06749810 0.04857577 0.81204810 0.00775163 0.01103408 0.05242892 0.00066340 
276.00000000 0.06786569 0.04868525 0.81203560 0.00776422 0.01103806 0.05195638 0.00065481 
277.00000000 0.06823310 0.04879429 0.81203506 0.00777624 0.01104092 0.05147419 0.00064620 
278.00000000 0.06860033 0.04890291 0.81204597 0.00778771 0.01104269 0.05098280 0.00063759 
279.00000000 0.06896740 0.04901111 0.81206784 0.00779863 0.01104338 0.05048268 0.00062895 
280.00000000 0.06933430 0.04911888 0.81210014 0.00780903 0.01104303 0.04997432 0.00062029 
281.00000000 0.06970105 0.04922624 0.81214233 0.00781891 0.01104166 0.04945820 0.00061161 
282.00000000 0.07006766 0.04933319 0.81219387 0.00782829 0.01103929 0.04893482 0.00060289 
283.00000000 0.07043413 0.04943972 0.81225418 0.00783717 0.01103594 0.04840470 0.00059415 
284.00000000 0.07080048 0.04954586 0.81232271 0.00784557 0.01103165 0.04786835 0.00058537 
285.00000000 0.07116672 0.04965159 0.81239888 0.00785351 0.01102644 0.04732629 0.00057657 
286.00000000 0.07153286 0.04975692 0.81248210 0.00786099 0.01102034 0.04677907 0.00056773 
287.00000000 0.07189892 0.04986185 0.81257177 0.00786803 0.01101338 0.04622720 0.00055886 
288.00000000 0.07226490 0.04996639 0.81266730 0.00787464 0.01100558 0.04567123 0.00054996 
289.00000000 0.07263082 0.05007054 0.81276809 0.00788084 0.01099698 0.04511170 0.00054103 
290.00000000 0.07299670 0.05017430 0.81287354 0.00788663 0.01098760 0.04454915 0.00053207 
291.00000000 0.07336255 0.05027767 0.81298304 0.00789204 0.01097748 0.04398412 0.00052309 
292.00000000 0.07372838 0.05038066 0.81309597 0.00789708 0.01096665 0.04341717 0.00051409 
293.00000000 0.07409421 0.05048326 0.81321174 0.00790175 0.01095514 0.04284883 0.00050507 
294.00000000 0.07446005 0.05058548 0.81332974 0.00790608 0.01094297 0.04227963 0.00049604 
295.00000000 0.07482592 0.05068732 0.81344937 0.00791007 0.01093019 0.04171013 0.00048700 
296.00000000 0.07519183 0.05078877 0.81357002 0.00791374 0.01091682 0.04114086 0.00047796 
297.00000000 0.07555780 0.05088984 0.81369111 0.00791711 0.01090289 0.04057234 0.00046891 
298.00000000 0.07592384 0.05099054 0.81381204 0.00792019 0.01088843 0.04000509 0.00045986 
299.00000000 0.07628996 0.05109085 0.81393224 0.00792299 0.01087349 0.03943965 0.00045083 
300.00000000 0.07665617 0.05119078 0.81405113 0.00792552 0.01085809 0.03887651 0.00044181 
301.00000000 0.07702249 0.05129032 0.81416813 0.00792780 0.01084226 0.03831619 0.00043281 
302.00000000 0.07738894 0.05138948 0.81428270 0.00792985 0.01082603 0.03775917 0.00042383 
303.00000000 0.07775551 0.05148826 0.81439429 0.00793167 0.01080944 0.03720595 0.00041488 
304.00000000 0.07812223 0.05158665 0.81450237 0.00793327 0.01079251 0.03665700 0.00040596 
305.00000000 0.07848910 0.05168466 0.81460640 0.00793468 0.01077529 0.03611278 0.00039709 
306.00000000 0.07885613 0.05178227 0.81470589 0.00793591 0.01075780 0.03557374 0.00038826 
307.00000000 0.07922334 0.05187949 0.81480032 0.00793696 0.01074007 0.03504034 0.00037947 
308.00000000 0.07959073 0.05197632 0.81488923 0.00793786 0.01072213 0.03451299 0.00037075 
309.00000000 0.07995831 0.05207274 0.81497214 0.00793861 0.01070402 0.03399211 0.00036208 
310.00000000 0.08032608 0.05216877 0.81504859 0.00793923 0.01068576 0.03347810 0.00035347 
311.00000000 0.08069406 0.05226439 0.81511816 0.00793972 0.01066738 0.03297135 0.00034493 
312.00000000 0.08106225 0.05235961 0.81518042 0.00794011 0.01064892 0.03247222 0.00033646 
313.00000000 0.08143066 0.05245441 0.81523497 0.00794041 0.01063040 0.03198109 0.00032807 
314.00000000 0.08179928 0.05254880 0.81528143 0.00794062 0.01061185 0.03149827 0.00031975 
315.00000000 0.08216813 0.05264276 0.81531942 0.00794077 0.01059331 0.03102411 0.00031151 
316.00000000 0.08253720 0.05273631 0.81534861 0.00794085 0.01057478 0.03055889 0.00030336 
317.00000000 0.08290651 0.05282942 0.81536865 0.00794089 0.01055632 0.03010292 0.00029529 
318.00000000 0.08327604 0.05292211 0.81537925 0.00794090 0.01053793 0.02965646 0.00028731 
319.00000000 0.08364582 0.05301435 0.81538012 0.00794088 0.01051965 0.02921977 0.00027942 
320.00000000 0.08401582 0.05310616 0.81537097 0.00794085 0.01050150 0.02879308 0.00027162 
321.00000000 0.08438607 0.05319751 0.81535157 0.00794082 0.01048350 0.02837662 0.00026391 
322.00000000 0.08475655 0.05328842 0.81532168 0.00794081 0.01046569 0.02797057 0.00025629 
323.00000000 0.08512726 0.05337886 0.81528110 0.00794082 0.01044808 0.02757512 0.00024876 
324.00000000 0.08549822 0.05346885 0.81522963 0.00794086 0.01043069 0.02719043 0.00024132 
325.00000000 0.08586940 0.05355837 0.81516712 0.00794094 0.01041355 0.02681664 0.00023398 
326.00000000 0.08624082 0.05364742 0.81509340 0.00794109 0.01039668 0.02645388 0.00022672 
327.00000000 0.08661247 0.05373599 0.81500837 0.00794129 0.01038010 0.02610224 0.00021955 
328.00000000 0.08698434 0.05382408 0.81491190 0.00794157 0.01036382 0.02576182 0.00021246 
329.00000000 0.08735644 0.05391169 0.81480392 0.00794194 0.01034787 0.02543268 0.00020546 
330.00000000 0.08772877 0.05399881 0.81468436 0.00794240 0.01033227 0.02511487 0.00019853 
331.00000000 0.08810131 0.05408543 0.81455318 0.00794297 0.01031702 0.02480841 0.00019169 
332.00000000 0.08847407 0.05417156 0.81441035 0.00794365 0.01030215 0.02451332 0.00018492 
333.00000000 0.08884703 0.05425718 0.81425588 0.00794445 0.01028767 0.02422958 0.00017821 
334.00000000 0.08922021 0.05434230 0.81408977 0.00794538 0.01027359 0.02395718 0.00017158 
335.00000000 0.08959359 0.05442690 0.81391206 0.00794645 0.01025994 0.02369606 0.00016501 
336.00000000 0.08996717 0.05451100 0.81372281 0.00794766 0.01024671 0.02344616 0.00015849 
337.00000000 0.09034094 0.05459458 0.81352209 0.00794903 0.01023392 0.02320741 0.00015203 
338.00000000 0.09071490 0.05467765 0.81330999 0.00795056 0.01022159 0.02297971 0.00014562 
339.00000000 0.09108905 0.05476019 0.81308662 0.00795225 0.01020971 0.02276293 0.00013925 
340.00000000 0.09146338 0.05484221 0.81285211 0.00795412 0.01019831 0.02255696 0.00013292 
341.00000000 0.09183788 0.05492371 0.81260660 0.00795617 0.01018738 0.02236164 0.00012662 
342.00000000 0.09221255 0.05500468 0.81235026 0.00795840 0.01017693 0.02217682 0.00012034 
343.00000000 0.09258740 0.05508513 0.81208326 0.00796082 0.01016698 0.02200232 0.00011409 
344.00000000 0.09296240 0.05516505 0.81180579 0.00796344 0.01015751 0.02183794 0.00010786 
345.00000000 0.09333756 0.05524445 0.81151807 0.00796626 0.01014854 0.02168349 0.00010164 
346.00000000 0.09371287 0.05532332 0.81122031 0.00796928 0.01014007 0.02153873 0.00009542 
347.00000000 0.09408832 0.05540167 0.81091276 0.00797251 0.01013210 0.02140345 0.00008919 
348.00000000 0.09446392 0.05547949 0.81059565 0.00797594 0.01012464 0.02127739 0.00008297 
349.00000000 0.09483965 0.05555680 0.81026926 0.00797959 0.01011767 0.02116030 0.00007672 
350.00000000 0.09521552 0.05563358 0.80993386 0.00798345 0.01011120 0.02105192 0.00007046 
351.00000000 0.09559152 0.05570985 0.80958974 0.00798753 0.01010522 0.02095196 0.00006418 
352.00000000 0.09596763 0.05578561 0.80923719 0.00799182 0.01009974 0.02086014 0.00005787 
353.00000000 0.09634386 0.05586086 0.80887652 0.00799633 0.01009475 0.02077616 0.00005152 
354.00000000 0.09672021 0.05593560 0.80850804 0.00800105 0.01009025 0.02069971 0.00004513 
355.00000000 0.09709666 0.05600984 0.80813209 0.00800600 0.01008622 0.02063048 0.00003870 
356.00000000 0.09747322 0.05608359 0.80774900 0.00801115 0.01008267 0.02056815 0.00003222 
357.00000000 0.09784988 0.05615685 0.80735910 0.00801652 0.01007958 0.02051239 0.00002568 
358.00000000 0.09822663 0.05622963 0.80696275 0.00802210 0.01007694 0.02046287 0.00001909 
359.00000000 0.09860346 0.05630193 0.80656030 0.00802789 0.01007475 0.02041924 0.00001243 
360.00000000 0.09898038 0.05637376 0.80615211 0.00803388 0.01007300 0.02038116 0.00000571 
361.00000000 0.09935738 0.05644513 0.80573854 0.00804007 0.01007167 0.02034828 -0.00000108 
362.00000000 0.09973446 0.05651605 0.80531996 0.00804646 0.01007076 0.02032026 -0.00000794 
363.00000000 0.10011160 0.05658652 0.80489674 0.00805305 0.01007025 0.02029673 -0.00001488 
364.00000000 0.10048881 0.05665655 0.80446925 0.00805982 0.01007013 0.02027735 -0.00002190 
365.00000000 0.10086608 0.05672615 0.80403788 0.00806677 0.01007039 0.02026174 -0.00002900 
366.00000000 0.10124340 0.05679534 0.80360299 0.00807390 0.01007100 0.02024956 -0.00003619 
367.00000000 0.10162076 0.05686412 0.80316496 0.00808119 0.01007197 0.02024045 -0.00004345 
368.00000000 0.10199818 0.05693249 0.80272418 0.00808865 0.01007326 0.02023404 -0.00005080 
369.00000000 0.10237563 0.05700048 0.80228101 0.00809627 0.01007487 0.02022998 -0.00005824 
370.00000000 0.10275311 0.05706809 0.80183583 0.00810403 0.01007678 0.02022792 -0.00006577 
371.00000000 0.10313062 0.05713534 0.80138901 0.00811193 0.01007898 0.02022751 -0.00007338 
372.00000000 0.10350816 0.05720222 0.80094092 0.00811996 0.01008143 0.02022839 -0.00008108 
373.00000000 0.10388571 0.05726877 0.80049193 0.00812811 0.01008414 0.02023021 -0.00008886 
374.00000000 0.10426327 0.05733497 0.80004240 0.00813637 0.01008708 0.02023265 -0.00009673 
375.00000000 0.10464083 0.05740086 0.79959269 0.00814473 0.01009022 0.02023536 -0.00010469 
376.00000000 0.10501839 0.05746643 0.79914315 0.00815319 0.01009356 0.02023801 -0.00011273 
377.00000000 0.10539595 0.05753170 0.79869412 0.00816172 0.01009708 0.02024028 -0.00012085 
378.00000000 0.10577349 0.05759669 0.79824594 0.00817033 0.01010075 0.02024184 -0.00012904 
379.00000000 0.10615101 0.05766140 0.79779896 0.00817900 0.01010456 0.02024239 -0.00013731 
380.00000000 0.10652851 0.05772584 0.79735349 0.00818772 0.01010848 0.02024162 -0.00014566 
381.00000000 0.10690597 0.05779004 0.79690985 0.00819648 0.01011250 0.02023924 -0.00015407 
382.00000000 0.10728339 0.05785399 0.79646836 0.00820526 0.01011660 0.02023495 -0.00016255 
383.00000000 0.10766077 0.05791771 0.79602931 0.00821406 0.01012076 0.02022848 -0.00017109 
384.00000000 0.10803810 0.05798121 0.79559301 0.00822287 0.01012496 0.02021955 -0.00017969 
385.00000000 0.10841537 0.05804450 0.79515972 0.00823167 0.01012918 0.02020791 -0.00018834 
386.00000000 0.10879257 0.05810760 0.79472973 0.00824045 0.01013339 0.02019330 -0.00019705 
387.00000000 0.10916970 0.05817051 0.79430329 0.00824920 0.01013759 0.02017549 -0.00020579 
388.00000000 0.10954675 0.05823325 0.79388067 0.00825791 0.01014176 0.02015423 -0.00021457 
389.00000000 0.10992372 0.05829582 0.79346210 0.00826657 0.01014586 0.02012931 -0.00022339 
390.00000000 0.11030060 0.05835824 0.79304781 0.00827516 0.01014990 0.02010052 -0.00023223 
391.00000000 0.11067738 0.05842051 0.79263803 0.00828367 0.01015384 0.02006767 -0.00024109 
392.00000000 0.11105405 0.05848264 0.79223295 0.00829210 0.01015767 0.02003055 -0.00024997 
393.00000000 0.11143062 0.05854464 0.79183279 0.00830043 0.01016137 0.01998901 -0.00025886 
394.00000000 0.11180706 0.05860653 0.79143771 0.00830866 0.01016492 0.01994286 -0.00026775 
395.00000000 0.11218339 0.05866831 0.79104790 0.00831676 0.01016832 0.01989197 -0.00027663 
396.00000000 0.11255958 0.05872998 0.79066351 0.00832473 0.01017153 0.01983618 -0.00028551 
397.00000000 0.11293564 0.05879156 0.79028469 0.00833256 0.01017455 0.01977537 -0.00029437 
398.00000000 0.11331156 0.05885305 0.78991158 0.00834024 0.01017736 0.01970942 -0.00030321 
399.00000000 0.11368734 0.05891445 0.78954429 0.00834776 0.01017994 0.01963823 -0.00031202 
400.00000000 0.11406296 0.05897578 0.78918294 0.00835511 0.01018229 0.01956171 -0.00032079 
401.00000000 0.11443843 0.05903704 0.78882763 0.00836229 0.01018438 0.01947976 -0.00032952 
402.00000000 0.11481373 0.05909824 0.78847843 0.00836927 0.01018620 0.01939233 -0.00033820 
403.00000000 0.11518887 0.05915937 0.78813543 0.00837606 0.01018774 0.01929936 -0.00034683 
404.00000000 0.11556384 0.05922045 0.78779867 0.00838264 0.01018900 0.01920079 -0.00035540 
405.00000000 0.11593864 0.05928147 0.78746822 0.00838901 0.01018995 0.01909661 -0.00036389 
406.00000000 0.11631326 0.05934245 0.78714409 0.00839517 0.01019058 0.01898677 -0.00037232 
407.00000000 0.11668770 0.05940338 0.78682632 0.00840109 0.01019089 0.01887128 -0.00038066 
408.00000000 0.11706195 0.05946427 0.78651491 0.00840679 0.01019087 0.01875014 -0.00038892 
409.00000000 0.11743602 0.05952511 0.78620987 0.00841224 0.01019050 0.01862335 -0.00039709 
410.00000000 0.11780990 0.05958591 0.78591117 0.00841745 0.01018978 0.01849094 -0.00040516 
411.00000000 0.11818360 0.05964668 0.78561879 0.00842241 0.01018870 0.01835294 -0.00041312 
412.00000000 0.11855709 0.05970741 0.78533270 0.00842712 0.01018726 0.01820941 -0.00042098 
413.00000000 0.11893040 0.05976809 0.78505284 0.00843157 0.01018544 0.01806038 -0.00042873 
414.00000000 0.11930352 0.05982874 0.78477916 0.00843576 0.01018325 0.01790594 -0.00043636 
415.00000000 0.11967643 0.05988935 0.78451159 0.00843968 0.01018068 0.01774614 -0.00044388 
416.00000000 0.12004916 0.05994993 0.78425005 0.00844333 0.01017771 0.01758108 -0.00045126 
417.00000000 0.12042169 0.06001046 0.78399444 0.00844671 0.01017436 0.01741086 -0.00045852 
418.00000000 0.12079404 0.06007095 0.78374466 0.00844982 0.01017062 0.01723556 -0.00046565 
419.00000000 0.12116619 0.06013139 0.78350061 0.00845266 0.01016648 0.01705532 -0.00047264 
420.00000000 0.12153815 0.06019179 0.78326216 0.00845522 0.01016195 0.01687023 -0.00047949 
421.00000000 0.12190992 0.06025214 0.78302919 0.00845750 0.01015701 0.01668044 -0.00048620 
422.00000000 0.12228151 0.06031244 0.78280155 0.00845951 0.01015169 0.01648608 -0.00049277 
423.00000000 0.12265292 0.06037269 0.78257911 0.00846124 0.01014596 0.01628728 -0.00049920 
424.00000000 0.12302415 0.06043288 0.78236170 0.00846270 0.01013984 0.01608421 -0.00050548 
425.00000000 0.12339521 0.06049301 0.78214917 0.00846388 0.01013333 0.01587701 -0.00051161 
426.00000000 0.12376609 0.06055307 0.78194136 0.00846479 0.01012643 0.01566586 -0.00051760 
427.00000000 0.12413681 0.06061307 0.78173807 0.00846543 0.01011914 0.01545091 -0.00052344 
428.00000000 0.12450737 0.06067300 0.78153914 0.00846580 0.01011147 0.01523235 -0.00052913 
429.00000000 0.12487778 0.06073286 0.78134437 0.00846590 0.01010341 0.01501035 -0.00053467 
430.00000000 0.12524803 0.06079264 0.78115358 0.00846574 0.01009499 0.01478509 -0.00054006 
431.00000000 0.12561813 0.06085233 0.78096656 0.00846532 0.01008619 0.01455677 -0.00054531 
432.00000000 0.12598810 0.06091194 0.78078311 0.00846465 0.01007703 0.01432557 -0.00055041 
433.00000000 0.12635794 0.06097146 0.78060303 0.00846372 0.01006751 0.01409170 -0.00055536 
434.00000000 0.12672765 0.06103089 0.78042610 0.00846255 0.01005764 0.01385535 -0.00056018 
435.00000000 0.12709724 0.06109022 0.78025211 0.00846113 0.01004743 0.01361673 -0.00056486 
436.00000000 0.12746671 0.06114945 0.78008084 0.00845947 0.01003688 0.01337603 -0.00056939 
437.00000000 0.12783608 0.06120857 0.77991208 0.00845758 0.01002601 0.01313347 -0.00057380 
438.00000000 0.12820536 0.06126758 0.77974559 0.00845547 0.01001481 0.01288925 -0.00057807 
439.00000000 0.12857454 0.06132648 0.77958116 0.00845313 0.01000331 0.01264359 -0.00058221 
440.00000000 0.12894363 0.06138526 0.77941856 0.00845057 0.00999151 0.01239669 -0.00058623 
441.00000000 0.12931266 0.06144393 0.77925757 0.00844781 0.00997941 0.01214876 -0.00059013 
442.00000000 0.12968161 0.06150247 0.77909795 0.00844484 0.00996703 0.01190001 -0.00059391 
443.00000000 0.13005050 0.06156088 0.77893948 0.00844167 0.00995438 0.01165066 -0.00059757 
444.00000000 0.13041934 0.06161916 0.77878193 0.00843832 0.00994146 0.01140092 -0.00060113 
445.00000000 0.13078813 0.06167730 0.77862509 0.00843477 0.00992830 0.01115099 -0.00060458 
446.00000000 0.13115689 0.06173531 0.77846871 0.00843105 0.00991490 0.01090108 -0.00060794 
447.00000000 0.13152562 0.06179318 0.77831258 0.00842716 0.00990126 0.01065140 -0.00061120 
448.00000000 0.13189432 0.06185091 0.77815648 0.00842311 0.00988741 0.01040215 -0.00061437 
449.00000000 0.13226301 0.06190849 0.77800018 0.00841890 0.00987335 0.01015353 -0.00061746 
450.00000000 0.13263169 0.06196592 0.77784348 0.00841454 0.00985909 0.00990574 -0.00062046 
451.00000000 0.13300037 0.06202321 0.77768615 0.00841003 0.00984465 0.00965898 -0.00062340 
452.00000000 0.13336906 0.06208034 0.77752798 0.00840540 0.00983004 0.00941344 -0.00062626 
453.00000000 0.13373777 0.06213731 0.77736878 0.00840063 0.00981526 0.00916932 -0.00062907 
454.00000000 0.13410649 0.06219413 0.77720832 0.00839575 0.00980034 0.00892678 -0.00063181 
455.00000000 0.13447524 0.06225079 0.77704642 0.00839075 0.00978527 0.00868603 -0.00063450 
456.00000000 0.13484403 0.06230729 0.77688288 0.00838565 0.00977008 0.00844723 -0.00063715 
457.00000000 0.13521286 0.06236363 0.77671750 0.00838045 0.00975477 0.00821055 -0.00063976 
458.00000000 0.13558174 0.06241980 0.77655011 0.00837516 0.00973936 0.00797617 -0.00064233 
459.00000000 0.13595067 0.06247581 0.77638052 0.00836978 0.00972385 0.00774424 -0.00064487 
460.00000000 0.13631966 0.06253165 0.77620856 0.00836433 0.00970827 0.00751493 -0.00064739 
461.00000000 0.13668871 0.06258733 0.77603406 0.00835881 0.00969261 0.00728838 -0.00064989 
462.00000000 0.13705783 0.06264283 0.77585685 0.00835323 0.00967689 0.00706474 -0.00065237 
463.00000000 0.13742703 0.06269817 0.77567679 0.00834759 0.00966112 0.00684415 -0.00065484 
464.00000000 0.13779631 0.06275333 0.77549371 0.00834190 0.00964532 0.00662674 -0.00065732 
465.00000000 0.13816567 0.06280833 0.77530749 0.00833618 0.00962949 0.00641264 -0.00065979 
466.00000000 0.13853512 0.06286315 0.77511797 0.00833042 0.00961364 0.00620198 -0.00066226 
467.00000000 0.13890466 0.06291779 0.77492503 0.00832463 0.00959778 0.00599486 -0.00066475 
468.00000000 0.13927429 0.06297226 0.77472855 0.00831882 0.00958193 0.00579140 -0.00066726 
469.00000000 0.13964402 0.06302656 0.77452841 0.00831299 0.00956609 0.00559170 -0.00066978 
470.00000000 0.14001386 0.06308068 0.77432450 0.00830716 0.00955028 0.00539584 -0.00067232 
471.00000000 0.14038380 0.06313462 0.77411673 0.00830132 0.00953449 0.00520393 -0.00067490 
472.00000000 0.14075385 0.06318838 0.77390499 0.00829549 0.00951875 0.00501604 -0.00067750 
473.00000000 0.14112400 0.06324197 0.77368921 0.00828967 0.00950305 0.00483223 -0.00068014 
474.00000000 0.14149427 0.06329537 0.77346930 0.00828386 0.00948741 0.00465259 -0.00068281 
475.00000000 0.14186465 0.06334860 0.77324519 0.00827808 0.00947184 0.00447717 -0.00068553 
476.00000000 0.14223515 0.06340164 0.77301683 0.00827232 0.00945635 0.00430601 -0.00068829 
477.00000000 0.14260576 0.06345450 0.77278414 0.00826659 0.00944093 0.00413918 -0.00069110 
478.00000000 0.14297648 0.06350718 0.77254710 0.00826090 0.00942560 0.00397670 -0.00069396 
479.00000000 0.14334733 0.06355967 0.77230565 0.00825525 0.00941037 0.00381860 -0.00069687 
480.00000000 0.14371829 0.06361198 0.77205977 0.00824964 0.00939524 0.00366491 -0.00069983 
481.00000000 0.14408937 0.06366410 0.77180942 0.00824409 0.00938022 0.00351565 -0.00070285 
482.00000000 0.14446057 0.06371603 0.77155460 0.00823859 0.00936531 0.00337083 -0.00070592 
483.00000000 0.14483188 0.06376777 0.77129529 0.00823315 0.00935053 0.00323044 -0.00070906 
484.00000000 0.14520332 0.06381932 0.77103149 0.00822777 0.00933587 0.00309448 -0.00071225 
485.00000000 0.14557487 0.06387068 0.77076321 0.00822246 0.00932133 0.00296295 -0.00071551 
486.00000000 0.14594654 0.06392185 0.77049045 0.00821722 0.00930694 0.00283583 -0.00071883 
487.00000000 0.14631832 0.06397282 0.77021324 0.00821205 0.00929268 0.00271309 -0.00072221 
488.00000000 0.14669022 0.06402360 0.76993161 0.00820696 0.00927857 0.00259470 -0.00072565 
489.00000000 0.14706223 0.06407418 0.76964558 0.00820195 0.00926460 0.00248062 -0.00072916 
490.00000000 0.14743435 0.06412455 0.76935520 0.00819702 0.00925078 0.00237082 -0.00073273 
491.00000000 0.14780658 0.06417473 0.76906052 0.00819218 0.00923712 0.00226524 -0.00073636 
492.00000000 0.14817893 0.06422470 0.76876158 0.00818742 0.00922361 0.00216382 -0.00074006 
493.00000000 0.14855138 0.06427447 0.76845845 0.00818276 0.00921025 0.00206651 -0.00074382 
494.00000000 0.14892393 0.06432404 0.76815119 0.00817818 0.00919706 0.00197325 -0.00074764 
495.00000000 0.14929659 0.06437339 0.76783987 0.00817370 0.00918402 0.00188395 -0.00075152 
496.00000000 0.14966935 0.06442253 0.76752458 0.00816931 0.00917115 0.00179854 -0.00075546 
497.00000000 0.15004221 0.06447146 0.76720538 0.00816502 0.00915844 0.00171695 -0.00075946 
498.00000000 0.15041517 0.06452018 0.76688239 0.00816082 0.00914589 0.00163908 -0.00076352 
499.00000000 0.15078822 0.06456868 0.76655567 0.00815672 0.00913350 0.00156484 -0.00076764 
500.00000000 0.15116137 0.06461696 0.76622534 0.00815272 0.00912128 0.00149414 -0.00077181 
501.00000000 0.15153461 0.06466503 0.76589149 0.00814881 0.00910922 0.00142688 -0.00077603 
502.00000000 0.15190793 0.06471287 0.76555424 0.00814501 0.00909732 0.00136295 -0.00078030 
503.00000000 0.15228134 0.06476048 0.76521368 0.00814130 0.00908558 0.00130224 -0.00078463 
504.00000000 0.15265484 0.06480787 0.76486995 0.00813769 0.00907400 0.00124465 -0.00078900 
505.00000000 0.15302841 0.06485504 0.76452315 0.00813418 0.00906257 0.00119007 -0.00079341 
506.00000000 0.15340207 0.06490197 0.76417341 0.00813076 0.00905130 0.00113836 -0.00079787 
507.00000000 0.15377580 0.06494867 0.76382086 0.00812745 0.00904018 0.00108942 -0.00080237 
508.00000000 0.15414960 0.06499514 0.76346562 0.00812422 0.00902921 0.00104312 -0.00080691 
509.00000000 0.15452348 0.06504137 0.76310782 0.00812109 0.00901838 0.00099934 -0.00081149 
510.00000000 0.15489742 0.06508737 0.76274760 0.00811805 0.00900770 0.00095795 -0.00081610 
511.00000000 0.15527143 0.06513313 0.76238508 0.00811511 0.00899716 0.00091882 -0.00082074 
512.00000000 0.15564550 0.06517865 0.76202042 0.00811225 0.00898676 0.00088182 -0.00082541 
513.00000000 0.15601964 0.06522393 0.76165375 0.00810948 0.00897649 0.00084683 -0.00083011 
514.00000000 0.15639383 0.06526897 0.76128520 0.00810679 0.00896635 0.00081369 -0.00083483 
515.00000000 0.15676807 0.06531377 0.76091492 0.00810419 0.00895633 0.00078230 -0.00083957 
516.00000000 0.15714237 0.06535832 0.76054306 0.00810166 0.00894643 0.00075250 -0.00084434 
517.00000000 0.15751672 0.06540262 0.76016974 0.00809922 0.00893664 0.00072416 -0.00084911 
518.00000000 0.15789112 0.06544668 0.75979513 0.00809684 0.00892697 0.00069716 -0.00085391 
519.00000000 0.15826556 0.06549050 0.75941936 0.00809454 0.00891740 0.00067135 -0.00085871 
520.00000000 0.15864005 0.06553407 0.75904256 0.00809231 0.00890793 0.00064661 -0.00086353 
521.00000000 0.15901458 0.06557738 0.75866490 0.00809014 0.00889855 0.00062279 -0.00086835 
522.00000000 0.15938914 0.06562046 0.75828650 0.00808803 0.00888927 0.00059978 -0.00087317 
523.00000000 0.15976373 0.06566328 0.75790751 0.00808598 0.00888006 0.00057742 -0.00087800 
524.00000000 0.16013836 0.06570586 0.75752807 0.00808399 0.00887094 0.00055560 -0.00088282 
525.00000000 0.16051302 0.06574818 0.75714832 0.00808205 0.00886188 0.00053419 -0.00088764 
526.00000000 0.16088771 0.06579026 0.75676839 0.00808015 0.00885290 0.00051305 -0.00089246 
527.00000000 0.16126242 0.06583210 0.75638842 0.00807830 0.00884397 0.00049207 -0.00089727 
528.00000000 0.16163715 0.06587368 0.75600854 0.00807648 0.00883509 0.00047112 -0.00090206 
529.00000000 0.16201190 0.06591502 0.75562888 0.00807470 0.00882627 0.00045008 -0.00090685 
530.00000000 0.16238666 0.06595611 0.75524957 0.00807295 0.00881748 0.00042883 -0.00091162 
531.00000000 0.16276144 0.06599696 0.75487075 0.00807123 0.00880873 0.00040726 -0.00091637 
532.00000000 0.16313624 0.06603757 0.75449252 0.00806953 0.00880001 0.00038524 -0.00092111 
533.00000000 0.16351104 0.06607793 0.75411501 0.00806785 0.00879132 0.00036268 -0.00092582 
534.00000000 0.16388584 0.06611805 0.75373834 0.00806618 0.00878264 0.00033946 -0.00093051 
535.00000000 0.16426065 0.06615793 0.75336262 0.00806452 0.00877397 0.00031549 -0.00093518 
536.00000000 0.16463547 0.06619758 0.75298796 0.00806286 0.00876530 0.00029066 -0.00093982 
537.00000000 0.16501028 0.06623698 0.75261446 0.00806121 0.00875664 0.00026487 -0.00094444 
538.00000000 0.16538508 0.06627615 0.75224224 0.00805955 0.00874796 0.00023803 -0.00094902 
539.00000000 0.16575988 0.06631509 0.75187138 0.00805788 0.00873928 0.00021005 -0.00095357 
540.00000000 0.16613467 0.06635380 0.75150199 0.00805620 0.00873057 0.00018085 -0.00095809 
541.00000000 0.16650945 0.06639228 0.75113416 0.00805450 0.00872184 0.00015035 -0.00096258 
542.00000000 0.16688422 0.06643053 0.75076796 0.00805278 0.00871308 0.00011846 -0.00096703 
543.00000000 0.16725897 0.06646856 0.75040348 0.00805103 0.00870428 0.00008512 -0.00097144 
544.00000000 0.16763370 0.06650637 0.75004081 0.00804925 0.00869544 0.00005025 -0.00097582 
545.00000000 0.16800841 0.06654396 0.74968001 0.00804744 0.00868655 0.00001380 -0.00098015 
546.00000000 0.16838310 0.06658133 0.74932115 0.00804558 0.00867760 -0.00002431 -0.00098445 
547.00000000 0.16875776 0.06661849 0.74896429 0.00804369 0.00866860 -0.00006412 -0.00098870 
548.00000000 0.16913239 0.06665543 0.74860950 0.00804174 0.00865954 -0.00010569 -0.00099292 
549.00000000 0.16950699 0.06669217 0.74825683 0.00803975 0.00865041 -0.00014906 -0.00099709 
550.00000000 0.16988156 0.06672870 0.74790633 0.00803770 0.00864120 -0.00019428 -0.00100121 
551.00000000 0.17025610 0.06676503 0.74755804 0.00803559 0.00863192 -0.00024138 -0.00100530 
552.00000000 0.17063059 0.06680116 0.74721201 0.00803341 0.00862256 -0.00029040 -0.00100933 
553.00000000 0.17100505 0.06683709 0.74686827 0.00803117 0.00861311 -0.00034137 -0.00101333 
554.00000000 0.17137947 0.06687283 0.74652684 0.00802886 0.00860357 -0.00039431 -0.00101727 
555.00000000 0.17175385 0.06690838 0.74618776 0.00802647 0.00859394 -0.00044924 -0.00102117 
556.00000000 0.17212818 0.06694375 0.74585105 0.00802401 0.00858421 -0.00050617 -0.00102502 
557.00000000 0.17250247 0.06697892 0.74551672 0.00802147 0.00857438 -0.00056512 -0.00102883 
558.00000000 0.17287671 0.06701392 0.74518478 0.00801884 0.00856444 -0.00062610 -0.00103259 
559.00000000 0.17325089 0.06704874 0.74485525 0.00801613 0.00855440 -0.00068911 -0.00103630 
560.00000000 0.17362503 0.06708338 0.74452811 0.00801333 0.00854425 -0.00075413 -0.00103996 
561.00000000 0.17399911 0.06711785 0.74420337 0.00801043 0.00853398 -0.00082118 -0.00104358 
562.00000000 0.17437314 0.06715216 0.74388103 0.00800744 0.00852360 -0.00089024 -0.00104714 
563.00000000 0.17474712 0.06718630 0.74356107 0.00800436 0.00851311 -0.00096128 -0.00105066 
564.00000000 0.17512103 0.06722027 0.74324347 0.00800118 0.00850249 -0.00103431 -0.00105414 
565.00000000 0.17549489 0.06725409 0.74292822 0.00799789 0.00849176 -0.00110928 -0.00105756 
566.00000000 0.17586869 0.06728775 0.74261528 0.00799450 0.00848090 -0.00118619 -0.00106094 
567.00000000 0.17624243 0.06732126 0.74230464 0.00799101 0.00846992 -0.00126498 -0.00106427 
568.00000000 0.17661611 0.06735462 0.74199625 0.00798741 0.00845881 -0.00134565 -0.00106756 
569.00000000 0.17698973 0.06738783 0.74169009 0.00798371 0.00844758 -0.00142813 -0.00107080 
570.00000000 0.17736328 0.06742090 0.74138610 0.00797989 0.00843622 -0.00151241 -0.00107399 
571.00000000 0.17773678 0.06745383 0.74108426 0.00797597 0.00842473 -0.00159842 -0.00107714 
572.00000000 0.17811020 0.06748662 0.74078450 0.00797193 0.00841312 -0.00168614 -0.00108024 
573.00000000 0.17848357 0.06751928 0.74048679 0.00796778 0.00840138 -0.00177549 -0.00108330 
574.00000000 0.17885687 0.06755180 0.74019105 0.00796352 0.00838952 -0.00186644 -0.00108632 
575.00000000 0.17923011 0.06758419 0.73989725 0.00795915 0.00837753 -0.00195893 -0.00108929 
576.00000000 0.17960328 0.06761646 0.73960531 0.00795466 0.00836541 -0.00205290 -0.00109222 
577.00000000 0.17997639 0.06764861 0.73931517 0.00795006 0.00835316 -0.00214828 -0.00109511 
578.00000000 0.18034943 0.06768063 0.73902678 0.00794535 0.00834080 -0.00224502 -0.00109796 
579.00000000 0.18072241 0.06771253 0.73874005 0.00794052 0.00832831 -0.00234305 -0.00110076 
580.00000000 0.18109533 0.06774432 0.73845492 0.00793558 0.00831569 -0.00244231 -0.00110353 
581.00000000 0.18146818 0.06777599 0.73817132 0.00793053 0.00830296 -0.00254272 -0.00110626 
582.00000000 0.18184098 0.06780755 0.73788916 0.00792536 0.00829011 -0.00264422 -0.00110895 
583.00000000 0.18221371 0.06783900 0.73760838 0.00792009 0.00827715 -0.00274672 -0.00111160 
584.00000000 0.18258638 0.06787035 0.73732890 0.00791470 0.00826407 -0.00285017 -0.00111422 
585.00000000 0.18295898 0.06790159 0.73705063 0.00790921 0.00825087 -0.00295448 -0.00111680 
586.00000000 0.18333153 0.06793272 0.73677349 0.00790360 0.00823757 -0.00305957 -0.00111935 
587.00000000 0.18370402 0.06796376 0.73649740 0.00789789 0.00822416 -0.00316538 -0.00112186 
588.00000000 0.18407646 0.06799469 0.73622228 0.00789208 0.00821065 -0.00327181 -0.00112434 
589.00000000 0.18444883 0.06802553 0.73594803 0.00788616 0.00819703 -0.00337880 -0.00112678 
590.00000000 0.18482116 0.06805628 0.73567458 0.00788014 0.00818331 -0.00348627 -0.00112920 
591.00000000 0.18519342 0.06808692 0.73540185 0.00787401 0.00816950 -0.00359413 -0.00113158 
592.00000000 0.18556564 0.06811748 0.73512973 0.00786779 0.00815560 -0.00370230 -0.00113394 
593.00000000 0.18593780 0.06814794 0.73485814 0.00786148 0.00814160 -0.00381071 -0.00113626 
594.00000000 0.18630992 0.06817832 0.73458701 0.00785506 0.00812752 -0.00391927 -0.00113856 
595.00000000 0.18668198 0.06820861 0.73431623 0.00784856 0.00811336 -0.00402791 -0.00114083 
596.00000000 0.18705400 0.06823881 0.73404573 0.00784197 0.00809912 -0.00413655 -0.00114308 
597.00000000 0.18742598 0.06826892 0.73377542 0.00783528 0.00808480 -0.00424510 -0.00114530 
598.00000000 0.18779791 0.06829895 0.73350521 0.00782852 0.00807041 -0.00435350 -0.00114749 
599.00000000 0.18816980 0.06832889 0.73323501 0.00782166 0.00805595 -0.00446165 -0.00114966 
600.00000000 0.18854165 0.06835876 0.73296474 0.00781473 0.00804143 -0.00456949 -0.00115182 
601.00000000 0.18891345 0.06838854 0.73269432 0.00780772 0.00802684 -0.00467694 -0.00115394 
602.00000000 0.18928523 0.06841824 0.73242367 0.00780064 0.00801220 -0.00478393 -0.00115605 
603.00000000 0.18965696 0.06844786 0.73215270 0.00779348 0.00799751 -0.00489037 -0.00115814 
604.00000000 0.19002866 0.06847740 0.73188133 0.00778626 0.00798277 -0.00499621 -0.00116021 
605.00000000 0.19040033 0.06850686 0.73160949 0.00777896 0.00796798 -0.00510137 -0.00116227 
606.00000000 0.19077197 0.06853625 0.73133710 0.00777160 0.00795315 -0.00520577 -0.00116430 
607.00000000 0.19114358 0.06856556 0.73106408 0.00776418 0.00793829 -0.00530936 -0.00116632 
608.00000000 0.19151516 0.06859478 0.73079036 0.00775671 0.00792339 -0.00541207 -0.00116833 
609.00000000 0.19188672 0.06862394 0.73051587 0.00774917 0.00790846 -0.00551384 -0.00117032 
610.00000000 0.19225825 0.06865301 0.73024054 0.00774159 0.00789351 -0.00561460 -0.00117230 
611.00000000 0.19262975 0.06868201 0.72996431 0.00773395 0.00787853 -0.00571429 -0.00117426 
612.00000000 0.19300124 0.06871093 0.72968710 0.00772627 0.00786354 -0.00581285 -0.00117622 
613.00000000 0.19337270 0.06873978 0.72940885 0.00771854 0.00784853 -0.00591024 -0.00117816 
614.00000000 0.19374414 0.06876855 0.72912951 0.00771077 0.00783352 -0.00600640 -0.00118009 
615.00000000 0.19411557 0.06879725 0.72884901 0.00770296 0.00781850 -0.00610127 -0.00118202 
616.00000000 0.19448698 0.06882587 0.72856731 0.00769512 0.00780347 -0.00619481 -0.00118394 
617.00000000 0.19485837 0.06885441 0.72828435 0.00768724 0.00778845 -0.00628698 -0.00118585 
618.00000000 0.19522975 0.06888288 0.72800007 0.00767934 0.00777344 -0.00637772 -0.00118775 
619.00000000 0.19560111 0.06891127 0.72771444 0.00767141 0.00775843 -0.00646700 -0.00118965 
620.00000000 0.19597246 0.06893958 0.72742741 0.00766345 0.00774343 -0.00655479 -0.00119154 
621.00000000 0.19634380 0.06896781 0.72713893 0.00765547 0.00772845 -0.00664104 -0.00119343 
622.00000000 0.19671512 0.06899597 0.72684897 0.00764747 0.00771349 -0.00672572 -0.00119531 
623.00000000 0.19708643 0.06902405 0.72655750 0.00763946 0.00769855 -0.00680880 -0.00119720 
624.00000000 0.19745774 0.06905206 0.72626447 0.00763143 0.00768364 -0.00689025 -0.00119908 
625.00000000 0.19782903 0.06907998 0.72596986 0.00762339 0.00766875 -0.00697006 -0.00120096 
626.00000000 0.19820031 0.06910783 0.72567365 0.00761534 0.00765390 -0.00704819 -0.00120284 
627.00000000 0.19857158 0.06913559 0.72537581 0.00760728 0.00763908 -0.00712463 -0.00120472 
628.00000000 0.19894284 0.06916328 0.72507632 0.00759922 0.00762430 -0.00719935 -0.00120660 
629.00000000 0.19931409 0.06919089 0.72477515 0.00759116 0.00760956 -0.00727236 -0.00120848 
630.00000000 0.19968533 0.06921841 0.72447231 0.00758309 0.00759485 -0.00734363 -0.00121037 
631.00000000 0.20005656 0.06924585 0.72416777 0.00757503 0.00758020 -0.00741315 -0.00121226 
632.00000000 0.20042778 0.06927321 0.72386152 0.00756697 0.00756559 -0.00748093 -0.00121415 
633.00000000 0.20079899 0.06930049 0.72355357 0.00755892 0.00755103 -0.00754695 -0.00121605 
634.00000000 0.20117019 0.06932768 0.72324390 0.00755088 0.00753652 -0.00761122 -0.00121795 
635.00000000 0.20154137 0.06935479 0.72293252 0.00754284 0.00752206 -0.00767373 -0.00121985 
636.00000000 0.20191254 0.06938181 0.72261943 0.00753482 0.00750766 -0.00773450 -0.00122177 
637.00000000 0.20228370 0.06940875 0.72230463 0.00752681 0.00749332 -0.00779353 -0.00122369 
638.00000000 0.20265484 0.06943560 0.72198814 0.00751881 0.00747903 -0.00785083 -0.00122561 
639.00000000 0.20302597 0.06946237 0.72166997 0.00751083 0.00746481 -0.00790640 -0.00122754 
640.00000000 0.20339708 0.06948904 0.72135013 0.00750287 0.00745064 -0.00796028 -0.00122948 
641.00000000 0.20376817 0.06951563 0.72102863 0.00749492 0.00743654 -0.00801246 -0.00123143 
642.00000000 0.20413925 0.06954213 0.72070549 0.00748700 0.00742250 -0.00806298 -0.00123339 
643.00000000 0.20451030 0.06956853 0.72038074 0.00747909 0.00740853 -0.00811185 -0.00123536 
644.00000000 0.20488133 0.06959485 0.72005441 0.00747121 0.00739462 -0.00815909 -0.00123733 
645.00000000 0.20525234 0.06962107 0.71972650 0.00746335 0.00738078 -0.00820473 -0.00123932 
646.00000000 0.20562332 0.06964721 0.71939707 0.00745552 0.00736700 -0.00824880 -0.00124131 
647.00000000 0.20599427 0.06967324 0.71906613 0.00744771 0.00735330 -0.00829133 -0.00124331 
648.00000000 0.20636520 0.06969919 0.71873372 0.00743992 0.00733966 -0.00833235 -0.00124533 
649.00000000 0.20673610 0.06972504 0.71839987 0.00743216 0.00732609 -0.00837189 -0.00124735 
650.00000000 0.20710696 0.06975079 0.71806462 0.00742443 0.00731258 -0.00840999 -0.00124939 
651.00000000 0.20747779 0.06977645 0.71772802 0.00741672 0.00729915 -0.00844668 -0.00125144 
652.00000000 0.20784858 0.06980201 0.71739009 0.00740904 0.00728578 -0.00848200 -0.00125349 
653.00000000 0.20821933 0.06982747 0.71705088 0.00740139 0.00727248 -0.00851600 -0.00125556 
654.00000000 0.20859005 0.06985283 0.71671044 0.00739377 0.00725925 -0.00854870 -0.00125764 
655.00000000 0.20896072 0.06987810 0.71636881 0.00738617 0.00724608 -0.00858016 -0.00125973 
656.00000000 0.20933134 0.06990327 0.71602604 0.00737860 0.00723299 -0.00861042 -0.00126183 
657.00000000 0.20970192 0.06992833 0.71568218 0.00737106 0.00721996 -0.00863951 -0.00126394 
658.00000000 0.21007245 0.06995330 0.71533727 0.00736355 0.00720699 -0.00866750 -0.00126606 
659.00000000 0.21044293 0.06997816 0.71499136 0.00735607 0.00719409 -0.00869442 -0.00126819 
660.00000000 0.21081336 0.07000292 0.71464451 0.00734861 0.00718125 -0.00872032 -0.00127033 
661.00000000 0.21118372 0.07002758 0.71429677 0.00734119 0.00716848 -0.00874525 -0.00127248 
662.00000000 0.21155403 0.07005214 0.71394819 0.00733378 0.00715576 -0.00876926 -0.00127464 
663.00000000 0.21192428 0.07007659 0.71359882 0.00732641 0.00714311 -0.00879240 -0.00127681 
664.00000000 0.21229446 0.07010094 0.71324873 0.00731906 0.00713052 -0.00881472 -0.00127899 
665.00000000 0.21266458 0.07012519 0.71289796 0.00731174 0.00711798 -0.00883626 -0.00128118 
666.00000000 0.21303463 0.07014933 0.71254656 0.00730444 0.00710550 -0.00885708 -0.00128338 
667.00000000 0.21340461 0.07017337 0.71219460 0.00729717 0.00709308 -0.00887723 -0.00128558 
668.00000000 0.21377451 0.07019730 0.71184213 0.00728992 0.00708070 -0.00889677 -0.00128780 
669.00000000 0.21414434 0.07022113 0.71148921 0.00728269 0.00706838 -0.00891573 -0.00129002 
670.00000000 0.21451409 0.07024485 0.71113588 0.00727549 0.00705612 -0.00893418 -0.00129224 
671.00000000 0.21488376 0.07026846 0.71078221 0.00726831 0.00704389 -0.00895216 -0.00129447 
672.00000000 0.21525335 0.07029197 0.71042826 0.00726114 0.00703172 -0.00896973 -0.00129671 
673.00000000 0.21562285 0.07031538 0.71007407 0.00725400 0.00701959 -0.00898693 -0.00129896 
674.00000000 0.21599226 0.07033868 0.70971970 0.00724688 0.00700750 -0.00900381 -0.00130120 
675.00000000 0.21636158 0.07036187 0.70936521 0.00723977 0.00699546 -0.00902043 -0.00130346 
676.00000000 0.21673081 0.07038495 0.70901064 0.00723268 0.00698345 -0.00903683 -0.00130571 
677.00000000 0.21709995 0.07040793 0.70865606 0.00722561 0.00697148 -0.00905306 -0.00130797 
678.00000000 0.21746899 0.07043081 0.70830151 0.00721855 0.00695955 -0.00906917 -0.00131023 
679.00000000 0.21783793 0.07045358 0.70794704 0.00721150 0.00694764 -0.00908521 -0.00131249 
680.00000000 0.21820677 0.07047624 0.70759272 0.00720447 0.00693577 -0.00910121 -0.00131475 
681.00000000 0.21857550 0.07049880 0.70723857 0.00719744 0.00692393 -0.00911724 -0.00131701 
682.00000000 0.21894413 0.07052125 0.70688466 0.00719043 0.00691211 -0.00913332 -0.00131927 
683.00000000 0.21931265 0.07054360 0.70653103 0.00718342 0.00690032 -0.00914951 -0.00132153 
684.00000000 0.21968107 0.07056585 0.70617773 0.00717643 0.00688855 -0.00916584 -0.00132379 
685.00000000 0.22004937 0.07058799 0.70582480 0.00716943 0.00687680 -0.00918235 -0.00132604 
686.00000000 0.22041755 0.07061002 0.70547229 0.00716245 0.00686507 -0.00919910 -0.00132829 
687.00000000 0.22078563 0.07063196 0.70512024 0.00715546 0.00685336 -0.00921610 -0.00133053 
688.00000000 0.22115358 0.07065379 0.70476868 0.00714848 0.00684165 -0.00923341 -0.00133277 
689.00000000 0.22152142 0.07067552 0.70441766 0.00714150 0.00682996 -0.00925105 -0.00133501 
690.00000000 0.22188913 0.07069714 0.70406722 0.00713451 0.00681828 -0.00926906 -0.00133723 
691.00000000 0.22225673 0.07071867 0.70371739 0.00712753 0.00680661 -0.00928748 -0.00133945 
692.00000000 0.22262420 0.07074010 0.70336821 0.00712054 0.00679494 -0.00930632 -0.00134166 
693.00000000 0.22299154 0.07076142 0.70301971 0.00711354 0.00678328 -0.00932564 -0.00134386 
694.00000000 0.22335876 0.07078265 0.70267192 0.00710654 0.00677162 -0.00934544 -0.00134605 
695.00000000 0.22372585 0.07080378 0.70232488 0.00709954 0.00675995 -0.00936576 -0.00134823 
696.00000000 0.22409281 0.07082481 0.70197860 0.00709252 0.00674829 -0.00938662 -0.00135040 
697.00000000 0.22445964 0.07084574 0.70163312 0.00708550 0.00673662 -0.00940805 -0.00135256 
698.00000000 0.22482634 0.07086658 0.70128846 0.00707846 0.00672494 -0.00943007 -0.00135470 
699.00000000 0.22519290 0.07088732 0.70094464 0.00707141 0.00671326 -0.00945270 -0.00135683 
700.00000000 0.22555934 0.07090797 0.70060168 0.00706434 0.00670156 -0.00947595 -0.00135895 
701.00000000 0.22592563 0.07092852 0.70025961 0.00705727 0.00668985 -0.00949984 -0.00136105 
702.00000000 0.22629179 0.07094898 0.69991844 0.00705017 0.00667813 -0.00952439 -0.00136313 
703.00000000 0.22665782 0.07096935 0.69957818 0.00704306 0.00666640 -0.00954961 -0.00136520 
704.00000000 0.22702371 0.07098963 0.69923885 0.00703593 0.00665465 -0.00957551 -0.00136725 
705.00000000 0.22738946 0.07100981 0.69890046 0.00702877 0.00664288 -0.00960211 -0.00136928 
706.00000000 0.22775507 0.07102991 0.69856303 0.00702160 0.00663109 -0.00962940 -0.00137130 
707.00000000 0.22812054 0.07104992 0.69822654 0.00701441 0.00661928 -0.00965740 -0.00137329 
708.00000000 0.22848587 0.07106984 0.69789103 0.00700719 0.00660745 -0.00968611 -0.00137527 
709.00000000 0.22885106 0.07108968 0.69755648 0.00699994 0.00659560 -0.00971553 -0.00137722 
710.00000000 0.22921611 0.07110943 0.69722290 0.00699268 0.00658372 -0.00974567 -0.00137916 
711.00000000 0.22958102 0.07112909 0.69689030 0.00698538 0.00657181 -0.00977653 -0.00138108 
712.00000000 0.22994579 0.07114867 0.69655866 0.00697806 0.00655988 -0.00980809 -0.00138297 
713.00000000 0.23031041 0.07116817 0.69622799 0.00697071 0.00654792 -0.00984037 -0.00138484 
714.00000000 0.23067490 0.07118759 0.69589829 0.00696333 0.00653593 -0.00987335 -0.00138669 
715.00000000 0.23103924 0.07120692 0.69556954 0.00695592 0.00652391 -0.00990703 -0.00138852 
716.00000000 0.23140344 0.07122618 0.69524175 0.00694849 0.00651187 -0.00994140 -0.00139033 
717.00000000 0.23176750 0.07124536 0.69491489 0.00694102 0.00649979 -0.00997645 -0.00139211 
718.00000000 0.23213142 0.07126445 0.69458897 0.00693351 0.00648768 -0.01001217 -0.00139387 
719.00000000 0.23249520 0.07128347 0.69426396 0.00692598 0.00647554 -0.01004855 -0.00139560 
720.00000000 0.23285884 0.07130241 0.69393986 0.00691841 0.00646336 -0.01008557 -0.00139731 
721.00000000 0.23322233 0.07132128 0.69361664 0.00691081 0.00645115 -0.01012322 -0.00139900 
722.00000000 0.23358569 0.07134007 0.69329430 0.00690318 0.00643891 -0.01016149 -0.00140066 
723.00000000 0.23394890 0.07135879 0.69297281 0.00689551 0.00642664 -0.01020035 -0.00140230 
724.00000000 0.23431198 0.07137744 0.69265216 0.00688780 0.00641434 -0.01023980 -0.00140392 
725.00000000 0.23467492 0.07139601 0.69233232 0.00688006 0.00640200 -0.01027980 -0.00140551 
726.00000000 0.23503772 0.07141451 0.69201328 0.00687229 0.00638962 -0.01032034 -0.00140708 
727.00000000 0.23540038 0.07143293 0.69169501 0.00686448 0.00637722 -0.01036139 -0.00140862 
728.00000000 0.23576290 0.07145129 0.69137748 0.00685663 0.00636478 -0.01040294 -0.00141014 
729.00000000 0.23612529 0.07146958 0.69106067 0.00684875 0.00635230 -0.01044496 -0.00141163 
730.00000000 0.23648754 0.07148779 0.69074457 0.00684083 0.00633980 -0.01048743 -0.00141310 
731.00000000 0.23684966 0.07150594 0.69042913 0.00683287 0.00632726 -0.01053032 -0.00141455 
732.00000000 0.23721164 0.07152402 0.69011433 0.00682488 0.00631469 -0.01057361 -0.00141597 
733.00000000 0.23757349 0.07154203 0.68980015 0.00681685 0.00630209 -0.01061726 -0.00141737 
734.00000000 0.23793521 0.07155998 0.68948656 0.00680879 0.00628946 -0.01066126 -0.00141874 
735.00000000 0.23829680 0.07157786 0.68917352 0.00680069 0.00627680 -0.01070557 -0.00142010 
736.00000000 0.23865825 0.07159567 0.68886101 0.00679255 0.00626412 -0.01075017 -0.00142143 
737.00000000 0.23901958 0.07161341 0.68854899 0.00678438 0.00625140 -0.01079503 -0.00142273 
738.00000000 0.23938078 0.07163109 0.68823743 0.00677618 0.00623865 -0.01084012 -0.00142402 
739.00000000 0.23974186 0.07164871 0.68792631 0.00676794 0.00622588 -0.01088541 -0.00142529 
740.00000000 0.24010280 0.07166626 0.68761559 0.00675966 0.00621308 -0.01093087 -0.00142653 
741.00000000 0.24046363 0.07168374 0.68730524 0.00675135 0.00620026 -0.01097647 -0.00142775 
742.00000000 0.24082432 0.07170116 0.68699523 0.00674301 0.00618742 -0.01102218 -0.00142895 
743.00000000 0.24118490 0.07171851 0.68668551 0.00673464 0.00617455 -0.01106798 -0.00143014 
744.00000000 0.24154536 0.07173580 0.68637607 0.00672623 0.00616166 -0.01111382 -0.00143130 
745.00000000 0.24190569 0.07175303 0.68606687 0.00671779 0.00614875 -0.01115969 -0.00143244 
746.00000000 0.24226591 0.07177019 0.68575788 0.00670932 0.00613582 -0.01120555 -0.00143357 
747.00000000 0.24262601 0.07178729 0.68544905 0.00670082 0.00612287 -0.01125137 -0.00143468 
748.00000000 0.24298599 0.07180432 0.68514037 0.00669229 0.00610991 -0.01129712 -0.00143577 
749.00000000 0.24334586 0.07182129 0.68483180 0.00668373 0.00609693 -0.01134278 -0.00143684 
750.00000000 0.24370562 0.07183820 0.68452331 0.00667514 0.00608394 -0.01138831 -0.00143790 
751.00000000 0.24406526 0.07185504 0.68421486 0.00666653 0.00607094 -0.01143368 -0.00143894 
752.00000000 0.24442479 0.07187182 0.68390642 0.00665789 0.00605792 -0.01147887 -0.00143997 
753.00000000 0.24478421 0.07188853 0.68359797 0.00664922 0.00604490 -0.01152385 -0.00144098 
754.00000000 0.24514353 0.07190518 0.68328947 0.00664053 0.00603186 -0.01156859 -0.00144198 
755.00000000 0.24550273 0.07192177 0.68298089 0.00663181 0.00601883 -0.01161306 -0.00144297 
756.00000000 0.24586183 0.07193829 0.68267220 0.00662307 0.00600578 -0.01165724 -0.00144394 
757.00000000 0.24622082 0.07195475 0.68236338 0.00661431 0.00599273 -0.01170110 -0.00144490 
758.00000000 0.24657972 0.07197114 0.68205440 0.00660553 0.00597968 -0.01174462 -0.00144585 
759.00000000 0.24693850 0.07198747 0.68174523 0.00659673 0.00596663 -0.01178776 -0.00144679 
760.00000000 0.24729719 0.07200373 0.68143583 0.00658791 0.00595358 -0.01183051 -0.00144773 
761.00000000 0.24765578 0.07201992 0.68112620 0.00657907 0.00594054 -0.01187285 -0.00144865 
762.00000000 0.24801426 0.07203605 0.68081629 0.00657021 0.00592749 -0.01191475 -0.00144956 
763.00000000 0.24837265 0.07205212 0.68050609 0.00656134 0.00591445 -0.01195619 -0.00145047 
764.00000000 0.24873095 0.07206811 0.68019558 0.00655245 0.00590142 -0.01199714 -0.00145137 
765.00000000 0.24908914 0.07208404 0.67988472 0.00654355 0.00588840 -0.01203760 -0.00145226 
766.00000000 0.24944724 0.07209991 0.67957351 0.00653463 0.00587539 -0.01207753 -0.00145314 
767.00000000 0.24980525 0.07211571 0.67926191 0.00652570 0.00586238 -0.01211693 -0.00145402 
768.00000000 0.25016316 0.07213143 0.67894991 0.00651676 0.00584939 -0.01215577 -0.00145490 
769.00000000 0.25052099 0.07214710 0.67863749 0.00650781 0.00583642 -0.01219403 -0.00145577 
770.00000000 0.25087872 0.07216269 0.67832464 0.00649885 0.00582345 -0.01223171 -0.00145664 
771.00000000 0.25123636 0.07217821 0.67801133 0.00648989 0.00581051 -0.01226879 -0.00145751 
772.00000000 0.25159391 0.07219367 0.67769754 0.00648091 0.00579758 -0.01230525 -0.00145837 
773.00000000 0.25195137 0.07220906 0.67738328 0.00647193 0.00578467 -0.01234108 -0.00145923 
774.00000000 0.25230874 0.07222438 0.67706851 0.00646294 0.00577178 -0.01237627 -0.00146009 
775.00000000 0.25266603 0.07223962 0.67675324 0.00645395 0.00575892 -0.01241081 -0.00146095 
776.00000000 0.25302323 0.07225480 0.67643744 0.00644496 0.00574607 -0.01244469 -0.00146181 
777.00000000 0.25338034 0.07226991 0.67612112 0.00643596 0.00573325 -0.01247791 -0.00146267 
778.00000000 0.25373737 0.07228495 0.67580425 0.00642696 0.00572045 -0.01251044 -0.00146353 
779.00000000 0.25409431 0.07229991 0.67548683 0.00641796 0.00570768 -0.01254230 -0.00146440 
780.00000000 0.25445117 0.07231481 0.67516886 0.00640896 0.00569494 -0.01257347 -0.00146526 
781.00000000 0.25480794 0.07232963 0.67485032 0.00639996 0.00568222 -0.01260395 -0.00146613 
782.00000000 0.25516462 0.07234438 0.67453122 0.00639096 0.00566953 -0.01263373 -0.00146699 
783.00000000 0.25552123 0.07235906 0.67421155 0.00638196 0.00565687 -0.01266282 -0.00146787 
784.00000000 0.25587774 0.07237367 0.67389131 0.00637297 0.00564425 -0.01269120 -0.00146874 
785.00000000 0.25623418 0.07238820 0.67357050 0.00636398 0.00563165 -0.01271889 -0.00146962 
786.00000000 0.25659053 0.07240267 0.67324912 0.00635499 0.00561908 -0.01274588 -0.00147050 
787.00000000 0.25694680 0.07241706 0.67292716 0.00634601 0.00560654 -0.01277218 -0.00147139 
788.00000000 0.25730298 0.07243137 0.67260463 0.00633704 0.00559404 -0.01279778 -0.00147228 
789.00000000 0.25765908 0.07244561 0.67228154 0.00632807 0.00558157 -0.01282270 -0.00147317 
790.00000000 0.25801510 0.07245978 0.67195788 0.00631910 0.00556914 -0.01284692 -0.00147407 
791.00000000 0.25837103 0.07247388 0.67163366 0.00631014 0.00555674 -0.01287047 -0.00147498 
792.00000000 0.25872688 0.07248790 0.67130889 0.00630120 0.00554437 -0.01289335 -0.00147589 
793.00000000 0.25908264 0.07250184 0.67098358 0.00629225 0.00553204 -0.01291555 -0.00147681 
794.00000000 0.25943832 0.07251571 0.67065773 0.00628332 0.00551974 -0.01293710 -0.00147773 
795.00000000 0.25979392 0.07252951 0.67033135 0.00627440 0.00550747 -0.01295800 -0.00147865 
796.00000000 0.26014943 0.07254323 0.67000446 0.00626548 0.00549525 -0.01297827 -0.00147959 
797.00000000 0.26050485 0.07255688 0.66967705 0.00625658 0.00548306 -0.01299790 -0.00148052 
798.00000000 0.26086019 0.07257046 0.66934915 0.00624768 0.00547090 -0.01301691 -0.00148147 
799.00000000 0.26121544 0.07258395 0.66902077 0.00623879 0.00545878 -0.01303532 -0.00148242 
800.00000000 0.26157060 0.07259738 0.66869191 0.00622992 0.00544669 -0.01305313 -0.00148337 
801.00000000 0.26192568 0.07261073 0.66836260 0.00622105 0.00543465 -0.01307036 -0.00148433 
802.00000000 0.26228067 0.07262400 0.66803284 0.00621220 0.00542263 -0.01308703 -0.00148530 
803.00000000 0.26263556 0.07263720 0.66770265 0.00620335 0.00541065 -0.01310314 -0.00148627 
804.00000000 0.26299037 0.07265032 0.66737205 0.00619452 0.00539871 -0.01311872 -0.00148725 
805.00000000 0.26334509 0.07266337 0.66704105 0.00618570 0.00538680 -0.01313377 -0.00148823 
806.00000000 0.26369972 0.07267634 0.66670968 0.00617688 0.00537492 -0.01314832 -0.00148922 
807.00000000 0.26405425 0.07268924 0.66637794 0.00616808 0.00536308 -0.01316238 -0.00149022 
808.00000000 0.26440869 0.07270206 0.66604586 0.00615929 0.00535127 -0.01317597 -0.00149121 
809.00000000 0.26476304 0.07271481 0.66571345 0.00615051 0.00533950 -0.01318910 -0.00149222 
810.00000000 0.26511729 0.07272749 0.66538074 0.00614174 0.00532776 -0.01320179 -0.00149322 
811.00000000 0.26547145 0.07274009 0.66504773 0.00613298 0.00531605 -0.01321406 -0.00149423 
812.00000000 0.26582551 0.07275261 0.66471446 0.00612423 0.00530437 -0.01322593 -0.00149525 
813.00000000 0.26617947 0.07276506 0.66438094 0.00611549 0.00529273 -0.01323742 -0.00149627 
814.00000000 0.26653334 0.07277744 0.66404719 0.00610676 0.00528111 -0.01324854 -0.00149729 
815.00000000 0.26688710 0.07278974 0.66371323 0.00609805 0.00526952 -0.01325932 -0.00149832 
816.00000000 0.26724077 0.07280196 0.66337909 0.00608934 0.00525797 -0.01326977 -0.00149935 
817.00000000 0.26759433 0.07281412 0.66304478 0.00608064 0.00524644 -0.01327992 -0.00150038 
818.00000000 0.26794779 0.07282620 0.66271032 0.00607194 0.00523494 -0.01328977 -0.00150141 
819.00000000 0.26830115 0.07283820 0.66237573 0.00606326 0.00522346 -0.01329936 -0.00150245 
820.00000000 0.26865440 0.07285014 0.66204104 0.00605459 0.00521201 -0.01330870 -0.00150348 
821.00000000 0.26900755 0.07286200 0.66170627 0.00604592 0.00520059 -0.01331781 -0.00150452 
822.00000000 0.26936059 0.07287378 0.66137144 0.00603726 0.00518919 -0.01332670 -0.00150556 
823.00000000 0.26971352 0.07288550 0.66103656 0.00602861 0.00517782 -0.01333541 -0.00150660 
824.00000000 0.27006635 0.07289714 0.66070166 0.00601997 0.00516647 -0.01334394 -0.00150764 
825.00000000 0.27041906 0.07290871 0.66036676 0.00601133 0.00515514 -0.01335232 -0.00150868 
826.00000000 0.27077166 0.07292021 0.66003189 0.00600270 0.00514384 -0.01336057 -0.00150972 
827.00000000 0.27112415 0.07293164 0.65969705 0.00599407 0.00513255 -0.01336869 -0.00151076 
828.00000000 0.27147653 0.07294299 0.65936227 0.00598545 0.00512128 -0.01337672 -0.00151180 
829.00000000 0.27182880 0.07295428 0.65902757 0.00597683 0.00511003 -0.01338467 -0.00151284 
830.00000000 0.27218094 0.07296549 0.65869297 0.00596822 0.00509881 -0.01339256 -0.00151387 
831.00000000 0.27253298 0.07297663 0.65835849 0.00595961 0.00508759 -0.01340040 -0.00151490 
832.00000000 0.27288489 0.07298771 0.65802415 0.00595100 0.00507640 -0.01340822 -0.00151593 
833.00000000 0.27323669 0.07299871 0.65768996 0.00594240 0.00506521 -0.01341602 -0.00151696 
834.00000000 0.27358836 0.07300965 0.65735595 0.00593380 0.00505405 -0.01342383 -0.00151798 
835.00000000 0.27393992 0.07302051 0.65702213 0.00592520 0.00504289 -0.01343166 -0.00151900 
836.00000000 0.27429136 0.07303131 0.65668851 0.00591661 0.00503175 -0.01343953 -0.00152001 
837.00000000 0.27464267 0.07304204 0.65635513 0.00590801 0.00502062 -0.01344745 -0.00152102 
838.00000000 0.27499386 0.07305271 0.65602198 0.00589942 0.00500950 -0.01345544 -0.00152203 
839.00000000 0.27534492 0.07306330 0.65568909 0.00589082 0.00499840 -0.01346350 -0.00152303 
840.00000000 0.27569586 0.07307383 0.65535647 0.00588223 0.00498730 -0.01347166 -0.00152403 
841.00000000 0.27604667 0.07308429 0.65502414 0.00587363 0.00497621 -0.01347993 -0.00152501 
842.00000000 0.27639736 0.07309469 0.65469212 0.00586503 0.00496512 -0.01348832 -0.00152600 
843.00000000 0.27674792 0.07310502 0.65436040 0.00585643 0.00495405 -0.01349684 -0.00152697 
844.00000000 0.27709835 0.07311528 0.65402901 0.00584783 0.00494298 -0.01350551 -0.00152794 
845.00000000 0.27744865 0.07312548 0.65369796 0.00583923 0.00493192 -0.01351433 -0.00152891 
846.00000000 0.27779882 0.07313562 0.65336726 0.00583062 0.00492086 -0.01352331 -0.00152986 
847.00000000 0.27814885 0.07314569 0.65303692 0.00582201 0.00490980 -0.01353246 -0.00153081 
848.00000000 0.27849876 0.07315570 0.65270696 0.00581339 0.00489875 -0.01354180 -0.00153175 
849.00000000 0.27884853 0.07316564 0.65237737 0.00580477 0.00488770 -0.01355133 -0.00153268 
850.00000000 0.27919817 0.07317553 0.65204818 0.00579614 0.00487665 -0.01356106 -0.00153360 
851.00000000 0.27954767 0.07318535 0.65171938 0.00578751 0.00486560 -0.01357100 -0.00153452 
852.00000000 0.27989704 0.07319511 0.65139099 0.00577888 0.00485456 -0.01358115 -0.00153542 
853.00000000 0.28024628 0.07320481 0.65106301 0.00577023 0.00484351 -0.01359152 -0.00153632 
854.00000000 0.28059537 0.07321444 0.65073545 0.00576158 0.00483247 -0.01360211 -0.00153721 
855.00000000 0.28094433 0.07322402 0.65040831 0.00575293 0.00482142 -0.01361293 -0.00153808 
856.00000000 0.28129316 0.07323354 0.65008160 0.00574426 0.00481037 -0.01362399 -0.00153895 
857.00000000 0.28164184 0.07324300 0.64975533 0.00573559 0.00479933 -0.01363528 -0.00153981 
858.00000000 0.28199039 0.07325240 0.64942949 0.00572691 0.00478827 -0.01364680 -0.00154066 
859.00000000 0.28233879 0.07326174 0.64910409 0.00571823 0.00477722 -0.01365857 -0.00154150 
860.00000000 0.28268706 0.07327103 0.64877913 0.00570953 0.00476616 -0.01367058 -0.00154232 
861.00000000 0.28303519 0.07328025 0.64845461 0.00570083 0.00475510 -0.01368284 -0.00154314 
862.00000000 0.28338317 0.07328943 0.64813053 0.00569211 0.00474404 -0.01369534 -0.00154395 
863.00000000 0.28373102 0.07329854 0.64780690 0.00568339 0.00473297 -0.01370808 -0.00154474 
864.00000000 0.28407872 0.07330760 0.64748371 0.00567466 0.00472190 -0.01372106 -0.00154553 
865.00000000 0.28442629 0.07331660 0.64716096 0.00566592 0.00471083 -0.01373428 -0.00154630 
866.00000000 0.28477371 0.07332555 0.64683864 0.00565717 0.00469975 -0.01374774 -0.00154707 
867.00000000 0.28512098 0.07333445 0.64651677 0.00564840 0.00468866 -0.01376144 -0.00154782 
868.00000000 0.28546812 0.07334329 0.64619532 0.00563963 0.00467757 -0.01377537 -0.00154856 
869.00000000 0.28581511 0.07335208 0.64587431 0.00563085 0.00466648 -0.01378953 -0.00154929 
870.00000000 0.28616196 0.07336081 0.64555372 0.00562206 0.00465538 -0.01380391 -0.00155001 
871.00000000 0.28650867 0.07336949 0.64523355 0.00561326 0.00464427 -0.01381852 -0.00155072 
872.00000000 0.28685523 0.07337812 0.64491379 0.00560445 0.00463317 -0.01383333 -0.00155142 
873.00000000 0.28720164 0.07338670 0.64459444 0.00559562 0.00462205 -0.01384836 -0.00155210 
874.00000000 0.28754792 0.07339523 0.64427550 0.00558679 0.00461093 -0.01386359 -0.00155278 
875.00000000 0.28789405 0.07340371 0.64395695 0.00557795 0.00459981 -0.01387902 -0.00155345 
876.00000000 0.28824003 0.07341214 0.64363878 0.00556909 0.00458868 -0.01389463 -0.00155410 
877.00000000 0.28858588 0.07342052 0.64332100 0.00556023 0.00457755 -0.01391042 -0.00155474 
878.00000000 0.28893157 0.07342885 0.64300358 0.00555135 0.00456642 -0.01392639 -0.00155537 
879.00000000 0.28927712 0.07343713 0.64268653 0.00554246 0.00455528 -0.01394253 -0.00155600 
880.00000000 0.28962253 0.07344536 0.64236983 0.00553357 0.00454413 -0.01395882 -0.00155661 
881.00000000 0.28996780 0.07345355 0.64205348 0.00552466 0.00453298 -0.01397526 -0.00155721 
882.00000000 0.29031291 0.07346169 0.64173746 0.00551574 0.00452183 -0.01399184 -0.00155780 
883.00000000 0.29065789 0.07346978 0.64142176 0.00550681 0.00451068 -0.01400855 -0.00155838 
884.00000000 0.29100272 0.07347783 0.64110638 0.00549788 0.00449952 -0.01402537 -0.00155895 
885.00000000 0.29134740 0.07348583 0.64079129 0.00548893 0.00448836 -0.01404231 -0.00155951 
886.00000000 0.29169195 0.07349378 0.64047650 0.00547997 0.00447720 -0.01405935 -0.00156006 
887.00000000 0.29203634 0.07350169 0.64016199 0.00547100 0.00446604 -0.01407647 -0.00156060 
888.00000000 0.29238060 0.07350956 0.63984775 0.00546203 0.00445488 -0.01409368 -0.00156113 
889.00000000 0.29272470 0.07351738 0.63953376 0.00545304 0.00444371 -0.01411095 -0.00156165 
890.00000000 0.29306867 0.07352516 0.63922002 0.00544405 0.00443255 -0.01412828 -0.00156216 
891.00000000 0.29341249 0.07353289 0.63890651 0.00543504 0.00442138 -0.01414565 -0.00156267 
892.00000000 0.29375617 0.07354058 0.63859322 0.00542603 0.00441022 -0.01416306 -0.00156316 
893.00000000 0.29409970 0.07354823 0.63828015 0.00541701 0.00439905 -0.01418050 -0.00156365 
894.00000000 0.29444309 0.07355584 0.63796726 0.00540798 0.00438789 -0.01419794 -0.00156412 
895.00000000 0.29478634 0.07356340 0.63765456 0.00539895 0.00437673 -0.01421539 -0.00156459 
896.00000000 0.29512945 0.07357093 0.63734204 0.00538991 0.00436557 -0.01423283 -0.00156505 
897.00000000 0.29547241 0.07357841 0.63702967 0.00538085 0.00435442 -0.01425025 -0.00156551 
898.00000000 0.29581523 0.07358585 0.63671745 0.00537180 0.00434327 -0.01426764 -0.00156595 
899.00000000 0.29615790 0.07359325 0.63640536 0.00536273 0.00433212 -0.01428498 -0.00156639 
900.00000000 0.29650044 0.07360061 0.63609339 0.00535366 0.00432098 -0.01430227 -0.00156682 
901.00000000 0.29684283 0.07360793 0.63578154 0.00534459 0.00430984 -0.01431949 -0.00156724 
902.00000000 0.29718508 0.07361521 0.63546978 0.00533551 0.00429871 -0.01433664 -0.00156766 
903.00000000 0.29752719 0.07362246 0.63515811 0.00532642 0.00428759 -0.01435370 -0.00156807 
904.00000000 0.29786916 0.07362966 0.63484652 0.00531733 0.00427647 -0.01437066 -0.00156848 
905.00000000 0.29821099 0.07363683 0.63453499 0.00530823 0.00426536 -0.01438752 -0.00156887 
906.00000000 0.29855268 0.07364395 0.63422351 0.00529913 0.00425426 -0.01440426 -0.00156926 
907.00000000 0.29889422 0.07365104 0.63391206 0.00529003 0.00424316 -0.01442087 -0.00156965 
908.00000000 0.29923563 0.07365809 0.63360065 0.00528092 0.00423208 -0.01443734 -0.00157003 
909.00000000 0.29957689 0.07366511 0.63328926 0.00527181 0.00422100 -0.01445367 -0.00157041 
910.00000000 0.29991802 0.07367209 0.63297787 0.00526270 0.00420994 -0.01446984 -0.00157078 
911.00000000 0.30025901 0.07367903 0.63266649 0.00525358 0.00419889 -0.01448584 -0.00157114 
912.00000000 0.30059986 0.07368593 0.63235508 0.00524446 0.00418784 -0.01450168 -0.00157150 
913.00000000 0.30094056 0.07369280 0.63204366 0.00523535 0.00417681 -0.01451732 -0.00157186 
914.00000000 0.30128113 0.07369963 0.63173221 0.00522623 0.00416580 -0.01453278 -0.00157221 
915.00000000 0.30162156 0.07370643 0.63142071 0.00521710 0.00415479 -0.01454804 -0.00157256 
916.00000000 0.30196186 0.07371319 0.63110917 0.00520798 0.00414380 -0.01456309 -0.00157291 
917.00000000 0.30230201 0.07371991 0.63079757 0.00519886 0.00413282 -0.01457793 -0.00157325 
918.00000000 0.30264203 0.07372660 0.63048590 0.00518974 0.00412186 -0.01459254 -0.00157359 
919.00000000 0.30298191 0.07373326 0.63017416 0.00518062 0.00411091 -0.01460693 -0.00157392 
920.00000000 0.30332165 0.07373988 0.62986234 0.00517150 0.00409998 -0.01462109 -0.00157426 
921.00000000 0.30366125 0.07374646 0.62955043 0.00516238 0.00408907 -0.01463501 -0.00157459 
922.00000000 0.30400072 0.07375301 0.62923843 0.00515326 0.00407817 -0.01464868 -0.00157491 
923.00000000 0.30434005 0.07375953 0.62892633 0.00514415 0.00406728 -0.01466210 -0.00157524 
924.00000000 0.30467924 0.07376601 0.62861412 0.00513504 0.00405642 -0.01467527 -0.00157556 
925.00000000 0.30501830 0.07377246 0.62830180 0.00512593 0.00404557 -0.01468818 -0.00157588 
926.00000000 0.30535722 0.07377888 0.62798937 0.00511682 0.00403474 -0.01470082 -0.00157620 
927.00000000 0.30569600 0.07378526 0.62767681 0.00510772 0.00402393 -0.01471320 -0.00157652 
928.00000000 0.30603465 0.07379161 0.62736413 0.00509862 0.00401314 -0.01472531 -0.00157684 
929.00000000 0.30637316 0.07379792 0.62705133 0.00508952 0.00400237 -0.01473714 -0.00157716 
930.00000000 0.30671154 0.07380420 0.62673839 0.00508043 0.00399161 -0.01474870 -0.00157747 
931.00000000 0.30704978 0.07381045 0.62642532 0.00507135 0.00398088 -0.01475999 -0.00157778 
932.00000000 0.30738788 0.07381667 0.62611211 0.00506226 0.00397017 -0.01477099 -0.00157810 
933.00000000 0.30772585 0.07382285 0.62579876 0.00505319 0.00395948 -0.01478172 -0.00157841 
934.00000000 0.30806368 0.07382901 0.62548528 0.00504412 0.00394880 -0.01479216 -0.00157872 
935.00000000 0.30840138 0.07383512 0.62517165 0.00503505 0.00393815 -0.01480232 -0.00157904 
936.00000000 0.30873894 0.07384121 0.62485789 0.00502599 0.00392752 -0.01481220 -0.00157935 
937.00000000 0.30907636 0.07384727 0.62454398 0.00501694 0.00391692 -0.01482180 -0.00157966 
938.00000000 0.30941365 0.07385329 0.62422993 0.00500789 0.00390633 -0.01483112 -0.00157997 
939.00000000 0.30975081 0.07385928 0.62391574 0.00499885 0.00389577 -0.01484016 -0.00158028 
940.00000000 0.31008783 0.07386524 0.62360141 0.00498982 0.00388522 -0.01484892 -0.00158060 
941.00000000 0.31042471 0.07387117 0.62328694 0.00498079 0.00387470 -0.01485740 -0.00158091 
942.00000000 0.31076146 0.07387706 0.62297233 0.00497177 0.00386420 -0.01486561 -0.00158122 
943.00000000 0.31109808 0.07388293 0.62265760 0.00496276 0.00385373 -0.01487355 -0.00158154 
944.00000000 0.31143455 0.07388876 0.62234272 0.00495376 0.00384327 -0.01488122 -0.00158185 
945.00000000 0.31177090 0.07389456 0.62202772 0.00494476 0.00383284 -0.01488862 -0.00158216 
946.00000000 0.31210710 0.07390033 0.62171260 0.00493577 0.00382243 -0.01489575 -0.00158248 
947.00000000 0.31244318 0.07390607 0.62139735 0.00492679 0.00381204 -0.01490263 -0.00158280 
948.00000000 0.31277911 0.07391178 0.62108198 0.00491781 0.00380168 -0.01490925 -0.00158311 
949.00000000 0.31311491 0.07391746 0.62076650 0.00490885 0.00379134 -0.01491562 -0.00158343 
950.00000000 0.31345058 0.07392310 0.62045091 0.00489989 0.00378101 -0.01492175 -0.00158375 
951.00000000 0.31378610 0.07392872 0.62013522 0.00489094 0.00377072 -0.01492763 -0.00158407 
952.00000000 0.31412150 0.07393430 0.61981942 0.00488200 0.00376044 -0.01493327 -0.00158439 
953.00000000 0.31445675 0.07393986 0.61950354 0.00487307 0.00375019 -0.01493869 -0.00158471 
954.00000000 0.31479187 0.07394538 0.61918756 0.00486415 0.00373995 -0.01494387 -0.00158504 
955.00000000 0.31512685 0.07395087 0.61887150 0.00485523 0.00372974 -0.01494884 -0.00158536 
956.00000000 0.31546170 0.07395634 0.61855536 0.00484632 0.00371955 -0.01495359 -0.00158568 
957.00000000 0.31579641 0.07396177 0.61823915 0.00483743 0.00370939 -0.01495814 -0.00158601 
958.00000000 0.31613098 0.07396717 0.61792288 0.00482854 0.00369924 -0.01496248 -0.00158634 
959.00000000 0.31646542 0.07397255 0.61760655 0.00481965 0.00368911 -0.01496662 -0.00158666 
960.00000000 0.31679971 0.07397789 0.61729018 0.00481078 0.00367901 -0.01497058 -0.00158699 
961.00000000 0.31713387 0.07398320 0.61697375 0.00480191 0.00366892 -0.01497435 -0.00158732 
962.00000000 0.31746789 0.07398849 0.61665730 0.00479306 0.00365886 -0.01497794 -0.00158765 
963.00000000 0.31780178 0.07399374 0.61634081 0.00478421 0.00364882 -0.01498137 -0.00158798 
964.00000000 0.31813552 0.07399896 0.61602430 0.00477537 0.00363879 -0.01498464 -0.00158831 
965.00000000 0.31846913 0.07400416 0.61570778 0.00476653 0.00362879 -0.01498775 -0.00158864 
966.00000000 0.31880260 0.07400932 0.61539126 0.00475771 0.00361880 -0.01499072 -0.00158897 
967.00000000 0.31913593 0.07401446 0.61507473 0.00474889 0.00360884 -0.01499354 -0.00158930 
968.00000000 0.31946912 0.07401956 0.61475822 0.00474008 0.00359889 -0.01499623 -0.00158964 
969.00000000 0.31980217 0.07402464 0.61444172 0.00473128 0.00358896 -0.01499880 -0.00158997 
970.00000000 0.32013508 0.07402969 0.61412525 0.00472249 0.00357905 -0.01500125 -0.00159030 
971.00000000 0.32046785 0.07403470 0.61380882 0.00471370 0.00356915 -0.01500358 -0.00159064 
972.00000000 0.32080048 0.07403969 0.61349242 0.00470492 0.00355928 -0.01500582 -0.00159097 
973.00000000 0.32113297 0.07404465 0.61317607 0.00469614 0.00354942 -0.01500796 -0.00159130 
974.00000000 0.32146532 0.07404958 0.61285979 0.00468738 0.00353957 -0.01501001 -0.00159163 
975.00000000 0.32179753 0.07405449 0.61254356 0.00467862 0.00352975 -0.01501198 -0.00159197 
976.00000000 0.32212959 0.07405936 0.61222741 0.00466987 0.00351994 -0.01501387 -0.00159230 
977.00000000 0.32246152 0.07406421 0.61191134 0.00466112 0.00351014 -0.01501570 -0.00159263 
978.00000000 0.32279330 0.07406902 0.61159536 0.00465238 0.00350036 -0.01501747 -0.00159296 
979.00000000 0.32312495 0.07407381 0.61127948 0.00464364 0.00349059 -0.01501918 -0.00159329 
980.00000000 0.32345645 0.07407857 0.61096370 0.00463491 0.00348084 -0.01502085 -0.00159362 
981.00000000 0.32378780 0.07408330 0.61064803 0.00462619 0.00347111 -0.01502249 -0.00159395 
982.00000000 0.32411902 0.07408801 0.61033248 0.00461747 0.00346138 -0.01502409 -0.00159427 
983.00000000 0.32445009 0.07409268 0.61001706 0.00460876 0.00345167 -0.01502566 -0.00159460 
984.00000000 0.32478102 0.07409733 0.60970176 0.00460005 0.00344198 -0.01502722 -0.00159492 
985.00000000 0.32511180 0.07410195 0.60938661 0.00459135 0.00343229 -0.01502876 -0.00159525 
986.00000000 0.32544245 0.07410654 0.60907161 0.00458265 0.00342262 -0.01503029 -0.00159557 
987.00000000 0.32577294 0.07411111 0.60875675 0.00457395 0.00341296 -0.01503183 -0.00159589 
988.00000000 0.32610330 0.07411564 0.60844206 0.00456526 0.00340331 -0.01503337 -0.00159620 
989.00000000 0.32643351 0.07412015 0.60812753 0.00455658 0.00339367 -0.01503492 -0.00159652 
990.00000000 0.32676357 0.07412463 0.60781318 0.00454789 0.00338404 -0.01503649 -0.00159683 
991.00000000 0.32709349 0.07412909 0.60749900 0.00453921 0.00337443 -0.01503808 -0.00159714 
992.00000000 0.32742326 0.07413352 0.60718500 0.00453054 0.00336482 -0.01503969 -0.00159745 
993.00000000 0.32775289 0.07413792 0.60687120 0.00452186 0.00335522 -0.01504134 -0.00159775 
994.00000000 0.32808238 0.07414229 0.60655758 0.00451319 0.00334563 -0.01504302 -0.00159806 
995.00000000 0.32841171 0.07414664 0.60624417 0.00450453 0.00333605 -0.01504474 -0.00159836 
996.00000000 0.32874091 0.07415096 0.60593096 0.00449586 0.00332648 -0.01504651 -0.00159866 
997.00000000 0.32906995 0.07415525 0.60561795 0.00448720 0.00331692 -0.01504833 -0.00159895 
998.00000000 0.32939885 0.07415952 0.60530516 0.00447854 0.00330737 -0.01505020 -0.00159924 
999.00000000 0.32972761 0.07416376 0.60499258 0.00446988 0.00329782 -0.01505212 -0.00159953 
