0.00000000 0.00000000 -0.00000000 -0.00000000 -0.00000000 -0.00000000 1.00000000 -0.00000000 
1.00000000 0.00001175 0.00001434 0.00000280 0.00001441 0.00035789 0.99953325 0.00006555 
2.00000000 0.00004497 0.00005646 0.00001023 0.00006028 0.00139353 0.99817906 0.00025547 
3.00000000 0.00009678 0.00012499 0.00002106 0.00014138 0.00305129 0.99600475 0.00055974 
4.00000000 0.00016463 0.00021855 0.00003429 0.00026120 0.00527755 0.99307519 0.00096859 
5.00000000 0.00024622 0.00033573 0.00004914 0.00042285 0.00802091 0.98945264 0.00147251 
6.00000000 0.00033950 0.00047511 0.00006499 0.00062903 0.01123226 0.98519672 0.00206239 
7.00000000 0.00044267 0.00063523 0.00008143 0.00088197 0.01486490 0.98036433 0.00272947 
8.00000000 0.00055414 0.00081462 0.00009817 0.00118342 0.01887458 0.97500960 0.00346547 
9.00000000 0.00067254 0.00101179 0.00011506 0.00153466 0.02321951 0.96918389 0.00426254 
10.00000000 0.00079666 0.00122523 0.00013204 0.00193650 0.02786039 0.96293584 0.00511335 
11.00000000 0.00092546 0.00145345 0.00014916 0.00238925 0.03276035 0.95631132 0.00601101 
12.00000000 0.00105806 0.00169497 0.00016655 0.00289283 0.03788492 0.94935353 0.00694914 
13.00000000 0.00119370 0.00194832 0.00018436 0.00344674 0.04320201 0.94210300 0.00792187 
14.00000000 0.00133175 0.00221209 0.00020283 0.00405008 0.04868177 0.93459773 0.00892375 
15.00000000 0.00147165 0.00248487 0.00022221 0.00470165 0.05429658 0.92687319 0.00994985 
16.00000000 0.00161297 0.00276532 0.00024277 0.00539993 0.06002094 0.91896243 0.01099563 
17.00000000 0.00175532 0.00305217 0.00026480 0.00614316 0.06583136 0.91089618 0.01205702 
18.00000000 0.00189839 0.00334419 0.00028858 0.00692934 0.07170629 0.90270291 0.01313031 
19.00000000 0.00204193 0.00364021 0.00031441 0.00775630 0.07762600 0.89440895 0.01421220 
20.00000000 0.00218572 0.00393916 0.00034256 0.00862175 0.08357249 0.88603859 0.01529973 
21.00000000 0.00232959 0.00424002 0.00037327 0.00952326 0.08952942 0.87761415 0.01639028 
22.00000000 0.00247341 0.00454185 0.00040679 0.01045835 0.09548194 0.86915613 0.01748152 
23.00000000 0.00261705 0.00484379 0.00044333 0.01142450 0.10141668 0.86068324 0.01857142 
24.00000000 0.00276043 0.00514504 0.00048308 0.01241915 0.10732156 0.85221256 0.01965817 
25.00000000 0.00290347 0.00544489 0.00052620 0.01343979 0.11318580 0.84375960 0.02074025 
26.00000000 0.00304610 0.00574271 0.00057282 0.01448393 0.11899973 0.83533841 0.02181630 
27.00000000 0.00318827 0.00603791 0.00062306 0.01554912 0.12475481 0.82696167 0.02288517 
28.00000000 0.00332993 0.00633000 0.00067698 0.01663300 0.13044344 0.81864075 0.02394590 
29.00000000 0.00347106 0.00661853 0.00073466 0.01773329 0.13605897 0.81038584 0.02499764 
30.00000000 0.00361160 0.00690313 0.00079612 0.01884782 0.14159559 0.80220602 0.02603971 
31.00000000 0.00375154 0.00718347 0.00086137 0.01997452 0.14704825 0.79410931 0.02707153 
32.00000000 0.00389085 0.00745928 0.00093040 0.02111143 0.15241263 0.78610278 0.02809263 
33.00000000 0.00402949 0.00773034 0.00100318 0.02225671 0.15768504 0.77819259 0.02910264 
34.00000000 0.00416746 0.00799648 0.00107967 0.02340867 0.16286240 0.77038408 0.03010126 
35.00000000 0.00430471 0.00825756 0.00115980 0.02456570 0.16794215 0.76268183 0.03108825 
36.00000000 0.00444125 0.00851348 0.00124352 0.02572637 0.17292224 0.75508972 0.03206343 
37.00000000 0.00457704 0.00876418 0.00133074 0.02688933 0.17780105 0.74761097 0.03302669 
38.00000000 0.00471207 0.00900963 0.00142138 0.02805338 0.18257739 0.74024822 0.03397794 
39.00000000 0.00484633 0.00924980 0.00151535 0.02921742 0.18725040 0.73300357 0.03491713 
40.00000000 0.00497980 0.00948473 0.00161255 0.03038049 0.19181957 0.72587861 0.03584424 
41.00000000 0.00511248 0.00971444 0.00171291 0.03154173 0.19628468 0.71887448 0.03675929 
42.00000000 0.00524434 0.00993897 0.00181631 0.03270038 0.20064577 0.71199193 0.03766229 
43.00000000 0.00537540 0.01015841 0.00192269 0.03385577 0.20490313 0.70523131 0.03855329 
44.00000000 0.00550563 0.01037282 0.00203195 0.03500737 0.20905725 0.69859264 0.03943235 
45.00000000 0.00563504 0.01058228 0.00214402 0.03615468 0.21310881 0.69207564 0.04029953 
46.00000000 0.00576364 0.01078690 0.00225882 0.03729732 0.21705866 0.68567976 0.04115491 
47.00000000 0.00589141 0.01098677 0.00237629 0.03843498 0.22090780 0.67940418 0.04199857 
48.00000000 0.00601838 0.01118199 0.00249636 0.03956741 0.22465737 0.67324788 0.04283061 
49.00000000 0.00614454 0.01137268 0.00261900 0.04069444 0.22830859 0.66720965 0.04365111 
50.00000000 0.00626990 0.01155894 0.00274415 0.04181593 0.23186282 0.66128809 0.04446017 
51.00000000 0.00639449 0.01174088 0.00287180 0.04293182 0.23532147 0.65548165 0.04525790 
52.00000000 0.00651830 0.01191861 0.00300190 0.04404209 0.23868606 0.64978864 0.04604440 
53.00000000 0.00664136 0.01209225 0.00313447 0.04514674 0.24195814 0.64420728 0.04681977 
54.00000000 0.00676370 0.01226190 0.00326947 0.04624583 0.24513933 0.63873565 0.04758412 
55.00000000 0.00688531 0.01242766 0.00340693 0.04733945 0.24823129 0.63337178 0.04833757 
56.00000000 0.00700624 0.01258965 0.00354686 0.04842771 0.25123571 0.62811361 0.04908023 
57.00000000 0.00712649 0.01274796 0.00368927 0.04951073 0.25415433 0.62295901 0.04981221 
58.00000000 0.00724610 0.01290270 0.00383419 0.05058867 0.25698887 0.61790582 0.05053364 
59.00000000 0.00736509 0.01305396 0.00398167 0.05166169 0.25974111 0.61295184 0.05124463 
60.00000000 0.00748348 0.01320184 0.00413174 0.05272998 0.26241280 0.60809484 0.05194530 
61.00000000 0.00760131 0.01334643 0.00428446 0.05379372 0.26500573 0.60333256 0.05263579 
62.00000000 0.00771859 0.01348782 0.00443988 0.05485309 0.26752166 0.59866274 0.05331622 
63.00000000 0.00783536 0.01362609 0.00459806 0.05590831 0.26996236 0.59408311 0.05398672 
64.00000000 0.00795164 0.01376133 0.00475907 0.05695956 0.27232960 0.58959139 0.05464742 
65.00000000 0.00806746 0.01389362 0.00492297 0.05800703 0.27462511 0.58518535 0.05529846 
66.00000000 0.00818285 0.01402304 0.00508984 0.05905094 0.27685064 0.58086271 0.05593998 
67.00000000 0.00829783 0.01414966 0.00525977 0.06009145 0.27900791 0.57662127 0.05657212 
68.00000000 0.00841243 0.01427356 0.00543282 0.06112876 0.28109861 0.57245881 0.05719501 
69.00000000 0.00852667 0.01439481 0.00560908 0.06216304 0.28312442 0.56837316 0.05780881 
70.00000000 0.00864059 0.01451348 0.00578863 0.06319447 0.28508700 0.56436216 0.05841367 
71.00000000 0.00875420 0.01462963 0.00597156 0.06422320 0.28698797 0.56042371 0.05900973 
72.00000000 0.00886754 0.01474334 0.00615795 0.06524938 0.28882895 0.55655571 0.05959714 
73.00000000 0.00898061 0.01485466 0.00634790 0.06627315 0.29061150 0.55275612 0.06017606 
74.00000000 0.00909345 0.01496366 0.00654147 0.06729465 0.29233718 0.54902295 0.06074664 
75.00000000 0.00920608 0.01507039 0.00673877 0.06831400 0.29400750 0.54535423 0.06130903 
76.00000000 0.00931852 0.01517493 0.00693987 0.06933130 0.29562395 0.54174804 0.06186339 
77.00000000 0.00943078 0.01527731 0.00714486 0.07034665 0.29718800 0.53820251 0.06240989 
78.00000000 0.00954289 0.01537760 0.00735381 0.07136015 0.29870106 0.53471582 0.06294866 
79.00000000 0.00965487 0.01547586 0.00756682 0.07237186 0.30016453 0.53128617 0.06347989 
80.00000000 0.00976672 0.01557213 0.00778396 0.07338185 0.30157978 0.52791184 0.06400371 
81.00000000 0.00987847 0.01566647 0.00800531 0.07439019 0.30294814 0.52459113 0.06452029 
82.00000000 0.00999014 0.01575893 0.00823094 0.07539690 0.30427089 0.52132241 0.06502979 
83.00000000 0.01010172 0.01584956 0.00846092 0.07640203 0.30554932 0.51810408 0.06553237 
84.00000000 0.01021325 0.01593840 0.00869533 0.07740559 0.30678466 0.51493460 0.06602817 
85.00000000 0.01032473 0.01602551 0.00893423 0.07840761 0.30797810 0.51181247 0.06651736 
86.00000000 0.01043616 0.01611092 0.00917768 0.07940809 0.30913081 0.50873624 0.06700009 
87.00000000 0.01054757 0.01619469 0.00942576 0.08040703 0.31024394 0.50570451 0.06747651 
88.00000000 0.01065896 0.01627685 0.00967852 0.08140440 0.31131859 0.50271591 0.06794677 
89.00000000 0.01077034 0.01635745 0.00993600 0.08240020 0.31235583 0.49976914 0.06841102 
90.00000000 0.01088172 0.01643654 0.01019828 0.08339439 0.31335672 0.49686293 0.06886941 
91.00000000 0.01099311 0.01651415 0.01046540 0.08438694 0.31432226 0.49399606 0.06932209 
92.00000000 0.01110450 0.01659031 0.01073740 0.08537781 0.31525344 0.49116734 0.06976920 
93.00000000 0.01121592 0.01666508 0.01101433 0.08636694 0.31615121 0.48837564 0.07021087 
94.00000000 0.01132736 0.01673849 0.01129624 0.08735428 0.31701651 0.48561987 0.07064725 
95.00000000 0.01143882 0.01681057 0.01158316 0.08833978 0.31785022 0.48289896 0.07107848 
96.00000000 0.01155032 0.01688136 0.01187512 0.08932337 0.31865323 0.48021191 0.07150468 
97.00000000 0.01166186 0.01695090 0.01217217 0.09030497 0.31942637 0.47755775 0.07192599 
98.00000000 0.01177343 0.01701922 0.01247432 0.09128452 0.32017045 0.47493552 0.07234254 
99.00000000 0.01188504 0.01708635 0.01278161 0.09226194 0.32088628 0.47234433 0.07275445 
100.00000000 0.01199670 0.01715232 0.01309406 0.09323714 0.32157461 0.46978332 0.07316184 
101.00000000 0.01210840 0.01721717 0.01341169 0.09421005 0.32223619 0.46725166 0.07356484 
102.00000000 0.01222014 0.01728093 0.01373452 0.09518057 0.32287173 0.46474854 0.07396356 
103.00000000 0.01233193 0.01734362 0.01406257 0.09614862 0.32348193 0.46227321 0.07435811 
104.00000000 0.01244377 0.01740528 0.01439585 0.09711411 0.32406745 0.45982492 0.07474861 
105.00000000 0.01255566 0.01746593 0.01473437 0.09807694 0.32462895 0.45740298 0.07513516 
106.00000000 0.01266760 0.01752560 0.01507814 0.09903703 0.32516705 0.45500671 0.07551787 
107.00000000 0.01277958 0.01758432 0.01542717 0.09999427 0.32568235 0.45263547 0.07589684 
108.00000000 0.01289160 0.01764211 0.01578145 0.10094857 0.32617545 0.45028864 0.07627217 
109.00000000 0.01300367 0.01769900 0.01614099 0.10189984 0.32664691 0.44796563 0.07664396 
110.00000000 0.01311579 0.01775501 0.01650579 0.10284798 0.32709727 0.44566587 0.07701230 
111.00000000 0.01322794 0.01781017 0.01687585 0.10379289 0.32752706 0.44338881 0.07737727 
112.00000000 0.01334014 0.01786449 0.01725115 0.10473449 0.32793680 0.44113394 0.07773898 
113.00000000 0.01345237 0.01791801 0.01763170 0.10567268 0.32832698 0.43890076 0.07809750 
114.00000000 0.01356464 0.01797074 0.01801747 0.10660736 0.32869808 0.43668880 0.07845291 
115.00000000 0.01367694 0.01802270 0.01840847 0.10753845 0.32905055 0.43449759 0.07880529 
116.00000000 0.01378928 0.01807392 0.01880467 0.10846584 0.32938484 0.43232671 0.07915473 
117.00000000 0.01390164 0.01812442 0.01920606 0.10938946 0.32970139 0.43017573 0.07950129 
118.00000000 0.01401403 0.01817421 0.01961263 0.11030921 0.33000061 0.42804426 0.07984505 
119.00000000 0.01412644 0.01822331 0.02002435 0.11122501 0.33028291 0.42593191 0.08018608 
120.00000000 0.01423888 0.01827174 0.02044120 0.11213677 0.33054867 0.42383831 0.08052443 
121.00000000 0.01435132 0.01831952 0.02086316 0.11304441 0.33079827 0.42176312 0.08086019 
122.00000000 0.01446379 0.01836667 0.02129022 0.11394785 0.33103207 0.41970600 0.08119340 
123.00000000 0.01457626 0.01841320 0.02172233 0.11484702 0.33125043 0.41766662 0.08152413 
124.00000000 0.01468875 0.01845913 0.02215947 0.11574183 0.33145369 0.41564468 0.08185244 
125.00000000 0.01480123 0.01850448 0.02260163 0.11663221 0.33164219 0.41363988 0.08217838 
126.00000000 0.01491372 0.01854926 0.02304876 0.11751809 0.33181623 0.41165193 0.08250200 
127.00000000 0.01502620 0.01859349 0.02350083 0.11839940 0.33197614 0.40968057 0.08282336 
128.00000000 0.01513868 0.01863718 0.02395782 0.11927608 0.33212221 0.40772552 0.08314251 
129.00000000 0.01525115 0.01868035 0.02441969 0.12014806 0.33225473 0.40578654 0.08345948 
130.00000000 0.01536360 0.01872300 0.02488640 0.12101528 0.33237399 0.40386338 0.08377433 
131.00000000 0.01547604 0.01876516 0.02535793 0.12187768 0.33248026 0.40195581 0.08408711 
132.00000000 0.01558846 0.01880684 0.02583422 0.12273521 0.33257381 0.40006361 0.08439785 
133.00000000 0.01570085 0.01884805 0.02631526 0.12358781 0.33265490 0.39818655 0.08470659 
134.00000000 0.01581322 0.01888880 0.02680099 0.12443542 0.33272377 0.39632444 0.08501337 
135.00000000 0.01592555 0.01892911 0.02729137 0.12527801 0.33278068 0.39447706 0.08531823 
136.00000000 0.01603785 0.01896898 0.02778637 0.12611552 0.33282585 0.39264422 0.08562120 
137.00000000 0.01615011 0.01900843 0.02828595 0.12694792 0.33285952 0.39082574 0.08592232 
138.00000000 0.01626232 0.01904748 0.02879006 0.12777516 0.33288192 0.38902143 0.08622162 
139.00000000 0.01637449 0.01908612 0.02929867 0.12859720 0.33289326 0.38723111 0.08651914 
140.00000000 0.01648661 0.01912438 0.02981172 0.12941401 0.33289376 0.38545462 0.08681489 
141.00000000 0.01659868 0.01916227 0.03032917 0.13022556 0.33288361 0.38369179 0.08710892 
142.00000000 0.01671069 0.01919978 0.03085098 0.13103181 0.33286304 0.38194245 0.08740124 
143.00000000 0.01682264 0.01923695 0.03137710 0.13183274 0.33283222 0.38020645 0.08769189 
144.00000000 0.01693452 0.01927376 0.03190750 0.13262832 0.33279136 0.37848365 0.08798089 
145.00000000 0.01704634 0.01931024 0.03244211 0.13341853 0.33274065 0.37677388 0.08826825 
146.00000000 0.01715808 0.01934640 0.03298089 0.13420335 0.33268025 0.37507700 0.08855402 
147.00000000 0.01726975 0.01938223 0.03352381 0.13498276 0.33261037 0.37339288 0.08883820 
148.00000000 0.01738135 0.01941776 0.03407080 0.13575673 0.33253116 0.37172138 0.08912082 
149.00000000 0.01749286 0.01945299 0.03462182 0.13652527 0.33244280 0.37006236 0.08940191 
150.00000000 0.01760428 0.01948793 0.03517682 0.13728835 0.33234547 0.36841569 0.08968147 
151.00000000 0.01771562 0.01952258 0.03573576 0.13804596 0.33223931 0.36678124 0.08995952 
152.00000000 0.01782686 0.01955697 0.03629858 0.13879811 0.33212450 0.36515889 0.09023609 
153.00000000 0.01793801 0.01959108 0.03686523 0.13954477 0.33200119 0.36354851 0.09051120 
154.00000000 0.01804906 0.01962494 0.03743568 0.14028595 0.33186953 0.36194999 0.09078485 
155.00000000 0.01816002 0.01965855 0.03800985 0.14102165 0.33172968 0.36036319 0.09105706 
156.00000000 0.01827086 0.01969191 0.03858771 0.14175186 0.33158178 0.35878801 0.09132786 
157.00000000 0.01838160 0.01972504 0.03916921 0.14247659 0.33142598 0.35722434 0.09159724 
158.00000000 0.01849223 0.01975794 0.03975429 0.14319584 0.33126242 0.35567204 0.09186523 
159.00000000 0.01860275 0.01979062 0.04034291 0.14390961 0.33109124 0.35413103 0.09213184 
160.00000000 0.01871314 0.01982309 0.04093501 0.14461791 0.33091258 0.35260118 0.09239709 
161.00000000 0.01882343 0.01985534 0.04153054 0.14532075 0.33072658 0.35108239 0.09266097 
162.00000000 0.01893358 0.01988740 0.04212945 0.14601814 0.33053336 0.34957456 0.09292351 
163.00000000 0.01904362 0.01991926 0.04273170 0.14671008 0.33033305 0.34807757 0.09318472 
164.00000000 0.01915352 0.01995093 0.04333722 0.14739660 0.33012580 0.34659132 0.09344460 
165.00000000 0.01926330 0.01998242 0.04394598 0.14807770 0.32991171 0.34511572 0.09370317 
166.00000000 0.01937294 0.02001373 0.04455791 0.14875339 0.32969092 0.34365066 0.09396044 
167.00000000 0.01948245 0.02004488 0.04517298 0.14942371 0.32946354 0.34219603 0.09421641 
168.00000000 0.01959182 0.02007585 0.04579112 0.15008865 0.32922970 0.34075175 0.09447110 
169.00000000 0.01970106 0.02010667 0.04641229 0.15074824 0.32898952 0.33931771 0.09472451 
170.00000000 0.01981015 0.02013733 0.04703643 0.15140251 0.32874311 0.33789382 0.09497665 
171.00000000 0.01991909 0.02016785 0.04766350 0.15205146 0.32849058 0.33647998 0.09522753 
172.00000000 0.02002789 0.02019822 0.04829345 0.15269512 0.32823206 0.33507610 0.09547716 
173.00000000 0.02013654 0.02022845 0.04892622 0.15333352 0.32796764 0.33368209 0.09572555 
174.00000000 0.02024503 0.02025855 0.04956177 0.15396668 0.32769744 0.33229784 0.09597269 
175.00000000 0.02035338 0.02028851 0.05020004 0.15459462 0.32742157 0.33092328 0.09621861 
176.00000000 0.02046156 0.02031836 0.05084099 0.15521736 0.32714013 0.32955830 0.09646330 
177.00000000 0.02056959 0.02034808 0.05148457 0.15583493 0.32685323 0.32820282 0.09670677 
178.00000000 0.02067746 0.02037769 0.05213072 0.15644737 0.32656097 0.32685675 0.09694903 
179.00000000 0.02078517 0.02040719 0.05277940 0.15705469 0.32626345 0.32552001 0.09719009 
180.00000000 0.02089272 0.02043658 0.05343056 0.15765692 0.32596078 0.32419249 0.09742995 
181.00000000 0.02100010 0.02046586 0.05408415 0.15825410 0.32565305 0.32287413 0.09766861 
182.00000000 0.02110731 0.02049505 0.05474012 0.15884624 0.32534036 0.32156483 0.09790608 
183.00000000 0.02121436 0.02052415 0.05539842 0.15943339 0.32502280 0.32026450 0.09814238 
184.00000000 0.02132123 0.02055315 0.05605901 0.16001557 0.32470048 0.31897307 0.09837749 
185.00000000 0.02142794 0.02058207 0.05672184 0.16059281 0.32437348 0.31769045 0.09861143 
186.00000000 0.02153446 0.02061090 0.05738685 0.16116514 0.32404189 0.31641655 0.09884421 
187.00000000 0.02164082 0.02063965 0.05805401 0.16173259 0.32370581 0.31515130 0.09907582 
188.00000000 0.02174699 0.02066833 0.05872326 0.16229520 0.32336533 0.31389462 0.09930627 
189.00000000 0.02185299 0.02069693 0.05939456 0.16285300 0.32302053 0.31264641 0.09953557 
190.00000000 0.02195881 0.02072547 0.06006786 0.16340602 0.32267151 0.31140662 0.09976372 
191.00000000 0.02206445 0.02075393 0.06074312 0.16395429 0.32231834 0.31017514 0.09999073 
192.00000000 0.02216990 0.02078234 0.06142029 0.16449785 0.32196111 0.30895192 0.10021660 
193.00000000 0.02227517 0.02081068 0.06209932 0.16503673 0.32159991 0.30773686 0.10044133 
194.00000000 0.02238026 0.02083896 0.06278017 0.16557096 0.32123482 0.30652990 0.10066493 
195.00000000 0.02248516 0.02086720 0.06346280 0.16610057 0.32086592 0.30533095 0.10088740 
196.00000000 0.02258987 0.02089538 0.06414715 0.16662561 0.32049329 0.30413994 0.10110875 
197.00000000 0.02269440 0.02092351 0.06483319 0.16714610 0.32011701 0.30295681 0.10132898 
198.00000000 0.02279873 0.02095159 0.06552087 0.16766209 0.31973716 0.30178146 0.10154810 
199.00000000 0.02290287 0.02097963 0.06621015 0.16817359 0.31935381 0.30061384 0.10176611 
200.00000000 0.02300682 0.02100763 0.06690098 0.16868066 0.31896704 0.29945386 0.10198300 
201.00000000 0.02311058 0.02103559 0.06759333 0.16918331 0.31857693 0.29830146 0.10219880 
202.00000000 0.02321415 0.02106352 0.06828714 0.16968160 0.31818354 0.29715656 0.10241349 
203.00000000 0.02331752 0.02109141 0.06898238 0.17017554 0.31778696 0.29601910 0.10262709 
204.00000000 0.02342069 0.02111927 0.06967900 0.17066519 0.31738724 0.29488901 0.10283960 
205.00000000 0.02352367 0.02114710 0.07037697 0.17115056 0.31698448 0.29376621 0.10305102 
206.00000000 0.02362644 0.02117490 0.07107624 0.17163170 0.31657872 0.29265064 0.10326135 
207.00000000 0.02372902 0.02120268 0.07177677 0.17210864 0.31617005 0.29154223 0.10347060 
208.00000000 0.02383141 0.02123044 0.07247852 0.17258142 0.31575852 0.29044092 0.10367878 
209.00000000 0.02393359 0.02125817 0.07318145 0.17305007 0.31534422 0.28934663 0.10388588 
210.00000000 0.02403557 0.02128589 0.07388552 0.17351462 0.31492719 0.28825931 0.10409191 
211.00000000 0.02413735 0.02131358 0.07459069 0.17397511 0.31450752 0.28717889 0.10429687 
212.00000000 0.02423892 0.02134127 0.07529692 0.17443158 0.31408525 0.28610530 0.10450077 
213.00000000 0.02434029 0.02136893 0.07600418 0.17488405 0.31366046 0.28503848 0.10470360 
214.00000000 0.02444146 0.02139659 0.07671242 0.17533257 0.31323320 0.28397837 0.10490539 
215.00000000 0.02454243 0.02142424 0.07742161 0.17577716 0.31280354 0.28292490 0.10510611 
216.00000000 0.02464319 0.02145188 0.07813171 0.17621786 0.31237154 0.28187802 0.10530579 
217.00000000 0.02474375 0.02147951 0.07884268 0.17665471 0.31193726 0.28083767 0.10550442 
218.00000000 0.02484410 0.02150713 0.07955448 0.17708774 0.31150075 0.27980378 0.10570201 
219.00000000 0.02494424 0.02153476 0.08026709 0.17751698 0.31106208 0.27877629 0.10589856 
220.00000000 0.02504418 0.02156238 0.08098045 0.17794247 0.31062130 0.27775515 0.10609408 
221.00000000 0.02514390 0.02158999 0.08169455 0.17836424 0.31017846 0.27674030 0.10628856 
222.00000000 0.02524343 0.02161761 0.08240933 0.17878232 0.30973362 0.27573168 0.10648201 
223.00000000 0.02534274 0.02164523 0.08312478 0.17919674 0.30928684 0.27472924 0.10667443 
224.00000000 0.02544184 0.02167286 0.08384084 0.17960755 0.30883818 0.27373291 0.10686583 
225.00000000 0.02554074 0.02170048 0.08455749 0.18001476 0.30838767 0.27274264 0.10705621 
226.00000000 0.02563942 0.02172812 0.08527470 0.18041842 0.30793538 0.27175838 0.10724558 
227.00000000 0.02573790 0.02175576 0.08599242 0.18081856 0.30748135 0.27078008 0.10743393 
228.00000000 0.02583617 0.02178340 0.08671064 0.18121521 0.30702564 0.26980767 0.10762127 
229.00000000 0.02593422 0.02181106 0.08742931 0.18160839 0.30656829 0.26884112 0.10780761 
230.00000000 0.02603207 0.02183872 0.08814840 0.18199816 0.30610936 0.26788035 0.10799294 
231.00000000 0.02612970 0.02186640 0.08886788 0.18238452 0.30564889 0.26692533 0.10817728 
232.00000000 0.02622713 0.02189409 0.08958771 0.18276752 0.30518694 0.26597600 0.10836061 
233.00000000 0.02632434 0.02192179 0.09030788 0.18314719 0.30472354 0.26503231 0.10854296 
234.00000000 0.02642134 0.02194950 0.09102834 0.18352356 0.30425874 0.26409421 0.10872431 
235.00000000 0.02651813 0.02197723 0.09174907 0.18389666 0.30379259 0.26316165 0.10890468 
236.00000000 0.02661470 0.02200498 0.09247003 0.18426651 0.30332513 0.26223458 0.10908406 
237.00000000 0.02671107 0.02203274 0.09319119 0.18463316 0.30285641 0.26131296 0.10926247 
238.00000000 0.02680722 0.02206052 0.09391254 0.18499663 0.30238647 0.26039673 0.10943990 
239.00000000 0.02690316 0.02208831 0.09463403 0.18535695 0.30191535 0.25948585 0.10961635 
240.00000000 0.02699889 0.02211613 0.09535563 0.18571415 0.30144310 0.25858027 0.10979183 
241.00000000 0.02709441 0.02214396 0.09607733 0.18606825 0.30096975 0.25767994 0.10996635 
242.00000000 0.02718971 0.02217182 0.09679908 0.18641930 0.30049535 0.25678483 0.11013990 
243.00000000 0.02728480 0.02219969 0.09752087 0.18676732 0.30001994 0.25589488 0.11031250 
244.00000000 0.02737968 0.02222759 0.09824267 0.18711234 0.29954355 0.25501005 0.11048413 
245.00000000 0.02747435 0.02225550 0.09896444 0.18745438 0.29906622 0.25413030 0.11065481 
246.00000000 0.02756880 0.02228345 0.09968617 0.18779347 0.29858800 0.25325557 0.11082454 
247.00000000 0.02766304 0.02231141 0.10040782 0.18812965 0.29810891 0.25238584 0.11099333 
248.00000000 0.02775707 0.02233940 0.10112938 0.18846294 0.29762900 0.25152105 0.11116117 
249.00000000 0.02785088 0.02236741 0.10185080 0.18879337 0.29714831 0.25066117 0.11132806 
250.00000000 0.02794449 0.02239544 0.10257208 0.18912096 0.29666686 0.24980615 0.11149403 
251.00000000 0.02803788 0.02242351 0.10329317 0.18944575 0.29618470 0.24895595 0.11165905 
252.00000000 0.02813105 0.02245159 0.10401407 0.18976776 0.29570185 0.24811053 0.11182315 
253.00000000 0.02822402 0.02247971 0.10473474 0.19008701 0.29521836 0.24726985 0.11198631 
254.00000000 0.02831677 0.02250785 0.10545516 0.19040354 0.29473425 0.24643387 0.11214856 
255.00000000 0.02840932 0.02253601 0.10617531 0.19071737 0.29424956 0.24560255 0.11230988 
256.00000000 0.02850165 0.02256421 0.10689516 0.19102853 0.29376433 0.24477586 0.11247028 
257.00000000 0.02859377 0.02259243 0.10761469 0.19133704 0.29327857 0.24395375 0.11262976 
258.00000000 0.02868567 0.02262068 0.10833387 0.19164293 0.29279233 0.24313618 0.11278834 
259.00000000 0.02877737 0.02264895 0.10905269 0.19194622 0.29230563 0.24232312 0.11294601 
260.00000000 0.02886885 0.02267726 0.10977113 0.19224694 0.29181851 0.24151454 0.11310277 
261.00000000 0.02896013 0.02270559 0.11048915 0.19254512 0.29133100 0.24071038 0.11325863 
262.00000000 0.02905119 0.02273396 0.11120674 0.19284078 0.29084311 0.23991063 0.11341359 
263.00000000 0.02914204 0.02276235 0.11192389 0.19313394 0.29035489 0.23911524 0.11356765 
264.00000000 0.02923268 0.02279077 0.11264055 0.19342463 0.28986637 0.23832417 0.11372082 
265.00000000 0.02932312 0.02281922 0.11335673 0.19371287 0.28937756 0.23753740 0.11387311 
266.00000000 0.02941334 0.02284771 0.11407238 0.19399869 0.28888850 0.23675489 0.11402450 
267.00000000 0.02950335 0.02287622 0.11478751 0.19428211 0.28839921 0.23597659 0.11417502 
268.00000000 0.02959316 0.02290476 0.11550208 0.19456315 0.28790972 0.23520249 0.11432465 
269.00000000 0.02968275 0.02293333 0.11621608 0.19484184 0.28742006 0.23443254 0.11447341 
270.00000000 0.02977214 0.02296194 0.11692948 0.19511820 0.28693025 0.23366671 0.11462129 
271.00000000 0.02986131 0.02299057 0.11764227 0.19539225 0.28644032 0.23290497 0.11476830 
272.00000000 0.02995028 0.02301923 0.11835443 0.19566402 0.28595029 0.23214729 0.11491445 
273.00000000 0.03003904 0.02304793 0.11906595 0.19593353 0.28546019 0.23139363 0.11505973 
274.00000000 0.03012760 0.02307666 0.11977679 0.19620080 0.28497003 0.23064396 0.11520416 
275.00000000 0.03021595 0.02310541 0.12048695 0.19646585 0.28447985 0.22989826 0.11534772 
276.00000000 0.03030409 0.02313420 0.12119641 0.19672871 0.28398967 0.22915649 0.11549043 
277.00000000 0.03039202 0.02316302 0.12190515 0.19698939 0.28349951 0.22841861 0.11563229 
278.00000000 0.03047975 0.02319187 0.12261315 0.19724792 0.28300939 0.22768461 0.11577330 
279.00000000 0.03056727 0.02322075 0.12332040 0.19750432 0.28251933 0.22695444 0.11591347 
280.00000000 0.03065459 0.02324967 0.12402689 0.19775861 0.28202936 0.22622809 0.11605280 
281.00000000 0.03074170 0.02327861 0.12473258 0.19801081 0.28153950 0.22550551 0.11619129 
282.00000000 0.03082861 0.02330758 0.12543747 0.19826095 0.28104976 0.22478669 0.11632894 
283.00000000 0.03091532 0.02333659 0.12614155 0.19850903 0.28056017 0.22407159 0.11646576 
284.00000000 0.03100182 0.02336563 0.12684479 0.19875509 0.28007075 0.22336018 0.11660175 
285.00000000 0.03108811 0.02339470 0.12754718 0.19899913 0.27958152 0.22265244 0.11673692 
286.00000000 0.03117421 0.02342380 0.12824872 0.19924119 0.27909249 0.22194833 0.11687126 
287.00000000 0.03126010 0.02345293 0.12894937 0.19948129 0.27860369 0.22124784 0.11700478 
288.00000000 0.03134579 0.02348209 0.12964913 0.19971943 0.27811514 0.22055093 0.11713749 
289.00000000 0.03143128 0.02351128 0.13034799 0.19995564 0.27762685 0.21985757 0.11726939 
290.00000000 0.03151657 0.02354050 0.13104592 0.20018994 0.27713884 0.21916775 0.11740047 
291.00000000 0.03160166 0.02356975 0.13174292 0.20042235 0.27665114 0.21848143 0.11753075 
292.00000000 0.03168655 0.02359904 0.13243897 0.20065289 0.27616375 0.21779858 0.11766023 
293.00000000 0.03177124 0.02362835 0.13313406 0.20088157 0.27567669 0.21711919 0.11778890 
294.00000000 0.03185572 0.02365769 0.13382818 0.20110842 0.27518998 0.21644322 0.11791678 
295.00000000 0.03194002 0.02368707 0.13452131 0.20133345 0.27470365 0.21577065 0.11804386 
296.00000000 0.03202411 0.02371647 0.13521344 0.20155668 0.27421769 0.21510146 0.11817015 
297.00000000 0.03210800 0.02374591 0.13590456 0.20177812 0.27373214 0.21443561 0.11829566 
298.00000000 0.03219170 0.02377537 0.13659465 0.20199780 0.27324700 0.21377310 0.11842038 
299.00000000 0.03227520 0.02380486 0.13728371 0.20221573 0.27276229 0.21311388 0.11854432 
300.00000000 0.03235851 0.02383438 0.13797172 0.20243194 0.27227803 0.21245794 0.11866747 
301.00000000 0.03244162 0.02386393 0.13865867 0.20264642 0.27179423 0.21180526 0.11878986 
302.00000000 0.03252454 0.02389351 0.13934455 0.20285922 0.27131090 0.21115580 0.11891147 
303.00000000 0.03260726 0.02392312 0.14002935 0.20307033 0.27082807 0.21050956 0.11903231 
304.00000000 0.03268979 0.02395276 0.14071306 0.20327978 0.27034573 0.20986649 0.11915239 
305.00000000 0.03277212 0.02398243 0.14139566 0.20348758 0.26986392 0.20922659 0.11927170 
306.00000000 0.03285426 0.02401212 0.14207715 0.20369375 0.26938263 0.20858983 0.11939025 
307.00000000 0.03293621 0.02404184 0.14275751 0.20389831 0.26890189 0.20795618 0.11950805 
308.00000000 0.03301797 0.02407159 0.14343674 0.20410127 0.26842171 0.20732563 0.11962509 
309.00000000 0.03309953 0.02410137 0.14411483 0.20430264 0.26794209 0.20669815 0.11974138 
310.00000000 0.03318091 0.02413117 0.14479176 0.20450245 0.26746306 0.20607372 0.11985693 
311.00000000 0.03326209 0.02416100 0.14546752 0.20470071 0.26698462 0.20545232 0.11997173 
312.00000000 0.03334309 0.02419086 0.14614212 0.20489743 0.26650679 0.20483392 0.12008578 
313.00000000 0.03342390 0.02422075 0.14681553 0.20509262 0.26602958 0.20421852 0.12019910 
314.00000000 0.03350452 0.02425066 0.14748775 0.20528631 0.26555300 0.20360608 0.12031169 
315.00000000 0.03358495 0.02428060 0.14815877 0.20547851 0.26507706 0.20299658 0.12042354 
316.00000000 0.03366519 0.02431056 0.14882858 0.20566923 0.26460177 0.20239001 0.12053466 
317.00000000 0.03374525 0.02434055 0.14949717 0.20585848 0.26412714 0.20178634 0.12064506 
318.00000000 0.03382512 0.02437056 0.15016454 0.20604629 0.26365319 0.20118556 0.12075473 
319.00000000 0.03390481 0.02440060 0.15083068 0.20623266 0.26317992 0.20058765 0.12086368 
320.00000000 0.03398431 0.02443067 0.15149557 0.20641761 0.26270734 0.19999257 0.12097192 
321.00000000 0.03406363 0.02446075 0.15215921 0.20660116 0.26223547 0.19940033 0.12107944 
322.00000000 0.03414277 0.02449087 0.15282160 0.20678331 0.26176432 0.19881089 0.12118625 
323.00000000 0.03422172 0.02452100 0.15348272 0.20696408 0.26129389 0.19822424 0.12129235 
324.00000000 0.03430049 0.02455116 0.15414257 0.20714349 0.26082419 0.19764035 0.12139775 
325.00000000 0.03437907 0.02458135 0.15480114 0.20732154 0.26035524 0.19705922 0.12150245 
326.00000000 0.03445748 0.02461156 0.15545842 0.20749825 0.25988703 0.19648082 0.12160644 
327.00000000 0.03453571 0.02464179 0.15611441 0.20767363 0.25941959 0.19590513 0.12170975 
328.00000000 0.03461375 0.02467204 0.15676911 0.20784770 0.25895292 0.19533213 0.12181235 
329.00000000 0.03469162 0.02470231 0.15742249 0.20802047 0.25848702 0.19476181 0.12191427 
330.00000000 0.03476931 0.02473261 0.15807456 0.20819195 0.25802191 0.19419415 0.12201550 
331.00000000 0.03484682 0.02476293 0.15872532 0.20836215 0.25755760 0.19362914 0.12211605 
332.00000000 0.03492415 0.02479327 0.15937475 0.20853109 0.25709409 0.19306674 0.12221592 
333.00000000 0.03500130 0.02482363 0.16002284 0.20869877 0.25663139 0.19250696 0.12231510 
334.00000000 0.03507828 0.02485401 0.16066961 0.20886522 0.25616950 0.19194976 0.12241362 
335.00000000 0.03515509 0.02488441 0.16131503 0.20903044 0.25570845 0.19139513 0.12251146 
336.00000000 0.03523172 0.02491484 0.16195910 0.20919444 0.25524822 0.19084306 0.12260863 
337.00000000 0.03530817 0.02494528 0.16260181 0.20935724 0.25478883 0.19029353 0.12270513 
338.00000000 0.03538445 0.02497574 0.16324317 0.20951884 0.25433029 0.18974652 0.12280097 
339.00000000 0.03546056 0.02500622 0.16388317 0.20967926 0.25387261 0.18920202 0.12289616 
340.00000000 0.03553650 0.02503672 0.16452180 0.20983851 0.25341578 0.18866001 0.12299068 
341.00000000 0.03561226 0.02506724 0.16515905 0.20999660 0.25295982 0.18812047 0.12308455 
342.00000000 0.03568786 0.02509778 0.16579492 0.21015355 0.25250474 0.18758339 0.12317777 
343.00000000 0.03576328 0.02512833 0.16642942 0.21030935 0.25205053 0.18704875 0.12327034 
344.00000000 0.03583853 0.02515891 0.16706252 0.21046403 0.25159721 0.18651654 0.12336226 
345.00000000 0.03591362 0.02518950 0.16769423 0.21061759 0.25114478 0.18598674 0.12345354 
346.00000000 0.03598853 0.02522011 0.16832455 0.21077005 0.25069325 0.18545933 0.12354418 
347.00000000 0.03606328 0.02525073 0.16895347 0.21092141 0.25024262 0.18493431 0.12363419 
348.00000000 0.03613786 0.02528137 0.16958098 0.21107169 0.24979290 0.18441165 0.12372356 
349.00000000 0.03621227 0.02531203 0.17020709 0.21122090 0.24934409 0.18389134 0.12381229 
350.00000000 0.03628652 0.02534270 0.17083178 0.21136903 0.24889620 0.18337336 0.12390040 
351.00000000 0.03636060 0.02537339 0.17145506 0.21151612 0.24844923 0.18285771 0.12398789 
352.00000000 0.03643452 0.02540409 0.17207692 0.21166216 0.24800320 0.18234437 0.12407475 
353.00000000 0.03650827 0.02543481 0.17269735 0.21180717 0.24755810 0.18183331 0.12416099 
354.00000000 0.03658186 0.02546554 0.17331636 0.21195115 0.24711393 0.18132454 0.12424662 
355.00000000 0.03665528 0.02549629 0.17393394 0.21209411 0.24667071 0.18081803 0.12433163 
356.00000000 0.03672855 0.02552705 0.17455009 0.21223608 0.24622844 0.18031377 0.12441603 
357.00000000 0.03680165 0.02555783 0.17516481 0.21237704 0.24578712 0.17981174 0.12449982 
358.00000000 0.03687459 0.02558861 0.17577808 0.21251702 0.24534675 0.17931194 0.12458300 
359.00000000 0.03694737 0.02561941 0.17638992 0.21265601 0.24490735 0.17881434 0.12466558 
360.00000000 0.03702000 0.02565023 0.17700031 0.21279404 0.24446891 0.17831894 0.12474757 
361.00000000 0.03709246 0.02568105 0.17760926 0.21293111 0.24403144 0.17782573 0.12482895 
362.00000000 0.03716476 0.02571189 0.17821675 0.21306723 0.24359494 0.17733468 0.12490974 
363.00000000 0.03723691 0.02574274 0.17882280 0.21320241 0.24315942 0.17684578 0.12498994 
364.00000000 0.03730890 0.02577360 0.17942739 0.21333665 0.24272487 0.17635903 0.12506955 
365.00000000 0.03738073 0.02580447 0.18003053 0.21346997 0.24229131 0.17587441 0.12514857 
366.00000000 0.03745241 0.02583535 0.18063221 0.21360237 0.24185873 0.17539191 0.12522702 
367.00000000 0.03752393 0.02586625 0.18123243 0.21373387 0.24142715 0.17491150 0.12530488 
368.00000000 0.03759530 0.02589715 0.18183119 0.21386446 0.24099656 0.17443319 0.12538216 
369.00000000 0.03766651 0.02592806 0.18242848 0.21399416 0.24056696 0.17395696 0.12545886 
370.00000000 0.03773757 0.02595898 0.18302431 0.21412298 0.24013836 0.17348280 0.12553500 
371.00000000 0.03780848 0.02598991 0.18361867 0.21425092 0.23971076 0.17301069 0.12561056 
372.00000000 0.03787923 0.02602085 0.18421157 0.21437800 0.23928417 0.17254062 0.12568556 
373.00000000 0.03794983 0.02605180 0.18480299 0.21450422 0.23885858 0.17207258 0.12576000 
374.00000000 0.03802029 0.02608276 0.18539294 0.21462958 0.23843401 0.17160656 0.12583387 
375.00000000 0.03809059 0.02611372 0.18598142 0.21475410 0.23801044 0.17114254 0.12590718 
376.00000000 0.03816074 0.02614469 0.18656843 0.21487778 0.23758789 0.17068052 0.12597994 
377.00000000 0.03823074 0.02617567 0.18715396 0.21500064 0.23716636 0.17022048 0.12605214 
378.00000000 0.03830060 0.02620666 0.18773801 0.21512267 0.23674585 0.16976242 0.12612380 
379.00000000 0.03837031 0.02623765 0.18832058 0.21524389 0.23632635 0.16930631 0.12619490 
380.00000000 0.03843987 0.02626865 0.18890168 0.21536430 0.23590788 0.16885215 0.12626546 
381.00000000 0.03850928 0.02629966 0.18948130 0.21548392 0.23549044 0.16839993 0.12633548 
382.00000000 0.03857855 0.02633067 0.19005944 0.21560274 0.23507402 0.16794964 0.12640496 
383.00000000 0.03864767 0.02636168 0.19063609 0.21572077 0.23465863 0.16750126 0.12647390 
384.00000000 0.03871665 0.02639270 0.19121127 0.21583803 0.23424427 0.16705478 0.12654230 
385.00000000 0.03878548 0.02642373 0.19178496 0.21595451 0.23383095 0.16661019 0.12661018 
386.00000000 0.03885417 0.02645476 0.19235717 0.21607023 0.23341866 0.16616749 0.12667752 
387.00000000 0.03892272 0.02648579 0.19292790 0.21618519 0.23300740 0.16572666 0.12674434 
388.00000000 0.03899112 0.02651683 0.19349714 0.21629940 0.23259718 0.16528769 0.12681063 
389.00000000 0.03905939 0.02654787 0.19406490 0.21641287 0.23218800 0.16485058 0.12687640 
390.00000000 0.03912751 0.02657892 0.19463117 0.21652560 0.23177986 0.16441530 0.12694165 
391.00000000 0.03919549 0.02660996 0.19519596 0.21663759 0.23137276 0.16398185 0.12700639 
392.00000000 0.03926333 0.02664102 0.19575927 0.21674886 0.23096670 0.16355022 0.12707061 
393.00000000 0.03933103 0.02667207 0.19632109 0.21685942 0.23056168 0.16312040 0.12713432 
394.00000000 0.03939860 0.02670312 0.19688143 0.21696926 0.23015771 0.16269237 0.12719752 
395.00000000 0.03946602 0.02673418 0.19744028 0.21707839 0.22975478 0.16226614 0.12726021 
396.00000000 0.03953331 0.02676524 0.19799765 0.21718682 0.22935290 0.16184169 0.12732240 
397.00000000 0.03960046 0.02679630 0.19855353 0.21729456 0.22895206 0.16141900 0.12738409 
398.00000000 0.03966748 0.02682736 0.19910793 0.21740161 0.22855228 0.16099807 0.12744528 
399.00000000 0.03973436 0.02685842 0.19966084 0.21750797 0.22815354 0.16057890 0.12750597 
400.00000000 0.03980110 0.02688948 0.20021227 0.21761366 0.22775584 0.16016146 0.12756617 
401.00000000 0.03986771 0.02692054 0.20076222 0.21771868 0.22735920 0.15974575 0.12762588 
402.00000000 0.03993419 0.02695160 0.20131069 0.21782304 0.22696361 0.15933177 0.12768510 
403.00000000 0.04000053 0.02698266 0.20185767 0.21792673 0.22656907 0.15891950 0.12774384 
404.00000000 0.04006674 0.02701372 0.20240317 0.21802977 0.22617558 0.15850892 0.12780209 
405.00000000 0.04013282 0.02704478 0.20294720 0.21813217 0.22578314 0.15810004 0.12785986 
406.00000000 0.04019876 0.02707584 0.20348974 0.21823392 0.22539175 0.15769285 0.12791715 
407.00000000 0.04026458 0.02710690 0.20403080 0.21833503 0.22500141 0.15728733 0.12797396 
408.00000000 0.04033026 0.02713795 0.20457038 0.21843551 0.22461213 0.15688347 0.12803030 
409.00000000 0.04039582 0.02716900 0.20510848 0.21853536 0.22422389 0.15648127 0.12808617 
410.00000000 0.04046124 0.02720005 0.20564511 0.21863460 0.22383671 0.15608072 0.12814157 
411.00000000 0.04052654 0.02723110 0.20618026 0.21873321 0.22345058 0.15568181 0.12819650 
412.00000000 0.04059171 0.02726214 0.20671394 0.21883122 0.22306550 0.15528453 0.12825097 
413.00000000 0.04065675 0.02729318 0.20724614 0.21892862 0.22268148 0.15488887 0.12830497 
414.00000000 0.04072166 0.02732422 0.20777686 0.21902542 0.22229850 0.15449482 0.12835852 
415.00000000 0.04078644 0.02735525 0.20830612 0.21912162 0.22191658 0.15410238 0.12841161 
416.00000000 0.04085110 0.02738628 0.20883390 0.21921723 0.22153571 0.15371153 0.12846424 
417.00000000 0.04091564 0.02741730 0.20936021 0.21931226 0.22115589 0.15332227 0.12851643 
418.00000000 0.04098005 0.02744833 0.20988506 0.21940670 0.22077712 0.15293459 0.12856816 
419.00000000 0.04104433 0.02747934 0.21040844 0.21950057 0.22039940 0.15254847 0.12861944 
420.00000000 0.04110850 0.02751035 0.21093035 0.21959386 0.22002273 0.15216392 0.12867028 
421.00000000 0.04117254 0.02754136 0.21145079 0.21968659 0.21964711 0.15178093 0.12872068 
422.00000000 0.04123645 0.02757236 0.21196977 0.21977876 0.21927254 0.15139948 0.12877064 
423.00000000 0.04130024 0.02760335 0.21248729 0.21987037 0.21889902 0.15101957 0.12882015 
424.00000000 0.04136392 0.02763434 0.21300335 0.21996142 0.21852655 0.15064119 0.12886923 
425.00000000 0.04142747 0.02766532 0.21351795 0.22005193 0.21815512 0.15026433 0.12891788 
426.00000000 0.04149090 0.02769629 0.21403109 0.22014189 0.21778474 0.14988898 0.12896610 
427.00000000 0.04155421 0.02772726 0.21454278 0.22023131 0.21741541 0.14951514 0.12901389 
428.00000000 0.04161740 0.02775822 0.21505301 0.22032020 0.21704712 0.14914280 0.12906125 
429.00000000 0.04168047 0.02778918 0.21556179 0.22040855 0.21667988 0.14877195 0.12910818 
430.00000000 0.04174342 0.02782012 0.21606911 0.22049638 0.21631368 0.14840259 0.12915469 
431.00000000 0.04180626 0.02785106 0.21657499 0.22058368 0.21594852 0.14803470 0.12920079 
432.00000000 0.04186897 0.02788199 0.21707942 0.22067047 0.21558441 0.14766827 0.12924646 
433.00000000 0.04193157 0.02791291 0.21758240 0.22075674 0.21522134 0.14730331 0.12929172 
434.00000000 0.04199406 0.02794383 0.21808394 0.22084250 0.21485931 0.14693980 0.12933657 
435.00000000 0.04205643 0.02797473 0.21858403 0.22092775 0.21449831 0.14657774 0.12938100 
436.00000000 0.04211868 0.02800563 0.21908269 0.22101250 0.21413836 0.14621711 0.12942503 
437.00000000 0.04218082 0.02803652 0.21957990 0.22109675 0.21377944 0.14585792 0.12946865 
438.00000000 0.04224284 0.02806739 0.22007568 0.22118051 0.21342156 0.14550015 0.12951186 
439.00000000 0.04230475 0.02809826 0.22057003 0.22126377 0.21306472 0.14514379 0.12955467 
440.00000000 0.04236655 0.02812912 0.22106293 0.22134655 0.21270891 0.14478885 0.12959709 
441.00000000 0.04242823 0.02815997 0.22155441 0.22142885 0.21235413 0.14443531 0.12963910 
442.00000000 0.04248980 0.02819081 0.22204446 0.22151066 0.21200038 0.14408316 0.12968072 
443.00000000 0.04255126 0.02822164 0.22253309 0.22159200 0.21164767 0.14373241 0.12972194 
444.00000000 0.04261261 0.02825245 0.22302028 0.22167287 0.21129598 0.14338303 0.12976277 
445.00000000 0.04267385 0.02828326 0.22350606 0.22175327 0.21094532 0.14303503 0.12980322 
446.00000000 0.04273497 0.02831405 0.22399041 0.22183320 0.21059569 0.14268840 0.12984327 
447.00000000 0.04279599 0.02834484 0.22447335 0.22191267 0.21024709 0.14234313 0.12988294 
448.00000000 0.04285690 0.02837561 0.22495486 0.22199169 0.20989951 0.14199921 0.12992223 
449.00000000 0.04291770 0.02840637 0.22543497 0.22207024 0.20955295 0.14165664 0.12996113 
450.00000000 0.04297839 0.02843712 0.22591366 0.22214835 0.20920741 0.14131541 0.12999966 
451.00000000 0.04303897 0.02846785 0.22639094 0.22222601 0.20886289 0.14097552 0.13003781 
452.00000000 0.04309944 0.02849858 0.22686682 0.22230323 0.20851939 0.14063695 0.13007559 
453.00000000 0.04315981 0.02852929 0.22734128 0.22238000 0.20817691 0.14029971 0.13011299 
454.00000000 0.04322007 0.02855999 0.22781435 0.22245634 0.20783545 0.13996378 0.13015002 
455.00000000 0.04328023 0.02859068 0.22828601 0.22253224 0.20749499 0.13962916 0.13018668 
456.00000000 0.04334027 0.02862135 0.22875628 0.22260771 0.20715556 0.13929585 0.13022298 
457.00000000 0.04340022 0.02865201 0.22922515 0.22268276 0.20681713 0.13896382 0.13025891 
458.00000000 0.04346006 0.02868265 0.22969263 0.22275738 0.20647971 0.13863309 0.13029448 
459.00000000 0.04351979 0.02871329 0.23015872 0.22283157 0.20614330 0.13830365 0.13032969 
460.00000000 0.04357942 0.02874390 0.23062341 0.22290535 0.20580789 0.13797548 0.13036454 
461.00000000 0.04363895 0.02877451 0.23108672 0.22297871 0.20547349 0.13764858 0.13039903 
462.00000000 0.04369838 0.02880510 0.23154865 0.22305166 0.20514009 0.13732294 0.13043317 
463.00000000 0.04375770 0.02883568 0.23200920 0.22312421 0.20480770 0.13699857 0.13046696 
464.00000000 0.04381692 0.02886624 0.23246836 0.22319634 0.20447630 0.13667545 0.13050039 
465.00000000 0.04387604 0.02889678 0.23292615 0.22326807 0.20414590 0.13635357 0.13053348 
466.00000000 0.04393506 0.02892731 0.23338257 0.22333940 0.20381650 0.13603294 0.13056622 
467.00000000 0.04399397 0.02895783 0.23383762 0.22341033 0.20348809 0.13571354 0.13059862 
468.00000000 0.04405279 0.02898833 0.23429129 0.22348087 0.20316068 0.13539537 0.13063067 
469.00000000 0.04411151 0.02901882 0.23474360 0.22355101 0.20283425 0.13507842 0.13066238 
470.00000000 0.04417013 0.02904929 0.23519455 0.22362077 0.20250881 0.13476270 0.13069376 
471.00000000 0.04422865 0.02907974 0.23564414 0.22369014 0.20218437 0.13444818 0.13072479 
472.00000000 0.04428707 0.02911018 0.23609236 0.22375913 0.20186090 0.13413487 0.13075549 
473.00000000 0.04434539 0.02914060 0.23653923 0.22382773 0.20153842 0.13382276 0.13078586 
474.00000000 0.04440361 0.02917101 0.23698475 0.22389596 0.20121692 0.13351185 0.13081590 
475.00000000 0.04446174 0.02920139 0.23742892 0.22396381 0.20089640 0.13320212 0.13084560 
476.00000000 0.04451977 0.02923177 0.23787174 0.22403129 0.20057686 0.13289358 0.13087498 
477.00000000 0.04457771 0.02926212 0.23831322 0.22409839 0.20025830 0.13258622 0.13090404 
478.00000000 0.04463554 0.02929246 0.23875335 0.22416513 0.19994071 0.13228003 0.13093277 
479.00000000 0.04469329 0.02932278 0.23919215 0.22423151 0.19962409 0.13197501 0.13096118 
480.00000000 0.04475094 0.02935309 0.23962960 0.22429752 0.19930844 0.13167115 0.13098926 
481.00000000 0.04480849 0.02938337 0.24006573 0.22436317 0.19899376 0.13136845 0.13101703 
482.00000000 0.04486595 0.02941364 0.24050052 0.22442846 0.19868004 0.13106690 0.13104449 
483.00000000 0.04492331 0.02944389 0.24093398 0.22449340 0.19836729 0.13076649 0.13107162 
484.00000000 0.04498059 0.02947413 0.24136612 0.22455799 0.19805551 0.13046722 0.13109845 
485.00000000 0.04503776 0.02950434 0.24179694 0.22462222 0.19774468 0.13016909 0.13112496 
486.00000000 0.04509485 0.02953454 0.24222643 0.22468611 0.19743481 0.12987209 0.13115117 
487.00000000 0.04515184 0.02956472 0.24265461 0.22474965 0.19712589 0.12957622 0.13117707 
488.00000000 0.04520875 0.02959488 0.24308147 0.22481285 0.19681793 0.12928146 0.13120266 
489.00000000 0.04526556 0.02962502 0.24350702 0.22487571 0.19651093 0.12898782 0.13122795 
490.00000000 0.04532228 0.02965514 0.24393126 0.22493823 0.19620487 0.12869529 0.13125293 
491.00000000 0.04537890 0.02968525 0.24435420 0.22500041 0.19589976 0.12840386 0.13127762 
492.00000000 0.04543544 0.02971533 0.24477583 0.22506226 0.19559559 0.12811354 0.13130201 
493.00000000 0.04549189 0.02974540 0.24519616 0.22512377 0.19529237 0.12782430 0.13132610 
494.00000000 0.04554825 0.02977545 0.24561520 0.22518496 0.19499010 0.12753616 0.13134989 
495.00000000 0.04560452 0.02980547 0.24603294 0.22524582 0.19468876 0.12724910 0.13137339 
496.00000000 0.04566070 0.02983548 0.24644939 0.22530635 0.19438835 0.12696312 0.13139660 
497.00000000 0.04571679 0.02986547 0.24686455 0.22536656 0.19408889 0.12667822 0.13141952 
498.00000000 0.04577280 0.02989544 0.24727842 0.22542645 0.19379035 0.12639439 0.13144215 
499.00000000 0.04582871 0.02992538 0.24769101 0.22548602 0.19349275 0.12611162 0.13146450 
500.00000000 0.04588454 0.02995531 0.24810232 0.22554528 0.19319608 0.12582991 0.13148656 
501.00000000 0.04594029 0.02998522 0.24851236 0.22560422 0.19290033 0.12554926 0.13150833 
502.00000000 0.04599594 0.03001511 0.24892112 0.22566284 0.19260551 0.12526966 0.13152983 
503.00000000 0.04605151 0.03004497 0.24932861 0.22572116 0.19231161 0.12499110 0.13155104 
504.00000000 0.04610700 0.03007482 0.24973483 0.22577916 0.19201863 0.12471359 0.13157198 
505.00000000 0.04616239 0.03010465 0.25013978 0.22583686 0.19172656 0.12443711 0.13159264 
506.00000000 0.04621771 0.03013445 0.25054347 0.22589426 0.19143542 0.12416167 0.13161302 
507.00000000 0.04627294 0.03016424 0.25094591 0.22595135 0.19114518 0.12388725 0.13163314 
508.00000000 0.04632808 0.03019400 0.25134708 0.22600814 0.19085586 0.12361386 0.13165298 
509.00000000 0.04638314 0.03022374 0.25174700 0.22606463 0.19056745 0.12334148 0.13167255 
510.00000000 0.04643812 0.03025346 0.25214568 0.22612083 0.19027994 0.12307012 0.13169185 
511.00000000 0.04649301 0.03028316 0.25254310 0.22617673 0.18999334 0.12279977 0.13171088 
512.00000000 0.04654782 0.03031284 0.25293928 0.22623234 0.18970764 0.12253043 0.13172965 
513.00000000 0.04660255 0.03034249 0.25333422 0.22628765 0.18942284 0.12226208 0.13174816 
514.00000000 0.04665720 0.03037213 0.25372792 0.22634268 0.18913894 0.12199474 0.13176640 
515.00000000 0.04671176 0.03040174 0.25412038 0.22639742 0.18885594 0.12172838 0.13178438 
516.00000000 0.04676624 0.03043133 0.25451161 0.22645187 0.18857383 0.12146301 0.13180211 
517.00000000 0.04682064 0.03046090 0.25490161 0.22650604 0.18829261 0.12119863 0.13181957 
518.00000000 0.04687496 0.03049045 0.25529039 0.22655992 0.18801228 0.12093522 0.13183678 
519.00000000 0.04692920 0.03051997 0.25567794 0.22661353 0.18773283 0.12067279 0.13185374 
520.00000000 0.04698336 0.03054947 0.25606427 0.22666685 0.18745427 0.12041133 0.13187044 
521.00000000 0.04703744 0.03057895 0.25644938 0.22671990 0.18717659 0.12015084 0.13188689 
522.00000000 0.04709144 0.03060841 0.25683328 0.22677267 0.18689980 0.11989131 0.13190310 
523.00000000 0.04714536 0.03063785 0.25721597 0.22682517 0.18662387 0.11963273 0.13191905 
524.00000000 0.04719920 0.03066726 0.25759745 0.22687740 0.18634883 0.11937511 0.13193476 
525.00000000 0.04725296 0.03069665 0.25797772 0.22692935 0.18607466 0.11911844 0.13195022 
526.00000000 0.04730665 0.03072601 0.25835679 0.22698104 0.18580136 0.11886272 0.13196544 
527.00000000 0.04736025 0.03075536 0.25873466 0.22703246 0.18552892 0.11860794 0.13198041 
528.00000000 0.04741378 0.03078468 0.25911133 0.22708362 0.18525736 0.11835409 0.13199515 
529.00000000 0.04746723 0.03081397 0.25948681 0.22713451 0.18498665 0.11810118 0.13200964 
530.00000000 0.04752061 0.03084325 0.25986110 0.22718513 0.18471681 0.11784920 0.13202390 
531.00000000 0.04757390 0.03087250 0.26023420 0.22723550 0.18444783 0.11759814 0.13203792 
532.00000000 0.04762713 0.03090172 0.26060612 0.22728561 0.18417971 0.11734801 0.13205171 
533.00000000 0.04768027 0.03093093 0.26097686 0.22733546 0.18391244 0.11709879 0.13206526 
534.00000000 0.04773334 0.03096011 0.26134641 0.22738505 0.18364602 0.11685048 0.13207859 
535.00000000 0.04778633 0.03098926 0.26171480 0.22743439 0.18338045 0.11660309 0.13209168 
536.00000000 0.04783925 0.03101840 0.26208201 0.22748347 0.18311573 0.11635660 0.13210454 
537.00000000 0.04789210 0.03104751 0.26244805 0.22753230 0.18285186 0.11611102 0.13211717 
538.00000000 0.04794487 0.03107659 0.26281292 0.22758089 0.18258883 0.11586633 0.13212958 
539.00000000 0.04799756 0.03110565 0.26317663 0.22762922 0.18232664 0.11562254 0.13214176 
540.00000000 0.04805018 0.03113469 0.26353919 0.22767731 0.18206528 0.11537963 0.13215372 
541.00000000 0.04810273 0.03116370 0.26390058 0.22772515 0.18180477 0.11513762 0.13216546 
542.00000000 0.04815520 0.03119269 0.26426082 0.22777274 0.18154509 0.11489648 0.13217698 
543.00000000 0.04820760 0.03122165 0.26461991 0.22782009 0.18128624 0.11465623 0.13218827 
544.00000000 0.04825993 0.03125059 0.26497785 0.22786720 0.18102822 0.11441685 0.13219935 
545.00000000 0.04831219 0.03127951 0.26533465 0.22791407 0.18077103 0.11417835 0.13221021 
546.00000000 0.04836437 0.03130840 0.26569030 0.22796071 0.18051466 0.11394071 0.13222086 
547.00000000 0.04841648 0.03133727 0.26604481 0.22800710 0.18025911 0.11370394 0.13223129 
548.00000000 0.04846852 0.03136611 0.26639819 0.22805326 0.18000439 0.11346803 0.13224151 
549.00000000 0.04852049 0.03139493 0.26675044 0.22809918 0.17975048 0.11323297 0.13225152 
550.00000000 0.04857238 0.03142372 0.26710155 0.22814487 0.17949739 0.11299877 0.13226132 
551.00000000 0.04862421 0.03145249 0.26745154 0.22819032 0.17924511 0.11276542 0.13227091 
552.00000000 0.04867596 0.03148123 0.26780041 0.22823555 0.17899364 0.11253292 0.13228029 
553.00000000 0.04872765 0.03150995 0.26814815 0.22828054 0.17874298 0.11230126 0.13228947 
554.00000000 0.04877926 0.03153864 0.26849478 0.22832531 0.17849313 0.11207044 0.13229844 
555.00000000 0.04883081 0.03156731 0.26884029 0.22836985 0.17824408 0.11184045 0.13230721 
556.00000000 0.04888229 0.03159595 0.26918469 0.22841416 0.17799583 0.11161130 0.13231578 
557.00000000 0.04893369 0.03162457 0.26952798 0.22845825 0.17774838 0.11138298 0.13232414 
558.00000000 0.04898503 0.03165316 0.26987017 0.22850212 0.17750173 0.11115548 0.13233231 
559.00000000 0.04903630 0.03168173 0.27021125 0.22854576 0.17725588 0.11092881 0.13234028 
560.00000000 0.04908750 0.03171027 0.27055123 0.22858918 0.17701081 0.11070295 0.13234805 
561.00000000 0.04913863 0.03173879 0.27089012 0.22863238 0.17676654 0.11047792 0.13235563 
562.00000000 0.04918970 0.03176728 0.27122791 0.22867537 0.17652305 0.11025369 0.13236301 
563.00000000 0.04924069 0.03179574 0.27156461 0.22871813 0.17628035 0.11003027 0.13237019 
564.00000000 0.04929162 0.03182418 0.27190022 0.22876069 0.17603844 0.10980766 0.13237719 
565.00000000 0.04934249 0.03185260 0.27223475 0.22880302 0.17579730 0.10958585 0.13238399 
566.00000000 0.04939328 0.03188099 0.27256820 0.22884514 0.17555694 0.10936484 0.13239061 
567.00000000 0.04944401 0.03190935 0.27290057 0.22888705 0.17531736 0.10914462 0.13239704 
568.00000000 0.04949467 0.03193769 0.27323186 0.22892875 0.17507856 0.10892520 0.13240328 
569.00000000 0.04954527 0.03196600 0.27356208 0.22897023 0.17484052 0.10870656 0.13240933 
570.00000000 0.04959580 0.03199429 0.27389123 0.22901151 0.17460326 0.10848872 0.13241520 
571.00000000 0.04964627 0.03202255 0.27421931 0.22905258 0.17436676 0.10827165 0.13242089 
572.00000000 0.04969667 0.03205078 0.27454633 0.22909344 0.17413103 0.10805537 0.13242639 
573.00000000 0.04974700 0.03207899 0.27487229 0.22913410 0.17389606 0.10783986 0.13243171 
574.00000000 0.04979727 0.03210717 0.27519719 0.22917455 0.17366185 0.10762512 0.13243685 
575.00000000 0.04984748 0.03213533 0.27552103 0.22921480 0.17342840 0.10741115 0.13244182 
576.00000000 0.04989762 0.03216346 0.27584382 0.22925484 0.17319570 0.10719795 0.13244660 
577.00000000 0.04994769 0.03219156 0.27616556 0.22929469 0.17296376 0.10698552 0.13245121 
578.00000000 0.04999771 0.03221964 0.27648626 0.22933433 0.17273257 0.10677385 0.13245565 
579.00000000 0.05004765 0.03224769 0.27680592 0.22937377 0.17250213 0.10656293 0.13245991 
580.00000000 0.05009754 0.03227571 0.27712453 0.22941301 0.17227244 0.10635277 0.13246399 
581.00000000 0.05014736 0.03230371 0.27744210 0.22945206 0.17204349 0.10614336 0.13246791 
582.00000000 0.05019712 0.03233169 0.27775865 0.22949091 0.17181529 0.10593469 0.13247165 
583.00000000 0.05024682 0.03235963 0.27807416 0.22952957 0.17158782 0.10572678 0.13247523 
584.00000000 0.05029645 0.03238755 0.27838864 0.22956803 0.17136109 0.10551960 0.13247864 
585.00000000 0.05034602 0.03241545 0.27870209 0.22960629 0.17113510 0.10531317 0.13248188 
586.00000000 0.05039553 0.03244331 0.27901453 0.22964437 0.17090984 0.10510747 0.13248495 
587.00000000 0.05044498 0.03247116 0.27932594 0.22968225 0.17068531 0.10490251 0.13248786 
588.00000000 0.05049437 0.03249897 0.27963633 0.22971994 0.17046151 0.10469827 0.13249060 
589.00000000 0.05054369 0.03252676 0.27994572 0.22975744 0.17023844 0.10449477 0.13249318 
590.00000000 0.05059296 0.03255452 0.28025409 0.22979476 0.17001609 0.10429198 0.13249560 
591.00000000 0.05064216 0.03258225 0.28056145 0.22983188 0.16979447 0.10408992 0.13249786 
592.00000000 0.05069130 0.03260996 0.28086781 0.22986882 0.16957357 0.10388858 0.13249996 
593.00000000 0.05074038 0.03263764 0.28117316 0.22990558 0.16935338 0.10368796 0.13250190 
594.00000000 0.05078941 0.03266530 0.28147752 0.22994215 0.16913391 0.10348805 0.13250368 
595.00000000 0.05083837 0.03269293 0.28178088 0.22997853 0.16891515 0.10328885 0.13250530 
596.00000000 0.05088727 0.03272053 0.28208324 0.23001473 0.16869710 0.10309035 0.13250677 
597.00000000 0.05093611 0.03274810 0.28238462 0.23005075 0.16847977 0.10289256 0.13250809 
598.00000000 0.05098489 0.03277565 0.28268500 0.23008659 0.16826314 0.10269548 0.13250925 
599.00000000 0.05103361 0.03280317 0.28298440 0.23012225 0.16804721 0.10249909 0.13251026 
600.00000000 0.05108228 0.03283067 0.28328282 0.23015773 0.16783199 0.10230340 0.13251112 
601.00000000 0.05113088 0.03285813 0.28358026 0.23019303 0.16761746 0.10210840 0.13251183 
602.00000000 0.05117943 0.03288557 0.28387672 0.23022816 0.16740364 0.10191409 0.13251239 
603.00000000 0.05122792 0.03291299 0.28417221 0.23026310 0.16719051 0.10172048 0.13251280 
604.00000000 0.05127635 0.03294037 0.28446673 0.23029787 0.16697808 0.10152754 0.13251306 
605.00000000 0.05132472 0.03296773 0.28476028 0.23033247 0.16676633 0.10133529 0.13251318 
606.00000000 0.05137303 0.03299507 0.28505286 0.23036689 0.16655528 0.10114372 0.13251315 
607.00000000 0.05142129 0.03302237 0.28534448 0.23040114 0.16634491 0.10095283 0.13251298 
608.00000000 0.05146949 0.03304965 0.28563514 0.23043521 0.16613523 0.10076261 0.13251266 
609.00000000 0.05151763 0.03307690 0.28592485 0.23046912 0.16592623 0.10057306 0.13251220 
610.00000000 0.05156572 0.03310413 0.28621360 0.23050285 0.16571792 0.10038419 0.13251160 
611.00000000 0.05161374 0.03313133 0.28650140 0.23053641 0.16551028 0.10019598 0.13251086 
612.00000000 0.05166172 0.03315850 0.28678825 0.23056981 0.16530332 0.10000843 0.13250999 
613.00000000 0.05170963 0.03318564 0.28707415 0.23060303 0.16509703 0.09982154 0.13250897 
614.00000000 0.05175749 0.03321276 0.28735911 0.23063609 0.16489141 0.09963532 0.13250781 
615.00000000 0.05180529 0.03323985 0.28764314 0.23066898 0.16468647 0.09944975 0.13250652 
616.00000000 0.05185304 0.03326691 0.28792622 0.23070171 0.16448219 0.09926483 0.13250510 
617.00000000 0.05190073 0.03329395 0.28820837 0.23073427 0.16427858 0.09908057 0.13250353 
618.00000000 0.05194837 0.03332096 0.28848959 0.23076666 0.16407563 0.09889695 0.13250184 
619.00000000 0.05199595 0.03334794 0.28876988 0.23079890 0.16387335 0.09871398 0.13250001 
620.00000000 0.05204347 0.03337490 0.28904924 0.23083096 0.16367172 0.09853165 0.13249805 
621.00000000 0.05209094 0.03340182 0.28932768 0.23086287 0.16347075 0.09834997 0.13249596 
622.00000000 0.05213836 0.03342872 0.28960520 0.23089462 0.16327044 0.09816892 0.13249374 
623.00000000 0.05218572 0.03345560 0.28988180 0.23092620 0.16307078 0.09798851 0.13249139 
624.00000000 0.05223303 0.03348244 0.29015748 0.23095763 0.16287178 0.09780873 0.13248891 
625.00000000 0.05228028 0.03350926 0.29043225 0.23098890 0.16267342 0.09762959 0.13248631 
626.00000000 0.05232748 0.03353605 0.29070612 0.23102000 0.16247570 0.09745107 0.13248358 
627.00000000 0.05237462 0.03356282 0.29097907 0.23105095 0.16227864 0.09727318 0.13248072 
628.00000000 0.05242171 0.03358956 0.29125112 0.23108175 0.16208221 0.09709591 0.13247774 
629.00000000 0.05246875 0.03361627 0.29152227 0.23111239 0.16188643 0.09691926 0.13247463 
630.00000000 0.05251573 0.03364295 0.29179252 0.23114287 0.16169129 0.09674324 0.13247141 
631.00000000 0.05256266 0.03366961 0.29206187 0.23117320 0.16149678 0.09656783 0.13246806 
632.00000000 0.05260954 0.03369623 0.29233033 0.23120337 0.16130291 0.09639303 0.13246459 
633.00000000 0.05265637 0.03372284 0.29259790 0.23123339 0.16110967 0.09621884 0.13246099 
634.00000000 0.05270314 0.03374941 0.29286458 0.23126326 0.16091706 0.09604527 0.13245728 
635.00000000 0.05274986 0.03377596 0.29313037 0.23129297 0.16072508 0.09587230 0.13245346 
636.00000000 0.05279653 0.03380248 0.29339528 0.23132254 0.16053373 0.09569994 0.13244951 
637.00000000 0.05284314 0.03382897 0.29365931 0.23135195 0.16034300 0.09552818 0.13244545 
638.00000000 0.05288971 0.03385544 0.29392246 0.23138122 0.16015289 0.09535702 0.13244127 
639.00000000 0.05293622 0.03388188 0.29418474 0.23141033 0.15996341 0.09518645 0.13243697 
640.00000000 0.05298268 0.03390829 0.29444614 0.23143930 0.15977454 0.09501649 0.13243256 
641.00000000 0.05302909 0.03393467 0.29470668 0.23146812 0.15958629 0.09484711 0.13242804 
642.00000000 0.05307545 0.03396103 0.29496635 0.23149679 0.15939865 0.09467833 0.13242341 
643.00000000 0.05312175 0.03398736 0.29522515 0.23152532 0.15921163 0.09451013 0.13241866 
644.00000000 0.05316801 0.03401366 0.29548309 0.23155370 0.15902522 0.09434252 0.13241380 
645.00000000 0.05321421 0.03403994 0.29574017 0.23158193 0.15883941 0.09417550 0.13240883 
646.00000000 0.05326037 0.03406619 0.29599639 0.23161002 0.15865422 0.09400906 0.13240376 
647.00000000 0.05330647 0.03409241 0.29625176 0.23163797 0.15846962 0.09384320 0.13239857 
648.00000000 0.05335253 0.03411860 0.29650628 0.23166577 0.15828563 0.09367791 0.13239328 
649.00000000 0.05339853 0.03414477 0.29675995 0.23169343 0.15810224 0.09351320 0.13238788 
650.00000000 0.05344448 0.03417091 0.29701277 0.23172095 0.15791945 0.09334906 0.13238237 
651.00000000 0.05349038 0.03419702 0.29726475 0.23174833 0.15773726 0.09318550 0.13237676 
652.00000000 0.05353624 0.03422311 0.29751589 0.23177556 0.15755566 0.09302250 0.13237104 
653.00000000 0.05358204 0.03424917 0.29776619 0.23180266 0.15737465 0.09286007 0.13236522 
654.00000000 0.05362780 0.03427520 0.29801565 0.23182962 0.15719424 0.09269820 0.13235930 
655.00000000 0.05367350 0.03430120 0.29826428 0.23185644 0.15701441 0.09253690 0.13235327 
656.00000000 0.05371916 0.03432718 0.29851207 0.23188312 0.15683517 0.09237615 0.13234714 
657.00000000 0.05376477 0.03435313 0.29875904 0.23190966 0.15665652 0.09221597 0.13234092 
658.00000000 0.05381032 0.03437905 0.29900519 0.23193606 0.15647845 0.09205634 0.13233459 
659.00000000 0.05385583 0.03440495 0.29925050 0.23196233 0.15630096 0.09189726 0.13232816 
660.00000000 0.05390129 0.03443082 0.29949500 0.23198847 0.15612405 0.09173874 0.13232163 
661.00000000 0.05394671 0.03445666 0.29973868 0.23201447 0.15594772 0.09158076 0.13231501 
662.00000000 0.05399207 0.03448247 0.29998154 0.23204033 0.15577196 0.09142333 0.13230829 
663.00000000 0.05403739 0.03450826 0.30022359 0.23206606 0.15559678 0.09126645 0.13230147 
664.00000000 0.05408266 0.03453402 0.30046483 0.23209165 0.15542217 0.09111011 0.13229456 
665.00000000 0.05412788 0.03455975 0.30070526 0.23211712 0.15524813 0.09095431 0.13228755 
666.00000000 0.05417305 0.03458546 0.30094489 0.23214245 0.15507465 0.09079905 0.13228045 
667.00000000 0.05421818 0.03461114 0.30118371 0.23216765 0.15490175 0.09064433 0.13227325 
668.00000000 0.05426325 0.03463679 0.30142172 0.23219272 0.15472940 0.09049014 0.13226596 
669.00000000 0.05430829 0.03466242 0.30165894 0.23221765 0.15455763 0.09033649 0.13225858 
670.00000000 0.05435327 0.03468802 0.30189537 0.23224246 0.15438641 0.09018337 0.13225111 
671.00000000 0.05439821 0.03471359 0.30213100 0.23226714 0.15421575 0.09003077 0.13224355 
672.00000000 0.05444310 0.03473914 0.30236584 0.23229169 0.15404564 0.08987871 0.13223590 
673.00000000 0.05448794 0.03476465 0.30259988 0.23231611 0.15387609 0.08972717 0.13222815 
674.00000000 0.05453274 0.03479014 0.30283315 0.23234040 0.15370710 0.08957615 0.13222032 
675.00000000 0.05457749 0.03481561 0.30306563 0.23236456 0.15353866 0.08942565 0.13221241 
676.00000000 0.05462219 0.03484105 0.30329732 0.23238860 0.15337076 0.08927567 0.13220440 
677.00000000 0.05466685 0.03486646 0.30352824 0.23241251 0.15320342 0.08912621 0.13219631 
678.00000000 0.05471146 0.03489184 0.30375838 0.23243630 0.15303662 0.08897727 0.13218813 
679.00000000 0.05475603 0.03491720 0.30398775 0.23245996 0.15287036 0.08882884 0.13217987 
680.00000000 0.05480055 0.03494253 0.30421634 0.23248350 0.15270465 0.08868091 0.13217152 
681.00000000 0.05484502 0.03496783 0.30444417 0.23250691 0.15253947 0.08853350 0.13216309 
682.00000000 0.05488945 0.03499311 0.30467122 0.23253020 0.15237484 0.08838660 0.13215458 
683.00000000 0.05493384 0.03501836 0.30489752 0.23255337 0.15221074 0.08824020 0.13214598 
684.00000000 0.05497817 0.03504358 0.30512305 0.23257641 0.15204718 0.08809431 0.13213730 
685.00000000 0.05502247 0.03506878 0.30534781 0.23259933 0.15188415 0.08794892 0.13212854 
686.00000000 0.05506672 0.03509395 0.30557183 0.23262213 0.15172165 0.08780402 0.13211970 
687.00000000 0.05511092 0.03511909 0.30579508 0.23264481 0.15155969 0.08765963 0.13211078 
688.00000000 0.05515508 0.03514421 0.30601758 0.23266737 0.15139825 0.08751573 0.13210178 
689.00000000 0.05519919 0.03516930 0.30623934 0.23268981 0.15123733 0.08737233 0.13209270 
690.00000000 0.05524326 0.03519436 0.30646034 0.23271212 0.15107695 0.08722942 0.13208355 
691.00000000 0.05528729 0.03521940 0.30668060 0.23273432 0.15091708 0.08708700 0.13207431 
692.00000000 0.05533127 0.03524441 0.30690011 0.23275640 0.15075774 0.08694507 0.13206500 
693.00000000 0.05537521 0.03526939 0.30711888 0.23277837 0.15059891 0.08680363 0.13205562 
694.00000000 0.05541910 0.03529435 0.30733691 0.23280021 0.15044060 0.08666267 0.13204615 
695.00000000 0.05546295 0.03531928 0.30755421 0.23282194 0.15028281 0.08652219 0.13203662 
696.00000000 0.05550676 0.03534418 0.30777077 0.23284355 0.15012554 0.08638220 0.13202701 
697.00000000 0.05555052 0.03536906 0.30798660 0.23286505 0.14996877 0.08624269 0.13201732 
698.00000000 0.05559424 0.03539391 0.30820169 0.23288643 0.14981252 0.08610365 0.13200756 
699.00000000 0.05563791 0.03541873 0.30841606 0.23290769 0.14965677 0.08596509 0.13199773 
700.00000000 0.05568154 0.03544353 0.30862971 0.23292884 0.14950153 0.08582701 0.13198783 
701.00000000 0.05572513 0.03546830 0.30884263 0.23294988 0.14934680 0.08568940 0.13197785 
702.00000000 0.05576868 0.03549305 0.30905483 0.23297080 0.14919257 0.08555226 0.13196781 
703.00000000 0.05581218 0.03551777 0.30926631 0.23299161 0.14903885 0.08541559 0.13195770 
704.00000000 0.05585564 0.03554246 0.30947708 0.23301231 0.14888562 0.08527939 0.13194751 
705.00000000 0.05589906 0.03556713 0.30968713 0.23303289 0.14873290 0.08514365 0.13193726 
706.00000000 0.05594243 0.03559177 0.30989646 0.23305336 0.14858067 0.08500837 0.13192693 
707.00000000 0.05598576 0.03561638 0.31010509 0.23307372 0.14842893 0.08487356 0.13191654 
708.00000000 0.05602905 0.03564097 0.31031301 0.23309397 0.14827769 0.08473921 0.13190609 
709.00000000 0.05607230 0.03566553 0.31052023 0.23311411 0.14812695 0.08460532 0.13189556 
710.00000000 0.05611550 0.03569006 0.31072674 0.23313414 0.14797669 0.08447189 0.13188497 
711.00000000 0.05615867 0.03571457 0.31093255 0.23315406 0.14782692 0.08433891 0.13187432 
712.00000000 0.05620179 0.03573906 0.31113766 0.23317387 0.14767764 0.08420639 0.13186360 
713.00000000 0.05624487 0.03576351 0.31134208 0.23319357 0.14752885 0.08407431 0.13185281 
714.00000000 0.05628791 0.03578794 0.31154580 0.23321316 0.14738053 0.08394269 0.13184196 
715.00000000 0.05633090 0.03581235 0.31174883 0.23323265 0.14723271 0.08381152 0.13183105 
716.00000000 0.05637386 0.03583673 0.31195116 0.23325203 0.14708536 0.08368080 0.13182007 
717.00000000 0.05641677 0.03586108 0.31215281 0.23327130 0.14693849 0.08355052 0.13180904 
718.00000000 0.05645964 0.03588540 0.31235378 0.23329046 0.14679210 0.08342068 0.13179794 
719.00000000 0.05650247 0.03590971 0.31255406 0.23330952 0.14664618 0.08329129 0.13178678 
720.00000000 0.05654526 0.03593398 0.31275366 0.23332847 0.14650074 0.08316233 0.13177555 
721.00000000 0.05658801 0.03595823 0.31295258 0.23334732 0.14635577 0.08303382 0.13176427 
722.00000000 0.05663072 0.03598245 0.31315082 0.23336606 0.14621128 0.08290574 0.13175293 
723.00000000 0.05667339 0.03600665 0.31334839 0.23338470 0.14606725 0.08277810 0.13174153 
724.00000000 0.05671601 0.03603082 0.31354528 0.23340323 0.14592369 0.08265090 0.13173007 
725.00000000 0.05675860 0.03605497 0.31374150 0.23342166 0.14578060 0.08252413 0.13171855 
726.00000000 0.05680114 0.03607908 0.31393706 0.23343998 0.14563797 0.08239778 0.13170698 
727.00000000 0.05684365 0.03610318 0.31413195 0.23345821 0.14549580 0.08227187 0.13169534 
728.00000000 0.05688611 0.03612725 0.31432617 0.23347633 0.14535410 0.08214639 0.13168366 
729.00000000 0.05692854 0.03615129 0.31451973 0.23349435 0.14521286 0.08202133 0.13167191 
730.00000000 0.05697092 0.03617531 0.31471263 0.23351227 0.14507207 0.08189669 0.13166011 
731.00000000 0.05701327 0.03619930 0.31490487 0.23353008 0.14493174 0.08177248 0.13164825 
732.00000000 0.05705557 0.03622326 0.31509646 0.23354780 0.14479187 0.08164869 0.13163634 
733.00000000 0.05709784 0.03624720 0.31528739 0.23356541 0.14465245 0.08152533 0.13162438 
734.00000000 0.05714006 0.03627112 0.31547767 0.23358293 0.14451349 0.08140238 0.13161236 
735.00000000 0.05718225 0.03629501 0.31566730 0.23360034 0.14437497 0.08127984 0.13160029 
736.00000000 0.05722440 0.03631887 0.31585628 0.23361766 0.14423691 0.08115773 0.13158817 
737.00000000 0.05726650 0.03634271 0.31604461 0.23363487 0.14409929 0.08103602 0.13157599 
738.00000000 0.05730857 0.03636652 0.31623230 0.23365199 0.14396212 0.08091473 0.13156376 
739.00000000 0.05735060 0.03639031 0.31641935 0.23366901 0.14382539 0.08079385 0.13155148 
740.00000000 0.05739259 0.03641407 0.31660576 0.23368594 0.14368911 0.08067338 0.13153915 
741.00000000 0.05743454 0.03643780 0.31679153 0.23370276 0.14355327 0.08055332 0.13152677 
742.00000000 0.05747645 0.03646152 0.31697667 0.23371949 0.14341787 0.08043366 0.13151434 
743.00000000 0.05751833 0.03648520 0.31716117 0.23373612 0.14328290 0.08031441 0.13150186 
744.00000000 0.05756016 0.03650886 0.31734504 0.23375266 0.14314838 0.08019557 0.13148933 
745.00000000 0.05760195 0.03653250 0.31752828 0.23376910 0.14301429 0.08007712 0.13147676 
746.00000000 0.05764371 0.03655611 0.31771089 0.23378544 0.14288064 0.07995908 0.13146413 
747.00000000 0.05768543 0.03657969 0.31789288 0.23380169 0.14274741 0.07984143 0.13145146 
748.00000000 0.05772711 0.03660325 0.31807424 0.23381785 0.14261462 0.07972419 0.13143874 
749.00000000 0.05776875 0.03662679 0.31825498 0.23383391 0.14248226 0.07960733 0.13142597 
750.00000000 0.05781036 0.03665030 0.31843510 0.23384988 0.14235033 0.07949088 0.13141316 
751.00000000 0.05785192 0.03667378 0.31861460 0.23386575 0.14221883 0.07937482 0.13140030 
752.00000000 0.05789345 0.03669724 0.31879349 0.23388153 0.14208775 0.07925914 0.13138740 
753.00000000 0.05793494 0.03672067 0.31897176 0.23389722 0.14195709 0.07914386 0.13137445 
754.00000000 0.05797639 0.03674408 0.31914942 0.23391281 0.14182686 0.07902897 0.13136146 
755.00000000 0.05801781 0.03676747 0.31932647 0.23392831 0.14169705 0.07891447 0.13134842 
756.00000000 0.05805918 0.03679083 0.31950291 0.23394372 0.14156766 0.07880035 0.13133534 
757.00000000 0.05810052 0.03681416 0.31967874 0.23395904 0.14143869 0.07868662 0.13132222 
758.00000000 0.05814182 0.03683747 0.31985398 0.23397427 0.14131013 0.07857327 0.13130905 
759.00000000 0.05818309 0.03686076 0.32002860 0.23398941 0.14118200 0.07846031 0.13129584 
760.00000000 0.05822431 0.03688402 0.32020263 0.23400446 0.14105427 0.07834772 0.13128259 
761.00000000 0.05826550 0.03690725 0.32037606 0.23401941 0.14092696 0.07823551 0.13126930 
762.00000000 0.05830666 0.03693046 0.32054889 0.23403428 0.14080006 0.07812369 0.13125596 
763.00000000 0.05834777 0.03695365 0.32072113 0.23404906 0.14067357 0.07801223 0.13124259 
764.00000000 0.05838885 0.03697681 0.32089277 0.23406375 0.14054748 0.07790116 0.13122918 
765.00000000 0.05842989 0.03699995 0.32106382 0.23407835 0.14042181 0.07779045 0.13121572 
766.00000000 0.05847090 0.03702306 0.32123429 0.23409286 0.14029654 0.07768013 0.13120223 
767.00000000 0.05851187 0.03704615 0.32140416 0.23410728 0.14017168 0.07757017 0.13118869 
768.00000000 0.05855280 0.03706921 0.32157345 0.23412162 0.14004721 0.07746058 0.13117512 
769.00000000 0.05859369 0.03709225 0.32174216 0.23413587 0.13992316 0.07735136 0.13116151 
770.00000000 0.05863455 0.03711526 0.32191029 0.23415003 0.13979950 0.07724250 0.13114786 
771.00000000 0.05867537 0.03713825 0.32207783 0.23416411 0.13967624 0.07713402 0.13113418 
772.00000000 0.05871616 0.03716122 0.32224480 0.23417810 0.13955337 0.07702589 0.13112046 
773.00000000 0.05875691 0.03718416 0.32241119 0.23419200 0.13943091 0.07691813 0.13110670 
774.00000000 0.05879762 0.03720708 0.32257701 0.23420582 0.13930884 0.07681074 0.13109290 
775.00000000 0.05883830 0.03722997 0.32274225 0.23421955 0.13918716 0.07670370 0.13107907 
776.00000000 0.05887894 0.03725284 0.32290692 0.23423320 0.13906587 0.07659702 0.13106520 
777.00000000 0.05891955 0.03727568 0.32307103 0.23424676 0.13894498 0.07649070 0.13105130 
778.00000000 0.05896012 0.03729850 0.32323456 0.23426024 0.13882447 0.07638474 0.13103736 
779.00000000 0.05900065 0.03732130 0.32339753 0.23427363 0.13870436 0.07627913 0.13102339 
780.00000000 0.05904115 0.03734407 0.32355994 0.23428694 0.13858463 0.07617388 0.13100938 
781.00000000 0.05908161 0.03736682 0.32372179 0.23430017 0.13846529 0.07606898 0.13099534 
782.00000000 0.05912204 0.03738954 0.32388307 0.23431332 0.13834633 0.07596443 0.13098127 
783.00000000 0.05916243 0.03741224 0.32404380 0.23432638 0.13822775 0.07586023 0.13096717 
784.00000000 0.05920279 0.03743491 0.32420397 0.23433936 0.13810956 0.07575639 0.13095303 
785.00000000 0.05924311 0.03745756 0.32436359 0.23435225 0.13799174 0.07565288 0.13093886 
786.00000000 0.05928340 0.03748019 0.32452265 0.23436507 0.13787431 0.07554973 0.13092465 
787.00000000 0.05932365 0.03750279 0.32468117 0.23437780 0.13775725 0.07544692 0.13091042 
788.00000000 0.05936386 0.03752537 0.32483913 0.23439046 0.13764057 0.07534446 0.13089615 
789.00000000 0.05940404 0.03754793 0.32499654 0.23440303 0.13752427 0.07524233 0.13088186 
790.00000000 0.05944419 0.03757046 0.32515341 0.23441552 0.13740834 0.07514055 0.13086753 
791.00000000 0.05948430 0.03759297 0.32530974 0.23442793 0.13729278 0.07503911 0.13085317 
792.00000000 0.05952437 0.03761545 0.32546552 0.23444026 0.13717759 0.07493801 0.13083878 
793.00000000 0.05956442 0.03763791 0.32562077 0.23445251 0.13706277 0.07483725 0.13082437 
794.00000000 0.05960442 0.03766035 0.32577547 0.23446468 0.13694833 0.07473683 0.13080992 
795.00000000 0.05964439 0.03768276 0.32592964 0.23447677 0.13683425 0.07463674 0.13079545 
796.00000000 0.05968433 0.03770515 0.32608327 0.23448879 0.13672054 0.07453698 0.13078094 
797.00000000 0.05972424 0.03772752 0.32623636 0.23450072 0.13660719 0.07443756 0.13076641 
798.00000000 0.05976410 0.03774986 0.32638893 0.23451258 0.13649420 0.07433847 0.13075185 
799.00000000 0.05980394 0.03777218 0.32654096 0.23452436 0.13638158 0.07423971 0.13073726 
800.00000000 0.05984374 0.03779448 0.32669247 0.23453606 0.13626932 0.07414128 0.13072265 
801.00000000 0.05988351 0.03781675 0.32684345 0.23454769 0.13615742 0.07404318 0.13070801 
802.00000000 0.05992324 0.03783900 0.32699390 0.23455923 0.13604588 0.07394540 0.13069334 
803.00000000 0.05996294 0.03786122 0.32714383 0.23457070 0.13593470 0.07384795 0.13067865 
804.00000000 0.06000260 0.03788343 0.32729324 0.23458210 0.13582388 0.07375083 0.13066393 
805.00000000 0.06004223 0.03790561 0.32744213 0.23459342 0.13571341 0.07365403 0.13064918 
806.00000000 0.06008183 0.03792776 0.32759050 0.23460466 0.13560329 0.07355755 0.13063441 
807.00000000 0.06012139 0.03794989 0.32773835 0.23461583 0.13549353 0.07346140 0.13061962 
808.00000000 0.06016092 0.03797200 0.32788569 0.23462692 0.13538412 0.07336556 0.13060480 
809.00000000 0.06020041 0.03799409 0.32803251 0.23463793 0.13527505 0.07327005 0.13058995 
810.00000000 0.06023988 0.03801615 0.32817882 0.23464888 0.13516634 0.07317485 0.13057508 
811.00000000 0.06027930 0.03803819 0.32832462 0.23465974 0.13505798 0.07307997 0.13056019 
812.00000000 0.06031870 0.03806021 0.32846991 0.23467054 0.13494996 0.07298540 0.13054528 
813.00000000 0.06035806 0.03808220 0.32861470 0.23468126 0.13484229 0.07289115 0.13053034 
814.00000000 0.06039739 0.03810417 0.32875898 0.23469190 0.13473497 0.07279722 0.13051537 
815.00000000 0.06043669 0.03812612 0.32890275 0.23470247 0.13462799 0.07270359 0.13050039 
816.00000000 0.06047595 0.03814804 0.32904603 0.23471297 0.13452135 0.07261028 0.13048538 
817.00000000 0.06051518 0.03816994 0.32918880 0.23472340 0.13441505 0.07251728 0.13047035 
818.00000000 0.06055437 0.03819182 0.32933107 0.23473375 0.13430909 0.07242458 0.13045530 
819.00000000 0.06059354 0.03821368 0.32947285 0.23474403 0.13420347 0.07233220 0.13044023 
820.00000000 0.06063267 0.03823551 0.32961413 0.23475424 0.13409819 0.07224012 0.13042514 
821.00000000 0.06067176 0.03825732 0.32975491 0.23476438 0.13399324 0.07214835 0.13041003 
822.00000000 0.06071083 0.03827911 0.32989521 0.23477445 0.13388863 0.07205688 0.13039489 
823.00000000 0.06074986 0.03830088 0.33003501 0.23478444 0.13378436 0.07196571 0.13037974 
824.00000000 0.06078886 0.03832262 0.33017432 0.23479437 0.13368042 0.07187485 0.13036456 
825.00000000 0.06082783 0.03834434 0.33031315 0.23480422 0.13357681 0.07178429 0.13034937 
826.00000000 0.06086676 0.03836604 0.33045148 0.23481400 0.13347353 0.07169403 0.13033416 
827.00000000 0.06090566 0.03838771 0.33058934 0.23482372 0.13337058 0.07160407 0.13031892 
828.00000000 0.06094453 0.03840936 0.33072671 0.23483336 0.13326795 0.07151441 0.13030367 
829.00000000 0.06098337 0.03843099 0.33086360 0.23484293 0.13316566 0.07142504 0.13028840 
830.00000000 0.06102217 0.03845260 0.33100000 0.23485244 0.13306369 0.07133597 0.13027311 
831.00000000 0.06106095 0.03847419 0.33113593 0.23486187 0.13296205 0.07124720 0.13025781 
832.00000000 0.06109969 0.03849575 0.33127138 0.23487124 0.13286073 0.07115872 0.13024248 
833.00000000 0.06113840 0.03851729 0.33140636 0.23488054 0.13275974 0.07107054 0.13022714 
834.00000000 0.06117707 0.03853881 0.33154086 0.23488977 0.13265907 0.07098264 0.13021178 
835.00000000 0.06121572 0.03856030 0.33167489 0.23489893 0.13255871 0.07089504 0.13019641 
836.00000000 0.06125433 0.03858177 0.33180845 0.23490802 0.13245868 0.07080772 0.13018101 
837.00000000 0.06129291 0.03860323 0.33194154 0.23491705 0.13235897 0.07072070 0.13016561 
838.00000000 0.06133146 0.03862465 0.33207416 0.23492601 0.13225957 0.07063396 0.13015018 
839.00000000 0.06136998 0.03864606 0.33220632 0.23493490 0.13216049 0.07054751 0.13013474 
840.00000000 0.06140846 0.03866745 0.33233801 0.23494372 0.13206173 0.07046135 0.13011928 
841.00000000 0.06144692 0.03868881 0.33246923 0.23495248 0.13196328 0.07037547 0.13010381 
842.00000000 0.06148534 0.03871015 0.33260000 0.23496118 0.13186514 0.07028988 0.13008832 
843.00000000 0.06152373 0.03873147 0.33273030 0.23496980 0.13176732 0.07020456 0.13007282 
844.00000000 0.06156209 0.03875276 0.33286015 0.23497836 0.13166981 0.07011953 0.13005730 
845.00000000 0.06160042 0.03877404 0.33298953 0.23498686 0.13157260 0.07003478 0.13004177 
846.00000000 0.06163871 0.03879529 0.33311846 0.23499529 0.13147571 0.06995031 0.13002622 
847.00000000 0.06167698 0.03881652 0.33324694 0.23500365 0.13137913 0.06986612 0.13001066 
848.00000000 0.06171521 0.03883773 0.33337496 0.23501195 0.13128285 0.06978221 0.12999509 
849.00000000 0.06175342 0.03885892 0.33350253 0.23502018 0.13118687 0.06969857 0.12997950 
850.00000000 0.06179159 0.03888008 0.33362965 0.23502835 0.13109121 0.06961521 0.12996390 
851.00000000 0.06182973 0.03890123 0.33375633 0.23503646 0.13099584 0.06953213 0.12994828 
852.00000000 0.06186784 0.03892235 0.33388255 0.23504450 0.13090078 0.06944932 0.12993266 
853.00000000 0.06190592 0.03894345 0.33400833 0.23505248 0.13080602 0.06936678 0.12991702 
854.00000000 0.06194397 0.03896453 0.33413366 0.23506040 0.13071156 0.06928451 0.12990137 
855.00000000 0.06198198 0.03898559 0.33425856 0.23506825 0.13061741 0.06920252 0.12988570 
856.00000000 0.06201997 0.03900662 0.33438300 0.23507604 0.13052355 0.06912079 0.12987003 
857.00000000 0.06205793 0.03902764 0.33450701 0.23508376 0.13042998 0.06903934 0.12985434 
858.00000000 0.06209585 0.03904863 0.33463058 0.23509143 0.13033672 0.06895815 0.12983864 
859.00000000 0.06213375 0.03906960 0.33475372 0.23509903 0.13024375 0.06887723 0.12982293 
860.00000000 0.06217161 0.03909055 0.33487641 0.23510657 0.13015107 0.06879658 0.12980721 
861.00000000 0.06220944 0.03911148 0.33499868 0.23511405 0.13005869 0.06871619 0.12979147 
862.00000000 0.06224725 0.03913238 0.33512050 0.23512146 0.12996660 0.06863607 0.12977573 
863.00000000 0.06228502 0.03915327 0.33524190 0.23512882 0.12987480 0.06855621 0.12975998 
864.00000000 0.06232276 0.03917413 0.33536287 0.23513611 0.12978330 0.06847661 0.12974421 
865.00000000 0.06236047 0.03919498 0.33548341 0.23514334 0.12969208 0.06839728 0.12972844 
866.00000000 0.06239816 0.03921580 0.33560352 0.23515052 0.12960115 0.06831820 0.12971266 
867.00000000 0.06243581 0.03923660 0.33572320 0.23515763 0.12951051 0.06823939 0.12969687 
868.00000000 0.06247343 0.03925738 0.33584246 0.23516468 0.12942016 0.06816083 0.12968106 
869.00000000 0.06251102 0.03927814 0.33596129 0.23517167 0.12933009 0.06808253 0.12966525 
870.00000000 0.06254858 0.03929887 0.33607971 0.23517860 0.12924031 0.06800449 0.12964943 
871.00000000 0.06258611 0.03931959 0.33619770 0.23518548 0.12915081 0.06792671 0.12963360 
872.00000000 0.06262362 0.03934029 0.33631527 0.23519229 0.12906159 0.06784918 0.12961777 
873.00000000 0.06266109 0.03936096 0.33643243 0.23519904 0.12897266 0.06777190 0.12960192 
874.00000000 0.06269853 0.03938161 0.33654916 0.23520574 0.12888401 0.06769488 0.12958607 
875.00000000 0.06273594 0.03940225 0.33666549 0.23521237 0.12879563 0.06761812 0.12957021 
876.00000000 0.06277332 0.03942286 0.33678139 0.23521895 0.12870754 0.06754160 0.12955434 
877.00000000 0.06281068 0.03944345 0.33689689 0.23522547 0.12861972 0.06746533 0.12953846 
878.00000000 0.06284800 0.03946402 0.33701197 0.23523193 0.12853218 0.06738932 0.12952258 
879.00000000 0.06288529 0.03948457 0.33712665 0.23523834 0.12844492 0.06731355 0.12950668 
880.00000000 0.06292256 0.03950510 0.33724091 0.23524468 0.12835793 0.06723803 0.12949079 
881.00000000 0.06295979 0.03952560 0.33735477 0.23525097 0.12827122 0.06716276 0.12947488 
882.00000000 0.06299700 0.03954609 0.33746822 0.23525720 0.12818478 0.06708774 0.12945897 
883.00000000 0.06303417 0.03956656 0.33758127 0.23526338 0.12809862 0.06701296 0.12944305 
884.00000000 0.06307132 0.03958700 0.33769391 0.23526949 0.12801272 0.06693843 0.12942713 
885.00000000 0.06310843 0.03960743 0.33780615 0.23527556 0.12792710 0.06686414 0.12941120 
886.00000000 0.06314552 0.03962783 0.33791799 0.23528156 0.12784174 0.06679009 0.12939526 
887.00000000 0.06318258 0.03964822 0.33802943 0.23528751 0.12775665 0.06671629 0.12937932 
888.00000000 0.06321961 0.03966858 0.33814047 0.23529340 0.12767184 0.06664272 0.12936337 
889.00000000 0.06325661 0.03968892 0.33825112 0.23529924 0.12758728 0.06656940 0.12934742 
890.00000000 0.06329358 0.03970924 0.33836137 0.23530502 0.12750300 0.06649632 0.12933147 
891.00000000 0.06333052 0.03972955 0.33847122 0.23531075 0.12741898 0.06642348 0.12931550 
892.00000000 0.06336744 0.03974983 0.33858068 0.23531642 0.12733522 0.06635087 0.12929954 
893.00000000 0.06340432 0.03977009 0.33868975 0.23532203 0.12725173 0.06627850 0.12928356 
894.00000000 0.06344118 0.03979033 0.33879843 0.23532760 0.12716850 0.06620637 0.12926759 
895.00000000 0.06347800 0.03981055 0.33890672 0.23533310 0.12708553 0.06613448 0.12925161 
896.00000000 0.06351480 0.03983075 0.33901462 0.23533856 0.12700283 0.06606281 0.12923563 
897.00000000 0.06355157 0.03985093 0.33912214 0.23534396 0.12692038 0.06599139 0.12921964 
898.00000000 0.06358831 0.03987109 0.33922926 0.23534930 0.12683819 0.06592019 0.12920365 
899.00000000 0.06362502 0.03989123 0.33933601 0.23535459 0.12675626 0.06584923 0.12918765 
900.00000000 0.06366171 0.03991135 0.33944237 0.23535983 0.12667459 0.06577850 0.12917165 
901.00000000 0.06369836 0.03993146 0.33954835 0.23536501 0.12659317 0.06570800 0.12915565 
902.00000000 0.06373499 0.03995154 0.33965394 0.23537014 0.12651201 0.06563773 0.12913965 
903.00000000 0.06377159 0.03997160 0.33975916 0.23537522 0.12643110 0.06556769 0.12912364 
904.00000000 0.06380816 0.03999164 0.33986400 0.23538025 0.12635045 0.06549788 0.12910763 
905.00000000 0.06384470 0.04001166 0.33996847 0.23538522 0.12627005 0.06542829 0.12909162 
906.00000000 0.06388121 0.04003166 0.34007255 0.23539014 0.12618990 0.06535894 0.12907560 
907.00000000 0.06391769 0.04005164 0.34017627 0.23539501 0.12611001 0.06528980 0.12905958 
908.00000000 0.06395415 0.04007160 0.34027960 0.23539983 0.12603036 0.06522090 0.12904357 
909.00000000 0.06399058 0.04009154 0.34038257 0.23540459 0.12595096 0.06515221 0.12902754 
910.00000000 0.06402698 0.04011146 0.34048517 0.23540931 0.12587181 0.06508375 0.12901152 
911.00000000 0.06406335 0.04013136 0.34058739 0.23541397 0.12579291 0.06501552 0.12899550 
912.00000000 0.06409969 0.04015124 0.34068925 0.23541858 0.12571426 0.06494750 0.12897947 
913.00000000 0.06413601 0.04017111 0.34079074 0.23542314 0.12563585 0.06487971 0.12896344 
914.00000000 0.06417230 0.04019095 0.34089186 0.23542765 0.12555769 0.06481214 0.12894742 
915.00000000 0.06420856 0.04021077 0.34099262 0.23543211 0.12547977 0.06474478 0.12893139 
916.00000000 0.06424479 0.04023057 0.34109302 0.23543651 0.12540210 0.06467765 0.12891536 
917.00000000 0.06428099 0.04025036 0.34119305 0.23544087 0.12532467 0.06461073 0.12889932 
918.00000000 0.06431717 0.04027012 0.34129272 0.23544518 0.12524748 0.06454404 0.12888329 
919.00000000 0.06435332 0.04028987 0.34139203 0.23544944 0.12517053 0.06447755 0.12886726 
920.00000000 0.06438944 0.04030959 0.34149098 0.23545365 0.12509382 0.06441129 0.12885123 
921.00000000 0.06442553 0.04032930 0.34158957 0.23545780 0.12501735 0.06434524 0.12883520 
922.00000000 0.06446160 0.04034898 0.34168781 0.23546191 0.12494112 0.06427940 0.12881917 
923.00000000 0.06449764 0.04036865 0.34178569 0.23546597 0.12486513 0.06421378 0.12880313 
924.00000000 0.06453365 0.04038830 0.34188322 0.23546999 0.12478938 0.06414837 0.12878710 
925.00000000 0.06456963 0.04040793 0.34198039 0.23547395 0.12471386 0.06408317 0.12877107 
926.00000000 0.06460559 0.04042754 0.34207721 0.23547786 0.12463858 0.06401819 0.12875504 
927.00000000 0.06464151 0.04044713 0.34217368 0.23548173 0.12456353 0.06395341 0.12873901 
928.00000000 0.06467742 0.04046670 0.34226980 0.23548554 0.12448872 0.06388885 0.12872298 
929.00000000 0.06471329 0.04048625 0.34236557 0.23548931 0.12441414 0.06382449 0.12870695 
930.00000000 0.06474914 0.04050578 0.34246099 0.23549304 0.12433979 0.06376034 0.12869093 
931.00000000 0.06478495 0.04052530 0.34255606 0.23549671 0.12426567 0.06369640 0.12867490 
932.00000000 0.06482075 0.04054479 0.34265079 0.23550034 0.12419179 0.06363267 0.12865888 
933.00000000 0.06485651 0.04056427 0.34274518 0.23550391 0.12411813 0.06356914 0.12864285 
934.00000000 0.06489225 0.04058372 0.34283922 0.23550745 0.12404470 0.06350582 0.12862683 
935.00000000 0.06492796 0.04060316 0.34293292 0.23551093 0.12397150 0.06344271 0.12861081 
936.00000000 0.06496364 0.04062258 0.34302628 0.23551437 0.12389853 0.06337980 0.12859480 
937.00000000 0.06499930 0.04064198 0.34311930 0.23551776 0.12382579 0.06331709 0.12857878 
938.00000000 0.06503493 0.04066136 0.34321198 0.23552110 0.12375327 0.06325459 0.12856277 
939.00000000 0.06507053 0.04068072 0.34330432 0.23552440 0.12368098 0.06319228 0.12854676 
940.00000000 0.06510610 0.04070007 0.34339633 0.23552765 0.12360891 0.06313018 0.12853075 
941.00000000 0.06514165 0.04071939 0.34348800 0.23553086 0.12353707 0.06306828 0.12851474 
942.00000000 0.06517717 0.04073870 0.34357934 0.23553402 0.12346545 0.06300658 0.12849874 
943.00000000 0.06521267 0.04075798 0.34367034 0.23553714 0.12339405 0.06294508 0.12848274 
944.00000000 0.06524814 0.04077725 0.34376101 0.23554021 0.12332287 0.06288378 0.12846674 
945.00000000 0.06528358 0.04079650 0.34385135 0.23554323 0.12325192 0.06282267 0.12845075 
946.00000000 0.06531899 0.04081573 0.34394136 0.23554621 0.12318118 0.06276177 0.12843476 
947.00000000 0.06535438 0.04083494 0.34403104 0.23554914 0.12311067 0.06270106 0.12841877 
948.00000000 0.06538974 0.04085414 0.34412039 0.23555203 0.12304037 0.06264054 0.12840279 
949.00000000 0.06542508 0.04087331 0.34420941 0.23555488 0.12297029 0.06258022 0.12838681 
950.00000000 0.06546039 0.04089247 0.34429811 0.23555768 0.12290043 0.06252010 0.12837083 
951.00000000 0.06549567 0.04091161 0.34438649 0.23556043 0.12283078 0.06246017 0.12835485 
952.00000000 0.06553093 0.04093073 0.34447454 0.23556315 0.12276135 0.06240043 0.12833888 
953.00000000 0.06556615 0.04094983 0.34456226 0.23556581 0.12269214 0.06234088 0.12832292 
954.00000000 0.06560136 0.04096891 0.34464967 0.23556844 0.12262314 0.06228153 0.12830696 
955.00000000 0.06563653 0.04098798 0.34473675 0.23557102 0.12255435 0.06222237 0.12829100 
956.00000000 0.06567168 0.04100702 0.34482352 0.23557355 0.12248577 0.06216340 0.12827505 
957.00000000 0.06570681 0.04102605 0.34490997 0.23557605 0.12241741 0.06210462 0.12825910 
958.00000000 0.06574191 0.04104506 0.34499609 0.23557850 0.12234926 0.06204603 0.12824315 
959.00000000 0.06577698 0.04106405 0.34508191 0.23558091 0.12228132 0.06198762 0.12822721 
960.00000000 0.06581202 0.04108303 0.34516740 0.23558327 0.12221359 0.06192941 0.12821128 
961.00000000 0.06584704 0.04110198 0.34525259 0.23558559 0.12214607 0.06187138 0.12819535 
962.00000000 0.06588204 0.04112092 0.34533746 0.23558787 0.12207875 0.06181354 0.12817942 
963.00000000 0.06591700 0.04113984 0.34542201 0.23559011 0.12201165 0.06175588 0.12816350 
964.00000000 0.06595195 0.04115874 0.34550626 0.23559231 0.12194475 0.06169841 0.12814759 
965.00000000 0.06598686 0.04117762 0.34559019 0.23559446 0.12187806 0.06164113 0.12813168 
966.00000000 0.06602175 0.04119649 0.34567382 0.23559657 0.12181157 0.06158403 0.12811577 
967.00000000 0.06605661 0.04121533 0.34575713 0.23559864 0.12174529 0.06152711 0.12809988 
968.00000000 0.06609145 0.04123416 0.34584014 0.23560067 0.12167922 0.06147037 0.12808398 
969.00000000 0.06612626 0.04125297 0.34592285 0.23560265 0.12161335 0.06141382 0.12806809 
970.00000000 0.06616105 0.04127177 0.34600524 0.23560460 0.12154768 0.06135745 0.12805221 
971.00000000 0.06619581 0.04129054 0.34608734 0.23560650 0.12148221 0.06130126 0.12803634 
972.00000000 0.06623054 0.04130930 0.34616913 0.23560837 0.12141694 0.06124525 0.12802047 
973.00000000 0.06626525 0.04132804 0.34625061 0.23561019 0.12135188 0.06118942 0.12800460 
974.00000000 0.06629994 0.04134676 0.34633180 0.23561197 0.12128702 0.06113377 0.12798874 
975.00000000 0.06633459 0.04136547 0.34641268 0.23561371 0.12122235 0.06107830 0.12797289 
976.00000000 0.06636923 0.04138415 0.34649327 0.23561541 0.12115789 0.06102301 0.12795705 
977.00000000 0.06640383 0.04140282 0.34657356 0.23561707 0.12109362 0.06096789 0.12794121 
978.00000000 0.06643841 0.04142147 0.34665355 0.23561869 0.12102955 0.06091295 0.12792538 
979.00000000 0.06647297 0.04144010 0.34673324 0.23562027 0.12096568 0.06085819 0.12790955 
980.00000000 0.06650750 0.04145872 0.34681264 0.23562181 0.12090200 0.06080360 0.12789373 
981.00000000 0.06654200 0.04147732 0.34689174 0.23562332 0.12083852 0.06074918 0.12787792 
982.00000000 0.06657648 0.04149590 0.34697055 0.23562478 0.12077523 0.06069495 0.12786211 
983.00000000 0.06661094 0.04151446 0.34704906 0.23562620 0.12071214 0.06064088 0.12784631 
984.00000000 0.06664537 0.04153301 0.34712729 0.23562758 0.12064924 0.06058699 0.12783052 
985.00000000 0.06667977 0.04155154 0.34720522 0.23562893 0.12058654 0.06053327 0.12781474 
986.00000000 0.06671415 0.04157005 0.34728286 0.23563023 0.12052403 0.06047972 0.12779896 
987.00000000 0.06674850 0.04158854 0.34736022 0.23563150 0.12046171 0.06042634 0.12778319 
988.00000000 0.06678283 0.04160702 0.34743728 0.23563273 0.12039958 0.06037314 0.12776743 
989.00000000 0.06681713 0.04162547 0.34751406 0.23563392 0.12033764 0.06032010 0.12775167 
990.00000000 0.06685141 0.04164392 0.34759056 0.23563507 0.12027589 0.06026723 0.12773593 
991.00000000 0.06688566 0.04166234 0.34766676 0.23563618 0.12021433 0.06021454 0.12772019 
992.00000000 0.06691989 0.04168075 0.34774269 0.23563726 0.12015296 0.06016201 0.12770445 
993.00000000 0.06695409 0.04169914 0.34781833 0.23563830 0.12009177 0.06010965 0.12768873 
994.00000000 0.06698827 0.04171751 0.34789368 0.23563930 0.12003078 0.06005745 0.12767301 
995.00000000 0.06702242 0.04173586 0.34796876 0.23564026 0.11996997 0.06000542 0.12765731 
996.00000000 0.06705655 0.04175420 0.34804355 0.23564118 0.11990934 0.05995356 0.12764161 
997.00000000 0.06709066 0.04177252 0.34811807 0.23564207 0.11984890 0.05990187 0.12762591 
998.00000000 0.06712473 0.04179083 0.34819230 0.23564292 0.11978865 0.05985034 0.12761023 
999.00000000 0.06715879 0.04180911 0.34826626 0.23564374 0.11972858 0.05979897 0.12759455 
