0.00000000 0.00225937 0.01191697 0.76937613 0.00190601 0.00102365 0.20810004 0.00541781 
1.00000000 0.00225938 0.01191697 0.76937613 0.00190601 0.00102365 0.20810005 0.00541781 
2.00000000 0.00225939 0.01191700 0.76937670 0.00190602 0.00102366 0.20809944 0.00541779 
3.00000000 0.00225946 0.01191716 0.76937959 0.00190603 0.00102368 0.20809641 0.00541767 
4.00000000 0.00225966 0.01191759 0.76938740 0.00190607 0.00102373 0.20808820 0.00541736 
5.00000000 0.00226007 0.01191847 0.76940325 0.00190614 0.00102384 0.20807152 0.00541672 
6.00000000 0.00226079 0.01191999 0.76943036 0.00190628 0.00102403 0.20804293 0.00541563 
7.00000000 0.00226191 0.01192235 0.76947162 0.00190651 0.00102435 0.20799930 0.00541397 
8.00000000 0.00226352 0.01192570 0.76952920 0.00190687 0.00102483 0.20793819 0.00541168 
9.00000000 0.00226573 0.01193018 0.76960431 0.00190739 0.00102553 0.20785814 0.00540871 
10.00000000 0.00226861 0.01193589 0.76969705 0.00190812 0.00102650 0.20775877 0.00540508 
11.00000000 0.00227221 0.01194286 0.76980647 0.00190911 0.00102778 0.20764074 0.00540083 
12.00000000 0.00227661 0.01195111 0.76993074 0.00191041 0.00102945 0.20750561 0.00539607 
13.00000000 0.00228185 0.01196065 0.77006743 0.00191207 0.00103156 0.20735553 0.00539090 
14.00000000 0.00228801 0.01197146 0.77021387 0.00191416 0.00103418 0.20719288 0.00538545 
15.00000000 0.00229513 0.01198352 0.77036745 0.00191673 0.00103737 0.20701995 0.00537984 
16.00000000 0.00230331 0.01199687 0.77052595 0.00191984 0.00104120 0.20683866 0.00537417 
17.00000000 0.00231263 0.01201152 0.77068773 0.00192354 0.00104574 0.20665031 0.00536854 
18.00000000 0.00232320 0.01202757 0.77085175 0.00192789 0.00105104 0.20645557 0.00536298 
19.00000000 0.00233515 0.01204510 0.77101757 0.00193294 0.00105719 0.20625452 0.00535753 
20.00000000 0.00234860 0.01206423 0.77118513 0.00193875 0.00106425 0.20604681 0.00535222 
21.00000000 0.00236371 0.01208510 0.77135452 0.00194537 0.00107228 0.20583197 0.00534705 
22.00000000 0.00238062 0.01210782 0.77152568 0.00195285 0.00108136 0.20560965 0.00534203 
23.00000000 0.00239947 0.01213249 0.77169815 0.00196125 0.00109155 0.20537989 0.00533721 
24.00000000 0.00242041 0.01215920 0.77187086 0.00197061 0.00110292 0.20514338 0.00533263 
25.00000000 0.00244357 0.01218799 0.77204202 0.00198098 0.00111554 0.20490153 0.00532836 
26.00000000 0.00246908 0.01221889 0.77220915 0.00199243 0.00112948 0.20465646 0.00532451 
27.00000000 0.00249706 0.01225187 0.77236914 0.00200500 0.00114480 0.20441093 0.00532119 
28.00000000 0.00252763 0.01228692 0.77251855 0.00201874 0.00116158 0.20416807 0.00531851 
29.00000000 0.00256092 0.01232399 0.77265378 0.00203370 0.00117987 0.20393115 0.00531660 
30.00000000 0.00259704 0.01236306 0.77277140 0.00204992 0.00119974 0.20370328 0.00531556 
31.00000000 0.00263612 0.01240412 0.77286840 0.00206744 0.00122125 0.20348719 0.00531547 
32.00000000 0.00267832 0.01244718 0.77294234 0.00208631 0.00124446 0.20328500 0.00531640 
33.00000000 0.00272376 0.01249227 0.77299142 0.00210656 0.00126943 0.20309819 0.00531837 
34.00000000 0.00277261 0.01253947 0.77301451 0.00212821 0.00129620 0.20292758 0.00532141 
35.00000000 0.00282503 0.01258885 0.77301102 0.00215130 0.00132484 0.20277347 0.00532549 
36.00000000 0.00288118 0.01264052 0.77298068 0.00217584 0.00135538 0.20263580 0.00533060 
37.00000000 0.00294122 0.01269459 0.77292339 0.00220185 0.00138788 0.20251437 0.00533670 
38.00000000 0.00300532 0.01275115 0.77283894 0.00222935 0.00142237 0.20240910 0.00534377 
39.00000000 0.00307362 0.01281029 0.77272689 0.00225835 0.00145890 0.20232019 0.00535176 
40.00000000 0.00314627 0.01287207 0.77258641 0.00228887 0.00149750 0.20224823 0.00536066 
41.00000000 0.00322340 0.01293653 0.77241627 0.00232092 0.00153820 0.20219425 0.00537044 
42.00000000 0.00330512 0.01300368 0.77221490 0.00235449 0.00158106 0.20215966 0.00538109 
43.00000000 0.00339154 0.01307353 0.77198050 0.00238961 0.00162608 0.20214615 0.00539259 
44.00000000 0.00348277 0.01314606 0.77171122 0.00242628 0.00167330 0.20215547 0.00540490 
45.00000000 0.00357890 0.01322128 0.77140532 0.00246449 0.00172275 0.20218926 0.00541800 
46.00000000 0.00368002 0.01329917 0.77106141 0.00250425 0.00177444 0.20224890 0.00543183 
47.00000000 0.00378620 0.01337976 0.77067852 0.00254554 0.00182839 0.20233528 0.00544631 
48.00000000 0.00389752 0.01346306 0.77025622 0.00258837 0.00188461 0.20244883 0.00546138 
49.00000000 0.00401407 0.01354913 0.76979461 0.00263272 0.00194313 0.20258942 0.00547693 
50.00000000 0.00413589 0.01363804 0.76929425 0.00267856 0.00200393 0.20275646 0.00549286 
51.00000000 0.00426307 0.01372987 0.76875607 0.00272589 0.00206702 0.20294902 0.00550906 
52.00000000 0.00439564 0.01382470 0.76818124 0.00277467 0.00213241 0.20316594 0.00552541 
53.00000000 0.00453364 0.01392261 0.76757097 0.00282489 0.00220008 0.20340602 0.00554180 
54.00000000 0.00467710 0.01402367 0.76692648 0.00287651 0.00227002 0.20366811 0.00555811 
55.00000000 0.00482602 0.01412795 0.76624881 0.00292951 0.00234223 0.20395126 0.00557422 
56.00000000 0.00498041 0.01423547 0.76553886 0.00298385 0.00241669 0.20425469 0.00559002 
57.00000000 0.00514025 0.01434626 0.76479736 0.00303952 0.00249339 0.20457783 0.00560539 
58.00000000 0.00530549 0.01446031 0.76402494 0.00309648 0.00257230 0.20492026 0.00562022 
59.00000000 0.00547608 0.01457761 0.76322222 0.00315471 0.00265339 0.20528159 0.00563439 
60.00000000 0.00565197 0.01469814 0.76238991 0.00321418 0.00273666 0.20566137 0.00564777 
61.00000000 0.00583308 0.01482186 0.76152889 0.00327486 0.00282206 0.20605901 0.00566025 
62.00000000 0.00601931 0.01494877 0.76064028 0.00333671 0.00290956 0.20647368 0.00567169 
63.00000000 0.00621059 0.01507883 0.75972551 0.00339971 0.00299913 0.20690425 0.00568198 
64.00000000 0.00640679 0.01521204 0.75878628 0.00346381 0.00309074 0.20734933 0.00569101 
65.00000000 0.00660782 0.01534841 0.75782453 0.00352899 0.00318433 0.20780726 0.00569867 
66.00000000 0.00681353 0.01548793 0.75684242 0.00359520 0.00327986 0.20827621 0.00570485 
67.00000000 0.00702380 0.01563062 0.75584221 0.00366241 0.00337729 0.20875421 0.00570946 
68.00000000 0.00723848 0.01577648 0.75482623 0.00373057 0.00347656 0.20923926 0.00571241 
69.00000000 0.00745742 0.01592551 0.75379679 0.00379965 0.00357762 0.20972937 0.00571364 
70.00000000 0.00768045 0.01607771 0.75275616 0.00386960 0.00368041 0.21022261 0.00571306 
71.00000000 0.00790740 0.01623303 0.75170658 0.00394039 0.00378487 0.21071712 0.00571062 
72.00000000 0.00813807 0.01639144 0.75065022 0.00401199 0.00389094 0.21121111 0.00570624 
73.00000000 0.00837229 0.01655286 0.74958924 0.00408436 0.00399856 0.21170283 0.00569987 
74.00000000 0.00860983 0.01671722 0.74852584 0.00415746 0.00410766 0.21219053 0.00569146 
75.00000000 0.00885050 0.01688443 0.74746225 0.00423127 0.00421818 0.21267242 0.00568095 
76.00000000 0.00909408 0.01705438 0.74640077 0.00430575 0.00433006 0.21314665 0.00566831 
77.00000000 0.00934036 0.01722696 0.74534377 0.00438089 0.00444321 0.21361130 0.00565350 
78.00000000 0.00958912 0.01740209 0.74429369 0.00445663 0.00455758 0.21406439 0.00563651 
79.00000000 0.00984013 0.01757964 0.74325298 0.00453296 0.00467308 0.21450389 0.00561732 
80.00000000 0.01009317 0.01775953 0.74222411 0.00460984 0.00478964 0.21492775 0.00559596 
81.00000000 0.01034803 0.01794166 0.74120948 0.00468724 0.00490718 0.21533397 0.00557243 
82.00000000 0.01060448 0.01812595 0.74021144 0.00476513 0.00502563 0.21572060 0.00554678 
83.00000000 0.01086230 0.01831230 0.73923224 0.00484346 0.00514490 0.21608575 0.00551905 
84.00000000 0.01112127 0.01850065 0.73827405 0.00492221 0.00526490 0.21642762 0.00548931 
85.00000000 0.01138117 0.01869088 0.73733897 0.00500134 0.00538556 0.21674447 0.00545761 
86.00000000 0.01164179 0.01888290 0.73642908 0.00508082 0.00550679 0.21703460 0.00542403 
87.00000000 0.01190291 0.01907660 0.73554643 0.00516063 0.00562850 0.21729629 0.00538865 
88.00000000 0.01216432 0.01927184 0.73469314 0.00524072 0.00575060 0.21752784 0.00535155 
89.00000000 0.01242582 0.01946850 0.73387133 0.00532107 0.00587302 0.21772745 0.00531281 
90.00000000 0.01268721 0.01966643 0.73308319 0.00540166 0.00599567 0.21789331 0.00527253 
91.00000000 0.01294830 0.01986546 0.73233094 0.00548246 0.00611845 0.21802358 0.00523081 
92.00000000 0.01320891 0.02006546 0.73161674 0.00556344 0.00624129 0.21811641 0.00518775 
93.00000000 0.01346886 0.02026626 0.73094271 0.00564458 0.00636409 0.21817002 0.00514348 
94.00000000 0.01372798 0.02046772 0.73031082 0.00572584 0.00648678 0.21818275 0.00509811 
95.00000000 0.01398612 0.02066970 0.72972288 0.00580721 0.00660925 0.21815307 0.00505178 
96.00000000 0.01424312 0.02087207 0.72918043 0.00588863 0.00673143 0.21807969 0.00500462 
97.00000000 0.01449886 0.02107472 0.72868482 0.00597010 0.00685322 0.21796150 0.00495678 
98.00000000 0.01475319 0.02127755 0.72823716 0.00605155 0.00697454 0.21779760 0.00490840 
99.00000000 0.01500600 0.02148045 0.72783836 0.00613298 0.00709531 0.21758727 0.00485964 
100.00000000 0.01525718 0.02168333 0.72748921 0.00621432 0.00721542 0.21732990 0.00481064 
101.00000000 0.01550662 0.02188611 0.72719043 0.00629555 0.00733480 0.21702493 0.00476156 
102.00000000 0.01575425 0.02208869 0.72694272 0.00637664 0.00745335 0.21667181 0.00471254 
103.00000000 0.01599997 0.02229097 0.72674684 0.00645754 0.00757101 0.21626994 0.00466374 
104.00000000 0.01624371 0.02249286 0.72660360 0.00653821 0.00768768 0.21581864 0.00461530 
105.00000000 0.01648544 0.02269424 0.72651386 0.00661863 0.00780328 0.21531718 0.00456737 
106.00000000 0.01672508 0.02289502 0.72647853 0.00669876 0.00791774 0.21476478 0.00452010 
107.00000000 0.01696262 0.02309507 0.72649847 0.00677856 0.00803097 0.21416067 0.00447365 
108.00000000 0.01719802 0.02329431 0.72657446 0.00685799 0.00814291 0.21350416 0.00442815 
109.00000000 0.01743128 0.02349263 0.72670711 0.00693702 0.00825347 0.21279473 0.00438375 
110.00000000 0.01766238 0.02368997 0.72689678 0.00701561 0.00836260 0.21203206 0.00434060 
111.00000000 0.01789133 0.02388627 0.72714356 0.00709371 0.00847021 0.21121610 0.00429882 
112.00000000 0.01811814 0.02408148 0.72744726 0.00717129 0.00857624 0.21034705 0.00425854 
113.00000000 0.01834283 0.02427558 0.72780740 0.00724829 0.00868062 0.20942540 0.00421988 
114.00000000 0.01856543 0.02446856 0.72822326 0.00732467 0.00878329 0.20845185 0.00418294 
115.00000000 0.01878596 0.02466043 0.72869396 0.00740039 0.00888419 0.20742725 0.00414783 
116.00000000 0.01900447 0.02485119 0.72921851 0.00747539 0.00898326 0.20635255 0.00411463 
117.00000000 0.01922101 0.02504086 0.72979591 0.00754962 0.00908045 0.20522871 0.00408343 
118.00000000 0.01943563 0.02522946 0.73042519 0.00762305 0.00917569 0.20405666 0.00405432 
119.00000000 0.01964839 0.02541700 0.73110545 0.00769562 0.00926896 0.20283723 0.00402736 
120.00000000 0.01985935 0.02560349 0.73183585 0.00776730 0.00936019 0.20157120 0.00400262 
121.00000000 0.02006860 0.02578893 0.73261563 0.00783804 0.00944935 0.20025927 0.00398017 
122.00000000 0.02027622 0.02597333 0.73344403 0.00790779 0.00953640 0.19890215 0.00396008 
123.00000000 0.02048227 0.02615671 0.73432024 0.00797653 0.00962132 0.19750055 0.00394238 
124.00000000 0.02068687 0.02633908 0.73524333 0.00804420 0.00970406 0.19605532 0.00392714 
125.00000000 0.02089009 0.02652047 0.73621222 0.00811077 0.00978460 0.19456749 0.00391437 
126.00000000 0.02109202 0.02670092 0.73722558 0.00817620 0.00986293 0.19303825 0.00390409 
127.00000000 0.02129275 0.02688050 0.73828187 0.00824046 0.00993902 0.19146907 0.00389633 
128.00000000 0.02149239 0.02705928 0.73937931 0.00830349 0.01001286 0.18986161 0.00389107 
129.00000000 0.02169100 0.02723735 0.74051593 0.00836526 0.01008444 0.18821772 0.00388828 
130.00000000 0.02188869 0.02741483 0.74168964 0.00842574 0.01015375 0.18653939 0.00388795 
131.00000000 0.02208554 0.02759182 0.74289823 0.00848489 0.01022080 0.18482869 0.00389003 
132.00000000 0.02228164 0.02776843 0.74413950 0.00854267 0.01028557 0.18308771 0.00389448 
133.00000000 0.02247707 0.02794478 0.74541128 0.00859906 0.01034808 0.18131850 0.00390123 
134.00000000 0.02267192 0.02812098 0.74671145 0.00865403 0.01040835 0.17952304 0.00391024 
135.00000000 0.02286629 0.02829711 0.74803799 0.00870755 0.01046637 0.17770325 0.00392144 
136.00000000 0.02306025 0.02847327 0.74938896 0.00875961 0.01052219 0.17586096 0.00393476 
137.00000000 0.02325390 0.02864955 0.75076244 0.00881018 0.01057582 0.17399797 0.00395014 
138.00000000 0.02344733 0.02882601 0.75215654 0.00885926 0.01062729 0.17211606 0.00396751 
139.00000000 0.02364061 0.02900274 0.75356934 0.00890684 0.01067663 0.17021706 0.00398678 
140.00000000 0.02383384 0.02917981 0.75499883 0.00895290 0.01072389 0.16830286 0.00400788 
141.00000000 0.02402709 0.02935730 0.75644293 0.00899745 0.01076910 0.16637544 0.00403069 
142.00000000 0.02422044 0.02953532 0.75789942 0.00904047 0.01081231 0.16443690 0.00405513 
143.00000000 0.02441395 0.02971396 0.75936601 0.00908198 0.01085357 0.16248945 0.00408108 
144.00000000 0.02460769 0.02989333 0.76084029 0.00912197 0.01089294 0.16053536 0.00410842 
145.00000000 0.02480172 0.03007355 0.76231984 0.00916045 0.01093046 0.15857695 0.00413703 
146.00000000 0.02499609 0.03025475 0.76380219 0.00919742 0.01096621 0.15661657 0.00416677 
147.00000000 0.02519085 0.03043703 0.76528490 0.00923291 0.01100024 0.15465654 0.00419753 
148.00000000 0.02538606 0.03062051 0.76676561 0.00926691 0.01103263 0.15269912 0.00422917 
149.00000000 0.02558176 0.03080529 0.76824198 0.00929947 0.01106344 0.15074651 0.00426155 
150.00000000 0.02577801 0.03099145 0.76971180 0.00933059 0.01109275 0.14880086 0.00429455 
151.00000000 0.02597484 0.03117908 0.77117287 0.00936031 0.01112063 0.14686423 0.00432804 
152.00000000 0.02617236 0.03136792 0.77262434 0.00938868 0.01114718 0.14493757 0.00436195 
153.00000000 0.02637062 0.03155805 0.77406385 0.00941575 0.01117246 0.14302313 0.00439614 
154.00000000 0.02656965 0.03174954 0.77548911 0.00944154 0.01119657 0.14112312 0.00443047 
155.00000000 0.02676948 0.03194245 0.77689784 0.00946610 0.01121960 0.13923973 0.00446481 
156.00000000 0.02697016 0.03213684 0.77828783 0.00948946 0.01124163 0.13737506 0.00449902 
157.00000000 0.02717172 0.03233277 0.77965693 0.00951167 0.01126275 0.13553120 0.00453297 
158.00000000 0.02737419 0.03253028 0.78100302 0.00953279 0.01128306 0.13371014 0.00456653 
159.00000000 0.02757760 0.03272943 0.78232407 0.00955285 0.01130264 0.13191384 0.00459958 
160.00000000 0.02778197 0.03293023 0.78361808 0.00957192 0.01132161 0.13014420 0.00463199 
161.00000000 0.02798735 0.03313273 0.78488316 0.00959005 0.01134004 0.12840302 0.00466365 
162.00000000 0.02819376 0.03333695 0.78611744 0.00960730 0.01135804 0.12669207 0.00469444 
163.00000000 0.02840122 0.03354292 0.78731916 0.00962372 0.01137570 0.12501303 0.00472426 
164.00000000 0.02860977 0.03375063 0.78848660 0.00963938 0.01139313 0.12336749 0.00475299 
165.00000000 0.02881942 0.03396011 0.78961815 0.00965435 0.01141042 0.12175700 0.00478055 
166.00000000 0.02903022 0.03417134 0.79071225 0.00966869 0.01142766 0.12018301 0.00480683 
167.00000000 0.02924217 0.03438434 0.79176743 0.00968246 0.01144495 0.11864689 0.00483176 
168.00000000 0.02945533 0.03459908 0.79278230 0.00969574 0.01146240 0.11714992 0.00485524 
169.00000000 0.02966970 0.03481556 0.79375555 0.00970858 0.01148009 0.11569332 0.00487720 
170.00000000 0.02988532 0.03503375 0.79468597 0.00972107 0.01149811 0.11427821 0.00489757 
171.00000000 0.03010222 0.03525363 0.79557242 0.00973327 0.01151656 0.11290562 0.00491629 
172.00000000 0.03032043 0.03547516 0.79641384 0.00974524 0.01153553 0.11157650 0.00493330 
173.00000000 0.03053997 0.03569831 0.79720927 0.00975707 0.01155511 0.11029173 0.00494854 
174.00000000 0.03076088 0.03592305 0.79795784 0.00976882 0.01157539 0.10905206 0.00496198 
175.00000000 0.03098319 0.03614931 0.79865875 0.00978055 0.01159644 0.10785818 0.00497357 
176.00000000 0.03120693 0.03637707 0.79931133 0.00979235 0.01161835 0.10671070 0.00498328 
177.00000000 0.03143213 0.03660626 0.79991494 0.00980427 0.01164119 0.10561012 0.00499109 
178.00000000 0.03165882 0.03683683 0.80046909 0.00981638 0.01166505 0.10455685 0.00499697 
179.00000000 0.03188704 0.03706872 0.80097333 0.00982876 0.01169000 0.10355123 0.00500092 
180.00000000 0.03211683 0.03730187 0.80142732 0.00984145 0.01171610 0.10259350 0.00500292 
181.00000000 0.03234821 0.03753621 0.80183082 0.00985454 0.01174342 0.10168382 0.00500298 
182.00000000 0.03258123 0.03777168 0.80218366 0.00986807 0.01177202 0.10082226 0.00500110 
183.00000000 0.03281590 0.03800820 0.80248576 0.00988210 0.01180196 0.10000880 0.00499728 
184.00000000 0.03305228 0.03824571 0.80273712 0.00989671 0.01183329 0.09924334 0.00499155 
185.00000000 0.03329039 0.03848413 0.80293785 0.00991193 0.01186607 0.09852570 0.00498393 
186.00000000 0.03353027 0.03872338 0.80308812 0.00992782 0.01190034 0.09785562 0.00497445 
187.00000000 0.03377196 0.03896339 0.80318819 0.00994444 0.01193614 0.09723276 0.00496313 
188.00000000 0.03401548 0.03920409 0.80323840 0.00996182 0.01197351 0.09665669 0.00495001 
189.00000000 0.03426087 0.03944540 0.80323917 0.00998002 0.01201248 0.09612692 0.00493514 
190.00000000 0.03450816 0.03968723 0.80319100 0.00999908 0.01205309 0.09564288 0.00491856 
191.00000000 0.03475739 0.03992952 0.80309447 0.01001903 0.01209535 0.09520393 0.00490031 
192.00000000 0.03500858 0.04017218 0.80295022 0.01003991 0.01213929 0.09480935 0.00488046 
193.00000000 0.03526177 0.04041514 0.80275899 0.01006176 0.01218492 0.09445836 0.00485906 
194.00000000 0.03551697 0.04065833 0.80252155 0.01008460 0.01223225 0.09415013 0.00483616 
195.00000000 0.03577423 0.04090166 0.80223878 0.01010847 0.01228129 0.09388373 0.00481185 
196.00000000 0.03603356 0.04114506 0.80191160 0.01013337 0.01233203 0.09365821 0.00478617 
197.00000000 0.03629498 0.04138846 0.80154099 0.01015935 0.01238449 0.09347254 0.00475919 
198.00000000 0.03655852 0.04163179 0.80112801 0.01018640 0.01243864 0.09332564 0.00473100 
199.00000000 0.03682419 0.04187498 0.80067376 0.01021455 0.01249448 0.09321638 0.00470166 
200.00000000 0.03709202 0.04211796 0.80017941 0.01024380 0.01255199 0.09314359 0.00467125 
201.00000000 0.03736201 0.04236066 0.79964617 0.01027417 0.01261114 0.09310602 0.00463983 
202.00000000 0.03763418 0.04260301 0.79907530 0.01030565 0.01267192 0.09310243 0.00460750 
203.00000000 0.03790854 0.04284496 0.79846813 0.01033824 0.01273430 0.09313150 0.00457432 
204.00000000 0.03818510 0.04308645 0.79782600 0.01037195 0.01279823 0.09319188 0.00454038 
205.00000000 0.03846386 0.04332741 0.79715031 0.01040677 0.01286369 0.09328220 0.00450575 
206.00000000 0.03874482 0.04356779 0.79644250 0.01044268 0.01293064 0.09340105 0.00447052 
207.00000000 0.03902798 0.04380754 0.79570404 0.01047969 0.01299902 0.09354698 0.00443476 
208.00000000 0.03931334 0.04404660 0.79493643 0.01051776 0.01306879 0.09371854 0.00439854 
209.00000000 0.03960089 0.04428493 0.79414120 0.01055689 0.01313989 0.09391424 0.00436195 
210.00000000 0.03989063 0.04452248 0.79331992 0.01059705 0.01321228 0.09413258 0.00432507 
211.00000000 0.04018253 0.04475920 0.79247416 0.01063822 0.01328589 0.09437203 0.00428796 
212.00000000 0.04047659 0.04499506 0.79160553 0.01068038 0.01336067 0.09463107 0.00425071 
213.00000000 0.04077279 0.04523001 0.79071563 0.01072349 0.01343654 0.09490816 0.00421338 
214.00000000 0.04107111 0.04546402 0.78980611 0.01076753 0.01351344 0.09520175 0.00417605 
215.00000000 0.04137152 0.04569706 0.78887860 0.01081247 0.01359129 0.09551028 0.00413878 
216.00000000 0.04167401 0.04592910 0.78793474 0.01085826 0.01367004 0.09583221 0.00410164 
217.00000000 0.04197853 0.04616009 0.78697621 0.01090487 0.01374960 0.09616599 0.00406471 
218.00000000 0.04228507 0.04639003 0.78600464 0.01095227 0.01382990 0.09651007 0.00402802 
219.00000000 0.04259359 0.04661888 0.78502168 0.01100041 0.01391086 0.09686291 0.00399166 
220.00000000 0.04290406 0.04684662 0.78402900 0.01104926 0.01399240 0.09722299 0.00395568 
221.00000000 0.04321644 0.04707323 0.78302822 0.01109876 0.01407443 0.09758879 0.00392012 
222.00000000 0.04353068 0.04729870 0.78202098 0.01114888 0.01415689 0.09795882 0.00388505 
223.00000000 0.04384676 0.04752301 0.78100889 0.01119956 0.01423967 0.09833159 0.00385051 
224.00000000 0.04416463 0.04774614 0.77999355 0.01125077 0.01432271 0.09870565 0.00381655 
225.00000000 0.04448424 0.04796809 0.77897655 0.01130246 0.01440590 0.09907955 0.00378321 
226.00000000 0.04480555 0.04818884 0.77795945 0.01135457 0.01448918 0.09945188 0.00375053 
227.00000000 0.04512851 0.04840839 0.77694378 0.01140705 0.01457245 0.09982126 0.00371855 
228.00000000 0.04545308 0.04862673 0.77593106 0.01145987 0.01465562 0.10018634 0.00368730 
229.00000000 0.04577922 0.04884386 0.77492277 0.01151297 0.01473862 0.10054577 0.00365681 
230.00000000 0.04610686 0.04905976 0.77392035 0.01156629 0.01482135 0.10089828 0.00362711 
231.00000000 0.04643596 0.04927445 0.77292524 0.01161980 0.01490373 0.10124260 0.00359822 
232.00000000 0.04676647 0.04948792 0.77193880 0.01167343 0.01498568 0.10157752 0.00357018 
233.00000000 0.04709835 0.04970018 0.77096239 0.01172715 0.01506710 0.10190185 0.00354298 
234.00000000 0.04743153 0.04991122 0.76999731 0.01178090 0.01514793 0.10221444 0.00351666 
235.00000000 0.04776598 0.05012105 0.76904484 0.01183463 0.01522807 0.10251421 0.00349122 
236.00000000 0.04810164 0.05032968 0.76810618 0.01188830 0.01530745 0.10280008 0.00346667 
237.00000000 0.04843847 0.05053711 0.76718252 0.01194185 0.01538598 0.10307105 0.00344301 
238.00000000 0.04877641 0.05074335 0.76627500 0.01199525 0.01546360 0.10332613 0.00342026 
239.00000000 0.04911541 0.05094840 0.76538469 0.01204844 0.01554021 0.10356442 0.00339842 
240.00000000 0.04945544 0.05115228 0.76451264 0.01210139 0.01561576 0.10378502 0.00337747 
241.00000000 0.04979644 0.05135500 0.76365982 0.01215404 0.01569016 0.10398711 0.00335743 
242.00000000 0.05013837 0.05155656 0.76282719 0.01220635 0.01576334 0.10416991 0.00333828 
243.00000000 0.05048118 0.05175699 0.76201560 0.01225829 0.01583524 0.10433269 0.00332001 
244.00000000 0.05082483 0.05195628 0.76122591 0.01230981 0.01590580 0.10447476 0.00330261 
245.00000000 0.05116929 0.05215445 0.76045888 0.01236088 0.01597494 0.10459548 0.00328607 
246.00000000 0.05151451 0.05235152 0.75971523 0.01241145 0.01604260 0.10469429 0.00327038 
247.00000000 0.05186046 0.05254750 0.75899564 0.01246150 0.01610874 0.10477064 0.00325552 
248.00000000 0.05220709 0.05274241 0.75830071 0.01251098 0.01617328 0.10482406 0.00324147 
249.00000000 0.05255438 0.05293625 0.75763100 0.01255987 0.01623618 0.10485411 0.00322820 
250.00000000 0.05290229 0.05312904 0.75698701 0.01260814 0.01629739 0.10486043 0.00321571 
251.00000000 0.05325079 0.05332080 0.75636919 0.01265575 0.01635686 0.10484267 0.00320395 
252.00000000 0.05359986 0.05351154 0.75577791 0.01270267 0.01641454 0.10480056 0.00319292 
253.00000000 0.05394946 0.05370128 0.75521351 0.01274889 0.01647039 0.10473388 0.00318259 
254.00000000 0.05429957 0.05389004 0.75467628 0.01279438 0.01652437 0.10464244 0.00317292 
255.00000000 0.05465018 0.05407782 0.75416642 0.01283911 0.01657645 0.10452613 0.00316389 
256.00000000 0.05500125 0.05426465 0.75368410 0.01288307 0.01662659 0.10438486 0.00315548 
257.00000000 0.05535278 0.05445054 0.75322943 0.01292623 0.01667476 0.10421860 0.00314765 
258.00000000 0.05570474 0.05463551 0.75280247 0.01296859 0.01672094 0.10402738 0.00314038 
259.00000000 0.05605712 0.05481957 0.75240323 0.01301011 0.01676509 0.10381125 0.00313363 
260.00000000 0.05640991 0.05500274 0.75203164 0.01305080 0.01680721 0.10357032 0.00312737 
261.00000000 0.05676310 0.05518504 0.75168762 0.01309064 0.01684726 0.10330476 0.00312158 
262.00000000 0.05711667 0.05536648 0.75137100 0.01312962 0.01688524 0.10301477 0.00311622 
263.00000000 0.05747064 0.05554708 0.75108159 0.01316772 0.01692113 0.10270058 0.00311126 
264.00000000 0.05782498 0.05572685 0.75081913 0.01320496 0.01695493 0.10236248 0.00310667 
265.00000000 0.05817969 0.05590581 0.75058333 0.01324131 0.01698662 0.10200081 0.00310243 
266.00000000 0.05853479 0.05608398 0.75037385 0.01327677 0.01701620 0.10161592 0.00309849 
267.00000000 0.05889026 0.05626137 0.75019029 0.01331135 0.01704367 0.10120823 0.00309484 
268.00000000 0.05924611 0.05643799 0.75003222 0.01334504 0.01706903 0.10077818 0.00309143 
269.00000000 0.05960234 0.05661387 0.74989917 0.01337785 0.01709230 0.10032624 0.00308825 
270.00000000 0.05995896 0.05678901 0.74979062 0.01340977 0.01711346 0.09985292 0.00308526 
271.00000000 0.06031597 0.05696344 0.74970602 0.01344081 0.01713254 0.09935879 0.00308243 
272.00000000 0.06067339 0.05713716 0.74964478 0.01347097 0.01714955 0.09884441 0.00307974 
273.00000000 0.06103122 0.05731019 0.74960627 0.01350027 0.01716450 0.09831039 0.00307716 
274.00000000 0.06138948 0.05748255 0.74958983 0.01352871 0.01717740 0.09775737 0.00307466 
275.00000000 0.06174817 0.05765424 0.74959477 0.01355629 0.01718829 0.09718601 0.00307223 
276.00000000 0.06210731 0.05782528 0.74962037 0.01358303 0.01719717 0.09659701 0.00306982 
277.00000000 0.06246691 0.05799569 0.74966587 0.01360894 0.01720408 0.09599108 0.00306743 
278.00000000 0.06282698 0.05816548 0.74973050 0.01363402 0.01720904 0.09536896 0.00306502 
279.00000000 0.06318755 0.05833465 0.74981345 0.01365830 0.01721208 0.09473139 0.00306258 
280.00000000 0.06354862 0.05850323 0.74991390 0.01368178 0.01721323 0.09407916 0.00306008 
281.00000000 0.06391022 0.05867122 0.75003100 0.01370449 0.01721251 0.09341306 0.00305750 
282.00000000 0.06427236 0.05883863 0.75016388 0.01372642 0.01720997 0.09273391 0.00305483 
283.00000000 0.06463505 0.05900548 0.75031167 0.01374760 0.01720564 0.09204251 0.00305205 
284.00000000 0.06499832 0.05917177 0.75047346 0.01376805 0.01719956 0.09133971 0.00304913 
285.00000000 0.06536218 0.05933752 0.75064834 0.01378778 0.01719176 0.09062635 0.00304607 
286.00000000 0.06572665 0.05950273 0.75083539 0.01380681 0.01718229 0.08990328 0.00304285 
287.00000000 0.06609175 0.05966741 0.75103367 0.01382515 0.01717119 0.08917138 0.00303945 
288.00000000 0.06645750 0.05983158 0.75124224 0.01384283 0.01715849 0.08843150 0.00303586 
289.00000000 0.06682391 0.05999523 0.75146017 0.01385985 0.01714425 0.08768452 0.00303207 
290.00000000 0.06719099 0.06015839 0.75168649 0.01387625 0.01712851 0.08693131 0.00302806 
291.00000000 0.06755878 0.06032104 0.75192026 0.01389203 0.01711131 0.08617275 0.00302384 
292.00000000 0.06792728 0.06048321 0.75216051 0.01390721 0.01709270 0.08540970 0.00301938 
293.00000000 0.06829651 0.06064489 0.75240631 0.01392183 0.01707273 0.08464305 0.00301468 
294.00000000 0.06866649 0.06080610 0.75265670 0.01393588 0.01705145 0.08387365 0.00300973 
295.00000000 0.06903723 0.06096683 0.75291074 0.01394939 0.01702890 0.08310238 0.00300452 
296.00000000 0.06940876 0.06112709 0.75316750 0.01396239 0.01700514 0.08233007 0.00299906 
297.00000000 0.06978107 0.06128689 0.75342603 0.01397488 0.01698021 0.08155759 0.00299333 
298.00000000 0.07015419 0.06144622 0.75368544 0.01398688 0.01695417 0.08078576 0.00298733 
299.00000000 0.07052813 0.06160509 0.75394480 0.01399843 0.01692707 0.08001542 0.00298105 
300.00000000 0.07090291 0.06176350 0.75420323 0.01400952 0.01689896 0.07924737 0.00297451 
301.00000000 0.07127853 0.06192146 0.75445985 0.01402018 0.01686989 0.07848242 0.00296768 
302.00000000 0.07165500 0.06207896 0.75471379 0.01403043 0.01683990 0.07772134 0.00296058 
303.00000000 0.07203235 0.06223600 0.75496420 0.01404028 0.01680906 0.07696491 0.00295319 
304.00000000 0.07241056 0.06239259 0.75521026 0.01404976 0.01677742 0.07621387 0.00294554 
305.00000000 0.07278967 0.06254872 0.75545116 0.01405887 0.01674502 0.07546896 0.00293760 
306.00000000 0.07316966 0.06270438 0.75568611 0.01406764 0.01671192 0.07473090 0.00292939 
307.00000000 0.07355056 0.06285959 0.75591435 0.01407607 0.01667817 0.07400036 0.00292090 
308.00000000 0.07393236 0.06301433 0.75613514 0.01408420 0.01664381 0.07327802 0.00291215 
309.00000000 0.07431507 0.06316860 0.75634774 0.01409202 0.01660891 0.07256453 0.00290313 
310.00000000 0.07469870 0.06332240 0.75655149 0.01409955 0.01657350 0.07186051 0.00289385 
311.00000000 0.07508324 0.06347572 0.75674569 0.01410682 0.01653765 0.07116656 0.00288431 
312.00000000 0.07546871 0.06362856 0.75692972 0.01411383 0.01650139 0.07048326 0.00287452 
313.00000000 0.07585510 0.06378091 0.75710296 0.01412060 0.01646479 0.06981115 0.00286448 
314.00000000 0.07624242 0.06393277 0.75726483 0.01412714 0.01642788 0.06915076 0.00285420 
315.00000000 0.07663066 0.06408413 0.75741476 0.01413347 0.01639071 0.06850259 0.00284369 
316.00000000 0.07701982 0.06423498 0.75755224 0.01413959 0.01635333 0.06786709 0.00283294 
317.00000000 0.07740990 0.06438532 0.75767677 0.01414552 0.01631579 0.06724473 0.00282198 
318.00000000 0.07780091 0.06453513 0.75778787 0.01415127 0.01627813 0.06663589 0.00281080 
319.00000000 0.07819283 0.06468442 0.75788512 0.01415685 0.01624040 0.06604098 0.00279941 
320.00000000 0.07858566 0.06483316 0.75796811 0.01416228 0.01620264 0.06546035 0.00278782 
321.00000000 0.07897940 0.06498135 0.75803646 0.01416756 0.01616489 0.06489431 0.00277604 
322.00000000 0.07937403 0.06512898 0.75808983 0.01417270 0.01612720 0.06434318 0.00276407 
323.00000000 0.07976957 0.06527604 0.75812791 0.01417773 0.01608960 0.06380722 0.00275193 
324.00000000 0.08016599 0.06542253 0.75815042 0.01418263 0.01605214 0.06328667 0.00273962 
325.00000000 0.08056329 0.06556842 0.75815711 0.01418743 0.01601486 0.06278173 0.00272716 
326.00000000 0.08096146 0.06571372 0.75814777 0.01419214 0.01597779 0.06229259 0.00271454 
327.00000000 0.08136049 0.06585840 0.75812222 0.01419676 0.01594097 0.06181939 0.00270178 
328.00000000 0.08176037 0.06600246 0.75808028 0.01420130 0.01590444 0.06136227 0.00268888 
329.00000000 0.08216109 0.06614588 0.75802186 0.01420577 0.01586824 0.06092130 0.00267586 
330.00000000 0.08256264 0.06628866 0.75794684 0.01421018 0.01583239 0.06049657 0.00266273 
331.00000000 0.08296501 0.06643078 0.75785518 0.01421454 0.01579692 0.06008809 0.00264949 
332.00000000 0.08336818 0.06657223 0.75774683 0.01421885 0.01576188 0.05969589 0.00263615 
333.00000000 0.08377215 0.06671300 0.75762179 0.01422312 0.01572729 0.05931994 0.00262271 
334.00000000 0.08417689 0.06685307 0.75748010 0.01422737 0.01569318 0.05896019 0.00260920 
335.00000000 0.08458240 0.06699245 0.75732181 0.01423159 0.01565957 0.05861658 0.00259561 
336.00000000 0.08498866 0.06713110 0.75714699 0.01423579 0.01562650 0.05828899 0.00258196 
337.00000000 0.08539565 0.06726903 0.75695577 0.01423999 0.01559399 0.05797732 0.00256825 
338.00000000 0.08580336 0.06740622 0.75674827 0.01424418 0.01556206 0.05768141 0.00255449 
339.00000000 0.08621178 0.06754266 0.75652467 0.01424838 0.01553075 0.05740108 0.00254069 
340.00000000 0.08662089 0.06767834 0.75628514 0.01425258 0.01550006 0.05713614 0.00252685 
341.00000000 0.08703066 0.06781325 0.75602990 0.01425681 0.01547002 0.05688638 0.00251299 
342.00000000 0.08744110 0.06794738 0.75575919 0.01426105 0.01544064 0.05665154 0.00249910 
343.00000000 0.08785217 0.06808071 0.75547327 0.01426533 0.01541196 0.05643136 0.00248520 
344.00000000 0.08826386 0.06821324 0.75517242 0.01426964 0.01538397 0.05622557 0.00247130 
345.00000000 0.08867615 0.06834496 0.75485694 0.01427398 0.01535671 0.05603385 0.00245740 
346.00000000 0.08908903 0.06847586 0.75452716 0.01427838 0.01533017 0.05585589 0.00244350 
347.00000000 0.08950248 0.06860593 0.75418341 0.01428282 0.01530438 0.05569135 0.00242961 
348.00000000 0.08991648 0.06873517 0.75382607 0.01428732 0.01527935 0.05553987 0.00241575 
349.00000000 0.09033101 0.06886356 0.75345550 0.01429187 0.01525508 0.05540108 0.00240190 
350.00000000 0.09074606 0.06899111 0.75307210 0.01429649 0.01523158 0.05527458 0.00238808 
351.00000000 0.09116159 0.06911779 0.75267628 0.01430118 0.01520887 0.05515999 0.00237430 
352.00000000 0.09157761 0.06924361 0.75226847 0.01430594 0.01518694 0.05505687 0.00236055 
353.00000000 0.09199408 0.06936857 0.75184911 0.01431078 0.01516581 0.05496481 0.00234685 
354.00000000 0.09241099 0.06949265 0.75141864 0.01431569 0.01514547 0.05488337 0.00233319 
355.00000000 0.09282832 0.06961586 0.75097753 0.01432069 0.01512592 0.05481209 0.00231958 
356.00000000 0.09324605 0.06973819 0.75052625 0.01432578 0.01510718 0.05475052 0.00230602 
357.00000000 0.09366417 0.06985964 0.75006529 0.01433096 0.01508923 0.05469819 0.00229251 
358.00000000 0.09408265 0.06998021 0.74959514 0.01433623 0.01507208 0.05465462 0.00227907 
359.00000000 0.09450147 0.07009989 0.74911629 0.01434160 0.01505573 0.05461934 0.00226568 
360.00000000 0.09492063 0.07021869 0.74862924 0.01434706 0.01504016 0.05459186 0.00225236 
361.00000000 0.09534009 0.07033661 0.74813452 0.01435263 0.01502537 0.05457168 0.00223910 
362.00000000 0.09575984 0.07045365 0.74763263 0.01435829 0.01501136 0.05455832 0.00222591 
363.00000000 0.09617987 0.07056981 0.74712409 0.01436406 0.01499812 0.05455126 0.00221279 
364.00000000 0.09660015 0.07068510 0.74660942 0.01436993 0.01498564 0.05455003 0.00219973 
365.00000000 0.09702067 0.07079951 0.74608915 0.01437591 0.01497391 0.05455411 0.00218675 
366.00000000 0.09744141 0.07091306 0.74556379 0.01438199 0.01496291 0.05456301 0.00217383 
367.00000000 0.09786235 0.07102574 0.74503387 0.01438818 0.01495265 0.05457622 0.00216099 
368.00000000 0.09828348 0.07113757 0.74449991 0.01439447 0.01494309 0.05459325 0.00214822 
369.00000000 0.09870479 0.07124856 0.74396243 0.01440087 0.01493424 0.05461361 0.00213552 
370.00000000 0.09912624 0.07135870 0.74342194 0.01440737 0.01492607 0.05463681 0.00212289 
371.00000000 0.09954783 0.07146801 0.74287895 0.01441397 0.01491856 0.05466235 0.00211033 
372.00000000 0.09996955 0.07157650 0.74233397 0.01442068 0.01491170 0.05468976 0.00209784 
373.00000000 0.10039138 0.07168418 0.74178751 0.01442748 0.01490548 0.05471857 0.00208542 
374.00000000 0.10081330 0.07179105 0.74124005 0.01443438 0.01489986 0.05474830 0.00207307 
375.00000000 0.10123529 0.07189714 0.74069208 0.01444138 0.01489484 0.05477849 0.00206078 
376.00000000 0.10165736 0.07200244 0.74014409 0.01444846 0.01489039 0.05480869 0.00204857 
377.00000000 0.10207947 0.07210698 0.73959654 0.01445564 0.01488649 0.05483847 0.00203642 
378.00000000 0.10250163 0.07221077 0.73904989 0.01446289 0.01488311 0.05486737 0.00202433 
379.00000000 0.10292381 0.07231382 0.73850460 0.01447023 0.01488024 0.05489499 0.00201231 
380.00000000 0.10334601 0.07241615 0.73796110 0.01447764 0.01487785 0.05492089 0.00200035 
381.00000000 0.10376822 0.07251777 0.73741983 0.01448512 0.01487592 0.05494469 0.00198845 
382.00000000 0.10419042 0.07261869 0.73688120 0.01449267 0.01487442 0.05496599 0.00197661 
383.00000000 0.10461260 0.07271894 0.73634562 0.01450028 0.01487332 0.05498442 0.00196483 
384.00000000 0.10503476 0.07281853 0.73581348 0.01450794 0.01487261 0.05499960 0.00195310 
385.00000000 0.10545688 0.07291747 0.73528515 0.01451564 0.01487225 0.05501118 0.00194143 
386.00000000 0.10587896 0.07301578 0.73476101 0.01452339 0.01487222 0.05501882 0.00192981 
387.00000000 0.10630099 0.07311349 0.73424141 0.01453117 0.01487249 0.05502221 0.00191825 
388.00000000 0.10672296 0.07321060 0.73372667 0.01453898 0.01487303 0.05502102 0.00190674 
389.00000000 0.10714487 0.07330713 0.73321713 0.01454681 0.01487382 0.05501496 0.00189528 
390.00000000 0.10756671 0.07340311 0.73271309 0.01455465 0.01487483 0.05500375 0.00188386 
391.00000000 0.10798847 0.07349855 0.73221483 0.01456249 0.01487603 0.05498713 0.00187249 
392.00000000 0.10841016 0.07359348 0.73172264 0.01457032 0.01487739 0.05496483 0.00186117 
393.00000000 0.10883176 0.07368790 0.73123677 0.01457815 0.01487889 0.05493663 0.00184990 
394.00000000 0.10925328 0.07378183 0.73075747 0.01458595 0.01488050 0.05490231 0.00183867 
395.00000000 0.10967470 0.07387530 0.73028496 0.01459372 0.01488218 0.05486166 0.00182748 
396.00000000 0.11009604 0.07396833 0.72981944 0.01460145 0.01488392 0.05481449 0.00181634 
397.00000000 0.11051728 0.07406092 0.72936112 0.01460913 0.01488568 0.05476062 0.00180524 
398.00000000 0.11093843 0.07415311 0.72891017 0.01461676 0.01488744 0.05469992 0.00179418 
399.00000000 0.11135949 0.07424490 0.72846675 0.01462431 0.01488916 0.05463222 0.00178316 
400.00000000 0.11178045 0.07433631 0.72803101 0.01463179 0.01489083 0.05455742 0.00177218 
401.00000000 0.11220133 0.07442737 0.72760306 0.01463918 0.01489242 0.05447539 0.00176124 
402.00000000 0.11262211 0.07451809 0.72718302 0.01464648 0.01489389 0.05438606 0.00175035 
403.00000000 0.11304280 0.07460849 0.72677098 0.01465367 0.01489523 0.05428933 0.00173949 
404.00000000 0.11346341 0.07469858 0.72636702 0.01466074 0.01489641 0.05418516 0.00172868 
405.00000000 0.11388394 0.07478838 0.72597120 0.01466769 0.01489740 0.05407349 0.00171791 
406.00000000 0.11430439 0.07487790 0.72558356 0.01467450 0.01489817 0.05395429 0.00170718 
407.00000000 0.11472477 0.07496716 0.72520414 0.01468117 0.01489872 0.05382756 0.00169649 
408.00000000 0.11514508 0.07505618 0.72483293 0.01468768 0.01489900 0.05369328 0.00168584 
409.00000000 0.11556533 0.07514497 0.72446995 0.01469403 0.01489900 0.05355148 0.00167524 
410.00000000 0.11598552 0.07523354 0.72411517 0.01470020 0.01489870 0.05340218 0.00166469 
411.00000000 0.11640566 0.07532190 0.72376856 0.01470620 0.01489808 0.05324543 0.00165417 
412.00000000 0.11682575 0.07541008 0.72343007 0.01471200 0.01489711 0.05308128 0.00164371 
413.00000000 0.11724581 0.07549807 0.72309964 0.01471760 0.01489578 0.05290981 0.00163329 
414.00000000 0.11766583 0.07558590 0.72277719 0.01472300 0.01489406 0.05273110 0.00162292 
415.00000000 0.11808583 0.07567357 0.72246264 0.01472818 0.01489194 0.05254524 0.00161260 
416.00000000 0.11850582 0.07576109 0.72215588 0.01473313 0.01488940 0.05235234 0.00160234 
417.00000000 0.11892580 0.07584848 0.72185679 0.01473785 0.01488643 0.05215253 0.00159212 
418.00000000 0.11934578 0.07593574 0.72156525 0.01474233 0.01488300 0.05194594 0.00158196 
419.00000000 0.11976578 0.07602287 0.72128111 0.01474656 0.01487911 0.05173271 0.00157186 
420.00000000 0.12018579 0.07610989 0.72100423 0.01475054 0.01487474 0.05151300 0.00156181 
421.00000000 0.12060583 0.07619681 0.72073444 0.01475426 0.01486987 0.05128697 0.00155182 
422.00000000 0.12102591 0.07628363 0.72047157 0.01475771 0.01486450 0.05105479 0.00154189 
423.00000000 0.12144603 0.07637035 0.72021543 0.01476089 0.01485862 0.05081666 0.00153203 
424.00000000 0.12186621 0.07645698 0.71996583 0.01476379 0.01485221 0.05057276 0.00152223 
425.00000000 0.12228645 0.07654352 0.71972256 0.01476641 0.01484526 0.05032330 0.00151249 
426.00000000 0.12270677 0.07662998 0.71948543 0.01476874 0.01483777 0.05006848 0.00150282 
427.00000000 0.12312717 0.07671636 0.71925420 0.01477078 0.01482973 0.04980853 0.00149323 
428.00000000 0.12354767 0.07680266 0.71902865 0.01477252 0.01482114 0.04954367 0.00148370 
429.00000000 0.12396826 0.07688889 0.71880854 0.01477396 0.01481198 0.04927412 0.00147424 
430.00000000 0.12438897 0.07697503 0.71859364 0.01477510 0.01480226 0.04900013 0.00146486 
431.00000000 0.12480980 0.07706111 0.71838370 0.01477593 0.01479197 0.04872194 0.00145556 
432.00000000 0.12523076 0.07714710 0.71817846 0.01477645 0.01478111 0.04843979 0.00144633 
433.00000000 0.12565185 0.07723301 0.71797767 0.01477667 0.01476968 0.04815394 0.00143718 
434.00000000 0.12607309 0.07731885 0.71778106 0.01477657 0.01475767 0.04786465 0.00142811 
435.00000000 0.12649449 0.07740460 0.71758837 0.01477616 0.01474509 0.04757216 0.00141912 
436.00000000 0.12691605 0.07749026 0.71739934 0.01477544 0.01473194 0.04727675 0.00141022 
437.00000000 0.12733778 0.07757584 0.71721368 0.01477441 0.01471822 0.04697867 0.00140140 
438.00000000 0.12775969 0.07766132 0.71703113 0.01477306 0.01470394 0.04667819 0.00139266 
439.00000000 0.12818179 0.07774670 0.71685140 0.01477141 0.01468910 0.04637559 0.00138401 
440.00000000 0.12860408 0.07783198 0.71667423 0.01476944 0.01467370 0.04607112 0.00137545 
441.00000000 0.12902657 0.07791715 0.71649933 0.01476716 0.01465774 0.04576506 0.00136698 
442.00000000 0.12944927 0.07800220 0.71632642 0.01476458 0.01464125 0.04545768 0.00135860 
443.00000000 0.12987219 0.07808714 0.71615522 0.01476169 0.01462422 0.04514924 0.00135030 
444.00000000 0.13029532 0.07817194 0.71598547 0.01475850 0.01460666 0.04484001 0.00134210 
445.00000000 0.13071868 0.07825661 0.71581687 0.01475501 0.01458858 0.04453026 0.00133399 
446.00000000 0.13114227 0.07834114 0.71564916 0.01475123 0.01456999 0.04422025 0.00132597 
447.00000000 0.13156610 0.07842551 0.71548207 0.01474716 0.01455089 0.04391023 0.00131804 
448.00000000 0.13199017 0.07850973 0.71531532 0.01474280 0.01453131 0.04360048 0.00131020 
449.00000000 0.13241448 0.07859378 0.71514864 0.01473815 0.01451125 0.04329124 0.00130245 
450.00000000 0.13283905 0.07867765 0.71498178 0.01473323 0.01449073 0.04298277 0.00129479 
451.00000000 0.13326387 0.07876133 0.71481447 0.01472804 0.01446975 0.04267530 0.00128723 
452.00000000 0.13368894 0.07884483 0.71464646 0.01472258 0.01444833 0.04236910 0.00127976 
453.00000000 0.13411428 0.07892812 0.71447750 0.01471686 0.01442648 0.04206439 0.00127237 
454.00000000 0.13453988 0.07901120 0.71430734 0.01471088 0.01440422 0.04176140 0.00126508 
455.00000000 0.13496574 0.07909405 0.71413573 0.01470466 0.01438156 0.04146037 0.00125788 
456.00000000 0.13539187 0.07917668 0.71396246 0.01469819 0.01435852 0.04116152 0.00125076 
457.00000000 0.13581828 0.07925906 0.71378728 0.01469149 0.01433511 0.04086506 0.00124374 
458.00000000 0.13624495 0.07934119 0.71360997 0.01468456 0.01431134 0.04057120 0.00123680 
459.00000000 0.13667189 0.07942306 0.71343032 0.01467740 0.01428724 0.04028014 0.00122994 
460.00000000 0.13709911 0.07950466 0.71324813 0.01467003 0.01426281 0.03999209 0.00122317 
461.00000000 0.13752660 0.07958599 0.71306318 0.01466245 0.01423807 0.03970722 0.00121648 
462.00000000 0.13795437 0.07966702 0.71287528 0.01465468 0.01421305 0.03942573 0.00120987 
463.00000000 0.13838241 0.07974775 0.71268426 0.01464671 0.01418775 0.03914778 0.00120335 
464.00000000 0.13881073 0.07982818 0.71248992 0.01463855 0.01416220 0.03887354 0.00119690 
465.00000000 0.13923931 0.07990828 0.71229210 0.01463022 0.01413640 0.03860316 0.00119052 
466.00000000 0.13966818 0.07998806 0.71209064 0.01462172 0.01411038 0.03833680 0.00118423 
467.00000000 0.14009731 0.08006751 0.71188538 0.01461305 0.01408415 0.03807460 0.00117800 
468.00000000 0.14052671 0.08014661 0.71167617 0.01460423 0.01405773 0.03781670 0.00117184 
469.00000000 0.14095638 0.08022535 0.71146289 0.01459527 0.01403114 0.03756320 0.00116576 
470.00000000 0.14138632 0.08030374 0.71124540 0.01458617 0.01400439 0.03731424 0.00115974 
471.00000000 0.14181653 0.08038175 0.71102358 0.01457694 0.01397750 0.03706992 0.00115378 
472.00000000 0.14224699 0.08045939 0.71079733 0.01456758 0.01395048 0.03683033 0.00114789 
473.00000000 0.14267772 0.08053663 0.71056654 0.01455811 0.01392335 0.03659558 0.00114206 
474.00000000 0.14310871 0.08061349 0.71033112 0.01454854 0.01389613 0.03636572 0.00113628 
475.00000000 0.14353995 0.08068994 0.71009099 0.01453886 0.01386884 0.03614085 0.00113056 
476.00000000 0.14397145 0.08076598 0.70984608 0.01452909 0.01384148 0.03592102 0.00112490 
477.00000000 0.14440319 0.08084161 0.70959632 0.01451924 0.01381407 0.03570628 0.00111928 
478.00000000 0.14483519 0.08091682 0.70934165 0.01450931 0.01378663 0.03549669 0.00111371 
479.00000000 0.14526743 0.08099159 0.70908203 0.01449931 0.01375918 0.03529227 0.00110819 
480.00000000 0.14569990 0.08106593 0.70881742 0.01448925 0.01373172 0.03509306 0.00110271 
481.00000000 0.14613262 0.08113983 0.70854780 0.01447913 0.01370427 0.03489908 0.00109727 
482.00000000 0.14656557 0.08121329 0.70827314 0.01446896 0.01367685 0.03471033 0.00109186 
483.00000000 0.14699874 0.08128629 0.70799343 0.01445875 0.01364946 0.03452682 0.00108650 
484.00000000 0.14743215 0.08135884 0.70770868 0.01444850 0.01362213 0.03434854 0.00108116 
485.00000000 0.14786577 0.08143092 0.70741888 0.01443822 0.01359486 0.03417549 0.00107586 
486.00000000 0.14829962 0.08150254 0.70712405 0.01442792 0.01356766 0.03400762 0.00107059 
487.00000000 0.14873367 0.08157369 0.70682421 0.01441760 0.01354055 0.03384493 0.00106534 
488.00000000 0.14916794 0.08164437 0.70651941 0.01440727 0.01351354 0.03368736 0.00106012 
489.00000000 0.14960241 0.08171457 0.70620966 0.01439693 0.01348663 0.03353488 0.00105491 
490.00000000 0.15003709 0.08178429 0.70589503 0.01438659 0.01345984 0.03338744 0.00104973 
491.00000000 0.15047195 0.08185353 0.70557556 0.01437625 0.01343319 0.03324496 0.00104456 
492.00000000 0.15090702 0.08192229 0.70525132 0.01436592 0.01340666 0.03310739 0.00103941 
493.00000000 0.15134227 0.08199055 0.70492237 0.01435560 0.01338029 0.03297466 0.00103427 
494.00000000 0.15177770 0.08205833 0.70458879 0.01434530 0.01335407 0.03284668 0.00102914 
495.00000000 0.15221331 0.08212562 0.70425066 0.01433502 0.01332801 0.03272337 0.00102402 
496.00000000 0.15264910 0.08219241 0.70390807 0.01432476 0.01330212 0.03260463 0.00101890 
497.00000000 0.15308505 0.08225871 0.70356112 0.01431454 0.01327641 0.03249038 0.00101379 
498.00000000 0.15352117 0.08232452 0.70320990 0.01430434 0.01325088 0.03238050 0.00100868 
499.00000000 0.15395745 0.08238983 0.70285452 0.01429419 0.01322554 0.03227490 0.00100357 
500.00000000 0.15439389 0.08245465 0.70249509 0.01428407 0.01320039 0.03217345 0.00099846 
501.00000000 0.15483048 0.08251897 0.70213173 0.01427399 0.01317544 0.03207604 0.00099335 
502.00000000 0.15526721 0.08258280 0.70176455 0.01426396 0.01315070 0.03198255 0.00098823 
503.00000000 0.15570408 0.08264613 0.70139369 0.01425397 0.01312616 0.03189286 0.00098311 
504.00000000 0.15614109 0.08270897 0.70101927 0.01424404 0.01310183 0.03180682 0.00097798 
505.00000000 0.15657823 0.08277131 0.70064143 0.01423415 0.01307772 0.03172432 0.00097285 
506.00000000 0.15701549 0.08283316 0.70026030 0.01422432 0.01305382 0.03164520 0.00096770 
507.00000000 0.15745288 0.08289452 0.69987603 0.01421454 0.01303014 0.03156935 0.00096254 
508.00000000 0.15789039 0.08295539 0.69948875 0.01420482 0.01300668 0.03149660 0.00095737 
509.00000000 0.15832800 0.08301578 0.69909862 0.01419516 0.01298343 0.03142683 0.00095219 
510.00000000 0.15876572 0.08307567 0.69870578 0.01418555 0.01296041 0.03135987 0.00094699 
511.00000000 0.15920355 0.08313508 0.69831038 0.01417600 0.01293762 0.03129559 0.00094178 
512.00000000 0.15964147 0.08319401 0.69791258 0.01416652 0.01291504 0.03123383 0.00093655 
513.00000000 0.16007948 0.08325247 0.69751253 0.01415709 0.01289268 0.03117444 0.00093131 
514.00000000 0.16051758 0.08331044 0.69711038 0.01414772 0.01287055 0.03111728 0.00092605 
515.00000000 0.16095576 0.08336794 0.69670630 0.01413842 0.01284863 0.03106218 0.00092077 
516.00000000 0.16139403 0.08342497 0.69630043 0.01412917 0.01282693 0.03100900 0.00091547 
517.00000000 0.16183236 0.08348152 0.69589294 0.01411999 0.01280544 0.03095759 0.00091016 
518.00000000 0.16227076 0.08353762 0.69548398 0.01411087 0.01278417 0.03090778 0.00090482 
519.00000000 0.16270923 0.08359325 0.69507372 0.01410180 0.01276311 0.03085943 0.00089947 
520.00000000 0.16314775 0.08364842 0.69466230 0.01409280 0.01274225 0.03081239 0.00089409 
521.00000000 0.16358633 0.08370314 0.69424989 0.01408385 0.01272159 0.03076651 0.00088870 
522.00000000 0.16402495 0.08375740 0.69383664 0.01407496 0.01270114 0.03072163 0.00088328 
523.00000000 0.16446363 0.08381122 0.69342270 0.01406613 0.01268088 0.03067760 0.00087784 
524.00000000 0.16490234 0.08386459 0.69300822 0.01405736 0.01266081 0.03063429 0.00087239 
525.00000000 0.16534109 0.08391752 0.69259337 0.01404863 0.01264093 0.03059155 0.00086691 
526.00000000 0.16577987 0.08397002 0.69217828 0.01403996 0.01262122 0.03054924 0.00086141 
527.00000000 0.16621868 0.08402208 0.69176310 0.01403135 0.01260170 0.03050721 0.00085589 
528.00000000 0.16665751 0.08407371 0.69134798 0.01402278 0.01258235 0.03046532 0.00085035 
529.00000000 0.16709636 0.08412492 0.69093305 0.01401426 0.01256316 0.03042345 0.00084479 
530.00000000 0.16753522 0.08417571 0.69051847 0.01400579 0.01254414 0.03038146 0.00083921 
531.00000000 0.16797409 0.08422609 0.69010435 0.01399736 0.01252527 0.03033923 0.00083361 
532.00000000 0.16841297 0.08427605 0.68969084 0.01398897 0.01250655 0.03029662 0.00082799 
533.00000000 0.16885186 0.08432561 0.68927807 0.01398063 0.01248797 0.03025351 0.00082235 
534.00000000 0.16929074 0.08437476 0.68886615 0.01397232 0.01246953 0.03020980 0.00081669 
535.00000000 0.16972962 0.08442352 0.68845522 0.01396405 0.01245122 0.03016535 0.00081102 
536.00000000 0.17016849 0.08447189 0.68804538 0.01395581 0.01243303 0.03012007 0.00080532 
537.00000000 0.17060735 0.08451987 0.68763676 0.01394761 0.01241496 0.03007385 0.00079960 
538.00000000 0.17104619 0.08456746 0.68722946 0.01393944 0.01239700 0.03002657 0.00079387 
539.00000000 0.17148502 0.08461468 0.68682359 0.01393129 0.01237915 0.02997816 0.00078812 
540.00000000 0.17192382 0.08466152 0.68641925 0.01392317 0.01236139 0.02992850 0.00078235 
541.00000000 0.17236260 0.08470799 0.68601653 0.01391507 0.01234372 0.02987752 0.00077656 
542.00000000 0.17280135 0.08475410 0.68561553 0.01390699 0.01232614 0.02982512 0.00077076 
543.00000000 0.17324007 0.08479986 0.68521633 0.01389893 0.01230863 0.02977123 0.00076494 
544.00000000 0.17367876 0.08484525 0.68481902 0.01389088 0.01229119 0.02971578 0.00075911 
545.00000000 0.17411741 0.08489030 0.68442367 0.01388285 0.01227382 0.02965868 0.00075326 
546.00000000 0.17455603 0.08493501 0.68403036 0.01387483 0.01225650 0.02959988 0.00074739 
547.00000000 0.17499460 0.08497937 0.68363915 0.01386681 0.01223923 0.02953931 0.00074152 
548.00000000 0.17543313 0.08502340 0.68325011 0.01385880 0.01222201 0.02947692 0.00073562 
549.00000000 0.17587162 0.08506711 0.68286328 0.01385079 0.01220482 0.02941266 0.00072972 
550.00000000 0.17631006 0.08511049 0.68247874 0.01384278 0.01218765 0.02934648 0.00072380 
551.00000000 0.17674845 0.08515355 0.68209651 0.01383476 0.01217051 0.02927834 0.00071788 
552.00000000 0.17718679 0.08519629 0.68171665 0.01382674 0.01215339 0.02920820 0.00071194 
553.00000000 0.17762508 0.08523873 0.68133919 0.01381871 0.01213627 0.02913603 0.00070599 
554.00000000 0.17806331 0.08528086 0.68096416 0.01381067 0.01211916 0.02906180 0.00070003 
555.00000000 0.17850149 0.08532270 0.68059159 0.01380262 0.01210204 0.02898550 0.00069406 
556.00000000 0.17893961 0.08536424 0.68022150 0.01379455 0.01208492 0.02890710 0.00068808 
557.00000000 0.17937768 0.08540549 0.67985391 0.01378645 0.01206778 0.02882659 0.00068210 
558.00000000 0.17981569 0.08544646 0.67948883 0.01377834 0.01205061 0.02874396 0.00067611 
559.00000000 0.18025363 0.08548715 0.67912627 0.01377020 0.01203342 0.02865922 0.00067011 
560.00000000 0.18069152 0.08552756 0.67876623 0.01376204 0.01201619 0.02857235 0.00066410 
561.00000000 0.18112935 0.08556770 0.67840871 0.01375384 0.01199893 0.02848338 0.00065809 
562.00000000 0.18156711 0.08560758 0.67805370 0.01374561 0.01198162 0.02839230 0.00065208 
563.00000000 0.18200481 0.08564720 0.67770118 0.01373735 0.01196426 0.02829913 0.00064607 
564.00000000 0.18244245 0.08568656 0.67735115 0.01372905 0.01194685 0.02820389 0.00064005 
565.00000000 0.18288003 0.08572567 0.67700358 0.01372071 0.01192938 0.02810661 0.00063403 
566.00000000 0.18331754 0.08576453 0.67665845 0.01371232 0.01191184 0.02800730 0.00062801 
567.00000000 0.18375499 0.08580316 0.67631573 0.01370389 0.01189423 0.02790600 0.00062199 
568.00000000 0.18419238 0.08584154 0.67597538 0.01369542 0.01187655 0.02780275 0.00061597 
569.00000000 0.18462970 0.08587969 0.67563737 0.01368689 0.01185879 0.02769759 0.00060996 
570.00000000 0.18506696 0.08591761 0.67530167 0.01367832 0.01184095 0.02759054 0.00060395 
571.00000000 0.18550416 0.08595531 0.67496821 0.01366969 0.01182303 0.02748166 0.00059794 
572.00000000 0.18594129 0.08599278 0.67463696 0.01366100 0.01180501 0.02737101 0.00059194 
573.00000000 0.18637836 0.08603004 0.67430787 0.01365225 0.01178691 0.02725861 0.00058595 
574.00000000 0.18681537 0.08606708 0.67398088 0.01364345 0.01176871 0.02714455 0.00057996 
575.00000000 0.18725232 0.08610392 0.67365594 0.01363458 0.01175041 0.02702886 0.00057398 
576.00000000 0.18768920 0.08614055 0.67333298 0.01362565 0.01173200 0.02691161 0.00056802 
577.00000000 0.18812603 0.08617697 0.67301193 0.01361665 0.01171350 0.02679286 0.00056206 
578.00000000 0.18856279 0.08621320 0.67269275 0.01360758 0.01169489 0.02667267 0.00055612 
579.00000000 0.18899950 0.08624923 0.67237535 0.01359844 0.01167617 0.02655112 0.00055019 
580.00000000 0.18943614 0.08628508 0.67205967 0.01358924 0.01165734 0.02642827 0.00054427 
581.00000000 0.18987272 0.08632073 0.67174563 0.01357996 0.01163839 0.02630420 0.00053838 
582.00000000 0.19030925 0.08635619 0.67143316 0.01357060 0.01161934 0.02617896 0.00053250 
583.00000000 0.19074572 0.08639148 0.67112218 0.01356117 0.01160017 0.02605265 0.00052664 
584.00000000 0.19118213 0.08642658 0.67081262 0.01355166 0.01158088 0.02592533 0.00052079 
585.00000000 0.19161849 0.08646150 0.67050439 0.01354207 0.01156148 0.02579709 0.00051498 
586.00000000 0.19205479 0.08649625 0.67019742 0.01353240 0.01154196 0.02566799 0.00050918 
587.00000000 0.19249104 0.08653083 0.66989162 0.01352265 0.01152232 0.02553813 0.00050341 
588.00000000 0.19292723 0.08656524 0.66958691 0.01351282 0.01150257 0.02540757 0.00049766 
589.00000000 0.19336337 0.08659948 0.66928321 0.01350291 0.01148269 0.02527640 0.00049194 
590.00000000 0.19379945 0.08663356 0.66898043 0.01349291 0.01146270 0.02514470 0.00048625 
591.00000000 0.19423549 0.08666747 0.66867848 0.01348282 0.01144259 0.02501256 0.00048059 
592.00000000 0.19467147 0.08670122 0.66837729 0.01347265 0.01142237 0.02488005 0.00047496 
593.00000000 0.19510740 0.08673481 0.66807676 0.01346239 0.01140203 0.02474725 0.00046937 
594.00000000 0.19554328 0.08676824 0.66777681 0.01345205 0.01138158 0.02461425 0.00046380 
595.00000000 0.19597911 0.08680151 0.66747736 0.01344162 0.01136101 0.02448112 0.00045828 
596.00000000 0.19641489 0.08683463 0.66717831 0.01343110 0.01134033 0.02434796 0.00045278 
597.00000000 0.19685062 0.08686759 0.66687960 0.01342049 0.01131954 0.02421483 0.00044733 
598.00000000 0.19728631 0.08690040 0.66658112 0.01340979 0.01129864 0.02408183 0.00044192 
599.00000000 0.19772194 0.08693306 0.66628280 0.01339900 0.01127764 0.02394902 0.00043654 
600.00000000 0.19815753 0.08696556 0.66598456 0.01338812 0.01125653 0.02381648 0.00043121 
601.00000000 0.19859307 0.08699792 0.66568631 0.01337715 0.01123532 0.02368430 0.00042592 
602.00000000 0.19902857 0.08703013 0.66538798 0.01336610 0.01121401 0.02355255 0.00042068 
603.00000000 0.19946401 0.08706218 0.66508948 0.01335495 0.01119260 0.02342130 0.00041547 
604.00000000 0.19989941 0.08709409 0.66479074 0.01334372 0.01117109 0.02329062 0.00041032 
605.00000000 0.20033477 0.08712585 0.66449168 0.01333239 0.01114950 0.02316060 0.00040521 
606.00000000 0.20077008 0.08715746 0.66419222 0.01332098 0.01112782 0.02303129 0.00040015 
607.00000000 0.20120534 0.08718892 0.66389230 0.01330948 0.01110605 0.02290277 0.00039514 
608.00000000 0.20164055 0.08722024 0.66359184 0.01329789 0.01108420 0.02277509 0.00039018 
609.00000000 0.20207572 0.08725141 0.66329077 0.01328622 0.01106227 0.02264834 0.00038527 
610.00000000 0.20251085 0.08728243 0.66298903 0.01327446 0.01104026 0.02252256 0.00038042 
611.00000000 0.20294592 0.08731330 0.66268654 0.01326261 0.01101818 0.02239783 0.00037561 
612.00000000 0.20338095 0.08734403 0.66238326 0.01325068 0.01099604 0.02227419 0.00037086 
613.00000000 0.20381594 0.08737460 0.66207911 0.01323866 0.01097383 0.02215171 0.00036616 
614.00000000 0.20425087 0.08740503 0.66177403 0.01322656 0.01095156 0.02203043 0.00036152 
615.00000000 0.20468576 0.08743531 0.66146798 0.01321438 0.01092923 0.02191041 0.00035693 
616.00000000 0.20512060 0.08746544 0.66116090 0.01320212 0.01090685 0.02179170 0.00035239 
617.00000000 0.20555539 0.08749542 0.66085274 0.01318977 0.01088443 0.02167434 0.00034791 
618.00000000 0.20599013 0.08752525 0.66054344 0.01317735 0.01086195 0.02155839 0.00034349 
619.00000000 0.20642482 0.08755493 0.66023297 0.01316485 0.01083944 0.02144387 0.00033912 
620.00000000 0.20685946 0.08758445 0.65992128 0.01315227 0.01081690 0.02133083 0.00033481 
621.00000000 0.20729405 0.08761383 0.65960833 0.01313962 0.01079432 0.02121930 0.00033056 
622.00000000 0.20772859 0.08764305 0.65929408 0.01312689 0.01077171 0.02110933 0.00032636 
623.00000000 0.20816308 0.08767212 0.65897849 0.01311409 0.01074908 0.02100093 0.00032221 
624.00000000 0.20859751 0.08770104 0.65866155 0.01310122 0.01072643 0.02089414 0.00031813 
625.00000000 0.20903188 0.08772980 0.65834320 0.01308827 0.01070377 0.02078898 0.00031410 
626.00000000 0.20946621 0.08775840 0.65802344 0.01307526 0.01068109 0.02068548 0.00031012 
627.00000000 0.20990047 0.08778685 0.65770223 0.01306218 0.01065841 0.02058365 0.00030620 
628.00000000 0.21033468 0.08781515 0.65737955 0.01304904 0.01063573 0.02048351 0.00030234 
629.00000000 0.21076883 0.08784328 0.65705540 0.01303583 0.01061305 0.02038509 0.00029852 
630.00000000 0.21120292 0.08787126 0.65672974 0.01302256 0.01059038 0.02028838 0.00029477 
631.00000000 0.21163695 0.08789908 0.65640257 0.01300923 0.01056772 0.02019340 0.00029106 
632.00000000 0.21207091 0.08792674 0.65607388 0.01299584 0.01054507 0.02010016 0.00028741 
633.00000000 0.21250482 0.08795424 0.65574366 0.01298239 0.01052244 0.02000865 0.00028381 
634.00000000 0.21293866 0.08798158 0.65541191 0.01296888 0.01049983 0.01991889 0.00028026 
635.00000000 0.21337243 0.08800875 0.65507862 0.01295532 0.01047725 0.01983086 0.00027676 
636.00000000 0.21380614 0.08803577 0.65474380 0.01294171 0.01045470 0.01974457 0.00027331 
637.00000000 0.21423978 0.08806262 0.65440745 0.01292805 0.01043219 0.01966001 0.00026991 
638.00000000 0.21467334 0.08808931 0.65406957 0.01291433 0.01040971 0.01957718 0.00026655 
639.00000000 0.21510684 0.08811584 0.65373018 0.01290057 0.01038728 0.01949605 0.00026324 
640.00000000 0.21554026 0.08814221 0.65338929 0.01288676 0.01036489 0.01941662 0.00025997 
641.00000000 0.21597361 0.08816841 0.65304691 0.01287291 0.01034255 0.01933887 0.00025675 
642.00000000 0.21640689 0.08819444 0.65270305 0.01285901 0.01032026 0.01926278 0.00025357 
643.00000000 0.21684008 0.08822031 0.65235774 0.01284508 0.01029802 0.01918834 0.00025043 
644.00000000 0.21727320 0.08824602 0.65201099 0.01283110 0.01027585 0.01911552 0.00024732 
645.00000000 0.21770624 0.08827156 0.65166282 0.01281708 0.01025373 0.01904430 0.00024426 
646.00000000 0.21813919 0.08829694 0.65131327 0.01280303 0.01023168 0.01897465 0.00024123 
647.00000000 0.21857206 0.08832215 0.65096236 0.01278895 0.01020970 0.01890654 0.00023824 
648.00000000 0.21900485 0.08834719 0.65061011 0.01277482 0.01018779 0.01883995 0.00023528 
649.00000000 0.21943755 0.08837207 0.65025656 0.01276067 0.01016594 0.01877485 0.00023236 
650.00000000 0.21987016 0.08839679 0.64990174 0.01274649 0.01014418 0.01871119 0.00022946 
651.00000000 0.22030268 0.08842134 0.64954568 0.01273228 0.01012248 0.01864895 0.00022659 
652.00000000 0.22073511 0.08844572 0.64918842 0.01271804 0.01010087 0.01858809 0.00022375 
653.00000000 0.22116744 0.08846994 0.64882999 0.01270377 0.01007934 0.01852858 0.00022094 
654.00000000 0.22159969 0.08849399 0.64847044 0.01268948 0.01005789 0.01847037 0.00021815 
655.00000000 0.22203183 0.08851788 0.64810980 0.01267516 0.01003652 0.01841342 0.00021538 
656.00000000 0.22246388 0.08854161 0.64774812 0.01266082 0.01001524 0.01835770 0.00021263 
657.00000000 0.22289582 0.08856517 0.64738543 0.01264646 0.00999405 0.01830316 0.00020991 
658.00000000 0.22332766 0.08858857 0.64702178 0.01263209 0.00997294 0.01824976 0.00020719 
659.00000000 0.22375941 0.08861180 0.64665722 0.01261769 0.00995193 0.01819745 0.00020450 
660.00000000 0.22419104 0.08863488 0.64629179 0.01260327 0.00993100 0.01814620 0.00020182 
661.00000000 0.22462257 0.08865779 0.64592553 0.01258884 0.00991017 0.01809595 0.00019915 
662.00000000 0.22505399 0.08868054 0.64555849 0.01257440 0.00988943 0.01804666 0.00019650 
663.00000000 0.22548530 0.08870313 0.64519072 0.01255994 0.00986878 0.01799828 0.00019385 
664.00000000 0.22591650 0.08872556 0.64482226 0.01254546 0.00984823 0.01795078 0.00019121 
665.00000000 0.22634759 0.08874783 0.64445318 0.01253097 0.00982776 0.01790409 0.00018858 
666.00000000 0.22677856 0.08876994 0.64408350 0.01251648 0.00980739 0.01785817 0.00018596 
667.00000000 0.22720942 0.08879189 0.64371329 0.01250197 0.00978712 0.01781298 0.00018333 
668.00000000 0.22764016 0.08881368 0.64334258 0.01248745 0.00976694 0.01776847 0.00018071 
669.00000000 0.22807078 0.08883532 0.64297144 0.01247292 0.00974685 0.01772459 0.00017809 
670.00000000 0.22850128 0.08885681 0.64259991 0.01245839 0.00972685 0.01768129 0.00017547 
671.00000000 0.22893166 0.08887814 0.64222803 0.01244385 0.00970695 0.01763853 0.00017285 
672.00000000 0.22936192 0.08889931 0.64185586 0.01242930 0.00968714 0.01759625 0.00017023 
673.00000000 0.22979205 0.08892033 0.64148344 0.01241474 0.00966741 0.01755442 0.00016760 
674.00000000 0.23022205 0.08894120 0.64111083 0.01240018 0.00964778 0.01751298 0.00016497 
675.00000000 0.23065193 0.08896192 0.64073807 0.01238562 0.00962824 0.01747190 0.00016233 
676.00000000 0.23108167 0.08898249 0.64036520 0.01237105 0.00960879 0.01743112 0.00015968 
677.00000000 0.23151129 0.08900291 0.63999229 0.01235648 0.00958942 0.01739060 0.00015702 
678.00000000 0.23194078 0.08902318 0.63961936 0.01234190 0.00957014 0.01735030 0.00015436 
679.00000000 0.23237013 0.08904330 0.63924646 0.01232732 0.00955094 0.01731017 0.00015168 
680.00000000 0.23279935 0.08906328 0.63887365 0.01231274 0.00953183 0.01727017 0.00014899 
681.00000000 0.23322843 0.08908311 0.63850096 0.01229815 0.00951279 0.01723026 0.00014629 
682.00000000 0.23365738 0.08910280 0.63812844 0.01228357 0.00949384 0.01719040 0.00014358 
683.00000000 0.23408619 0.08912234 0.63775612 0.01226898 0.00947496 0.01715055 0.00014085 
684.00000000 0.23451486 0.08914174 0.63738406 0.01225439 0.00945616 0.01711067 0.00013811 
685.00000000 0.23494340 0.08916100 0.63701228 0.01223980 0.00943744 0.01707073 0.00013536 
686.00000000 0.23537179 0.08918012 0.63664083 0.01222520 0.00941878 0.01703068 0.00013259 
687.00000000 0.23580004 0.08919909 0.63626975 0.01221061 0.00940020 0.01699050 0.00012980 
688.00000000 0.23622815 0.08921793 0.63589907 0.01219602 0.00938169 0.01695015 0.00012700 
689.00000000 0.23665611 0.08923663 0.63552882 0.01218142 0.00936324 0.01690959 0.00012418 
690.00000000 0.23708394 0.08925520 0.63515904 0.01216683 0.00934485 0.01686880 0.00012134 
691.00000000 0.23751161 0.08927362 0.63478977 0.01215224 0.00932653 0.01682774 0.00011849 
692.00000000 0.23793914 0.08929191 0.63442102 0.01213764 0.00930827 0.01678639 0.00011562 
693.00000000 0.23836653 0.08931007 0.63405284 0.01212304 0.00929006 0.01674473 0.00011273 
694.00000000 0.23879376 0.08932810 0.63368525 0.01210845 0.00927191 0.01670271 0.00010982 
695.00000000 0.23922085 0.08934599 0.63331828 0.01209385 0.00925381 0.01666032 0.00010690 
696.00000000 0.23964779 0.08936374 0.63295194 0.01207925 0.00923576 0.01661755 0.00010396 
697.00000000 0.24007459 0.08938137 0.63258628 0.01206466 0.00921776 0.01657435 0.00010100 
698.00000000 0.24050123 0.08939887 0.63222130 0.01205006 0.00919980 0.01653072 0.00009803 
699.00000000 0.24092772 0.08941623 0.63185702 0.01203546 0.00918189 0.01648664 0.00009503 
700.00000000 0.24135406 0.08943347 0.63149348 0.01202086 0.00916402 0.01644209 0.00009202 
701.00000000 0.24178025 0.08945058 0.63113067 0.01200626 0.00914619 0.01639706 0.00008899 
702.00000000 0.24220629 0.08946756 0.63076863 0.01199165 0.00912839 0.01635153 0.00008595 
703.00000000 0.24263218 0.08948441 0.63040736 0.01197705 0.00911063 0.01630548 0.00008289 
704.00000000 0.24305791 0.08950114 0.63004687 0.01196244 0.00909290 0.01625891 0.00007982 
705.00000000 0.24348350 0.08951774 0.62968719 0.01194784 0.00907519 0.01621182 0.00007673 
706.00000000 0.24390893 0.08953422 0.62932831 0.01193323 0.00905752 0.01616418 0.00007362 
707.00000000 0.24433421 0.08955057 0.62897024 0.01191862 0.00903986 0.01611600 0.00007051 
708.00000000 0.24475933 0.08956679 0.62861300 0.01190400 0.00902224 0.01606726 0.00006737 
709.00000000 0.24518430 0.08958290 0.62825658 0.01188939 0.00900463 0.01601798 0.00006423 
710.00000000 0.24560912 0.08959888 0.62790099 0.01187477 0.00898703 0.01596814 0.00006107 
711.00000000 0.24603379 0.08961473 0.62754623 0.01186015 0.00896946 0.01591774 0.00005790 
712.00000000 0.24645830 0.08963047 0.62719231 0.01184553 0.00895190 0.01586678 0.00005472 
713.00000000 0.24688266 0.08964608 0.62683921 0.01183090 0.00893435 0.01581527 0.00005153 
714.00000000 0.24730686 0.08966157 0.62648694 0.01181627 0.00891680 0.01576322 0.00004833 
715.00000000 0.24773092 0.08967694 0.62613550 0.01180163 0.00889927 0.01571061 0.00004513 
716.00000000 0.24815482 0.08969219 0.62578488 0.01178700 0.00888174 0.01565747 0.00004191 
717.00000000 0.24857856 0.08970731 0.62543506 0.01177235 0.00886422 0.01560380 0.00003869 
718.00000000 0.24900216 0.08972232 0.62508606 0.01175771 0.00884670 0.01554960 0.00003546 
719.00000000 0.24942560 0.08973721 0.62473784 0.01174306 0.00882918 0.01549489 0.00003223 
720.00000000 0.24984888 0.08975198 0.62439042 0.01172840 0.00881166 0.01543968 0.00002899 
721.00000000 0.25027202 0.08976663 0.62404376 0.01171374 0.00879413 0.01538397 0.00002575 
722.00000000 0.25069500 0.08978116 0.62369787 0.01169907 0.00877660 0.01532779 0.00002250 
723.00000000 0.25111783 0.08979557 0.62335273 0.01168440 0.00875907 0.01527115 0.00001925 
724.00000000 0.25154051 0.08980986 0.62300831 0.01166972 0.00874153 0.01521405 0.00001601 
725.00000000 0.25196304 0.08982403 0.62266462 0.01165504 0.00872398 0.01515653 0.00001276 
726.00000000 0.25238542 0.08983809 0.62232162 0.01164035 0.00870642 0.01509859 0.00000951 
727.00000000 0.25280764 0.08985202 0.62197930 0.01162566 0.00868886 0.01504025 0.00000627 
728.00000000 0.25322972 0.08986584 0.62163765 0.01161096 0.00867128 0.01498153 0.00000303 
729.00000000 0.25365164 0.08987955 0.62129664 0.01159625 0.00865368 0.01492245 -0.00000021 
730.00000000 0.25407342 0.08989313 0.62095625 0.01158154 0.00863608 0.01486303 -0.00000345 
731.00000000 0.25449504 0.08990659 0.62061647 0.01156682 0.00861846 0.01480329 -0.00000667 
732.00000000 0.25491652 0.08991994 0.62027726 0.01155209 0.00860083 0.01474325 -0.00000989 
733.00000000 0.25533784 0.08993317 0.61993862 0.01153736 0.00858318 0.01468294 -0.00001311 
734.00000000 0.25575902 0.08994629 0.61960050 0.01152262 0.00856551 0.01462237 -0.00001631 
735.00000000 0.25618005 0.08995928 0.61926290 0.01150787 0.00854783 0.01456157 -0.00001951 
736.00000000 0.25660093 0.08997216 0.61892579 0.01149312 0.00853013 0.01450056 -0.00002270 
737.00000000 0.25702167 0.08998493 0.61858914 0.01147835 0.00851241 0.01443937 -0.00002587 
738.00000000 0.25744226 0.08999757 0.61825293 0.01146358 0.00849468 0.01437802 -0.00002904 
739.00000000 0.25786270 0.09001010 0.61791713 0.01144881 0.00847693 0.01431653 -0.00003219 
740.00000000 0.25828299 0.09002251 0.61758172 0.01143402 0.00845916 0.01425492 -0.00003533 
741.00000000 0.25870314 0.09003481 0.61724667 0.01141923 0.00844137 0.01419323 -0.00003845 
742.00000000 0.25912314 0.09004699 0.61691196 0.01140443 0.00842357 0.01413148 -0.00004156 
743.00000000 0.25954299 0.09005905 0.61657756 0.01138962 0.00840575 0.01406969 -0.00004465 
744.00000000 0.25996270 0.09007100 0.61624344 0.01137480 0.00838791 0.01400788 -0.00004773 
745.00000000 0.26038227 0.09008283 0.61590958 0.01135998 0.00837005 0.01394609 -0.00005079 
746.00000000 0.26080169 0.09009454 0.61557595 0.01134515 0.00835217 0.01388433 -0.00005383 
747.00000000 0.26122097 0.09010614 0.61524253 0.01133031 0.00833428 0.01382263 -0.00005685 
748.00000000 0.26164010 0.09011762 0.61490929 0.01131546 0.00831638 0.01376102 -0.00005986 
749.00000000 0.26205909 0.09012898 0.61457620 0.01130061 0.00829845 0.01369951 -0.00006284 
750.00000000 0.26247793 0.09014023 0.61424324 0.01128575 0.00828051 0.01363814 -0.00006581 
751.00000000 0.26289664 0.09015136 0.61391039 0.01127087 0.00826256 0.01357693 -0.00006875 
752.00000000 0.26331519 0.09016238 0.61357761 0.01125600 0.00824460 0.01351589 -0.00007167 
753.00000000 0.26373361 0.09017328 0.61324489 0.01124111 0.00822662 0.01345507 -0.00007457 
754.00000000 0.26415188 0.09018406 0.61291219 0.01122622 0.00820863 0.01339446 -0.00007744 
755.00000000 0.26457001 0.09019473 0.61257951 0.01121132 0.00819062 0.01333411 -0.00008029 
756.00000000 0.26498800 0.09020528 0.61224680 0.01119641 0.00817261 0.01327402 -0.00008312 
757.00000000 0.26540584 0.09021572 0.61191406 0.01118149 0.00815459 0.01321423 -0.00008593 
758.00000000 0.26582354 0.09022604 0.61158125 0.01116657 0.00813656 0.01315475 -0.00008871 
759.00000000 0.26624110 0.09023625 0.61124835 0.01115164 0.00811852 0.01309561 -0.00009146 
760.00000000 0.26665852 0.09024634 0.61091535 0.01113670 0.00810047 0.01303681 -0.00009419 
761.00000000 0.26707579 0.09025631 0.61058222 0.01112175 0.00808242 0.01297839 -0.00009690 
762.00000000 0.26749293 0.09026617 0.61024895 0.01110680 0.00806436 0.01292036 -0.00009958 
763.00000000 0.26790992 0.09027592 0.60991550 0.01109184 0.00804630 0.01286274 -0.00010223 
764.00000000 0.26832677 0.09028555 0.60958187 0.01107688 0.00802824 0.01280554 -0.00010485 
765.00000000 0.26874347 0.09029507 0.60924804 0.01106190 0.00801018 0.01274879 -0.00010745 
766.00000000 0.26916004 0.09030447 0.60891398 0.01104693 0.00799212 0.01269249 -0.00011003 
767.00000000 0.26957646 0.09031375 0.60857969 0.01103194 0.00797406 0.01263667 -0.00011257 
768.00000000 0.26999274 0.09032293 0.60824514 0.01101695 0.00795601 0.01258133 -0.00011509 
769.00000000 0.27040887 0.09033198 0.60791032 0.01100195 0.00793795 0.01252649 -0.00011758 
770.00000000 0.27082487 0.09034093 0.60757522 0.01098695 0.00791991 0.01247217 -0.00012005 
771.00000000 0.27124072 0.09034976 0.60723983 0.01097194 0.00790187 0.01241837 -0.00012248 
772.00000000 0.27165642 0.09035848 0.60690412 0.01095693 0.00788384 0.01236511 -0.00012489 
773.00000000 0.27207199 0.09036708 0.60656809 0.01094191 0.00786582 0.01231239 -0.00012727 
774.00000000 0.27248741 0.09037557 0.60623173 0.01092688 0.00784781 0.01226023 -0.00012963 
775.00000000 0.27290268 0.09038395 0.60589503 0.01091186 0.00782981 0.01220863 -0.00013196 
776.00000000 0.27331782 0.09039221 0.60555798 0.01089682 0.00781182 0.01215761 -0.00013426 
777.00000000 0.27373280 0.09040036 0.60522056 0.01088178 0.00779385 0.01210717 -0.00013653 
778.00000000 0.27414765 0.09040840 0.60488278 0.01086674 0.00777590 0.01205731 -0.00013878 
779.00000000 0.27456234 0.09041633 0.60454463 0.01085169 0.00775797 0.01200804 -0.00014100 
780.00000000 0.27497690 0.09042414 0.60420610 0.01083664 0.00774005 0.01195936 -0.00014319 
781.00000000 0.27539130 0.09043184 0.60386718 0.01082159 0.00772215 0.01191129 -0.00014536 
782.00000000 0.27580556 0.09043944 0.60352787 0.01080653 0.00770428 0.01186382 -0.00014750 
783.00000000 0.27621968 0.09044692 0.60318817 0.01079147 0.00768643 0.01181695 -0.00014961 
784.00000000 0.27663364 0.09045429 0.60284808 0.01077640 0.00766860 0.01177069 -0.00015170 
785.00000000 0.27704746 0.09046155 0.60250759 0.01076134 0.00765080 0.01172503 -0.00015376 
786.00000000 0.27746113 0.09046870 0.60216671 0.01074627 0.00763302 0.01167997 -0.00015580 
787.00000000 0.27787466 0.09047574 0.60182543 0.01073119 0.00761527 0.01163553 -0.00015781 
788.00000000 0.27828803 0.09048267 0.60148376 0.01071612 0.00759755 0.01159168 -0.00015980 
789.00000000 0.27870126 0.09048949 0.60114169 0.01070104 0.00757986 0.01154843 -0.00016177 
790.00000000 0.27911433 0.09049620 0.60079923 0.01068596 0.00756221 0.01150578 -0.00016371 
791.00000000 0.27952726 0.09050280 0.60045639 0.01067088 0.00754458 0.01146372 -0.00016563 
792.00000000 0.27994003 0.09050930 0.60011316 0.01065580 0.00752699 0.01142224 -0.00016753 
793.00000000 0.28035265 0.09051569 0.59976955 0.01064072 0.00750943 0.01138135 -0.00016940 
794.00000000 0.28076512 0.09052197 0.59942558 0.01062564 0.00749191 0.01134104 -0.00017125 
795.00000000 0.28117744 0.09052814 0.59908123 0.01061055 0.00747443 0.01130129 -0.00017308 
796.00000000 0.28158961 0.09053421 0.59873653 0.01059547 0.00745698 0.01126210 -0.00017489 
797.00000000 0.28200162 0.09054017 0.59839147 0.01058039 0.00743957 0.01122347 -0.00017668 
798.00000000 0.28241348 0.09054603 0.59804607 0.01056530 0.00742220 0.01118538 -0.00017845 
799.00000000 0.28282518 0.09055178 0.59770034 0.01055022 0.00740487 0.01114782 -0.00018020 
800.00000000 0.28323673 0.09055742 0.59735428 0.01053513 0.00738758 0.01111080 -0.00018194 
801.00000000 0.28364813 0.09056296 0.59700790 0.01052005 0.00737033 0.01107428 -0.00018365 
802.00000000 0.28405936 0.09056840 0.59666122 0.01050497 0.00735312 0.01103827 -0.00018535 
803.00000000 0.28447044 0.09057374 0.59631424 0.01048989 0.00733596 0.01100276 -0.00018703 
804.00000000 0.28488136 0.09057897 0.59596699 0.01047481 0.00731884 0.01096773 -0.00018869 
805.00000000 0.28529212 0.09058410 0.59561946 0.01045973 0.00730177 0.01093316 -0.00019034 
806.00000000 0.28570273 0.09058913 0.59527167 0.01044465 0.00728473 0.01089906 -0.00019197 
807.00000000 0.28611317 0.09059405 0.59492364 0.01042957 0.00726775 0.01086540 -0.00019359 
808.00000000 0.28652346 0.09059888 0.59457537 0.01041450 0.00725081 0.01083217 -0.00019519 
809.00000000 0.28693358 0.09060361 0.59422689 0.01039943 0.00723391 0.01079936 -0.00019678 
810.00000000 0.28734354 0.09060823 0.59387819 0.01038436 0.00721707 0.01076695 -0.00019835 
811.00000000 0.28775334 0.09061276 0.59352931 0.01036929 0.00720027 0.01073494 -0.00019992 
812.00000000 0.28816298 0.09061719 0.59318025 0.01035423 0.00718351 0.01070330 -0.00020147 
813.00000000 0.28857245 0.09062153 0.59283103 0.01033917 0.00716680 0.01067203 -0.00020301 
814.00000000 0.28898176 0.09062576 0.59248166 0.01032411 0.00715014 0.01064110 -0.00020454 
815.00000000 0.28939091 0.09062990 0.59213216 0.01030906 0.00713353 0.01061051 -0.00020607 
816.00000000 0.28979989 0.09063394 0.59178254 0.01029401 0.00711697 0.01058023 -0.00020758 
817.00000000 0.29020870 0.09063789 0.59143281 0.01027896 0.00710045 0.01055026 -0.00020908 
818.00000000 0.29061735 0.09064174 0.59108300 0.01026392 0.00708398 0.01052058 -0.00021058 
819.00000000 0.29102583 0.09064550 0.59073312 0.01024888 0.00706756 0.01049118 -0.00021206 
820.00000000 0.29143414 0.09064917 0.59038318 0.01023384 0.00705119 0.01046203 -0.00021355 
821.00000000 0.29184228 0.09065274 0.59003319 0.01021881 0.00703486 0.01043313 -0.00021502 
822.00000000 0.29225026 0.09065623 0.58968318 0.01020378 0.00701859 0.01040446 -0.00021649 
823.00000000 0.29265806 0.09065962 0.58933316 0.01018875 0.00700236 0.01037600 -0.00021795 
824.00000000 0.29306570 0.09066292 0.58898315 0.01017373 0.00698617 0.01034774 -0.00021941 
825.00000000 0.29347316 0.09066613 0.58863315 0.01015872 0.00697004 0.01031967 -0.00022087 
826.00000000 0.29388045 0.09066925 0.58828319 0.01014371 0.00695395 0.01029177 -0.00022232 
827.00000000 0.29428757 0.09067228 0.58793327 0.01012870 0.00693791 0.01026403 -0.00022376 
828.00000000 0.29469452 0.09067523 0.58758342 0.01011370 0.00692191 0.01023643 -0.00022521 
829.00000000 0.29510129 0.09067809 0.58723365 0.01009870 0.00690596 0.01020896 -0.00022665 
830.00000000 0.29550789 0.09068086 0.58688397 0.01008371 0.00689005 0.01018161 -0.00022809 
831.00000000 0.29591431 0.09068355 0.58653440 0.01006872 0.00687419 0.01015436 -0.00022953 
832.00000000 0.29632056 0.09068615 0.58618494 0.01005374 0.00685838 0.01012720 -0.00023097 
833.00000000 0.29672664 0.09068867 0.58583562 0.01003877 0.00684260 0.01010012 -0.00023241 
834.00000000 0.29713253 0.09069110 0.58548645 0.01002379 0.00682688 0.01007310 -0.00023385 
835.00000000 0.29753825 0.09069345 0.58513744 0.01000883 0.00681119 0.01004613 -0.00023529 
836.00000000 0.29794379 0.09069572 0.58478860 0.00999387 0.00679555 0.01001920 -0.00023673 
837.00000000 0.29834916 0.09069791 0.58443994 0.00997891 0.00677995 0.00999230 -0.00023817 
838.00000000 0.29875434 0.09070002 0.58409148 0.00996396 0.00676439 0.00996542 -0.00023961 
839.00000000 0.29915935 0.09070205 0.58374323 0.00994901 0.00674887 0.00993855 -0.00024106 
840.00000000 0.29956418 0.09070400 0.58339520 0.00993407 0.00673339 0.00991167 -0.00024251 
841.00000000 0.29996882 0.09070587 0.58304740 0.00991914 0.00671795 0.00988478 -0.00024395 
842.00000000 0.30037329 0.09070766 0.58269983 0.00990421 0.00670255 0.00985786 -0.00024541 
843.00000000 0.30077757 0.09070938 0.58235252 0.00988929 0.00668719 0.00983092 -0.00024686 
844.00000000 0.30118168 0.09071102 0.58200547 0.00987437 0.00667186 0.00980393 -0.00024832 
845.00000000 0.30158560 0.09071258 0.58165868 0.00985946 0.00665657 0.00977689 -0.00024978 
846.00000000 0.30198933 0.09071407 0.58131217 0.00984455 0.00664132 0.00974979 -0.00025124 
847.00000000 0.30239289 0.09071549 0.58096595 0.00982965 0.00662611 0.00972263 -0.00025271 
848.00000000 0.30279626 0.09071683 0.58062001 0.00981475 0.00661092 0.00969540 -0.00025418 
849.00000000 0.30319945 0.09071810 0.58027438 0.00979986 0.00659578 0.00966809 -0.00025566 
850.00000000 0.30360245 0.09071930 0.57992905 0.00978497 0.00658066 0.00964070 -0.00025714 
851.00000000 0.30400527 0.09072043 0.57958404 0.00977009 0.00656558 0.00961321 -0.00025862 
852.00000000 0.30440790 0.09072148 0.57923934 0.00975522 0.00655053 0.00958563 -0.00026011 
853.00000000 0.30481035 0.09072247 0.57889497 0.00974035 0.00653551 0.00955795 -0.00026160 
854.00000000 0.30521260 0.09072339 0.57855092 0.00972549 0.00652052 0.00953017 -0.00026309 
855.00000000 0.30561468 0.09072424 0.57820721 0.00971063 0.00650556 0.00950228 -0.00026459 
856.00000000 0.30601656 0.09072502 0.57786383 0.00969578 0.00649063 0.00947428 -0.00026610 
857.00000000 0.30641826 0.09072573 0.57752079 0.00968093 0.00647572 0.00944617 -0.00026761 
858.00000000 0.30681977 0.09072638 0.57717810 0.00966609 0.00646085 0.00941794 -0.00026912 
859.00000000 0.30722110 0.09072696 0.57683574 0.00965125 0.00644600 0.00938959 -0.00027064 
860.00000000 0.30762223 0.09072747 0.57649373 0.00963642 0.00643117 0.00936112 -0.00027216 
861.00000000 0.30802318 0.09072792 0.57615207 0.00962160 0.00641638 0.00933253 -0.00027368 
862.00000000 0.30842393 0.09072831 0.57581076 0.00960678 0.00640160 0.00930383 -0.00027521 
863.00000000 0.30882450 0.09072863 0.57546980 0.00959196 0.00638685 0.00927500 -0.00027674 
864.00000000 0.30922488 0.09072889 0.57512918 0.00957715 0.00637213 0.00924605 -0.00027828 
865.00000000 0.30962506 0.09072908 0.57478892 0.00956235 0.00635742 0.00921698 -0.00027981 
866.00000000 0.31002506 0.09072921 0.57444899 0.00954755 0.00634274 0.00918779 -0.00028136 
867.00000000 0.31042487 0.09072928 0.57410942 0.00953276 0.00632808 0.00915849 -0.00028290 
868.00000000 0.31082448 0.09072930 0.57377019 0.00951797 0.00631344 0.00912907 -0.00028445 
869.00000000 0.31122390 0.09072924 0.57343130 0.00950319 0.00629882 0.00909954 -0.00028600 
870.00000000 0.31162313 0.09072913 0.57309275 0.00948841 0.00628422 0.00906990 -0.00028755 
871.00000000 0.31202217 0.09072896 0.57275453 0.00947364 0.00626964 0.00904015 -0.00028910 
872.00000000 0.31242102 0.09072873 0.57241665 0.00945887 0.00625508 0.00901030 -0.00029066 
873.00000000 0.31281968 0.09072845 0.57207910 0.00944411 0.00624053 0.00898034 -0.00029221 
874.00000000 0.31321814 0.09072810 0.57174187 0.00942936 0.00622601 0.00895029 -0.00029377 
875.00000000 0.31361641 0.09072769 0.57140497 0.00941461 0.00621150 0.00892015 -0.00029533 
876.00000000 0.31401449 0.09072723 0.57106838 0.00939986 0.00619700 0.00888993 -0.00029689 
877.00000000 0.31441237 0.09072671 0.57073210 0.00938512 0.00618253 0.00885962 -0.00029845 
878.00000000 0.31481006 0.09072614 0.57039613 0.00937039 0.00616806 0.00882923 -0.00030001 
879.00000000 0.31520755 0.09072550 0.57006045 0.00935566 0.00615362 0.00879878 -0.00030157 
880.00000000 0.31560486 0.09072482 0.56972508 0.00934094 0.00613919 0.00876825 -0.00030313 
881.00000000 0.31600196 0.09072407 0.56938998 0.00932622 0.00612477 0.00873767 -0.00030468 
882.00000000 0.31639888 0.09072327 0.56905518 0.00931151 0.00611037 0.00870704 -0.00030624 
883.00000000 0.31679560 0.09072242 0.56872064 0.00929680 0.00609598 0.00867635 -0.00030779 
884.00000000 0.31719212 0.09072151 0.56838638 0.00928210 0.00608161 0.00864563 -0.00030935 
885.00000000 0.31758845 0.09072055 0.56805238 0.00926740 0.00606724 0.00861487 -0.00031090 
886.00000000 0.31798459 0.09071953 0.56771863 0.00925271 0.00605290 0.00858408 -0.00031244 
887.00000000 0.31838053 0.09071846 0.56738513 0.00923803 0.00603856 0.00855328 -0.00031399 
888.00000000 0.31877627 0.09071734 0.56705187 0.00922335 0.00602424 0.00852246 -0.00031553 
889.00000000 0.31917182 0.09071616 0.56671884 0.00920868 0.00600993 0.00849163 -0.00031706 
890.00000000 0.31956717 0.09071493 0.56638604 0.00919401 0.00599564 0.00846081 -0.00031860 
891.00000000 0.31996233 0.09071365 0.56605346 0.00917935 0.00598135 0.00842999 -0.00032012 
892.00000000 0.32035729 0.09071231 0.56572108 0.00916469 0.00596708 0.00839919 -0.00032165 
893.00000000 0.32075206 0.09071092 0.56538891 0.00915004 0.00595282 0.00836841 -0.00032316 
894.00000000 0.32114662 0.09070948 0.56505693 0.00913540 0.00593857 0.00833766 -0.00032468 
895.00000000 0.32154100 0.09070799 0.56472513 0.00912076 0.00592434 0.00830695 -0.00032618 
896.00000000 0.32193517 0.09070645 0.56439352 0.00910613 0.00591012 0.00827629 -0.00032768 
897.00000000 0.32232915 0.09070486 0.56406207 0.00909151 0.00589591 0.00824568 -0.00032918 
898.00000000 0.32272294 0.09070321 0.56373079 0.00907689 0.00588171 0.00821513 -0.00033066 
899.00000000 0.32311652 0.09070152 0.56339966 0.00906228 0.00586753 0.00818465 -0.00033214 
900.00000000 0.32350991 0.09069977 0.56306867 0.00904767 0.00585335 0.00815424 -0.00033361 
901.00000000 0.32390310 0.09069797 0.56273783 0.00903307 0.00583919 0.00812391 -0.00033508 
902.00000000 0.32429610 0.09069612 0.56240711 0.00901848 0.00582505 0.00809368 -0.00033654 
903.00000000 0.32468889 0.09069422 0.56207652 0.00900389 0.00581091 0.00806354 -0.00033798 
904.00000000 0.32508149 0.09069228 0.56174604 0.00898932 0.00579679 0.00803350 -0.00033942 
905.00000000 0.32547390 0.09069028 0.56141567 0.00897474 0.00578269 0.00800358 -0.00034085 
906.00000000 0.32586610 0.09068823 0.56108541 0.00896018 0.00576859 0.00797377 -0.00034227 
907.00000000 0.32625811 0.09068613 0.56075523 0.00894562 0.00575451 0.00794408 -0.00034368 
908.00000000 0.32664992 0.09068398 0.56042514 0.00893107 0.00574045 0.00791453 -0.00034509 
909.00000000 0.32704153 0.09068178 0.56009514 0.00891653 0.00572639 0.00788511 -0.00034648 
910.00000000 0.32743294 0.09067954 0.55976520 0.00890199 0.00571236 0.00785584 -0.00034786 
911.00000000 0.32782415 0.09067724 0.55943533 0.00888746 0.00569833 0.00782671 -0.00034923 
912.00000000 0.32821517 0.09067489 0.55910552 0.00887294 0.00568433 0.00779774 -0.00035059 
913.00000000 0.32860599 0.09067250 0.55877577 0.00885843 0.00567033 0.00776893 -0.00035194 
914.00000000 0.32899661 0.09067006 0.55844606 0.00884392 0.00565636 0.00774028 -0.00035328 
915.00000000 0.32938703 0.09066756 0.55811640 0.00882942 0.00564240 0.00771181 -0.00035461 
916.00000000 0.32977725 0.09066502 0.55778677 0.00881493 0.00562845 0.00768351 -0.00035593 
917.00000000 0.33016727 0.09066243 0.55745717 0.00880045 0.00561452 0.00765539 -0.00035723 
918.00000000 0.33055710 0.09065979 0.55712760 0.00878598 0.00560061 0.00762745 -0.00035853 
919.00000000 0.33094672 0.09065710 0.55679805 0.00877151 0.00558672 0.00759971 -0.00035981 
920.00000000 0.33133615 0.09065437 0.55646851 0.00875706 0.00557284 0.00757215 -0.00036108 
921.00000000 0.33172537 0.09065158 0.55613899 0.00874261 0.00555898 0.00754480 -0.00036234 
922.00000000 0.33211440 0.09064875 0.55580948 0.00872817 0.00554514 0.00751764 -0.00036359 
923.00000000 0.33250323 0.09064587 0.55547997 0.00871374 0.00553132 0.00749069 -0.00036482 
924.00000000 0.33289186 0.09064294 0.55515046 0.00869932 0.00551752 0.00746395 -0.00036605 
925.00000000 0.33328028 0.09063996 0.55482095 0.00868491 0.00550374 0.00743742 -0.00036726 
926.00000000 0.33366851 0.09063694 0.55449143 0.00867050 0.00548998 0.00741110 -0.00036846 
927.00000000 0.33405654 0.09063387 0.55416190 0.00865611 0.00547624 0.00738499 -0.00036965 
928.00000000 0.33444437 0.09063075 0.55383237 0.00864173 0.00546252 0.00735910 -0.00037082 
929.00000000 0.33483200 0.09062758 0.55350281 0.00862735 0.00544882 0.00733343 -0.00037198 
930.00000000 0.33521942 0.09062436 0.55317325 0.00861298 0.00543514 0.00730798 -0.00037313 
931.00000000 0.33560665 0.09062110 0.55284366 0.00859863 0.00542148 0.00728275 -0.00037427 
932.00000000 0.33599368 0.09061779 0.55251406 0.00858428 0.00540785 0.00725774 -0.00037540 
933.00000000 0.33638050 0.09061443 0.55218444 0.00856995 0.00539424 0.00723296 -0.00037651 
934.00000000 0.33676713 0.09061103 0.55185480 0.00855562 0.00538065 0.00720840 -0.00037762 
935.00000000 0.33715355 0.09060757 0.55152513 0.00854130 0.00536709 0.00718406 -0.00037871 
936.00000000 0.33753977 0.09060408 0.55119544 0.00852700 0.00535355 0.00715995 -0.00037979 
937.00000000 0.33792579 0.09060053 0.55086573 0.00851270 0.00534003 0.00713606 -0.00038086 
938.00000000 0.33831162 0.09059694 0.55053600 0.00849842 0.00532654 0.00711240 -0.00038191 
939.00000000 0.33869723 0.09059330 0.55020625 0.00848414 0.00531308 0.00708896 -0.00038296 
940.00000000 0.33908265 0.09058961 0.54987648 0.00846988 0.00529964 0.00706574 -0.00038399 
941.00000000 0.33946787 0.09058588 0.54954668 0.00845562 0.00528622 0.00704274 -0.00038501 
942.00000000 0.33985288 0.09058210 0.54921687 0.00844138 0.00527283 0.00701996 -0.00038602 
943.00000000 0.34023769 0.09057828 0.54888703 0.00842715 0.00525947 0.00699740 -0.00038702 
944.00000000 0.34062230 0.09057441 0.54855719 0.00841293 0.00524613 0.00697505 -0.00038801 
945.00000000 0.34100671 0.09057049 0.54822732 0.00839872 0.00523282 0.00695292 -0.00038899 
946.00000000 0.34139092 0.09056653 0.54789745 0.00838452 0.00521954 0.00693100 -0.00038996 
947.00000000 0.34177492 0.09056253 0.54756756 0.00837033 0.00520629 0.00690929 -0.00039091 
948.00000000 0.34215872 0.09055847 0.54723766 0.00835616 0.00519306 0.00688779 -0.00039186 
949.00000000 0.34254232 0.09055438 0.54690776 0.00834199 0.00517986 0.00686649 -0.00039280 
950.00000000 0.34292571 0.09055023 0.54657786 0.00832784 0.00516669 0.00684539 -0.00039373 
951.00000000 0.34330891 0.09054605 0.54624795 0.00831370 0.00515355 0.00682449 -0.00039464 
952.00000000 0.34369190 0.09054181 0.54591805 0.00829957 0.00514044 0.00680379 -0.00039555 
953.00000000 0.34407468 0.09053754 0.54558816 0.00828545 0.00512735 0.00678327 -0.00039645 
954.00000000 0.34445726 0.09053322 0.54525827 0.00827134 0.00511430 0.00676295 -0.00039734 
955.00000000 0.34483964 0.09052885 0.54492840 0.00825725 0.00510128 0.00674281 -0.00039823 
956.00000000 0.34522182 0.09052444 0.54459854 0.00824317 0.00508828 0.00672285 -0.00039910 
957.00000000 0.34560379 0.09051999 0.54426871 0.00822910 0.00507532 0.00670306 -0.00039996 
958.00000000 0.34598556 0.09051549 0.54393890 0.00821504 0.00506238 0.00668345 -0.00040082 
959.00000000 0.34636713 0.09051095 0.54360912 0.00820099 0.00504947 0.00666401 -0.00040167 
960.00000000 0.34674849 0.09050637 0.54327937 0.00818696 0.00503660 0.00664473 -0.00040251 
961.00000000 0.34712964 0.09050174 0.54294966 0.00817294 0.00502375 0.00662561 -0.00040334 
962.00000000 0.34751060 0.09049707 0.54261999 0.00815893 0.00501094 0.00660664 -0.00040417 
963.00000000 0.34789135 0.09049236 0.54229037 0.00814493 0.00499816 0.00658783 -0.00040499 
964.00000000 0.34827189 0.09048760 0.54196079 0.00813095 0.00498540 0.00656916 -0.00040580 
965.00000000 0.34865223 0.09048280 0.54163128 0.00811698 0.00497268 0.00655064 -0.00040661 
966.00000000 0.34903237 0.09047796 0.54130182 0.00810302 0.00495999 0.00653225 -0.00040741 
967.00000000 0.34941230 0.09047308 0.54097243 0.00808907 0.00494733 0.00651400 -0.00040820 
968.00000000 0.34979202 0.09046816 0.54064310 0.00807514 0.00493470 0.00649587 -0.00040899 
969.00000000 0.35017154 0.09046320 0.54031385 0.00806122 0.00492210 0.00647786 -0.00040977 
970.00000000 0.35055086 0.09045819 0.53998468 0.00804731 0.00490953 0.00645998 -0.00041055 
971.00000000 0.35092997 0.09045314 0.53965560 0.00803341 0.00489699 0.00644221 -0.00041132 
972.00000000 0.35130887 0.09044805 0.53932660 0.00801953 0.00488448 0.00642454 -0.00041208 
973.00000000 0.35168757 0.09044293 0.53899769 0.00800566 0.00487201 0.00640698 -0.00041285 
974.00000000 0.35206607 0.09043776 0.53866889 0.00799180 0.00485956 0.00638953 -0.00041360 
975.00000000 0.35244436 0.09043255 0.53834018 0.00797796 0.00484715 0.00637216 -0.00041436 
976.00000000 0.35282244 0.09042730 0.53801158 0.00796413 0.00483476 0.00635489 -0.00041510 
977.00000000 0.35320032 0.09042201 0.53768310 0.00795031 0.00482241 0.00633770 -0.00041585 
978.00000000 0.35357799 0.09041668 0.53735473 0.00793651 0.00481008 0.00632059 -0.00041659 
979.00000000 0.35395546 0.09041132 0.53702649 0.00792272 0.00479779 0.00630356 -0.00041733 
980.00000000 0.35433272 0.09040591 0.53669836 0.00790894 0.00478552 0.00628661 -0.00041806 
981.00000000 0.35470978 0.09040046 0.53637037 0.00789517 0.00477329 0.00626972 -0.00041879 
982.00000000 0.35508663 0.09039498 0.53604252 0.00788142 0.00476108 0.00625289 -0.00041952 
983.00000000 0.35546327 0.09038946 0.53571480 0.00786768 0.00474891 0.00623613 -0.00042025 
984.00000000 0.35583971 0.09038390 0.53538723 0.00785395 0.00473676 0.00621942 -0.00042097 
985.00000000 0.35621594 0.09037830 0.53505980 0.00784024 0.00472465 0.00620276 -0.00042169 
986.00000000 0.35659196 0.09037267 0.53473253 0.00782654 0.00471256 0.00618615 -0.00042241 
987.00000000 0.35696778 0.09036700 0.53440541 0.00781286 0.00470050 0.00616958 -0.00042312 
988.00000000 0.35734340 0.09036129 0.53407845 0.00779918 0.00468847 0.00615305 -0.00042384 
989.00000000 0.35771880 0.09035554 0.53375165 0.00778552 0.00467647 0.00613656 -0.00042455 
990.00000000 0.35809400 0.09034976 0.53342502 0.00777188 0.00466449 0.00612010 -0.00042526 
991.00000000 0.35846900 0.09034394 0.53309856 0.00775824 0.00465255 0.00610368 -0.00042597 
992.00000000 0.35884379 0.09033808 0.53277228 0.00774462 0.00464063 0.00608727 -0.00042667 
993.00000000 0.35921837 0.09033219 0.53244617 0.00773102 0.00462874 0.00607090 -0.00042738 
994.00000000 0.35959274 0.09032627 0.53212024 0.00771742 0.00461688 0.00605454 -0.00042808 
995.00000000 0.35996691 0.09032030 0.53179449 0.00770385 0.00460504 0.00603820 -0.00042879 
996.00000000 0.36034087 0.09031431 0.53146893 0.00769028 0.00459323 0.00602187 -0.00042949 
997.00000000 0.36071463 0.09030827 0.53114356 0.00767673 0.00458145 0.00600556 -0.00043019 
998.00000000 0.36108818 0.09030221 0.53081837 0.00766319 0.00456969 0.00598926 -0.00043089 
999.00000000 0.36146152 0.09029611 0.53049338 0.00764966 0.00455796 0.00597296 -0.00043159 
