0.00000000 0.00000000 -0.00000000 -0.00000000 -0.00000000 -0.00000000 1.00000000 -0.00000000 
1.00000000 0.00000666 0.00000494 0.00000327 0.00001027 0.00023332 0.99968563 0.00005591 
2.00000000 0.00002661 0.00001976 0.00001308 0.00004120 0.00093260 0.99874335 0.00022341 
3.00000000 0.00005978 0.00004443 0.00002942 0.00009322 0.00209568 0.99717564 0.00050183 
4.00000000 0.00010605 0.00007894 0.00005228 0.00016701 0.00371901 0.99498666 0.00089005 
5.00000000 0.00016525 0.00012325 0.00008164 0.00026351 0.00579765 0.99218214 0.00138654 
6.00000000 0.00023718 0.00017732 0.00011750 0.00038394 0.00832536 0.98876937 0.00198933 
7.00000000 0.00032158 0.00024109 0.00015982 0.00052974 0.01129462 0.98475708 0.00269607 
8.00000000 0.00041815 0.00031450 0.00020859 0.00070262 0.01469670 0.98015541 0.00350404 
9.00000000 0.00052656 0.00039749 0.00026378 0.00090449 0.01852173 0.97497580 0.00441014 
10.00000000 0.00064644 0.00048999 0.00032537 0.00113749 0.02275879 0.96923095 0.00541097 
11.00000000 0.00077738 0.00059193 0.00039333 0.00140395 0.02739590 0.96293470 0.00650281 
12.00000000 0.00091893 0.00070322 0.00046763 0.00170638 0.03242015 0.95610203 0.00768166 
13.00000000 0.00107062 0.00082379 0.00054825 0.00204745 0.03781773 0.94874893 0.00894323 
14.00000000 0.00123195 0.00095356 0.00063515 0.00242996 0.04357397 0.94089239 0.01028302 
15.00000000 0.00140238 0.00109245 0.00072829 0.00285686 0.04967344 0.93255029 0.01169629 
16.00000000 0.00158134 0.00124037 0.00082763 0.00333117 0.05609996 0.92374141 0.01317812 
17.00000000 0.00176826 0.00139725 0.00093312 0.00385600 0.06283668 0.91448529 0.01472339 
18.00000000 0.00196253 0.00156301 0.00104471 0.00443452 0.06986617 0.90480221 0.01632686 
19.00000000 0.00216350 0.00173756 0.00116234 0.00506991 0.07717044 0.89471307 0.01798317 
20.00000000 0.00237053 0.00192085 0.00128596 0.00576537 0.08473106 0.88423938 0.01968685 
21.00000000 0.00258296 0.00211278 0.00141548 0.00652409 0.09252919 0.87340312 0.02143238 
22.00000000 0.00280011 0.00231330 0.00155084 0.00734918 0.10054568 0.86222670 0.02321419 
23.00000000 0.00302128 0.00252233 0.00169196 0.00824372 0.10876114 0.85073285 0.02502672 
24.00000000 0.00324577 0.00273983 0.00183873 0.00921067 0.11715598 0.83894462 0.02686439 
25.00000000 0.00347289 0.00296571 0.00199108 0.01025290 0.12571050 0.82688523 0.02872169 
26.00000000 0.00370191 0.00319994 0.00214888 0.01137312 0.13440493 0.81457806 0.03059314 
27.00000000 0.00393214 0.00344246 0.00231204 0.01257389 0.14321951 0.80204659 0.03247336 
28.00000000 0.00416284 0.00369322 0.00248042 0.01385759 0.15213452 0.78931434 0.03435707 
29.00000000 0.00439332 0.00395217 0.00265390 0.01522638 0.16113033 0.77640480 0.03623910 
30.00000000 0.00462287 0.00421926 0.00283232 0.01668222 0.17018750 0.76334140 0.03811442 
31.00000000 0.00485079 0.00449446 0.00301554 0.01822681 0.17928678 0.75014746 0.03997817 
32.00000000 0.00507639 0.00477772 0.00320338 0.01986160 0.18840918 0.73684610 0.04182564 
33.00000000 0.00529899 0.00506899 0.00339569 0.02158774 0.19753604 0.72346021 0.04365234 
34.00000000 0.00551794 0.00536823 0.00359227 0.02340612 0.20664910 0.71001236 0.04545398 
35.00000000 0.00573259 0.00567539 0.00379294 0.02531729 0.21573051 0.69652477 0.04722650 
36.00000000 0.00594232 0.00599042 0.00399750 0.02732150 0.22476292 0.68301924 0.04896610 
37.00000000 0.00614652 0.00631327 0.00420574 0.02941867 0.23372951 0.66951709 0.05066920 
38.00000000 0.00634463 0.00664386 0.00441746 0.03160836 0.24261404 0.65603912 0.05233253 
39.00000000 0.00653609 0.00698212 0.00463245 0.03388981 0.25140087 0.64260559 0.05395307 
40.00000000 0.00672039 0.00732799 0.00485049 0.03626189 0.26007500 0.62923617 0.05552807 
41.00000000 0.00689704 0.00768135 0.00507136 0.03872313 0.26862210 0.61594992 0.05705510 
42.00000000 0.00706558 0.00804212 0.00529484 0.04127168 0.27702850 0.60276530 0.05853198 
43.00000000 0.00722560 0.00841017 0.00552070 0.04390536 0.28528122 0.58970012 0.05995683 
44.00000000 0.00737672 0.00878537 0.00574872 0.04662162 0.29336796 0.57677155 0.06132806 
45.00000000 0.00751858 0.00916758 0.00597867 0.04941756 0.30127716 0.56399611 0.06264434 
46.00000000 0.00765088 0.00955662 0.00621034 0.05228994 0.30899794 0.55138963 0.06390465 
47.00000000 0.00777335 0.00995231 0.00644349 0.05523518 0.31652016 0.53896728 0.06510822 
48.00000000 0.00788578 0.01035445 0.00667793 0.05824936 0.32383444 0.52674349 0.06625456 
49.00000000 0.00798796 0.01076281 0.00691342 0.06132826 0.33093213 0.51473195 0.06734346 
50.00000000 0.00807977 0.01117714 0.00714979 0.06446735 0.33780536 0.50294563 0.06837497 
51.00000000 0.00816112 0.01159716 0.00738682 0.06766181 0.34444701 0.49139669 0.06934940 
52.00000000 0.00823195 0.01202259 0.00762433 0.07090654 0.35085075 0.48009653 0.07026731 
53.00000000 0.00829227 0.01245310 0.00786217 0.07419620 0.35701104 0.46905572 0.07112951 
54.00000000 0.00834212 0.01288835 0.00810016 0.07752521 0.36292307 0.45828408 0.07193703 
55.00000000 0.00838160 0.01332796 0.00833815 0.08088777 0.36858279 0.44779060 0.07269112 
56.00000000 0.00841086 0.01377155 0.00857603 0.08427791 0.37398687 0.43758354 0.07339324 
57.00000000 0.00843008 0.01421868 0.00881367 0.08768946 0.37913269 0.42767038 0.07404504 
58.00000000 0.00843950 0.01466892 0.00905097 0.09111613 0.38401827 0.41805790 0.07464832 
59.00000000 0.00843939 0.01512178 0.00928784 0.09455150 0.38864229 0.40875214 0.07520505 
60.00000000 0.00843008 0.01557677 0.00952424 0.09798905 0.39300402 0.39975850 0.07571734 
61.00000000 0.00841193 0.01603338 0.00976009 0.10142218 0.39710332 0.39108169 0.07618741 
62.00000000 0.00838535 0.01649105 0.00999539 0.10484427 0.40094058 0.38272577 0.07661759 
63.00000000 0.00835079 0.01694922 0.01023011 0.10824866 0.40451676 0.37469418 0.07701029 
64.00000000 0.00830873 0.01740730 0.01046426 0.11162872 0.40783328 0.36698970 0.07736800 
65.00000000 0.00825970 0.01786469 0.01069788 0.11497784 0.41089209 0.35961451 0.07769329 
66.00000000 0.00820427 0.01832075 0.01093102 0.11828948 0.41369559 0.35257015 0.07798875 
67.00000000 0.00814302 0.01877485 0.01116373 0.12155722 0.41624664 0.34585754 0.07825700 
68.00000000 0.00807659 0.01922632 0.01139612 0.12477473 0.41854851 0.33947703 0.07850071 
69.00000000 0.00800563 0.01967451 0.01162829 0.12793584 0.42060488 0.33342834 0.07872251 
70.00000000 0.00793085 0.02011873 0.01186036 0.13103456 0.42241979 0.32771066 0.07892505 
71.00000000 0.00785294 0.02055828 0.01209248 0.13406510 0.42399761 0.32232265 0.07911094 
72.00000000 0.00777265 0.02099249 0.01232482 0.13702187 0.42534300 0.31726244 0.07928273 
73.00000000 0.00769074 0.02142064 0.01255756 0.13989955 0.42646086 0.31252772 0.07944294 
74.00000000 0.00760797 0.02184204 0.01279088 0.14269305 0.42735634 0.30811573 0.07959399 
75.00000000 0.00752513 0.02225600 0.01302502 0.14539758 0.42803472 0.30402331 0.07973825 
76.00000000 0.00744303 0.02266181 0.01326018 0.14800863 0.42850148 0.30024692 0.07987795 
77.00000000 0.00736247 0.02305878 0.01349663 0.15052203 0.42876218 0.29678265 0.08001526 
78.00000000 0.00728426 0.02344624 0.01373460 0.15293392 0.42882251 0.29362629 0.08015219 
79.00000000 0.00720921 0.02382352 0.01397437 0.15524078 0.42868822 0.29077325 0.08029066 
80.00000000 0.00713814 0.02418995 0.01421621 0.15743946 0.42836512 0.28821868 0.08043244 
81.00000000 0.00707186 0.02454490 0.01446041 0.15952717 0.42785910 0.28595739 0.08057918 
82.00000000 0.00701117 0.02488775 0.01470727 0.16150151 0.42717605 0.28398388 0.08073237 
83.00000000 0.00695687 0.02521790 0.01495708 0.16336045 0.42632190 0.28229241 0.08089338 
84.00000000 0.00690973 0.02553476 0.01521016 0.16510239 0.42530260 0.28087693 0.08106342 
85.00000000 0.00687054 0.02583780 0.01546682 0.16672608 0.42412406 0.27973115 0.08124355 
86.00000000 0.00684003 0.02612649 0.01572737 0.16823070 0.42279220 0.27884854 0.08143467 
87.00000000 0.00681894 0.02640034 0.01599213 0.16961581 0.42131287 0.27822236 0.08163756 
88.00000000 0.00680796 0.02665890 0.01626141 0.17088135 0.41969187 0.27784569 0.08185281 
89.00000000 0.00680778 0.02690173 0.01653553 0.17202767 0.41793494 0.27771145 0.08208089 
90.00000000 0.00681905 0.02712846 0.01681481 0.17305547 0.41604770 0.27781241 0.08232210 
91.00000000 0.00684238 0.02733874 0.01709956 0.17396582 0.41403569 0.27814122 0.08257660 
92.00000000 0.00687835 0.02753225 0.01739007 0.17476014 0.41190435 0.27869044 0.08284440 
93.00000000 0.00692751 0.02770872 0.01768666 0.17544022 0.40965898 0.27945251 0.08312539 
94.00000000 0.00699036 0.02786794 0.01798962 0.17600814 0.40730482 0.28041980 0.08341931 
95.00000000 0.00706738 0.02800970 0.01829924 0.17646634 0.40484696 0.28158461 0.08372578 
96.00000000 0.00715898 0.02813389 0.01861578 0.17681751 0.40229043 0.28293912 0.08404429 
97.00000000 0.00726555 0.02824038 0.01893954 0.17706469 0.39964013 0.28447548 0.08437422 
98.00000000 0.00738743 0.02832914 0.01927076 0.17721114 0.39690091 0.28618575 0.08471487 
99.00000000 0.00752491 0.02840016 0.01960970 0.17726041 0.39407751 0.28806190 0.08506541 
100.00000000 0.00767822 0.02845347 0.01995659 0.17721627 0.39117460 0.29009589 0.08542495 
101.00000000 0.00784758 0.02848918 0.02031167 0.17708270 0.38819678 0.29227960 0.08579250 
102.00000000 0.00803311 0.02850739 0.02067514 0.17686389 0.38514857 0.29460487 0.08616702 
103.00000000 0.00823493 0.02850830 0.02104720 0.17656418 0.38203444 0.29706354 0.08654740 
104.00000000 0.00845308 0.02849213 0.02142804 0.17618806 0.37885875 0.29964742 0.08693250 
105.00000000 0.00868756 0.02845915 0.02181783 0.17574014 0.37562585 0.30234834 0.08732112 
106.00000000 0.00893831 0.02840966 0.02221673 0.17522514 0.37233998 0.30515814 0.08771205 
107.00000000 0.00920523 0.02834402 0.02262487 0.17464781 0.36900536 0.30806866 0.08810404 
108.00000000 0.00948817 0.02826262 0.02304238 0.17401301 0.36562616 0.31107181 0.08849585 
109.00000000 0.00978692 0.02816591 0.02346936 0.17332557 0.36220651 0.31415950 0.08888623 
110.00000000 0.01010123 0.02805435 0.02390593 0.17259036 0.35875051 0.31732368 0.08927394 
111.00000000 0.01043080 0.02792846 0.02435215 0.17181222 0.35526226 0.32055636 0.08965776 
112.00000000 0.01077528 0.02778878 0.02480809 0.17099597 0.35174584 0.32384955 0.09003648 
113.00000000 0.01113428 0.02763591 0.02527380 0.17014638 0.34820535 0.32719534 0.09040895 
114.00000000 0.01150736 0.02747045 0.02574932 0.16926813 0.34464487 0.33058582 0.09077405 
115.00000000 0.01189404 0.02729306 0.02623468 0.16836583 0.34106852 0.33401316 0.09113071 
116.00000000 0.01229380 0.02710442 0.02672987 0.16744399 0.33748044 0.33746956 0.09147792 
117.00000000 0.01270609 0.02690523 0.02723490 0.16650700 0.33388476 0.34094730 0.09181473 
118.00000000 0.01313029 0.02669623 0.02774975 0.16555910 0.33028566 0.34443871 0.09214027 
119.00000000 0.01356578 0.02647817 0.02827437 0.16460439 0.32668733 0.34793622 0.09245375 
120.00000000 0.01401189 0.02625183 0.02880873 0.16364680 0.32309398 0.35143232 0.09275444 
121.00000000 0.01446792 0.02601801 0.02935277 0.16269010 0.31950985 0.35491963 0.09304173 
122.00000000 0.01493314 0.02577752 0.02990640 0.16173783 0.31593918 0.35839085 0.09331507 
123.00000000 0.01540680 0.02553120 0.03046955 0.16079338 0.31238626 0.36183879 0.09357402 
124.00000000 0.01588811 0.02527989 0.03104211 0.15985989 0.30885537 0.36525640 0.09381823 
125.00000000 0.01637627 0.02502444 0.03162397 0.15894032 0.30535084 0.36863673 0.09404743 
126.00000000 0.01687045 0.02476571 0.03221501 0.15803740 0.30187700 0.37197294 0.09426148 
127.00000000 0.01736983 0.02450457 0.03281510 0.15715365 0.29843819 0.37525837 0.09446031 
128.00000000 0.01787354 0.02424189 0.03342409 0.15629135 0.29503877 0.37848643 0.09464394 
129.00000000 0.01838071 0.02397854 0.03404184 0.15545258 0.29168310 0.38165072 0.09481251 
130.00000000 0.01889049 0.02371540 0.03466819 0.15463921 0.28837554 0.38474495 0.09496623 
131.00000000 0.01940197 0.02345333 0.03530298 0.15385287 0.28512043 0.38776299 0.09510542 
132.00000000 0.01991429 0.02319321 0.03594603 0.15309500 0.28192210 0.39069889 0.09523048 
133.00000000 0.02042656 0.02293590 0.03659716 0.15236682 0.27878484 0.39354683 0.09534189 
134.00000000 0.02093790 0.02268223 0.03725619 0.15166935 0.27571290 0.39630120 0.09544023 
135.00000000 0.02144743 0.02243306 0.03792293 0.15100341 0.27271047 0.39895656 0.09552615 
136.00000000 0.02195429 0.02218921 0.03859718 0.15036962 0.26978169 0.40150765 0.09560037 
137.00000000 0.02245761 0.02195148 0.03927873 0.14976843 0.26693063 0.40394942 0.09566369 
138.00000000 0.02295657 0.02172068 0.03996738 0.14920010 0.26416126 0.40627705 0.09571696 
139.00000000 0.02345032 0.02149758 0.04066291 0.14866472 0.26147747 0.40848589 0.09576111 
140.00000000 0.02393805 0.02128293 0.04136509 0.14816224 0.25888303 0.41057155 0.09579711 
141.00000000 0.02441898 0.02107747 0.04207369 0.14769245 0.25638162 0.41252983 0.09582597 
142.00000000 0.02489233 0.02088189 0.04278850 0.14725500 0.25397676 0.41435678 0.09584874 
143.00000000 0.02535735 0.02069689 0.04350928 0.14684942 0.25167187 0.41604868 0.09586652 
144.00000000 0.02581333 0.02052311 0.04423579 0.14647513 0.24947018 0.41760205 0.09588041 
145.00000000 0.02625957 0.02036118 0.04496780 0.14613145 0.24737479 0.41901367 0.09589154 
146.00000000 0.02669542 0.02021171 0.04570508 0.14581761 0.24538861 0.42028053 0.09590105 
147.00000000 0.02712024 0.02007524 0.04644739 0.14553275 0.24351435 0.42139992 0.09591010 
148.00000000 0.02753345 0.01995231 0.04719452 0.14527597 0.24175456 0.42236937 0.09591983 
149.00000000 0.02793449 0.01984341 0.04794621 0.14504629 0.24011154 0.42318668 0.09593138 
150.00000000 0.02832283 0.01974902 0.04870226 0.14484270 0.23858741 0.42384990 0.09594587 
151.00000000 0.02869799 0.01966955 0.04946243 0.14466416 0.23718405 0.42435739 0.09596443 
152.00000000 0.02905954 0.01960539 0.05022648 0.14450962 0.23590310 0.42470775 0.09598813 
153.00000000 0.02940706 0.01955689 0.05099416 0.14437798 0.23474600 0.42489988 0.09601803 
154.00000000 0.02974020 0.01952435 0.05176521 0.14426820 0.23371392 0.42493297 0.09605515 
155.00000000 0.03005862 0.01950805 0.05253941 0.14417920 0.23280780 0.42480646 0.09610046 
156.00000000 0.03036207 0.01950821 0.05331650 0.14410995 0.23202830 0.42452008 0.09615490 
157.00000000 0.03065029 0.01952501 0.05409625 0.14405943 0.23137584 0.42407385 0.09621934 
158.00000000 0.03092309 0.01955862 0.05487843 0.14402665 0.23085058 0.42346805 0.09629459 
159.00000000 0.03118034 0.01960912 0.05566280 0.14401068 0.23045240 0.42270325 0.09638141 
160.00000000 0.03142193 0.01967659 0.05644916 0.14401062 0.23018092 0.42178030 0.09648049 
161.00000000 0.03164779 0.01976104 0.05723728 0.14402562 0.23003550 0.42070032 0.09659245 
162.00000000 0.03185791 0.01986246 0.05802696 0.14405489 0.23001522 0.41946470 0.09671785 
163.00000000 0.03205232 0.01998079 0.05881800 0.14409771 0.23011891 0.41807510 0.09685717 
164.00000000 0.03223109 0.02011591 0.05961020 0.14415341 0.23034512 0.41653345 0.09701082 
165.00000000 0.03239434 0.02026769 0.06040337 0.14422137 0.23069215 0.41484195 0.09717913 
166.00000000 0.03254221 0.02043594 0.06119735 0.14430107 0.23115803 0.41300305 0.09736235 
167.00000000 0.03267490 0.02062043 0.06199196 0.14439204 0.23174057 0.41101944 0.09756066 
168.00000000 0.03279265 0.02082091 0.06278703 0.14449388 0.23243730 0.40889407 0.09777417 
169.00000000 0.03289572 0.02103706 0.06358242 0.14460624 0.23324554 0.40663013 0.09800289 
170.00000000 0.03298444 0.02126854 0.06437798 0.14472887 0.23416234 0.40423105 0.09824678 
171.00000000 0.03305914 0.02151498 0.06517357 0.14486156 0.23518458 0.40170046 0.09850572 
172.00000000 0.03312021 0.02177595 0.06596907 0.14500417 0.23630889 0.39904222 0.09877950 
173.00000000 0.03316806 0.02205101 0.06676437 0.14515662 0.23753169 0.39626040 0.09906785 
174.00000000 0.03320313 0.02233967 0.06755935 0.14531889 0.23884924 0.39335928 0.09937044 
175.00000000 0.03322591 0.02264141 0.06835392 0.14549100 0.24025759 0.39034330 0.09968687 
176.00000000 0.03323690 0.02295569 0.06914798 0.14567303 0.24175263 0.38721711 0.10001666 
177.00000000 0.03323663 0.02328192 0.06994146 0.14586511 0.24333009 0.38398550 0.10035929 
178.00000000 0.03322564 0.02361951 0.07073429 0.14606741 0.24498555 0.38065343 0.10071417 
179.00000000 0.03320453 0.02396781 0.07152639 0.14628011 0.24671446 0.37722602 0.10108067 
180.00000000 0.03317388 0.02432618 0.07231773 0.14650345 0.24851216 0.37370851 0.10145810 
181.00000000 0.03313431 0.02469393 0.07310825 0.14673769 0.25037385 0.37010625 0.10184573 
182.00000000 0.03308645 0.02507035 0.07389792 0.14698309 0.25229467 0.36642473 0.10224278 
183.00000000 0.03303096 0.02545474 0.07468671 0.14723994 0.25426967 0.36266952 0.10264845 
184.00000000 0.03296848 0.02584635 0.07547460 0.14750855 0.25629383 0.35884629 0.10306190 
185.00000000 0.03289969 0.02624444 0.07626157 0.14778920 0.25836209 0.35496076 0.10348225 
186.00000000 0.03282526 0.02664823 0.07704763 0.14808220 0.26046934 0.35101873 0.10390862 
187.00000000 0.03274588 0.02705696 0.07783276 0.14838783 0.26261045 0.34702604 0.10434009 
188.00000000 0.03266222 0.02746984 0.07861697 0.14870637 0.26478029 0.34298858 0.10477574 
189.00000000 0.03257499 0.02788607 0.07940028 0.14903808 0.26697371 0.33891224 0.10521464 
190.00000000 0.03248485 0.02830488 0.08018270 0.14938319 0.26918561 0.33480293 0.10565584 
191.00000000 0.03239251 0.02872545 0.08096426 0.14974191 0.27141089 0.33066656 0.10609841 
192.00000000 0.03229863 0.02914700 0.08174499 0.15011442 0.27364451 0.32650903 0.10654142 
193.00000000 0.03220390 0.02956873 0.08252490 0.15050087 0.27588148 0.32233619 0.10698393 
194.00000000 0.03210897 0.02998985 0.08330404 0.15090134 0.27811688 0.31815388 0.10742504 
195.00000000 0.03201449 0.03040958 0.08408245 0.15131590 0.28034586 0.31396786 0.10786385 
196.00000000 0.03192112 0.03082715 0.08486015 0.15174458 0.28256368 0.30978384 0.10829947 
197.00000000 0.03182948 0.03124180 0.08563719 0.15218732 0.28476567 0.30560747 0.10873106 
198.00000000 0.03174018 0.03165277 0.08641362 0.15264406 0.28694730 0.30144427 0.10915779 
199.00000000 0.03165382 0.03205934 0.08718947 0.15311465 0.28910415 0.29729972 0.10957885 
200.00000000 0.03157098 0.03246078 0.08796478 0.15359892 0.29123191 0.29317914 0.10999350 
201.00000000 0.03149221 0.03285640 0.08873959 0.15409661 0.29332644 0.28908778 0.11040099 
202.00000000 0.03141805 0.03324551 0.08951395 0.15460742 0.29538372 0.28503072 0.11080064 
203.00000000 0.03134901 0.03362746 0.09028789 0.15513102 0.29739988 0.28101293 0.11119179 
204.00000000 0.03128559 0.03400163 0.09106146 0.15566698 0.29937124 0.27703925 0.11157385 
205.00000000 0.03122826 0.03436739 0.09183467 0.15621485 0.30129425 0.27311433 0.11194625 
206.00000000 0.03117744 0.03472417 0.09260757 0.15677412 0.30316554 0.26924268 0.11230847 
207.00000000 0.03113357 0.03507141 0.09338018 0.15734422 0.30498192 0.26542866 0.11266004 
208.00000000 0.03109702 0.03540860 0.09415252 0.15792453 0.30674037 0.26167642 0.11300054 
209.00000000 0.03106816 0.03573523 0.09492462 0.15851438 0.30843806 0.25798997 0.11332959 
210.00000000 0.03104732 0.03605083 0.09569649 0.15911307 0.31007232 0.25437310 0.11364686 
211.00000000 0.03103480 0.03635499 0.09646814 0.15971984 0.31164070 0.25082944 0.11395208 
212.00000000 0.03103089 0.03664730 0.09723958 0.16033389 0.31314091 0.24736241 0.11424502 
213.00000000 0.03103583 0.03692739 0.09801081 0.16095439 0.31457085 0.24397524 0.11452549 
214.00000000 0.03104983 0.03719492 0.09878182 0.16158047 0.31592863 0.24067096 0.11479337 
215.00000000 0.03107309 0.03744961 0.09955261 0.16221123 0.31721253 0.23745238 0.11504856 
216.00000000 0.03110577 0.03769118 0.10032316 0.16284574 0.31842100 0.23432213 0.11529102 
217.00000000 0.03114799 0.03791940 0.10109345 0.16348306 0.31955272 0.23128262 0.11552076 
218.00000000 0.03119988 0.03813407 0.10186346 0.16412220 0.32060651 0.22833606 0.11573782 
219.00000000 0.03126150 0.03833504 0.10263315 0.16476219 0.32158139 0.22548445 0.11594229 
220.00000000 0.03133289 0.03852216 0.10340249 0.16540202 0.32247657 0.22272957 0.11613430 
221.00000000 0.03141410 0.03869536 0.10417143 0.16604068 0.32329141 0.22007301 0.11631402 
222.00000000 0.03150510 0.03885455 0.10493993 0.16667717 0.32402546 0.21751614 0.11648164 
223.00000000 0.03160588 0.03899972 0.10570794 0.16731047 0.32467843 0.21506014 0.11663741 
224.00000000 0.03171638 0.03913087 0.10647540 0.16793958 0.32525021 0.21270598 0.11678159 
225.00000000 0.03183652 0.03924802 0.10724225 0.16856349 0.32574082 0.21045443 0.11691448 
226.00000000 0.03196620 0.03935123 0.10800842 0.16918123 0.32615045 0.20830606 0.11703640 
227.00000000 0.03210531 0.03944061 0.10877385 0.16979183 0.32647945 0.20626125 0.11714770 
228.00000000 0.03225370 0.03951626 0.10953847 0.17039432 0.32672830 0.20432020 0.11724875 
229.00000000 0.03241120 0.03957835 0.11030219 0.17098780 0.32689763 0.20248290 0.11733995 
230.00000000 0.03257763 0.03962703 0.11106494 0.17157135 0.32698819 0.20074917 0.11742169 
231.00000000 0.03275281 0.03966251 0.11182663 0.17214411 0.32700086 0.19911867 0.11749441 
232.00000000 0.03293650 0.03968500 0.11258719 0.17270525 0.32693666 0.19759085 0.11755853 
233.00000000 0.03312849 0.03969476 0.11334654 0.17325396 0.32679671 0.19616503 0.11761451 
234.00000000 0.03332852 0.03969205 0.11410457 0.17378950 0.32658223 0.19484035 0.11766278 
235.00000000 0.03353634 0.03967715 0.11486121 0.17431114 0.32629457 0.19361579 0.11770381 
236.00000000 0.03375167 0.03965036 0.11561637 0.17481820 0.32593516 0.19249019 0.11773805 
237.00000000 0.03397424 0.03961201 0.11636996 0.17531008 0.32550552 0.19146223 0.11776596 
238.00000000 0.03420376 0.03956242 0.11712190 0.17578618 0.32500727 0.19053047 0.11778799 
239.00000000 0.03443992 0.03950196 0.11787210 0.17624598 0.32444210 0.18969333 0.11780460 
240.00000000 0.03468243 0.03943098 0.11862047 0.17668902 0.32381177 0.18894910 0.11781624 
241.00000000 0.03493096 0.03934985 0.11936694 0.17711486 0.32311812 0.18829594 0.11782333 
242.00000000 0.03518520 0.03925896 0.12011141 0.17752315 0.32236305 0.18773193 0.11782630 
243.00000000 0.03544484 0.03915870 0.12085382 0.17791356 0.32154850 0.18725500 0.11782558 
244.00000000 0.03570954 0.03904947 0.12159409 0.17828585 0.32067647 0.18686301 0.11782156 
245.00000000 0.03597898 0.03893167 0.12233215 0.17863982 0.31974903 0.18655372 0.11781463 
246.00000000 0.03625284 0.03880572 0.12306792 0.17897533 0.31876825 0.18632479 0.11780516 
247.00000000 0.03653078 0.03867203 0.12380134 0.17929228 0.31773627 0.18617380 0.11779350 
248.00000000 0.03681249 0.03853101 0.12453236 0.17959066 0.31665523 0.18609827 0.11777999 
249.00000000 0.03709763 0.03838309 0.12526091 0.17987047 0.31552731 0.18609563 0.11776496 
250.00000000 0.03738589 0.03822867 0.12598694 0.18013181 0.31435473 0.18616327 0.11774869 
251.00000000 0.03767695 0.03806818 0.12671041 0.18037482 0.31313969 0.18629849 0.11773146 
252.00000000 0.03797049 0.03790204 0.12743128 0.18059967 0.31188442 0.18649858 0.11771353 
253.00000000 0.03826621 0.03773064 0.12814950 0.18080660 0.31059116 0.18676074 0.11769514 
254.00000000 0.03856379 0.03755442 0.12886504 0.18099592 0.30926216 0.18708217 0.11767651 
255.00000000 0.03886295 0.03737376 0.12957789 0.18116795 0.30789964 0.18746000 0.11765781 
256.00000000 0.03916339 0.03718906 0.13028801 0.18132308 0.30650586 0.18789136 0.11763924 
257.00000000 0.03946482 0.03700073 0.13099539 0.18146175 0.30508303 0.18837334 0.11762093 
258.00000000 0.03976697 0.03680915 0.13170003 0.18158443 0.30363339 0.18890302 0.11760302 
259.00000000 0.04006956 0.03661470 0.13240190 0.18169164 0.30215913 0.18947746 0.11758561 
260.00000000 0.04037234 0.03641775 0.13310102 0.18178392 0.30066246 0.19009370 0.11756881 
261.00000000 0.04067505 0.03621867 0.13379739 0.18186188 0.29914553 0.19074880 0.11755268 
262.00000000 0.04097743 0.03601782 0.13449102 0.18192614 0.29761052 0.19143980 0.11753727 
263.00000000 0.04127926 0.03581555 0.13518192 0.18197736 0.29605954 0.19216375 0.11752262 
264.00000000 0.04158030 0.03561220 0.13587011 0.18201622 0.29449469 0.19291772 0.11750875 
265.00000000 0.04188034 0.03540810 0.13655561 0.18204344 0.29291806 0.19369878 0.11749566 
266.00000000 0.04217915 0.03520358 0.13723847 0.18205976 0.29133169 0.19450400 0.11748335 
267.00000000 0.04247654 0.03499894 0.13791869 0.18206594 0.28973760 0.19533051 0.11747178 
268.00000000 0.04277231 0.03479450 0.13859633 0.18206275 0.28813776 0.19617543 0.11746092 
269.00000000 0.04306627 0.03459056 0.13927142 0.18205099 0.28653413 0.19703592 0.11745072 
270.00000000 0.04335824 0.03438739 0.13994401 0.18203145 0.28492862 0.19790917 0.11744112 
271.00000000 0.04364806 0.03418527 0.14061413 0.18200497 0.28332310 0.19879239 0.11743207 
272.00000000 0.04393555 0.03398449 0.14128185 0.18197236 0.28171942 0.19968285 0.11742348 
273.00000000 0.04422057 0.03378528 0.14194721 0.18193445 0.28011938 0.20057783 0.11741527 
274.00000000 0.04450297 0.03358792 0.14261027 0.18189207 0.27852472 0.20147468 0.11740737 
275.00000000 0.04478260 0.03339263 0.14327108 0.18184604 0.27693719 0.20237078 0.11739967 
276.00000000 0.04505934 0.03319966 0.14392971 0.18179719 0.27535844 0.20326355 0.11739210 
277.00000000 0.04533306 0.03300923 0.14458620 0.18174634 0.27379013 0.20415046 0.11738457 
278.00000000 0.04560364 0.03282155 0.14524063 0.18169430 0.27223384 0.20502906 0.11737698 
279.00000000 0.04587096 0.03263685 0.14589305 0.18164186 0.27069113 0.20589691 0.11736924 
280.00000000 0.04613493 0.03245531 0.14654353 0.18158981 0.26916350 0.20675165 0.11736127 
281.00000000 0.04639543 0.03227713 0.14719213 0.18153891 0.26765242 0.20759099 0.11735299 
282.00000000 0.04665238 0.03210251 0.14783891 0.18148991 0.26615931 0.20841266 0.11734431 
283.00000000 0.04690568 0.03193162 0.14848394 0.18144354 0.26468555 0.20921449 0.11733518 
284.00000000 0.04715525 0.03176463 0.14912728 0.18140051 0.26323245 0.20999436 0.11732552 
285.00000000 0.04740101 0.03160171 0.14976900 0.18136148 0.26180132 0.21075019 0.11731528 
286.00000000 0.04764289 0.03144301 0.15040915 0.18132712 0.26039339 0.21148002 0.11730441 
287.00000000 0.04788081 0.03128870 0.15104780 0.18129805 0.25900986 0.21218191 0.11729288 
288.00000000 0.04811471 0.03113891 0.15168501 0.18127486 0.25765187 0.21285400 0.11728065 
289.00000000 0.04834452 0.03099379 0.15232084 0.18125811 0.25632052 0.21349451 0.11726771 
290.00000000 0.04857018 0.03085346 0.15295535 0.18124834 0.25501687 0.21410174 0.11725405 
291.00000000 0.04879165 0.03071806 0.15358859 0.18124603 0.25374194 0.21467405 0.11723968 
292.00000000 0.04900886 0.03058771 0.15422062 0.18125166 0.25249667 0.21520986 0.11722461 
293.00000000 0.04922178 0.03046252 0.15485150 0.18126563 0.25128200 0.21570770 0.11720888 
294.00000000 0.04943035 0.03034259 0.15548129 0.18128834 0.25009877 0.21616615 0.11719252 
295.00000000 0.04963453 0.03022804 0.15611002 0.18132013 0.24894782 0.21658387 0.11717559 
296.00000000 0.04983428 0.03011896 0.15673776 0.18136132 0.24782990 0.21695962 0.11715816 
297.00000000 0.05002958 0.03001543 0.15736455 0.18141217 0.24674576 0.21729223 0.11714030 
298.00000000 0.05022037 0.02991755 0.15799043 0.18147292 0.24569605 0.21758058 0.11712210 
299.00000000 0.05040664 0.02982538 0.15861547 0.18154376 0.24468140 0.21782368 0.11710367 
300.00000000 0.05058836 0.02973901 0.15923969 0.18162485 0.24370239 0.21802059 0.11708512 
301.00000000 0.05076550 0.02965849 0.15986314 0.18171630 0.24275953 0.21817047 0.11706657 
302.00000000 0.05093804 0.02958389 0.16048587 0.18181819 0.24185332 0.21827253 0.11704816 
303.00000000 0.05110596 0.02951525 0.16110791 0.18193057 0.24098416 0.21832612 0.11703004 
304.00000000 0.05126925 0.02945263 0.16172930 0.18205343 0.24015243 0.21833062 0.11701235 
305.00000000 0.05142789 0.02939606 0.16235008 0.18218674 0.23935846 0.21828552 0.11699526 
306.00000000 0.05158187 0.02934557 0.16297028 0.18233044 0.23860250 0.21819040 0.11697894 
307.00000000 0.05173120 0.02930119 0.16358994 0.18248441 0.23788479 0.21804490 0.11696357 
308.00000000 0.05187586 0.02926293 0.16420910 0.18264854 0.23720548 0.21784876 0.11694932 
309.00000000 0.05201586 0.02923081 0.16482779 0.18282265 0.23656469 0.21760182 0.11693639 
310.00000000 0.05215121 0.02920482 0.16544603 0.18300653 0.23596247 0.21730396 0.11692497 
311.00000000 0.05228190 0.02918497 0.16606387 0.18319998 0.23539883 0.21695520 0.11691526 
312.00000000 0.05240796 0.02917124 0.16668133 0.18340273 0.23487372 0.21655559 0.11690744 
313.00000000 0.05252939 0.02916361 0.16729844 0.18361450 0.23438705 0.21610530 0.11690172 
314.00000000 0.05264623 0.02916204 0.16791523 0.18383500 0.23393865 0.21560456 0.11689830 
315.00000000 0.05275848 0.02916652 0.16853173 0.18406389 0.23352831 0.21505369 0.11689737 
316.00000000 0.05286620 0.02917698 0.16914798 0.18430083 0.23315578 0.21445310 0.11689913 
317.00000000 0.05296940 0.02919339 0.16976399 0.18454547 0.23282073 0.21380326 0.11690376 
318.00000000 0.05306812 0.02921567 0.17037981 0.18479741 0.23252280 0.21310473 0.11691146 
319.00000000 0.05316241 0.02924376 0.17099545 0.18505626 0.23226155 0.21235815 0.11692241 
320.00000000 0.05325232 0.02927758 0.17161094 0.18532163 0.23203651 0.21156423 0.11693678 
321.00000000 0.05333790 0.02931706 0.17222632 0.18559309 0.23184715 0.21072374 0.11695474 
322.00000000 0.05341921 0.02936208 0.17284161 0.18587022 0.23169288 0.20983755 0.11697645 
323.00000000 0.05349630 0.02941256 0.17345685 0.18615259 0.23157307 0.20890658 0.11700205 
324.00000000 0.05356926 0.02946838 0.17407205 0.18643976 0.23148702 0.20793184 0.11703170 
325.00000000 0.05363815 0.02952943 0.17468726 0.18673129 0.23143399 0.20691437 0.11706550 
326.00000000 0.05370305 0.02959558 0.17530249 0.18702675 0.23141320 0.20585532 0.11710360 
327.00000000 0.05376405 0.02966669 0.17591779 0.18732571 0.23142381 0.20475587 0.11714607 
328.00000000 0.05382124 0.02974263 0.17653317 0.18762773 0.23146493 0.20361727 0.11719302 
329.00000000 0.05387472 0.02982325 0.17714867 0.18793237 0.23153563 0.20244082 0.11724453 
330.00000000 0.05392457 0.02990839 0.17776432 0.18823923 0.23163492 0.20122791 0.11730065 
331.00000000 0.05397092 0.02999789 0.17838015 0.18854789 0.23176179 0.19997992 0.11736142 
332.00000000 0.05401388 0.03009158 0.17899619 0.18885795 0.23191516 0.19869835 0.11742689 
333.00000000 0.05405355 0.03018928 0.17961247 0.18916901 0.23209393 0.19738469 0.11749707 
334.00000000 0.05409006 0.03029082 0.18022903 0.18948070 0.23229695 0.19604050 0.11757195 
335.00000000 0.05412355 0.03039599 0.18084588 0.18979266 0.23252303 0.19466738 0.11765151 
336.00000000 0.05415414 0.03050461 0.18146307 0.19010453 0.23277095 0.19326697 0.11773573 
337.00000000 0.05418197 0.03061648 0.18208062 0.19041598 0.23303947 0.19184093 0.11782456 
338.00000000 0.05420718 0.03073139 0.18269857 0.19072669 0.23332729 0.19039097 0.11791791 
339.00000000 0.05422992 0.03084914 0.18331695 0.19103637 0.23363309 0.18891881 0.11801572 
340.00000000 0.05425034 0.03096950 0.18393578 0.19134474 0.23395555 0.18742621 0.11811788 
341.00000000 0.05426859 0.03109226 0.18455510 0.19165153 0.23429329 0.18591495 0.11822428 
342.00000000 0.05428484 0.03121720 0.18517494 0.19195650 0.23464492 0.18438682 0.11833478 
343.00000000 0.05429924 0.03134410 0.18579533 0.19225943 0.23500904 0.18284363 0.11844923 
344.00000000 0.05431197 0.03147272 0.18641629 0.19256011 0.23538423 0.18128720 0.11856749 
345.00000000 0.05432318 0.03160283 0.18703786 0.19285836 0.23576906 0.17971935 0.11868936 
346.00000000 0.05433306 0.03173421 0.18766006 0.19315401 0.23616207 0.17814192 0.11881466 
347.00000000 0.05434178 0.03186662 0.18828293 0.19344693 0.23656181 0.17655674 0.11894319 
348.00000000 0.05434951 0.03199982 0.18890649 0.19373698 0.23696683 0.17496565 0.11907472 
349.00000000 0.05435643 0.03213359 0.18953077 0.19402405 0.23737566 0.17337045 0.11920905 
350.00000000 0.05436272 0.03226768 0.19015579 0.19430806 0.23778686 0.17177298 0.11934591 
351.00000000 0.05436857 0.03240185 0.19078158 0.19458893 0.23819896 0.17017503 0.11948508 
352.00000000 0.05437416 0.03253588 0.19140816 0.19486660 0.23861052 0.16857839 0.11962629 
353.00000000 0.05437966 0.03266953 0.19203557 0.19514104 0.23902011 0.16698482 0.11976927 
354.00000000 0.05438526 0.03280257 0.19266381 0.19541222 0.23942631 0.16539607 0.11991376 
355.00000000 0.05439115 0.03293477 0.19329292 0.19568012 0.23982771 0.16381385 0.12005948 
356.00000000 0.05439750 0.03306590 0.19392291 0.19594475 0.24022294 0.16223986 0.12020614 
357.00000000 0.05440450 0.03319574 0.19455381 0.19620613 0.24061062 0.16067575 0.12035346 
358.00000000 0.05441232 0.03332406 0.19518563 0.19646426 0.24098943 0.15912315 0.12050114 
359.00000000 0.05442115 0.03345066 0.19581840 0.19671920 0.24135806 0.15758364 0.12064889 
360.00000000 0.05443117 0.03357530 0.19645213 0.19697097 0.24171523 0.15605877 0.12079643 
361.00000000 0.05444253 0.03369780 0.19708683 0.19721964 0.24205972 0.15455004 0.12094345 
362.00000000 0.05445542 0.03381793 0.19772253 0.19746524 0.24239030 0.15305890 0.12108966 
363.00000000 0.05447000 0.03393551 0.19835924 0.19770785 0.24270583 0.15158678 0.12123477 
364.00000000 0.05448644 0.03405034 0.19899698 0.19794753 0.24300518 0.15013503 0.12137850 
365.00000000 0.05450490 0.03416224 0.19963575 0.19818434 0.24328726 0.14870495 0.12152056 
366.00000000 0.05452552 0.03427101 0.20027557 0.19841834 0.24355106 0.14729782 0.12166067 
367.00000000 0.05454847 0.03437650 0.20091645 0.19864962 0.24379558 0.14591481 0.12179857 
368.00000000 0.05457389 0.03447852 0.20155840 0.19887822 0.24401990 0.14455709 0.12193397 
369.00000000 0.05460192 0.03457693 0.20220143 0.19910422 0.24422313 0.14322573 0.12206664 
370.00000000 0.05463270 0.03467156 0.20284556 0.19932768 0.24440444 0.14192176 0.12219630 
371.00000000 0.05466635 0.03476228 0.20349078 0.19954866 0.24456307 0.14064613 0.12232273 
372.00000000 0.05470300 0.03484894 0.20413710 0.19976720 0.24469829 0.13939977 0.12244570 
373.00000000 0.05474277 0.03493142 0.20478455 0.19998336 0.24480945 0.13818348 0.12256497 
374.00000000 0.05478576 0.03500959 0.20543311 0.20019717 0.24489595 0.13699807 0.12268035 
375.00000000 0.05483209 0.03508335 0.20608279 0.20040868 0.24495724 0.13584422 0.12279164 
376.00000000 0.05488185 0.03515259 0.20673361 0.20061790 0.24499284 0.13472259 0.12289864 
377.00000000 0.05493512 0.03521721 0.20738556 0.20082485 0.24500233 0.13363375 0.12300118 
378.00000000 0.05499199 0.03527713 0.20803866 0.20102955 0.24498535 0.13257821 0.12309910 
379.00000000 0.05505253 0.03533228 0.20869289 0.20123200 0.24494160 0.13155642 0.12319226 
380.00000000 0.05511682 0.03538259 0.20934828 0.20143219 0.24487083 0.13056877 0.12328052 
381.00000000 0.05518490 0.03542799 0.21000481 0.20163010 0.24477287 0.12961556 0.12336376 
382.00000000 0.05525684 0.03546844 0.21066250 0.20182571 0.24464759 0.12869705 0.12344187 
383.00000000 0.05533267 0.03550390 0.21132134 0.20201898 0.24449493 0.12781341 0.12351476 
384.00000000 0.05541242 0.03553434 0.21198134 0.20220988 0.24431489 0.12696478 0.12358234 
385.00000000 0.05549613 0.03555974 0.21264250 0.20239835 0.24410751 0.12615121 0.12364455 
386.00000000 0.05558381 0.03558009 0.21330482 0.20258432 0.24387291 0.12537269 0.12370134 
387.00000000 0.05567548 0.03559538 0.21396831 0.20276774 0.24361126 0.12462917 0.12375267 
388.00000000 0.05577112 0.03560562 0.21463295 0.20294853 0.24332276 0.12392051 0.12379851 
389.00000000 0.05587075 0.03561083 0.21529877 0.20312660 0.24300769 0.12324653 0.12383884 
390.00000000 0.05597433 0.03561104 0.21596574 0.20330187 0.24266636 0.12260699 0.12387366 
391.00000000 0.05608186 0.03560627 0.21663389 0.20347424 0.24229916 0.12200159 0.12390299 
392.00000000 0.05619329 0.03559657 0.21730320 0.20364362 0.24190649 0.12142998 0.12392685 
393.00000000 0.05630859 0.03558199 0.21797368 0.20380990 0.24148882 0.12089175 0.12394527 
394.00000000 0.05642772 0.03556260 0.21864533 0.20397298 0.24104665 0.12038644 0.12395829 
395.00000000 0.05655061 0.03553845 0.21931814 0.20413274 0.24058053 0.11991356 0.12396597 
396.00000000 0.05667721 0.03550963 0.21999212 0.20428908 0.24009103 0.11947255 0.12396838 
397.00000000 0.05680744 0.03547622 0.22066727 0.20444188 0.23957879 0.11906280 0.12396559 
398.00000000 0.05694124 0.03543832 0.22134359 0.20459103 0.23904446 0.11868368 0.12395767 
399.00000000 0.05707851 0.03539602 0.22202108 0.20473643 0.23848873 0.11833451 0.12394472 
400.00000000 0.05721917 0.03534942 0.22269973 0.20487796 0.23791231 0.11801456 0.12392685 
401.00000000 0.05736312 0.03529865 0.22337955 0.20501552 0.23731595 0.11772307 0.12390414 
402.00000000 0.05751025 0.03524382 0.22406054 0.20514900 0.23670042 0.11745924 0.12387672 
403.00000000 0.05766046 0.03518507 0.22474268 0.20527832 0.23606651 0.11722226 0.12384470 
404.00000000 0.05781364 0.03512251 0.22542600 0.20540337 0.23541503 0.11701125 0.12380820 
405.00000000 0.05796965 0.03505630 0.22611047 0.20552407 0.23474682 0.11682534 0.12376735 
406.00000000 0.05812839 0.03498657 0.22679610 0.20564034 0.23406272 0.11666361 0.12372227 
407.00000000 0.05828971 0.03491348 0.22748289 0.20575211 0.23336358 0.11652513 0.12367311 
408.00000000 0.05845348 0.03483718 0.22817083 0.20585933 0.23265028 0.11640893 0.12361998 
409.00000000 0.05861956 0.03475783 0.22885992 0.20596193 0.23192370 0.11631405 0.12356303 
410.00000000 0.05878780 0.03467558 0.22955016 0.20605987 0.23118471 0.11623948 0.12350240 
411.00000000 0.05895807 0.03459061 0.23024154 0.20615312 0.23043421 0.11618422 0.12343823 
412.00000000 0.05913021 0.03450309 0.23093406 0.20624167 0.22967308 0.11614725 0.12337065 
413.00000000 0.05930407 0.03441318 0.23162771 0.20632549 0.22890222 0.11612754 0.12329980 
414.00000000 0.05947948 0.03432107 0.23232249 0.20640459 0.22812251 0.11612404 0.12322582 
415.00000000 0.05965630 0.03422693 0.23301839 0.20647898 0.22733483 0.11613571 0.12314885 
416.00000000 0.05983436 0.03413095 0.23371541 0.20654869 0.22654007 0.11616150 0.12306902 
417.00000000 0.06001350 0.03403329 0.23441354 0.20661376 0.22573908 0.11620036 0.12298647 
418.00000000 0.06019355 0.03393415 0.23511277 0.20667423 0.22493274 0.11625123 0.12290133 
419.00000000 0.06037436 0.03383371 0.23581309 0.20673017 0.22412189 0.11631307 0.12281372 
420.00000000 0.06055576 0.03373214 0.23651449 0.20678165 0.22330736 0.11638483 0.12272377 
421.00000000 0.06073758 0.03362965 0.23721696 0.20682877 0.22248998 0.11646547 0.12263160 
422.00000000 0.06091966 0.03352639 0.23792049 0.20687161 0.22167056 0.11655395 0.12253734 
423.00000000 0.06110183 0.03342257 0.23862508 0.20691030 0.22084989 0.11664926 0.12244109 
424.00000000 0.06128393 0.03331836 0.23933070 0.20694495 0.22002874 0.11675037 0.12234296 
425.00000000 0.06146579 0.03321394 0.24003734 0.20697569 0.21920787 0.11685628 0.12224308 
426.00000000 0.06164727 0.03310950 0.24074500 0.20700268 0.21838801 0.11696601 0.12214153 
427.00000000 0.06182819 0.03300519 0.24145365 0.20702607 0.21756989 0.11707859 0.12203843 
428.00000000 0.06200840 0.03290121 0.24216328 0.20704601 0.21675419 0.11719305 0.12193386 
429.00000000 0.06218774 0.03279772 0.24287387 0.20706269 0.21594160 0.11730847 0.12182791 
430.00000000 0.06236606 0.03269489 0.24358540 0.20707629 0.21513276 0.11742391 0.12172069 
431.00000000 0.06254322 0.03259288 0.24429786 0.20708699 0.21432831 0.11753848 0.12161226 
432.00000000 0.06271906 0.03249186 0.24501123 0.20709499 0.21352884 0.11765131 0.12150271 
433.00000000 0.06289344 0.03239198 0.24572548 0.20710050 0.21273495 0.11776153 0.12139212 
434.00000000 0.06306622 0.03229340 0.24644060 0.20710371 0.21194718 0.11786832 0.12128056 
435.00000000 0.06323727 0.03219626 0.24715656 0.20710485 0.21116609 0.11797086 0.12116810 
436.00000000 0.06340645 0.03210072 0.24787334 0.20710413 0.21039218 0.11806838 0.12105481 
437.00000000 0.06357364 0.03200690 0.24859091 0.20710177 0.20962593 0.11816010 0.12094075 
438.00000000 0.06373871 0.03191496 0.24930925 0.20709798 0.20886782 0.11824531 0.12082597 
439.00000000 0.06390155 0.03182500 0.25002834 0.20709300 0.20811827 0.11832330 0.12071055 
440.00000000 0.06406204 0.03173717 0.25074813 0.20708703 0.20737772 0.11839338 0.12059453 
441.00000000 0.06422008 0.03165157 0.25146862 0.20708032 0.20664655 0.11845491 0.12047796 
442.00000000 0.06437555 0.03156832 0.25218976 0.20707307 0.20592513 0.11850727 0.12036090 
443.00000000 0.06452837 0.03148753 0.25291153 0.20706550 0.20521381 0.11854986 0.12024340 
444.00000000 0.06467844 0.03140930 0.25363390 0.20705784 0.20451291 0.11858212 0.12012550 
445.00000000 0.06482567 0.03133373 0.25435682 0.20705028 0.20382273 0.11860351 0.12000726 
446.00000000 0.06496998 0.03126089 0.25508029 0.20704305 0.20314355 0.11861353 0.11988870 
447.00000000 0.06511130 0.03119088 0.25580424 0.20703634 0.20247563 0.11861171 0.11976989 
448.00000000 0.06524956 0.03112378 0.25652866 0.20703035 0.20181921 0.11859758 0.11965086 
449.00000000 0.06538469 0.03105964 0.25725351 0.20702526 0.20117449 0.11857075 0.11953166 
450.00000000 0.06551663 0.03099854 0.25797875 0.20702127 0.20054167 0.11853081 0.11941232 
451.00000000 0.06564534 0.03094054 0.25870434 0.20701855 0.19992093 0.11847741 0.11929289 
452.00000000 0.06577076 0.03088568 0.25943024 0.20701726 0.19931241 0.11841023 0.11917342 
453.00000000 0.06589286 0.03083400 0.26015642 0.20701756 0.19871626 0.11832895 0.11905394 
454.00000000 0.06601160 0.03078556 0.26088284 0.20701961 0.19813258 0.11823332 0.11893449 
455.00000000 0.06612696 0.03074037 0.26160946 0.20702354 0.19756148 0.11812308 0.11881513 
456.00000000 0.06623890 0.03069846 0.26233623 0.20702948 0.19700302 0.11799803 0.11869588 
457.00000000 0.06634742 0.03065986 0.26306311 0.20703756 0.19645728 0.11785797 0.11857681 
458.00000000 0.06645251 0.03062457 0.26379007 0.20704787 0.19592428 0.11770276 0.11845794 
459.00000000 0.06655415 0.03059261 0.26451705 0.20706054 0.19540407 0.11753225 0.11833933 
460.00000000 0.06665236 0.03056396 0.26524402 0.20707563 0.19489664 0.11734636 0.11822103 
461.00000000 0.06674713 0.03053864 0.26597093 0.20709323 0.19440200 0.11714500 0.11810307 
462.00000000 0.06683848 0.03051662 0.26669774 0.20711341 0.19392011 0.11692812 0.11798551 
463.00000000 0.06692642 0.03049790 0.26742440 0.20713623 0.19345094 0.11669571 0.11786840 
464.00000000 0.06701099 0.03048244 0.26815088 0.20716172 0.19299444 0.11644776 0.11775178 
465.00000000 0.06709220 0.03047022 0.26887711 0.20718993 0.19255053 0.11618430 0.11763571 
466.00000000 0.06717009 0.03046121 0.26960306 0.20722088 0.19211914 0.11590538 0.11752023 
467.00000000 0.06724470 0.03045536 0.27032869 0.20725459 0.19170017 0.11561109 0.11740540 
468.00000000 0.06731607 0.03045264 0.27105394 0.20729106 0.19129351 0.11530152 0.11729126 
469.00000000 0.06738425 0.03045300 0.27177878 0.20733028 0.19089903 0.11497679 0.11717787 
470.00000000 0.06744930 0.03045638 0.27250315 0.20737224 0.19051660 0.11463706 0.11706528 
471.00000000 0.06751126 0.03046272 0.27322701 0.20741692 0.19014607 0.11428248 0.11695354 
472.00000000 0.06757020 0.03047196 0.27395031 0.20746429 0.18978728 0.11391325 0.11684271 
473.00000000 0.06762619 0.03048405 0.27467301 0.20751430 0.18944004 0.11352958 0.11673283 
474.00000000 0.06767929 0.03049889 0.27539507 0.20756690 0.18910418 0.11313170 0.11662396 
475.00000000 0.06772958 0.03051643 0.27611644 0.20762204 0.18877950 0.11271986 0.11651615 
476.00000000 0.06777713 0.03053658 0.27683707 0.20767966 0.18846578 0.11229434 0.11640944 
477.00000000 0.06782203 0.03055926 0.27755693 0.20773967 0.18816281 0.11185541 0.11630389 
478.00000000 0.06786435 0.03058438 0.27827596 0.20780202 0.18787036 0.11140338 0.11619954 
479.00000000 0.06790419 0.03061186 0.27899413 0.20786661 0.18758818 0.11093858 0.11609645 
480.00000000 0.06794163 0.03064161 0.27971139 0.20793336 0.18731602 0.11046135 0.11599465 
481.00000000 0.06797676 0.03067352 0.28042770 0.20800216 0.18705363 0.10997204 0.11589418 
482.00000000 0.06800969 0.03070751 0.28114302 0.20807294 0.18680072 0.10947103 0.11579510 
483.00000000 0.06804050 0.03074347 0.28185732 0.20814558 0.18655702 0.10895869 0.11569744 
484.00000000 0.06806929 0.03078130 0.28257054 0.20821997 0.18632223 0.10843543 0.11560123 
485.00000000 0.06809617 0.03082090 0.28328266 0.20829603 0.18609607 0.10790167 0.11550652 
486.00000000 0.06812123 0.03086216 0.28399364 0.20837362 0.18587822 0.10735782 0.11541332 
487.00000000 0.06814458 0.03090497 0.28470343 0.20845264 0.18566836 0.10680433 0.11532168 
488.00000000 0.06816634 0.03094923 0.28541201 0.20853298 0.18546618 0.10624164 0.11523162 
489.00000000 0.06818659 0.03099483 0.28611934 0.20861452 0.18527135 0.10567021 0.11514316 
490.00000000 0.06820545 0.03104165 0.28682539 0.20869715 0.18508353 0.10509051 0.11505632 
491.00000000 0.06822303 0.03108958 0.28753013 0.20878075 0.18490237 0.10450302 0.11497112 
492.00000000 0.06823944 0.03113850 0.28823352 0.20886521 0.18472753 0.10390822 0.11488757 
493.00000000 0.06825478 0.03118831 0.28893555 0.20895040 0.18455866 0.10330661 0.11480569 
494.00000000 0.06826916 0.03123889 0.28963617 0.20903623 0.18439539 0.10269869 0.11472546 
495.00000000 0.06828270 0.03129013 0.29033537 0.20912257 0.18423736 0.10208496 0.11464691 
496.00000000 0.06829550 0.03134190 0.29103312 0.20920931 0.18408421 0.10146593 0.11457003 
497.00000000 0.06830767 0.03139411 0.29172940 0.20929634 0.18393555 0.10084212 0.11449480 
498.00000000 0.06831932 0.03144662 0.29242419 0.20938357 0.18379102 0.10021406 0.11442123 
499.00000000 0.06833055 0.03149933 0.29311746 0.20947087 0.18365024 0.09958225 0.11434930 
500.00000000 0.06834147 0.03155213 0.29380920 0.20955816 0.18351283 0.09894724 0.11427898 
501.00000000 0.06835219 0.03160490 0.29449939 0.20964532 0.18337840 0.09830953 0.11421027 
502.00000000 0.06836281 0.03165754 0.29518801 0.20973227 0.18324658 0.09766967 0.11414312 
503.00000000 0.06837343 0.03170993 0.29587506 0.20981891 0.18311697 0.09702817 0.11407753 
504.00000000 0.06838416 0.03176196 0.29656051 0.20990515 0.18298921 0.09638556 0.11401344 
505.00000000 0.06839509 0.03181353 0.29724437 0.20999091 0.18286290 0.09574237 0.11395083 
506.00000000 0.06840632 0.03186453 0.29792661 0.21007610 0.18273767 0.09509912 0.11388965 
507.00000000 0.06841794 0.03191486 0.29860723 0.21016065 0.18261313 0.09445632 0.11382986 
508.00000000 0.06843005 0.03196442 0.29928623 0.21024448 0.18248892 0.09381449 0.11377141 
509.00000000 0.06844274 0.03201310 0.29996360 0.21032752 0.18236464 0.09317414 0.11371425 
510.00000000 0.06845610 0.03206081 0.30063934 0.21040970 0.18223995 0.09253578 0.11365832 
511.00000000 0.06847021 0.03210746 0.30131345 0.21049096 0.18211446 0.09189989 0.11360358 
512.00000000 0.06848515 0.03215296 0.30198592 0.21057124 0.18198782 0.09126697 0.11354994 
513.00000000 0.06850101 0.03219720 0.30265676 0.21065049 0.18185967 0.09063750 0.11349736 
514.00000000 0.06851786 0.03224012 0.30332597 0.21072865 0.18172967 0.09001196 0.11344577 
515.00000000 0.06853578 0.03228162 0.30399355 0.21080568 0.18159746 0.08939081 0.11339510 
516.00000000 0.06855483 0.03232162 0.30465951 0.21088153 0.18146272 0.08877451 0.11334527 
517.00000000 0.06857510 0.03236005 0.30532385 0.21095618 0.18132511 0.08816350 0.11329622 
518.00000000 0.06859663 0.03239682 0.30598659 0.21102957 0.18118432 0.08755820 0.11324786 
519.00000000 0.06861949 0.03243188 0.30664773 0.21110168 0.18104003 0.08695906 0.11320013 
520.00000000 0.06864374 0.03246516 0.30730729 0.21117247 0.18089194 0.08636646 0.11315294 
521.00000000 0.06866944 0.03249658 0.30796526 0.21124194 0.18073975 0.08578081 0.11310622 
522.00000000 0.06869663 0.03252609 0.30862167 0.21131005 0.18058319 0.08520249 0.11305988 
523.00000000 0.06872536 0.03255364 0.30927652 0.21137678 0.18042199 0.08463186 0.11301385 
524.00000000 0.06875567 0.03257917 0.30992984 0.21144213 0.18025587 0.08406929 0.11296803 
525.00000000 0.06878761 0.03260263 0.31058163 0.21150607 0.18008461 0.08351510 0.11292236 
526.00000000 0.06882120 0.03262398 0.31123191 0.21156861 0.17990794 0.08296961 0.11287674 
527.00000000 0.06885649 0.03264318 0.31188070 0.21162973 0.17972566 0.08243314 0.11283110 
528.00000000 0.06889349 0.03266020 0.31252802 0.21168943 0.17953755 0.08190597 0.11278535 
529.00000000 0.06893224 0.03267499 0.31317387 0.21174771 0.17934341 0.08138837 0.11273941 
530.00000000 0.06897275 0.03268753 0.31381828 0.21180458 0.17914306 0.08088060 0.11269320 
531.00000000 0.06901504 0.03269780 0.31446127 0.21186003 0.17893632 0.08038289 0.11264664 
532.00000000 0.06905912 0.03270579 0.31510285 0.21191408 0.17872304 0.07989546 0.11259966 
533.00000000 0.06910501 0.03271146 0.31574305 0.21196673 0.17850307 0.07941851 0.11255217 
534.00000000 0.06915270 0.03271482 0.31638188 0.21201799 0.17827628 0.07895223 0.11250410 
535.00000000 0.06920220 0.03271585 0.31701937 0.21206787 0.17804256 0.07849678 0.11245537 
536.00000000 0.06925351 0.03271455 0.31765553 0.21211640 0.17780180 0.07805230 0.11240592 
537.00000000 0.06930662 0.03271092 0.31829038 0.21216358 0.17755392 0.07761891 0.11235567 
538.00000000 0.06936152 0.03270498 0.31892394 0.21220943 0.17729885 0.07719673 0.11230455 
539.00000000 0.06941820 0.03269672 0.31955624 0.21225397 0.17703653 0.07678584 0.11225250 
540.00000000 0.06947664 0.03268616 0.32018729 0.21229722 0.17676692 0.07638632 0.11219945 
541.00000000 0.06953682 0.03267332 0.32081712 0.21233920 0.17648999 0.07599820 0.11214535 
542.00000000 0.06959872 0.03265822 0.32144574 0.21237993 0.17620572 0.07562153 0.11209014 
543.00000000 0.06966230 0.03264088 0.32207317 0.21241944 0.17591413 0.07525632 0.11203376 
544.00000000 0.06972756 0.03262134 0.32269944 0.21245774 0.17561522 0.07490255 0.11197615 
545.00000000 0.06979444 0.03259962 0.32332456 0.21249486 0.17530903 0.07456021 0.11191728 
546.00000000 0.06986291 0.03257577 0.32394855 0.21253084 0.17499560 0.07422925 0.11185709 
547.00000000 0.06993293 0.03254981 0.32457144 0.21256568 0.17467498 0.07390962 0.11179554 
548.00000000 0.07000447 0.03252180 0.32519323 0.21259942 0.17434726 0.07360123 0.11173259 
549.00000000 0.07007748 0.03249177 0.32581396 0.21263209 0.17401251 0.07330399 0.11166820 
550.00000000 0.07015190 0.03245979 0.32643363 0.21266371 0.17367083 0.07301779 0.11160235 
551.00000000 0.07022770 0.03242589 0.32705227 0.21269430 0.17332234 0.07274250 0.11153499 
552.00000000 0.07030481 0.03239014 0.32766990 0.21272391 0.17296715 0.07247798 0.11146611 
553.00000000 0.07038320 0.03235260 0.32828653 0.21275254 0.17260540 0.07222406 0.11139568 
554.00000000 0.07046279 0.03231331 0.32890217 0.21278024 0.17223724 0.07198057 0.11132368 
555.00000000 0.07054353 0.03227236 0.32951685 0.21280703 0.17186283 0.07174732 0.11125009 
556.00000000 0.07062536 0.03222979 0.33013059 0.21283293 0.17148232 0.07152411 0.11117490 
557.00000000 0.07070822 0.03218568 0.33074339 0.21285798 0.17109591 0.07131072 0.11109810 
558.00000000 0.07079205 0.03214009 0.33135528 0.21288220 0.17070378 0.07110692 0.11101968 
559.00000000 0.07087678 0.03209311 0.33196627 0.21290562 0.17030613 0.07091247 0.11093963 
560.00000000 0.07096235 0.03204479 0.33257637 0.21292828 0.16990315 0.07072710 0.11085796 
561.00000000 0.07104868 0.03199522 0.33318560 0.21295019 0.16949508 0.07055057 0.11077467 
562.00000000 0.07113572 0.03194446 0.33379398 0.21297138 0.16908212 0.07038258 0.11068976 
563.00000000 0.07122338 0.03189260 0.33440151 0.21299190 0.16866452 0.07022286 0.11060323 
564.00000000 0.07131161 0.03183972 0.33500822 0.21301175 0.16824249 0.07007111 0.11051510 
565.00000000 0.07140033 0.03178588 0.33561411 0.21303098 0.16781629 0.06992703 0.11042538 
566.00000000 0.07148947 0.03173118 0.33621919 0.21304960 0.16738617 0.06979030 0.11033409 
567.00000000 0.07157896 0.03167569 0.33682349 0.21306765 0.16695237 0.06966060 0.11024124 
568.00000000 0.07166873 0.03161948 0.33742702 0.21308516 0.16651515 0.06953762 0.11014685 
569.00000000 0.07175870 0.03156265 0.33802977 0.21310215 0.16607477 0.06942102 0.11005094 
570.00000000 0.07184881 0.03150526 0.33863178 0.21311865 0.16563150 0.06931046 0.10995353 
571.00000000 0.07193898 0.03144741 0.33923304 0.21313470 0.16518559 0.06920561 0.10985466 
572.00000000 0.07202915 0.03138917 0.33983358 0.21315031 0.16473732 0.06910612 0.10975435 
573.00000000 0.07211924 0.03133062 0.34043339 0.21316552 0.16428696 0.06901165 0.10965262 
574.00000000 0.07220918 0.03127184 0.34103250 0.21318037 0.16383477 0.06892185 0.10954950 
575.00000000 0.07229891 0.03121290 0.34163091 0.21319486 0.16338102 0.06883636 0.10944504 
576.00000000 0.07238835 0.03115389 0.34222864 0.21320905 0.16292599 0.06875484 0.10933925 
577.00000000 0.07247744 0.03109488 0.34282568 0.21322295 0.16246993 0.06867693 0.10923218 
578.00000000 0.07256611 0.03103595 0.34342207 0.21323659 0.16201313 0.06860230 0.10912385 
579.00000000 0.07265430 0.03097717 0.34401779 0.21325001 0.16155584 0.06853057 0.10901432 
580.00000000 0.07274195 0.03091861 0.34461287 0.21326323 0.16109832 0.06846142 0.10890360 
581.00000000 0.07282898 0.03086035 0.34520731 0.21327629 0.16064084 0.06839449 0.10879174 
582.00000000 0.07291534 0.03080246 0.34580112 0.21328922 0.16018364 0.06832944 0.10867877 
583.00000000 0.07300097 0.03074500 0.34639432 0.21330204 0.15972699 0.06826594 0.10856473 
584.00000000 0.07308582 0.03068804 0.34698690 0.21331479 0.15927113 0.06820365 0.10844967 
585.00000000 0.07316982 0.03063165 0.34757889 0.21332750 0.15881630 0.06814223 0.10833362 
586.00000000 0.07325291 0.03057589 0.34817028 0.21334020 0.15836274 0.06808137 0.10821661 
587.00000000 0.07333506 0.03052081 0.34876109 0.21335292 0.15791068 0.06802075 0.10809869 
588.00000000 0.07341620 0.03046649 0.34935132 0.21336570 0.15746035 0.06796006 0.10797989 
589.00000000 0.07349629 0.03041297 0.34994098 0.21337856 0.15701197 0.06789898 0.10786025 
590.00000000 0.07357528 0.03036031 0.35053009 0.21339154 0.15656574 0.06783722 0.10773981 
591.00000000 0.07365313 0.03030856 0.35111865 0.21340467 0.15612188 0.06777450 0.10761861 
592.00000000 0.07372979 0.03025777 0.35170666 0.21341799 0.15568058 0.06771052 0.10749668 
593.00000000 0.07380522 0.03020799 0.35229414 0.21343152 0.15524204 0.06764502 0.10737406 
594.00000000 0.07387939 0.03015927 0.35288109 0.21344530 0.15480644 0.06757772 0.10725079 
595.00000000 0.07395225 0.03011164 0.35346752 0.21345936 0.15437395 0.06750837 0.10712690 
596.00000000 0.07402378 0.03006515 0.35405344 0.21347373 0.15394473 0.06743673 0.10700243 
597.00000000 0.07409395 0.03001983 0.35463886 0.21348845 0.15351896 0.06736255 0.10687740 
598.00000000 0.07416271 0.02997573 0.35522377 0.21350355 0.15309678 0.06728561 0.10675186 
599.00000000 0.07423005 0.02993286 0.35580819 0.21351905 0.15267832 0.06720569 0.10662583 
600.00000000 0.07429595 0.02989127 0.35639213 0.21353499 0.15226373 0.06712258 0.10649935 
601.00000000 0.07436037 0.02985097 0.35697559 0.21355140 0.15185313 0.06703609 0.10637245 
602.00000000 0.07442330 0.02981200 0.35755858 0.21356831 0.15144663 0.06694602 0.10624515 
603.00000000 0.07448473 0.02977437 0.35814110 0.21358575 0.15104434 0.06685221 0.10611750 
604.00000000 0.07454463 0.02973811 0.35872316 0.21360375 0.15064636 0.06675449 0.10598950 
605.00000000 0.07460299 0.02970323 0.35930477 0.21362233 0.15025277 0.06665270 0.10586121 
606.00000000 0.07465981 0.02966975 0.35988593 0.21364152 0.14986366 0.06654670 0.10573263 
607.00000000 0.07471508 0.02963768 0.36046664 0.21366136 0.14947909 0.06643636 0.10560380 
608.00000000 0.07476878 0.02960702 0.36104692 0.21368185 0.14909913 0.06632155 0.10547474 
609.00000000 0.07482092 0.02957779 0.36162676 0.21370304 0.14872384 0.06620218 0.10534547 
610.00000000 0.07487149 0.02954999 0.36220617 0.21372493 0.14835325 0.06607813 0.10521603 
611.00000000 0.07492050 0.02952362 0.36278516 0.21374755 0.14798740 0.06594933 0.10508643 
612.00000000 0.07496795 0.02949868 0.36336373 0.21377093 0.14762633 0.06581569 0.10495669 
613.00000000 0.07501384 0.02947517 0.36394188 0.21379507 0.14727005 0.06567715 0.10482684 
614.00000000 0.07505818 0.02945309 0.36451962 0.21381999 0.14691857 0.06553366 0.10469689 
615.00000000 0.07510098 0.02943241 0.36509695 0.21384572 0.14657191 0.06538516 0.10456687 
616.00000000 0.07514225 0.02941315 0.36567387 0.21387226 0.14623005 0.06523163 0.10443679 
617.00000000 0.07518201 0.02939528 0.36625039 0.21389961 0.14589298 0.06507305 0.10430668 
618.00000000 0.07522027 0.02937879 0.36682652 0.21392781 0.14556069 0.06490939 0.10417655 
619.00000000 0.07525704 0.02936366 0.36740224 0.21395683 0.14523315 0.06474065 0.10404642 
620.00000000 0.07529235 0.02934988 0.36797757 0.21398671 0.14491034 0.06456685 0.10391631 
621.00000000 0.07532622 0.02933743 0.36855251 0.21401742 0.14459220 0.06438799 0.10378623 
622.00000000 0.07535866 0.02932628 0.36912705 0.21404899 0.14427871 0.06420411 0.10365620 
623.00000000 0.07538971 0.02931641 0.36970121 0.21408140 0.14396980 0.06401523 0.10352623 
624.00000000 0.07541939 0.02930780 0.37027498 0.21411465 0.14366542 0.06382141 0.10339635 
625.00000000 0.07544773 0.02930042 0.37084836 0.21414873 0.14336551 0.06362269 0.10326656 
626.00000000 0.07547475 0.02929424 0.37142135 0.21418363 0.14307001 0.06341914 0.10313688 
627.00000000 0.07550048 0.02928923 0.37199396 0.21421935 0.14277883 0.06321082 0.10300732 
628.00000000 0.07552497 0.02928536 0.37256619 0.21425587 0.14249191 0.06299781 0.10287790 
629.00000000 0.07554823 0.02928259 0.37313803 0.21429318 0.14220915 0.06278019 0.10274863 
630.00000000 0.07557031 0.02928089 0.37370949 0.21433124 0.14193048 0.06255807 0.10261953 
631.00000000 0.07559124 0.02928022 0.37428056 0.21437005 0.14165580 0.06233153 0.10249060 
632.00000000 0.07561105 0.02928055 0.37485124 0.21440958 0.14138503 0.06210068 0.10236186 
633.00000000 0.07562979 0.02928184 0.37542155 0.21444981 0.14111806 0.06186564 0.10223331 
634.00000000 0.07564749 0.02928405 0.37599146 0.21449070 0.14085478 0.06162653 0.10210499 
635.00000000 0.07566419 0.02928714 0.37656099 0.21453223 0.14059511 0.06138346 0.10197688 
636.00000000 0.07567994 0.02929106 0.37713013 0.21457436 0.14033893 0.06113657 0.10184902 
637.00000000 0.07569476 0.02929578 0.37769888 0.21461706 0.14008613 0.06088599 0.10172139 
638.00000000 0.07570871 0.02930125 0.37826724 0.21466029 0.13983661 0.06063187 0.10159403 
639.00000000 0.07572183 0.02930743 0.37883521 0.21470402 0.13959024 0.06037434 0.10146694 
640.00000000 0.07573415 0.02931427 0.37940279 0.21474820 0.13934691 0.06011357 0.10134012 
641.00000000 0.07574572 0.02932173 0.37996997 0.21479279 0.13910651 0.05984969 0.10121359 
642.00000000 0.07575659 0.02932976 0.38053675 0.21483775 0.13886891 0.05958288 0.10108736 
643.00000000 0.07576680 0.02933832 0.38110313 0.21488303 0.13863400 0.05931328 0.10096143 
644.00000000 0.07577640 0.02934737 0.38166911 0.21492859 0.13840166 0.05904106 0.10083582 
645.00000000 0.07578542 0.02935684 0.38223469 0.21497437 0.13817175 0.05876639 0.10071053 
646.00000000 0.07579391 0.02936671 0.38279986 0.21502033 0.13794417 0.05848944 0.10058558 
647.00000000 0.07580192 0.02937691 0.38336462 0.21506642 0.13771879 0.05821038 0.10046096 
648.00000000 0.07580949 0.02938741 0.38392897 0.21511259 0.13749548 0.05792937 0.10033670 
649.00000000 0.07581666 0.02939816 0.38449290 0.21515877 0.13727413 0.05764660 0.10021278 
650.00000000 0.07582348 0.02940911 0.38505642 0.21520493 0.13705460 0.05736223 0.10008922 
651.00000000 0.07583000 0.02942022 0.38561952 0.21525101 0.13683677 0.05707645 0.09996603 
652.00000000 0.07583625 0.02943143 0.38618220 0.21529695 0.13662053 0.05678944 0.09984321 
653.00000000 0.07584229 0.02944270 0.38674446 0.21534270 0.13640574 0.05650136 0.09972076 
654.00000000 0.07584815 0.02945400 0.38730628 0.21538820 0.13619229 0.05621239 0.09959869 
655.00000000 0.07585387 0.02946526 0.38786768 0.21543341 0.13598006 0.05592272 0.09947700 
656.00000000 0.07585950 0.02947645 0.38842864 0.21547826 0.13576892 0.05563253 0.09935570 
657.00000000 0.07586508 0.02948753 0.38898917 0.21552271 0.13555876 0.05534197 0.09923478 
658.00000000 0.07587065 0.02949844 0.38954925 0.21556670 0.13534946 0.05505124 0.09911425 
659.00000000 0.07587625 0.02950916 0.39010890 0.21561018 0.13514090 0.05476050 0.09899410 
660.00000000 0.07588192 0.02951963 0.39066810 0.21565310 0.13493297 0.05446993 0.09887435 
661.00000000 0.07588770 0.02952981 0.39122685 0.21569541 0.13472555 0.05417970 0.09875498 
662.00000000 0.07589362 0.02953967 0.39178515 0.21573706 0.13451853 0.05388998 0.09863599 
663.00000000 0.07589973 0.02954917 0.39234299 0.21577800 0.13431180 0.05360093 0.09851739 
664.00000000 0.07590605 0.02955826 0.39290038 0.21581818 0.13410526 0.05331271 0.09839916 
665.00000000 0.07591262 0.02956691 0.39345731 0.21585756 0.13389879 0.05302549 0.09828131 
666.00000000 0.07591948 0.02957509 0.39401378 0.21589610 0.13369229 0.05273943 0.09816383 
667.00000000 0.07592666 0.02958276 0.39456978 0.21593375 0.13348566 0.05245468 0.09804671 
668.00000000 0.07593419 0.02958988 0.39512531 0.21597047 0.13327879 0.05217140 0.09792995 
669.00000000 0.07594210 0.02959643 0.39568037 0.21600623 0.13307160 0.05188973 0.09781354 
670.00000000 0.07595041 0.02960237 0.39623495 0.21604098 0.13286398 0.05160982 0.09769747 
671.00000000 0.07595917 0.02960767 0.39678906 0.21607470 0.13265585 0.05133181 0.09758174 
672.00000000 0.07596838 0.02961231 0.39734269 0.21610734 0.13244710 0.05105584 0.09746633 
673.00000000 0.07597809 0.02961626 0.39789584 0.21613889 0.13223766 0.05078204 0.09735123 
674.00000000 0.07598830 0.02961948 0.39844850 0.21616930 0.13202744 0.05051054 0.09723644 
675.00000000 0.07599905 0.02962197 0.39900067 0.21619855 0.13181636 0.05024147 0.09712193 
676.00000000 0.07601036 0.02962369 0.39955235 0.21622663 0.13160433 0.04997494 0.09700770 
677.00000000 0.07602224 0.02962462 0.40010354 0.21625350 0.13139129 0.04971107 0.09689374 
678.00000000 0.07603471 0.02962475 0.40065423 0.21627915 0.13117715 0.04944998 0.09678003 
679.00000000 0.07604780 0.02962405 0.40120443 0.21630356 0.13096186 0.04919176 0.09666655 
680.00000000 0.07606151 0.02962251 0.40175412 0.21632671 0.13074534 0.04893652 0.09655329 
681.00000000 0.07607585 0.02962012 0.40230331 0.21634860 0.13052752 0.04868436 0.09644024 
682.00000000 0.07609085 0.02961685 0.40285200 0.21636920 0.13030835 0.04843536 0.09632738 
683.00000000 0.07610651 0.02961271 0.40340018 0.21638851 0.13008778 0.04818962 0.09621469 
684.00000000 0.07612284 0.02960767 0.40394784 0.21640653 0.12986574 0.04794720 0.09610216 
685.00000000 0.07613984 0.02960174 0.40449500 0.21642326 0.12964220 0.04770819 0.09598977 
686.00000000 0.07615754 0.02959490 0.40504164 0.21643867 0.12941709 0.04747266 0.09587749 
687.00000000 0.07617592 0.02958715 0.40558777 0.21645279 0.12919039 0.04724067 0.09576532 
688.00000000 0.07619499 0.02957848 0.40613337 0.21646561 0.12896205 0.04701227 0.09565324 
689.00000000 0.07621476 0.02956889 0.40667846 0.21647713 0.12873203 0.04678752 0.09554122 
690.00000000 0.07623522 0.02955838 0.40722302 0.21648736 0.12850031 0.04656647 0.09542925 
691.00000000 0.07625637 0.02954696 0.40776706 0.21649631 0.12826685 0.04634915 0.09531731 
692.00000000 0.07627821 0.02953462 0.40831057 0.21650398 0.12803163 0.04613561 0.09520538 
693.00000000 0.07630074 0.02952137 0.40885355 0.21651039 0.12779464 0.04592588 0.09509344 
694.00000000 0.07632394 0.02950722 0.40939600 0.21651554 0.12755585 0.04571997 0.09498148 
695.00000000 0.07634782 0.02949216 0.40993792 0.21651946 0.12731525 0.04551791 0.09486947 
696.00000000 0.07637236 0.02947622 0.41047930 0.21652216 0.12707284 0.04531971 0.09475740 
697.00000000 0.07639756 0.02945940 0.41102015 0.21652366 0.12682860 0.04512538 0.09464525 
698.00000000 0.07642339 0.02944170 0.41156047 0.21652396 0.12658254 0.04493493 0.09453300 
699.00000000 0.07644986 0.02942316 0.41210024 0.21652310 0.12633466 0.04474834 0.09442064 
700.00000000 0.07647694 0.02940377 0.41263947 0.21652110 0.12608496 0.04456561 0.09430815 
701.00000000 0.07650463 0.02938355 0.41317816 0.21651797 0.12583346 0.04438673 0.09419550 
702.00000000 0.07653289 0.02936252 0.41371631 0.21651373 0.12558017 0.04421168 0.09408269 
703.00000000 0.07656173 0.02934071 0.41425391 0.21650842 0.12532510 0.04404044 0.09396971 
704.00000000 0.07659111 0.02931812 0.41479096 0.21650204 0.12506828 0.04387297 0.09385652 
705.00000000 0.07662102 0.02929478 0.41532746 0.21649464 0.12480972 0.04370924 0.09374313 
706.00000000 0.07665144 0.02927070 0.41586342 0.21648624 0.12454947 0.04354922 0.09362952 
707.00000000 0.07668234 0.02924592 0.41639882 0.21647685 0.12428754 0.04339286 0.09351566 
708.00000000 0.07671370 0.02922046 0.41693367 0.21646651 0.12402398 0.04324011 0.09340156 
709.00000000 0.07674551 0.02919433 0.41746797 0.21645525 0.12375882 0.04309093 0.09328720 
710.00000000 0.07677773 0.02916757 0.41800171 0.21644309 0.12349210 0.04294524 0.09317257 
711.00000000 0.07681033 0.02914020 0.41853489 0.21643005 0.12322387 0.04280300 0.09305765 
712.00000000 0.07684330 0.02911225 0.41906752 0.21641618 0.12295416 0.04266414 0.09294244 
713.00000000 0.07687661 0.02908374 0.41959959 0.21640149 0.12268305 0.04252859 0.09282694 
714.00000000 0.07691022 0.02905471 0.42013109 0.21638601 0.12241057 0.04239628 0.09271112 
715.00000000 0.07694411 0.02902519 0.42066203 0.21636978 0.12213677 0.04226713 0.09259499 
716.00000000 0.07697825 0.02899519 0.42119241 0.21635281 0.12186173 0.04214106 0.09247854 
717.00000000 0.07701261 0.02896477 0.42172223 0.21633515 0.12158550 0.04201799 0.09236176 
718.00000000 0.07704717 0.02893393 0.42225147 0.21631681 0.12130813 0.04189784 0.09224464 
719.00000000 0.07708189 0.02890273 0.42278015 0.21629783 0.12102971 0.04178051 0.09212720 
720.00000000 0.07711673 0.02887118 0.42330826 0.21627823 0.12075028 0.04166591 0.09200941 
721.00000000 0.07715168 0.02883932 0.42383580 0.21625804 0.12046993 0.04155395 0.09189129 
722.00000000 0.07718670 0.02880718 0.42436277 0.21623729 0.12018871 0.04144454 0.09177282 
723.00000000 0.07722175 0.02877479 0.42488916 0.21621601 0.11990671 0.04133757 0.09165401 
724.00000000 0.07725682 0.02874219 0.42541498 0.21619422 0.11962400 0.04123294 0.09153485 
725.00000000 0.07729185 0.02870942 0.42594022 0.21617195 0.11934065 0.04113056 0.09141536 
726.00000000 0.07732684 0.02867649 0.42646489 0.21614922 0.11905673 0.04103031 0.09129552 
727.00000000 0.07736173 0.02864344 0.42698897 0.21612607 0.11877233 0.04093210 0.09117535 
728.00000000 0.07739651 0.02861032 0.42751248 0.21610253 0.11848751 0.04083581 0.09105485 
729.00000000 0.07743114 0.02857714 0.42803540 0.21607860 0.11820236 0.04074135 0.09093401 
730.00000000 0.07746559 0.02854394 0.42855774 0.21605433 0.11791696 0.04064859 0.09081285 
731.00000000 0.07749982 0.02851075 0.42907949 0.21602973 0.11763139 0.04055744 0.09069137 
732.00000000 0.07753382 0.02847761 0.42960066 0.21600484 0.11734572 0.04046778 0.09056957 
733.00000000 0.07756755 0.02844454 0.43012124 0.21597967 0.11706003 0.04037950 0.09044747 
734.00000000 0.07760098 0.02841158 0.43064122 0.21595425 0.11677441 0.04029250 0.09032506 
735.00000000 0.07763408 0.02837876 0.43116062 0.21592860 0.11648892 0.04020666 0.09020236 
736.00000000 0.07766682 0.02834609 0.43167942 0.21590276 0.11620366 0.04012188 0.09007937 
737.00000000 0.07769918 0.02831363 0.43219763 0.21587673 0.11591869 0.04003804 0.08995611 
738.00000000 0.07773113 0.02828138 0.43271523 0.21585054 0.11563409 0.03995505 0.08983258 
739.00000000 0.07776264 0.02824939 0.43323224 0.21582422 0.11534995 0.03987278 0.08970878 
740.00000000 0.07779369 0.02821767 0.43374865 0.21579779 0.11506632 0.03979115 0.08958474 
741.00000000 0.07782425 0.02818625 0.43426445 0.21577126 0.11478330 0.03971003 0.08946045 
742.00000000 0.07785429 0.02815517 0.43477965 0.21574467 0.11450094 0.03962934 0.08933594 
743.00000000 0.07788381 0.02812444 0.43529424 0.21571803 0.11421933 0.03954896 0.08921120 
744.00000000 0.07791276 0.02809408 0.43580822 0.21569136 0.11393853 0.03946879 0.08908626 
745.00000000 0.07794114 0.02806413 0.43632158 0.21566468 0.11365860 0.03938875 0.08896111 
746.00000000 0.07796891 0.02803459 0.43683434 0.21563802 0.11337962 0.03930873 0.08883578 
747.00000000 0.07799607 0.02800550 0.43734648 0.21561139 0.11310165 0.03922864 0.08871027 
748.00000000 0.07802259 0.02797687 0.43785799 0.21558481 0.11282475 0.03914838 0.08858460 
749.00000000 0.07804845 0.02794873 0.43836889 0.21555830 0.11254899 0.03906788 0.08845877 
750.00000000 0.07807364 0.02792108 0.43887917 0.21553188 0.11227441 0.03898703 0.08833279 
751.00000000 0.07809814 0.02789394 0.43938882 0.21550557 0.11200108 0.03890576 0.08820668 
752.00000000 0.07812194 0.02786734 0.43989784 0.21547939 0.11172905 0.03882399 0.08808046 
753.00000000 0.07814503 0.02784129 0.44040623 0.21545335 0.11145836 0.03874164 0.08795411 
754.00000000 0.07816738 0.02781579 0.44091398 0.21542746 0.11118908 0.03865862 0.08782767 
755.00000000 0.07818900 0.02779087 0.44142110 0.21540176 0.11092124 0.03857488 0.08770115 
756.00000000 0.07820987 0.02776652 0.44192758 0.21537625 0.11065490 0.03849034 0.08757454 
757.00000000 0.07822999 0.02774277 0.44243342 0.21535095 0.11039008 0.03840493 0.08744786 
758.00000000 0.07824933 0.02771962 0.44293862 0.21532587 0.11012683 0.03831859 0.08732113 
759.00000000 0.07826791 0.02769708 0.44344317 0.21530104 0.10986519 0.03823126 0.08719435 
760.00000000 0.07828571 0.02767516 0.44394707 0.21527646 0.10960519 0.03814289 0.08706753 
761.00000000 0.07830273 0.02765385 0.44445032 0.21525215 0.10934685 0.03805342 0.08694069 
762.00000000 0.07831896 0.02763317 0.44495291 0.21522812 0.10909021 0.03796281 0.08681382 
763.00000000 0.07833441 0.02761312 0.44545484 0.21520439 0.10883530 0.03787100 0.08668695 
764.00000000 0.07834907 0.02759369 0.44595611 0.21518096 0.10858213 0.03777796 0.08656008 
765.00000000 0.07836294 0.02757490 0.44645672 0.21515786 0.10833072 0.03768364 0.08643322 
766.00000000 0.07837603 0.02755673 0.44695666 0.21513510 0.10808109 0.03758802 0.08630637 
767.00000000 0.07838833 0.02753919 0.44745593 0.21511267 0.10783326 0.03749106 0.08617955 
768.00000000 0.07839986 0.02752228 0.44795453 0.21509060 0.10758724 0.03739273 0.08605277 
769.00000000 0.07841061 0.02750598 0.44845245 0.21506890 0.10734303 0.03729301 0.08592602 
770.00000000 0.07842059 0.02749031 0.44894969 0.21504757 0.10710064 0.03719187 0.08579933 
771.00000000 0.07842981 0.02747524 0.44944624 0.21502663 0.10686008 0.03708931 0.08567269 
772.00000000 0.07843828 0.02746077 0.44994211 0.21500608 0.10662135 0.03698530 0.08554611 
773.00000000 0.07844600 0.02744690 0.45043729 0.21498592 0.10638445 0.03687984 0.08541960 
774.00000000 0.07845298 0.02743361 0.45093178 0.21496618 0.10614937 0.03677291 0.08529317 
775.00000000 0.07845924 0.02742090 0.45142558 0.21494685 0.10591610 0.03666452 0.08516681 
776.00000000 0.07846478 0.02740876 0.45191867 0.21492794 0.10568465 0.03655467 0.08504055 
777.00000000 0.07846962 0.02739717 0.45241106 0.21490945 0.10545499 0.03644335 0.08491437 
778.00000000 0.07847377 0.02738611 0.45290274 0.21489139 0.10522712 0.03633057 0.08478829 
779.00000000 0.07847725 0.02737559 0.45339372 0.21487376 0.10500102 0.03621635 0.08466232 
780.00000000 0.07848006 0.02736558 0.45388398 0.21485657 0.10477667 0.03610069 0.08453644 
781.00000000 0.07848223 0.02735607 0.45437353 0.21483982 0.10455406 0.03598361 0.08441068 
782.00000000 0.07848377 0.02734704 0.45486236 0.21482350 0.10433316 0.03586513 0.08428504 
783.00000000 0.07848470 0.02733848 0.45535047 0.21480763 0.10411396 0.03574526 0.08415951 
784.00000000 0.07848503 0.02733036 0.45583785 0.21479220 0.10389642 0.03562404 0.08403410 
785.00000000 0.07848478 0.02732268 0.45632450 0.21477721 0.10368052 0.03550149 0.08390882 
786.00000000 0.07848398 0.02731542 0.45681041 0.21476266 0.10346623 0.03537764 0.08378366 
787.00000000 0.07848263 0.02730855 0.45729560 0.21474855 0.10325353 0.03525251 0.08365863 
788.00000000 0.07848077 0.02730205 0.45778004 0.21473487 0.10304238 0.03512615 0.08353374 
789.00000000 0.07847840 0.02729592 0.45826374 0.21472163 0.10283275 0.03499858 0.08340898 
790.00000000 0.07847555 0.02729012 0.45874670 0.21470881 0.10262461 0.03486985 0.08328436 
791.00000000 0.07847224 0.02728464 0.45922891 0.21469642 0.10241792 0.03474000 0.08315988 
792.00000000 0.07846849 0.02727945 0.45971036 0.21468444 0.10221265 0.03460906 0.08303554 
793.00000000 0.07846432 0.02727455 0.46019106 0.21467288 0.10200876 0.03447709 0.08291134 
794.00000000 0.07845976 0.02726990 0.46067100 0.21466173 0.10180621 0.03434413 0.08278729 
795.00000000 0.07845481 0.02726548 0.46115018 0.21465097 0.10160497 0.03421021 0.08266338 
796.00000000 0.07844951 0.02726127 0.46162860 0.21464061 0.10140499 0.03407541 0.08253961 
797.00000000 0.07844388 0.02725726 0.46210625 0.21463062 0.10120624 0.03393975 0.08241600 
798.00000000 0.07843793 0.02725342 0.46258313 0.21462102 0.10100867 0.03380330 0.08229253 
799.00000000 0.07843170 0.02724973 0.46305924 0.21461177 0.10081225 0.03366610 0.08216921 
800.00000000 0.07842519 0.02724617 0.46353457 0.21460288 0.10061693 0.03352822 0.08204605 
801.00000000 0.07841844 0.02724271 0.46400912 0.21459434 0.10042267 0.03338970 0.08192303 
802.00000000 0.07841146 0.02723934 0.46448289 0.21458613 0.10022943 0.03325060 0.08180016 
803.00000000 0.07840427 0.02723603 0.46495587 0.21457824 0.10003716 0.03311098 0.08167744 
804.00000000 0.07839691 0.02723277 0.46542807 0.21457066 0.09984583 0.03297089 0.08155488 
805.00000000 0.07838937 0.02722953 0.46589948 0.21456337 0.09965540 0.03283039 0.08143246 
806.00000000 0.07838170 0.02722629 0.46637010 0.21455637 0.09946581 0.03268953 0.08131020 
807.00000000 0.07837390 0.02722303 0.46683993 0.21454964 0.09927702 0.03254838 0.08118809 
808.00000000 0.07836601 0.02721974 0.46730896 0.21454317 0.09908900 0.03240700 0.08106613 
809.00000000 0.07835802 0.02721639 0.46777719 0.21453694 0.09890171 0.03226543 0.08094432 
810.00000000 0.07834998 0.02721296 0.46824462 0.21453094 0.09871509 0.03212375 0.08082266 
811.00000000 0.07834189 0.02720944 0.46871125 0.21452515 0.09852912 0.03198200 0.08070115 
812.00000000 0.07833378 0.02720580 0.46917708 0.21451957 0.09834374 0.03184024 0.08057979 
813.00000000 0.07832566 0.02720204 0.46964210 0.21451417 0.09815892 0.03169854 0.08045858 
814.00000000 0.07831754 0.02719812 0.47010632 0.21450894 0.09797461 0.03155695 0.08033751 
815.00000000 0.07830946 0.02719404 0.47056973 0.21450387 0.09779079 0.03141553 0.08021660 
816.00000000 0.07830142 0.02718978 0.47103233 0.21449893 0.09760740 0.03127433 0.08009583 
817.00000000 0.07829343 0.02718531 0.47149411 0.21449412 0.09742441 0.03113340 0.07997521 
818.00000000 0.07828552 0.02718064 0.47195509 0.21448942 0.09724179 0.03099281 0.07985473 
819.00000000 0.07827771 0.02717573 0.47241526 0.21448481 0.09705949 0.03085261 0.07973440 
820.00000000 0.07826999 0.02717059 0.47287461 0.21448027 0.09687749 0.03071285 0.07961421 
821.00000000 0.07826239 0.02716519 0.47333314 0.21447580 0.09669574 0.03057358 0.07949416 
822.00000000 0.07825493 0.02715951 0.47379087 0.21447138 0.09651421 0.03043485 0.07937425 
823.00000000 0.07824760 0.02715356 0.47424777 0.21446699 0.09633287 0.03029672 0.07925448 
824.00000000 0.07824043 0.02714732 0.47470387 0.21446261 0.09615169 0.03015923 0.07913486 
825.00000000 0.07823343 0.02714077 0.47515915 0.21445824 0.09597063 0.03002243 0.07901537 
826.00000000 0.07822660 0.02713391 0.47561361 0.21445385 0.09578966 0.02988636 0.07889601 
827.00000000 0.07821995 0.02712672 0.47606726 0.21444943 0.09560876 0.02975108 0.07877679 
828.00000000 0.07821350 0.02711920 0.47652010 0.21444497 0.09542790 0.02961663 0.07865770 
829.00000000 0.07820726 0.02711134 0.47697212 0.21444046 0.09524704 0.02948305 0.07853874 
830.00000000 0.07820122 0.02710313 0.47742333 0.21443587 0.09506617 0.02935037 0.07841992 
831.00000000 0.07819540 0.02709457 0.47787372 0.21443120 0.09488526 0.02921864 0.07830122 
832.00000000 0.07818980 0.02708564 0.47832331 0.21442643 0.09470428 0.02908790 0.07818264 
833.00000000 0.07818443 0.02707635 0.47877208 0.21442154 0.09452321 0.02895819 0.07806419 
834.00000000 0.07817930 0.02706668 0.47922005 0.21441654 0.09434203 0.02882953 0.07794587 
835.00000000 0.07817440 0.02705664 0.47966721 0.21441140 0.09416073 0.02870196 0.07782766 
836.00000000 0.07816974 0.02704622 0.48011357 0.21440611 0.09397927 0.02857552 0.07770957 
837.00000000 0.07816533 0.02703542 0.48055912 0.21440066 0.09379765 0.02845023 0.07759160 
838.00000000 0.07816116 0.02702423 0.48100386 0.21439504 0.09361585 0.02832612 0.07747374 
839.00000000 0.07815724 0.02701266 0.48144781 0.21438924 0.09343384 0.02820321 0.07735600 
840.00000000 0.07815356 0.02700071 0.48189096 0.21438324 0.09325163 0.02808154 0.07723836 
841.00000000 0.07815013 0.02698837 0.48233331 0.21437705 0.09306918 0.02796112 0.07712083 
842.00000000 0.07814695 0.02697564 0.48277487 0.21437065 0.09288650 0.02784198 0.07700341 
843.00000000 0.07814401 0.02696253 0.48321564 0.21436403 0.09270357 0.02772412 0.07688609 
844.00000000 0.07814132 0.02694904 0.48365562 0.21435718 0.09252038 0.02760758 0.07676887 
845.00000000 0.07813886 0.02693517 0.48409482 0.21435010 0.09233693 0.02749237 0.07665175 
846.00000000 0.07813665 0.02692092 0.48453323 0.21434278 0.09215320 0.02737850 0.07653472 
847.00000000 0.07813466 0.02690630 0.48497086 0.21433521 0.09196919 0.02726597 0.07641779 
848.00000000 0.07813290 0.02689132 0.48540772 0.21432738 0.09178490 0.02715481 0.07630095 
849.00000000 0.07813137 0.02687597 0.48584380 0.21431930 0.09160033 0.02704503 0.07618420 
850.00000000 0.07813006 0.02686027 0.48627912 0.21431095 0.09141546 0.02693661 0.07606754 
851.00000000 0.07812895 0.02684422 0.48671366 0.21430233 0.09123030 0.02682958 0.07595096 
852.00000000 0.07812805 0.02682782 0.48714744 0.21429344 0.09104485 0.02672393 0.07583446 
853.00000000 0.07812735 0.02681109 0.48758047 0.21428427 0.09085911 0.02661967 0.07571804 
854.00000000 0.07812685 0.02679402 0.48801273 0.21427482 0.09067308 0.02651680 0.07560169 
855.00000000 0.07812652 0.02677664 0.48844425 0.21426509 0.09048677 0.02641531 0.07548543 
856.00000000 0.07812636 0.02675895 0.48887501 0.21425508 0.09030018 0.02631519 0.07536923 
857.00000000 0.07812638 0.02674095 0.48930503 0.21424477 0.09011331 0.02621645 0.07525310 
858.00000000 0.07812654 0.02672266 0.48973431 0.21423419 0.08992617 0.02611908 0.07513704 
859.00000000 0.07812686 0.02670409 0.49016286 0.21422331 0.08973877 0.02602306 0.07502105 
860.00000000 0.07812731 0.02668524 0.49059067 0.21421215 0.08955112 0.02592839 0.07490512 
861.00000000 0.07812788 0.02666614 0.49101775 0.21420071 0.08936322 0.02583506 0.07478925 
862.00000000 0.07812857 0.02664678 0.49144410 0.21418897 0.08917509 0.02574304 0.07467344 
863.00000000 0.07812937 0.02662718 0.49186974 0.21417696 0.08898674 0.02565234 0.07455769 
864.00000000 0.07813025 0.02660735 0.49229466 0.21416466 0.08879817 0.02556292 0.07444199 
865.00000000 0.07813122 0.02658730 0.49271887 0.21415208 0.08860941 0.02547478 0.07432634 
866.00000000 0.07813226 0.02656705 0.49314237 0.21413922 0.08842045 0.02538790 0.07421075 
867.00000000 0.07813335 0.02654661 0.49356516 0.21412609 0.08823133 0.02530224 0.07409521 
868.00000000 0.07813449 0.02652599 0.49398726 0.21411269 0.08804205 0.02521780 0.07397972 
869.00000000 0.07813567 0.02650520 0.49440866 0.21409902 0.08785263 0.02513455 0.07386427 
870.00000000 0.07813686 0.02648426 0.49482937 0.21408508 0.08766309 0.02505247 0.07374887 
871.00000000 0.07813806 0.02646317 0.49524939 0.21407089 0.08747343 0.02497153 0.07363352 
872.00000000 0.07813926 0.02644196 0.49566873 0.21405644 0.08728369 0.02489170 0.07351821 
873.00000000 0.07814044 0.02642063 0.49608740 0.21404175 0.08709387 0.02481296 0.07340294 
874.00000000 0.07814160 0.02639921 0.49650539 0.21402681 0.08690401 0.02473528 0.07328772 
875.00000000 0.07814271 0.02637769 0.49692271 0.21401163 0.08671410 0.02465863 0.07317254 
876.00000000 0.07814376 0.02635609 0.49733936 0.21399621 0.08652418 0.02458299 0.07305740 
877.00000000 0.07814475 0.02633444 0.49775535 0.21398057 0.08633427 0.02450832 0.07294230 
878.00000000 0.07814566 0.02631274 0.49817069 0.21396471 0.08614438 0.02443459 0.07282724 
879.00000000 0.07814647 0.02629100 0.49858537 0.21394863 0.08595454 0.02436176 0.07271222 
880.00000000 0.07814718 0.02626924 0.49899940 0.21393235 0.08576477 0.02428982 0.07259725 
881.00000000 0.07814777 0.02624747 0.49941279 0.21391586 0.08557509 0.02421872 0.07248231 
882.00000000 0.07814824 0.02622570 0.49982554 0.21389918 0.08538551 0.02414843 0.07236742 
883.00000000 0.07814856 0.02620395 0.50023765 0.21388230 0.08519607 0.02407891 0.07225256 
884.00000000 0.07814872 0.02618222 0.50064913 0.21386525 0.08500679 0.02401014 0.07213775 
885.00000000 0.07814873 0.02616054 0.50105997 0.21384802 0.08481768 0.02394208 0.07202298 
886.00000000 0.07814855 0.02613892 0.50147020 0.21383062 0.08462877 0.02387469 0.07190826 
887.00000000 0.07814819 0.02611736 0.50187980 0.21381306 0.08444008 0.02380794 0.07179358 
888.00000000 0.07814763 0.02609587 0.50228878 0.21379535 0.08425163 0.02374179 0.07167895 
889.00000000 0.07814686 0.02607448 0.50269715 0.21377749 0.08406345 0.02367621 0.07156436 
890.00000000 0.07814587 0.02605318 0.50310491 0.21375949 0.08387556 0.02361117 0.07144983 
891.00000000 0.07814464 0.02603200 0.50351206 0.21374136 0.08368798 0.02354662 0.07133534 
892.00000000 0.07814318 0.02601094 0.50391861 0.21372310 0.08350073 0.02348254 0.07122091 
893.00000000 0.07814147 0.02599001 0.50432456 0.21370472 0.08331383 0.02341889 0.07110653 
894.00000000 0.07813950 0.02596922 0.50472991 0.21368623 0.08312731 0.02335563 0.07099220 
895.00000000 0.07813726 0.02594858 0.50513467 0.21366763 0.08294119 0.02329273 0.07087794 
896.00000000 0.07813474 0.02592811 0.50553884 0.21364894 0.08275548 0.02323016 0.07076373 
897.00000000 0.07813194 0.02590781 0.50594242 0.21363015 0.08257022 0.02316788 0.07064958 
898.00000000 0.07812885 0.02588768 0.50634542 0.21361128 0.08238541 0.02310586 0.07053550 
899.00000000 0.07812546 0.02586775 0.50674784 0.21359233 0.08220108 0.02304406 0.07042149 
900.00000000 0.07812176 0.02584801 0.50714968 0.21357330 0.08201725 0.02298246 0.07030754 
901.00000000 0.07811774 0.02582847 0.50755094 0.21355422 0.08183394 0.02292102 0.07019367 
902.00000000 0.07811341 0.02580914 0.50795163 0.21353507 0.08165117 0.02285971 0.07007987 
903.00000000 0.07810875 0.02579003 0.50835176 0.21351586 0.08146895 0.02279851 0.06996615 
904.00000000 0.07810376 0.02577114 0.50875131 0.21349661 0.08128730 0.02273737 0.06985250 
905.00000000 0.07809843 0.02575247 0.50915031 0.21347732 0.08110625 0.02267628 0.06973894 
906.00000000 0.07809276 0.02573405 0.50954874 0.21345799 0.08092580 0.02261520 0.06962546 
907.00000000 0.07808675 0.02571586 0.50994661 0.21343863 0.08074597 0.02255411 0.06951207 
908.00000000 0.07808039 0.02569791 0.51034393 0.21341924 0.08056678 0.02249298 0.06939878 
909.00000000 0.07807368 0.02568021 0.51074070 0.21339983 0.08038825 0.02243178 0.06928557 
910.00000000 0.07806661 0.02566275 0.51113691 0.21338041 0.08021038 0.02237049 0.06917246 
911.00000000 0.07805919 0.02564556 0.51153257 0.21336097 0.08003318 0.02230909 0.06905945 
912.00000000 0.07805140 0.02562861 0.51192769 0.21334153 0.07985669 0.02224754 0.06894654 
913.00000000 0.07804326 0.02561193 0.51232226 0.21332209 0.07968089 0.02218584 0.06883373 
914.00000000 0.07803476 0.02559550 0.51271629 0.21330265 0.07950581 0.02212396 0.06872103 
915.00000000 0.07802589 0.02557934 0.51310977 0.21328321 0.07933146 0.02206188 0.06860845 
916.00000000 0.07801667 0.02556343 0.51350272 0.21326379 0.07915783 0.02199959 0.06849597 
917.00000000 0.07800708 0.02554779 0.51389513 0.21324438 0.07898496 0.02193705 0.06838361 
918.00000000 0.07799713 0.02553241 0.51428701 0.21322500 0.07881283 0.02187426 0.06827136 
919.00000000 0.07798682 0.02551729 0.51467835 0.21320563 0.07864146 0.02181120 0.06815924 
920.00000000 0.07797615 0.02550243 0.51506916 0.21318629 0.07847086 0.02174786 0.06804724 
921.00000000 0.07796513 0.02548783 0.51545944 0.21316698 0.07830103 0.02168423 0.06793536 
922.00000000 0.07795375 0.02547349 0.51584919 0.21314770 0.07813197 0.02162028 0.06782361 
923.00000000 0.07794203 0.02545940 0.51623841 0.21312846 0.07796369 0.02155602 0.06771199 
924.00000000 0.07792995 0.02544556 0.51662711 0.21310925 0.07779620 0.02149142 0.06760051 
925.00000000 0.07791753 0.02543197 0.51701528 0.21309009 0.07762949 0.02142649 0.06748915 
926.00000000 0.07790477 0.02541863 0.51740293 0.21307097 0.07746356 0.02136121 0.06737794 
927.00000000 0.07789167 0.02540553 0.51779006 0.21305189 0.07729842 0.02129558 0.06726686 
928.00000000 0.07787824 0.02539267 0.51817666 0.21303286 0.07713406 0.02122959 0.06715592 
929.00000000 0.07786448 0.02538004 0.51856275 0.21301389 0.07697049 0.02116323 0.06704512 
930.00000000 0.07785041 0.02536764 0.51894832 0.21299496 0.07680771 0.02109652 0.06693446 
931.00000000 0.07783601 0.02535546 0.51933337 0.21297608 0.07664570 0.02102943 0.06682395 
932.00000000 0.07782130 0.02534350 0.51971790 0.21295727 0.07648447 0.02096197 0.06671358 
933.00000000 0.07780629 0.02533176 0.52010192 0.21293850 0.07632402 0.02089415 0.06660336 
934.00000000 0.07779099 0.02532022 0.52048542 0.21291980 0.07616433 0.02082596 0.06649329 
935.00000000 0.07777539 0.02530888 0.52086841 0.21290115 0.07600541 0.02075740 0.06638337 
936.00000000 0.07775950 0.02529773 0.52125088 0.21288257 0.07584724 0.02068848 0.06627360 
937.00000000 0.07774334 0.02528678 0.52163284 0.21286404 0.07568983 0.02061920 0.06616398 
938.00000000 0.07772691 0.02527600 0.52201429 0.21284557 0.07553316 0.02054957 0.06605451 
939.00000000 0.07771021 0.02526539 0.52239522 0.21282717 0.07537722 0.02047959 0.06594520 
940.00000000 0.07769326 0.02525495 0.52277565 0.21280883 0.07522201 0.02040927 0.06583604 
941.00000000 0.07767606 0.02524467 0.52315556 0.21279055 0.07506752 0.02033861 0.06572703 
942.00000000 0.07765863 0.02523454 0.52353496 0.21277233 0.07491373 0.02026763 0.06561818 
943.00000000 0.07764096 0.02522455 0.52391385 0.21275417 0.07476064 0.02019634 0.06550948 
944.00000000 0.07762307 0.02521470 0.52429224 0.21273608 0.07460824 0.02012474 0.06540093 
945.00000000 0.07760496 0.02520497 0.52467011 0.21271805 0.07445651 0.02005285 0.06529254 
946.00000000 0.07758665 0.02519536 0.52504747 0.21270008 0.07430545 0.01998068 0.06518431 
947.00000000 0.07756814 0.02518586 0.52542433 0.21268217 0.07415504 0.01990824 0.06507623 
948.00000000 0.07754945 0.02517646 0.52580067 0.21266432 0.07400526 0.01983554 0.06496830 
949.00000000 0.07753057 0.02516715 0.52617651 0.21264652 0.07385612 0.01976260 0.06486053 
950.00000000 0.07751152 0.02515793 0.52655184 0.21262879 0.07370758 0.01968943 0.06475292 
951.00000000 0.07749231 0.02514878 0.52692666 0.21261111 0.07355965 0.01961605 0.06464545 
952.00000000 0.07747294 0.02513970 0.52730097 0.21259348 0.07341230 0.01954247 0.06453814 
953.00000000 0.07745343 0.02513068 0.52767477 0.21257591 0.07326552 0.01946871 0.06443099 
954.00000000 0.07743379 0.02512171 0.52804806 0.21255839 0.07311930 0.01939478 0.06432398 
955.00000000 0.07741401 0.02511278 0.52842084 0.21254092 0.07297362 0.01932070 0.06421713 
956.00000000 0.07739412 0.02510388 0.52879311 0.21252350 0.07282847 0.01924649 0.06411042 
957.00000000 0.07737412 0.02509501 0.52916488 0.21250612 0.07268383 0.01917217 0.06400387 
958.00000000 0.07735401 0.02508615 0.52953613 0.21248879 0.07253970 0.01909775 0.06389747 
959.00000000 0.07733381 0.02507731 0.52990687 0.21247149 0.07239604 0.01902326 0.06379121 
960.00000000 0.07731353 0.02506846 0.53027711 0.21245424 0.07225286 0.01894870 0.06368511 
961.00000000 0.07729316 0.02505961 0.53064683 0.21243702 0.07211013 0.01887410 0.06357914 
962.00000000 0.07727273 0.02505074 0.53101604 0.21241984 0.07196784 0.01879948 0.06347333 
963.00000000 0.07725224 0.02504184 0.53138474 0.21240269 0.07182597 0.01872486 0.06336766 
964.00000000 0.07723169 0.02503292 0.53175293 0.21238557 0.07168451 0.01865025 0.06326213 
965.00000000 0.07721110 0.02502395 0.53212060 0.21236847 0.07154345 0.01857567 0.06315675 
966.00000000 0.07719047 0.02501494 0.53248777 0.21235139 0.07140277 0.01850115 0.06305151 
967.00000000 0.07716981 0.02500588 0.53285442 0.21233433 0.07126246 0.01842669 0.06294641 
968.00000000 0.07714913 0.02499676 0.53322055 0.21231729 0.07112249 0.01835233 0.06284145 
969.00000000 0.07712842 0.02498757 0.53358618 0.21230026 0.07098287 0.01827808 0.06273662 
970.00000000 0.07710771 0.02497831 0.53395128 0.21228324 0.07084357 0.01820395 0.06263194 
971.00000000 0.07708699 0.02496897 0.53431588 0.21226623 0.07070457 0.01812997 0.06252739 
972.00000000 0.07706628 0.02495954 0.53467995 0.21224922 0.07056588 0.01805616 0.06242298 
973.00000000 0.07704557 0.02495002 0.53504351 0.21223220 0.07042747 0.01798252 0.06231870 
974.00000000 0.07702487 0.02494040 0.53540656 0.21221519 0.07028933 0.01790909 0.06221456 
975.00000000 0.07700420 0.02493069 0.53576908 0.21219816 0.07015145 0.01783588 0.06211055 
976.00000000 0.07698354 0.02492086 0.53613109 0.21218113 0.07001381 0.01776289 0.06200667 
977.00000000 0.07696292 0.02491093 0.53649258 0.21216408 0.06987641 0.01769017 0.06190292 
978.00000000 0.07694233 0.02490087 0.53685355 0.21214701 0.06973923 0.01761771 0.06179930 
979.00000000 0.07692178 0.02489070 0.53721400 0.21212991 0.06960227 0.01754553 0.06169581 
980.00000000 0.07690127 0.02488040 0.53757393 0.21211279 0.06946550 0.01747366 0.06159245 
981.00000000 0.07688080 0.02486997 0.53793334 0.21209565 0.06932893 0.01740210 0.06148921 
982.00000000 0.07686039 0.02485941 0.53829222 0.21207847 0.06919253 0.01733087 0.06138610 
983.00000000 0.07684003 0.02484872 0.53865059 0.21206125 0.06905631 0.01725999 0.06128312 
984.00000000 0.07681972 0.02483789 0.53900843 0.21204399 0.06892025 0.01718947 0.06118026 
985.00000000 0.07679947 0.02482691 0.53936574 0.21202669 0.06878434 0.01711932 0.06107752 
986.00000000 0.07677929 0.02481580 0.53972254 0.21200935 0.06864857 0.01704955 0.06097491 
987.00000000 0.07675916 0.02480454 0.54007880 0.21199195 0.06851294 0.01698019 0.06087242 
988.00000000 0.07673910 0.02479313 0.54043454 0.21197450 0.06837744 0.01691123 0.06077005 
989.00000000 0.07671911 0.02478158 0.54078976 0.21195699 0.06824206 0.01684270 0.06066780 
990.00000000 0.07669919 0.02476987 0.54114444 0.21193943 0.06810680 0.01677460 0.06056567 
991.00000000 0.07667933 0.02475802 0.54149860 0.21192180 0.06797164 0.01670695 0.06046366 
992.00000000 0.07665954 0.02474601 0.54185223 0.21190411 0.06783659 0.01663975 0.06036176 
993.00000000 0.07663982 0.02473386 0.54220534 0.21188635 0.06770164 0.01657301 0.06025999 
994.00000000 0.07662017 0.02472155 0.54255791 0.21186853 0.06756678 0.01650674 0.06015833 
995.00000000 0.07660059 0.02470909 0.54290995 0.21185062 0.06743200 0.01644095 0.06005679 
996.00000000 0.07658108 0.02469649 0.54326146 0.21183265 0.06729731 0.01637565 0.05995536 
997.00000000 0.07656164 0.02468373 0.54361244 0.21181459 0.06716271 0.01631084 0.05985405 
998.00000000 0.07654226 0.02467083 0.54396288 0.21179646 0.06702818 0.01624653 0.05975286 
999.00000000 0.07652295 0.02465778 0.54431280 0.21177825 0.06689372 0.01618272 0.05965178 
