0.00000000 0.00000000 -0.00000000 -0.00000000 -0.00000000 -0.00000000 1.00000000 -0.00000000 
1.00000000 0.00000666 0.00000494 0.00000327 0.00001027 0.00023332 0.99968563 0.00005591 
2.00000000 0.00002661 0.00001975 0.00001308 0.00004120 0.00093252 0.99874346 0.00022339 
3.00000000 0.00005976 0.00004442 0.00002941 0.00009320 0.00209513 0.99717637 0.00050170 
4.00000000 0.00010600 0.00007890 0.00005225 0.00016693 0.00371711 0.99498921 0.00088960 
5.00000000 0.00016512 0.00012315 0.00008157 0.00026330 0.00579279 0.99218869 0.00138538 
6.00000000 0.00023689 0.00017710 0.00011735 0.00038348 0.00831498 0.98878336 0.00198686 
7.00000000 0.00032103 0.00024067 0.00015953 0.00052886 0.01127494 0.98478359 0.00269139 
8.00000000 0.00041719 0.00031378 0.00020808 0.00070108 0.01466251 0.98020145 0.00349591 
9.00000000 0.00052500 0.00039632 0.00026294 0.00090197 0.01846610 0.97505071 0.00439696 
10.00000000 0.00064404 0.00048818 0.00032406 0.00113355 0.02267284 0.96934667 0.00539066 
11.00000000 0.00077383 0.00058925 0.00039137 0.00139804 0.02726856 0.96310614 0.00647282 
12.00000000 0.00091387 0.00069938 0.00046480 0.00169777 0.03223795 0.95634732 0.00763891 
13.00000000 0.00106363 0.00081845 0.00054429 0.00203526 0.03756461 0.94908966 0.00888409 
14.00000000 0.00122254 0.00094631 0.00062975 0.00241309 0.04323118 0.94135383 0.01020331 
15.00000000 0.00139000 0.00108280 0.00072109 0.00283395 0.04921939 0.93316152 0.01159126 
16.00000000 0.00156538 0.00122778 0.00081824 0.00330058 0.05551017 0.92453539 0.01304246 
17.00000000 0.00174804 0.00138108 0.00092111 0.00381577 0.06208380 0.91549890 0.01455130 
18.00000000 0.00193732 0.00154254 0.00102959 0.00438231 0.06891994 0.90607625 0.01611205 
19.00000000 0.00213254 0.00171200 0.00114359 0.00500296 0.07599781 0.89629220 0.01771890 
20.00000000 0.00233302 0.00188930 0.00126301 0.00568045 0.08329621 0.88617199 0.01936603 
21.00000000 0.00253806 0.00207425 0.00138774 0.00641744 0.09079369 0.87574121 0.02104760 
22.00000000 0.00274698 0.00226670 0.00151768 0.00721649 0.09846864 0.86502569 0.02275782 
23.00000000 0.00295907 0.00246648 0.00165271 0.00808004 0.10629935 0.85405140 0.02449096 
24.00000000 0.00317364 0.00267341 0.00179272 0.00901036 0.11426413 0.84284431 0.02624142 
25.00000000 0.00339002 0.00288733 0.00193759 0.01000959 0.12234142 0.83143034 0.02800371 
26.00000000 0.00360753 0.00310806 0.00208721 0.01107965 0.13050984 0.81983521 0.02977250 
27.00000000 0.00382551 0.00333545 0.00224144 0.01222225 0.13874829 0.80808439 0.03154267 
28.00000000 0.00404333 0.00356930 0.00240017 0.01343886 0.14703605 0.79620300 0.03330929 
29.00000000 0.00426036 0.00380945 0.00256326 0.01473073 0.15535280 0.78421571 0.03506768 
30.00000000 0.00447602 0.00405573 0.00273058 0.01609880 0.16367874 0.77214672 0.03681341 
31.00000000 0.00468971 0.00430796 0.00290201 0.01754375 0.17199462 0.76001961 0.03854233 
32.00000000 0.00490091 0.00456595 0.00307741 0.01906598 0.18028182 0.74785737 0.04025055 
33.00000000 0.00510911 0.00482953 0.00325665 0.02066557 0.18852237 0.73568227 0.04193450 
34.00000000 0.00531380 0.00509850 0.00343958 0.02234230 0.19669903 0.72351587 0.04359091 
35.00000000 0.00551456 0.00537266 0.00362608 0.02409562 0.20479532 0.71137894 0.04521682 
36.00000000 0.00571097 0.00565183 0.00381602 0.02592468 0.21279551 0.69929141 0.04680958 
37.00000000 0.00590265 0.00593579 0.00400926 0.02782832 0.22068474 0.68727239 0.04836686 
38.00000000 0.00608926 0.00622432 0.00420568 0.02980503 0.22844894 0.67534009 0.04988667 
39.00000000 0.00627050 0.00651721 0.00440515 0.03185303 0.23607494 0.66351185 0.05136731 
40.00000000 0.00644612 0.00681423 0.00460754 0.03397021 0.24355042 0.65180407 0.05280740 
41.00000000 0.00661590 0.00711514 0.00481275 0.03615417 0.25086395 0.64023223 0.05420586 
42.00000000 0.00677965 0.00741969 0.00502067 0.03840222 0.25800497 0.62881088 0.05556192 
43.00000000 0.00693724 0.00772763 0.00523118 0.04071141 0.26496383 0.61755363 0.05687507 
44.00000000 0.00708856 0.00803868 0.00544421 0.04307853 0.27173175 0.60647317 0.05814511 
45.00000000 0.00723357 0.00835258 0.00565966 0.04550011 0.27830081 0.59558121 0.05937206 
46.00000000 0.00737224 0.00866904 0.00587746 0.04797246 0.28466398 0.58488859 0.06055623 
47.00000000 0.00750459 0.00898776 0.00609754 0.05049171 0.29081506 0.57440520 0.06169814 
48.00000000 0.00763068 0.00930845 0.00631986 0.05305378 0.29674869 0.56414003 0.06279852 
49.00000000 0.00775060 0.00963079 0.00654437 0.05565441 0.30246032 0.55410118 0.06385832 
50.00000000 0.00786450 0.00995447 0.00677105 0.05828925 0.30794618 0.54429589 0.06487867 
51.00000000 0.00797252 0.01027915 0.00699989 0.06095377 0.31320328 0.53473054 0.06586085 
52.00000000 0.00807488 0.01060452 0.00723089 0.06364338 0.31822936 0.52541067 0.06680630 
53.00000000 0.00817181 0.01093023 0.00746406 0.06635341 0.32302286 0.51634103 0.06771659 
54.00000000 0.00826356 0.01125595 0.00769944 0.06907913 0.32758293 0.50752556 0.06859342 
55.00000000 0.00835042 0.01158133 0.00793708 0.07181580 0.33190935 0.49896747 0.06943855 
56.00000000 0.00843272 0.01190603 0.00817704 0.07455865 0.33600251 0.49066922 0.07025384 
57.00000000 0.00851078 0.01222970 0.00841940 0.07730295 0.33986341 0.48263257 0.07104120 
58.00000000 0.00858497 0.01255200 0.00866425 0.08004400 0.34349359 0.47485859 0.07180261 
59.00000000 0.00865567 0.01287258 0.00891170 0.08277717 0.34689512 0.46734772 0.07254004 
60.00000000 0.00872327 0.01319110 0.00916188 0.08549792 0.35007054 0.46009978 0.07325550 
61.00000000 0.00878820 0.01350724 0.00941493 0.08820178 0.35302288 0.45311399 0.07395098 
62.00000000 0.00885086 0.01382065 0.00967100 0.09088444 0.35575556 0.44638901 0.07462848 
63.00000000 0.00891171 0.01413102 0.00993025 0.09354170 0.35827240 0.43992297 0.07528995 
64.00000000 0.00897119 0.01443803 0.01019287 0.09616951 0.36057758 0.43371352 0.07593729 
65.00000000 0.00902973 0.01474138 0.01045904 0.09876402 0.36267562 0.42775782 0.07657238 
66.00000000 0.00908780 0.01504077 0.01072898 0.10132153 0.36457131 0.42205259 0.07719702 
67.00000000 0.00914585 0.01533593 0.01100287 0.10383853 0.36626972 0.41659415 0.07781294 
68.00000000 0.00920433 0.01562657 0.01128096 0.10631173 0.36777617 0.41137844 0.07842180 
69.00000000 0.00926369 0.01591245 0.01156347 0.10873805 0.36909615 0.40640104 0.07902515 
70.00000000 0.00932437 0.01619332 0.01185062 0.11111462 0.37023537 0.40165721 0.07962449 
71.00000000 0.00938680 0.01646896 0.01214267 0.11343878 0.37119969 0.39714191 0.08022119 
72.00000000 0.00945142 0.01673916 0.01243986 0.11570812 0.37199507 0.39284986 0.08081652 
73.00000000 0.00951862 0.01700372 0.01274243 0.11792044 0.37262762 0.38877549 0.08141167 
74.00000000 0.00958882 0.01726248 0.01305064 0.12007379 0.37310349 0.38491307 0.08200771 
75.00000000 0.00966239 0.01751526 0.01336475 0.12216643 0.37342893 0.38125664 0.08260559 
76.00000000 0.00973970 0.01776195 0.01368499 0.12419687 0.37361021 0.37780010 0.08320619 
77.00000000 0.00982110 0.01800240 0.01401163 0.12616382 0.37365362 0.37453719 0.08381024 
78.00000000 0.00990692 0.01823653 0.01434490 0.12806624 0.37356547 0.37146154 0.08441839 
79.00000000 0.00999746 0.01846426 0.01468507 0.12990329 0.37335203 0.36856670 0.08503119 
80.00000000 0.01009301 0.01868550 0.01503237 0.13167435 0.37301958 0.36584612 0.08564906 
81.00000000 0.01019382 0.01890024 0.01538703 0.13337900 0.37257433 0.36329322 0.08627236 
82.00000000 0.01030014 0.01910842 0.01574929 0.13501703 0.37202243 0.36090136 0.08690132 
83.00000000 0.01041218 0.01931006 0.01611937 0.13658840 0.37136997 0.35866391 0.08753610 
84.00000000 0.01053012 0.01950516 0.01649749 0.13809328 0.37062296 0.35657421 0.08817677 
85.00000000 0.01065413 0.01969375 0.01688386 0.13953199 0.36978731 0.35462565 0.08882331 
86.00000000 0.01078433 0.01987587 0.01727867 0.14090502 0.36886883 0.35281163 0.08947563 
87.00000000 0.01092085 0.02005160 0.01768212 0.14221303 0.36787323 0.35112561 0.09013356 
88.00000000 0.01106375 0.02022101 0.01809438 0.14345681 0.36680607 0.34956110 0.09079688 
89.00000000 0.01121311 0.02038419 0.01851562 0.14463728 0.36567282 0.34811169 0.09146529 
90.00000000 0.01136894 0.02054126 0.01894601 0.14575550 0.36447880 0.34677105 0.09213844 
91.00000000 0.01153125 0.02069235 0.01938569 0.14681264 0.36322918 0.34553295 0.09281593 
92.00000000 0.01170003 0.02083759 0.01983479 0.14780998 0.36192901 0.34439128 0.09349733 
93.00000000 0.01187523 0.02097715 0.02029344 0.14874888 0.36058317 0.34334001 0.09418213 
94.00000000 0.01205677 0.02111117 0.02076175 0.14963080 0.35919641 0.34237326 0.09486983 
95.00000000 0.01224458 0.02123986 0.02123982 0.15045727 0.35777330 0.34148529 0.09555988 
96.00000000 0.01243854 0.02136339 0.02172774 0.15122991 0.35631826 0.34067047 0.09625170 
97.00000000 0.01263851 0.02148196 0.02222559 0.15195036 0.35483555 0.33992333 0.09694470 
98.00000000 0.01284433 0.02159578 0.02273343 0.15262035 0.35332928 0.33923855 0.09763828 
99.00000000 0.01305585 0.02170508 0.02325131 0.15324163 0.35180337 0.33861096 0.09833181 
100.00000000 0.01327286 0.02181006 0.02377927 0.15381598 0.35026159 0.33803557 0.09902467 
101.00000000 0.01349516 0.02191098 0.02431734 0.15434524 0.34870753 0.33750751 0.09971624 
102.00000000 0.01372252 0.02200805 0.02486555 0.15483123 0.34714464 0.33702213 0.10040588 
103.00000000 0.01395472 0.02210153 0.02542389 0.15527581 0.34557617 0.33657490 0.10109298 
104.00000000 0.01419150 0.02219167 0.02599236 0.15568085 0.34400522 0.33616150 0.10177691 
105.00000000 0.01443260 0.02227870 0.02657096 0.15604820 0.34243472 0.33577776 0.10245708 
106.00000000 0.01467775 0.02236289 0.02715965 0.15637973 0.34086742 0.33541969 0.10313288 
107.00000000 0.01492667 0.02244447 0.02775840 0.15667728 0.33930594 0.33508348 0.10380375 
108.00000000 0.01517908 0.02252372 0.02836717 0.15694270 0.33775271 0.33476550 0.10446912 
109.00000000 0.01543469 0.02260088 0.02898591 0.15717781 0.33620999 0.33446228 0.10512845 
110.00000000 0.01569320 0.02267619 0.02961455 0.15738440 0.33467990 0.33417054 0.10578122 
111.00000000 0.01595431 0.02274992 0.03025303 0.15756424 0.33316439 0.33388718 0.10642693 
112.00000000 0.01621772 0.02282230 0.03090128 0.15771908 0.33166525 0.33360926 0.10706511 
113.00000000 0.01648314 0.02289358 0.03155920 0.15785062 0.33018414 0.33333403 0.10769529 
114.00000000 0.01675026 0.02296399 0.03222671 0.15796053 0.32872255 0.33305890 0.10831707 
115.00000000 0.01701878 0.02303377 0.03290372 0.15805045 0.32728181 0.33278145 0.10893002 
116.00000000 0.01728841 0.02310314 0.03359011 0.15812196 0.32586315 0.33249944 0.10953379 
117.00000000 0.01755886 0.02317232 0.03428579 0.15817661 0.32446762 0.33221079 0.11012801 
118.00000000 0.01782985 0.02324152 0.03499064 0.15821590 0.32309615 0.33191357 0.11071237 
119.00000000 0.01810109 0.02331094 0.03570454 0.15824127 0.32174954 0.33160604 0.11128657 
120.00000000 0.01837232 0.02338079 0.03642737 0.15825413 0.32042846 0.33128659 0.11185035 
121.00000000 0.01864326 0.02345124 0.03715901 0.15825582 0.31913345 0.33095377 0.11240345 
122.00000000 0.01891367 0.02352246 0.03789932 0.15824763 0.31786496 0.33060629 0.11294567 
123.00000000 0.01918330 0.02359464 0.03864817 0.15823080 0.31662329 0.33024299 0.11347681 
124.00000000 0.01945192 0.02366791 0.03940542 0.15820650 0.31540867 0.32986287 0.11399671 
125.00000000 0.01971929 0.02374243 0.04017094 0.15817587 0.31422120 0.32946505 0.11450522 
126.00000000 0.01998520 0.02381833 0.04094458 0.15813995 0.31306090 0.32904879 0.11500225 
127.00000000 0.02024945 0.02389574 0.04172620 0.15809977 0.31192771 0.32861346 0.11548768 
128.00000000 0.02051185 0.02397475 0.04251564 0.15805626 0.31082145 0.32815859 0.11596146 
129.00000000 0.02077222 0.02405548 0.04331277 0.15801030 0.30974190 0.32768379 0.11642354 
130.00000000 0.02103039 0.02413801 0.04411742 0.15796273 0.30868876 0.32718880 0.11687390 
131.00000000 0.02128620 0.02422241 0.04492944 0.15791431 0.30766164 0.32667345 0.11731254 
132.00000000 0.02153951 0.02430877 0.04574868 0.15786575 0.30666012 0.32613769 0.11773948 
133.00000000 0.02179019 0.02439712 0.04657497 0.15781770 0.30568372 0.32558154 0.11815476 
134.00000000 0.02203812 0.02448752 0.04740815 0.15777074 0.30473188 0.32500514 0.11855845 
135.00000000 0.02228319 0.02457999 0.04824807 0.15772540 0.30380405 0.32440867 0.11895062 
136.00000000 0.02252531 0.02467457 0.04909454 0.15768218 0.30289961 0.32379243 0.11933137 
137.00000000 0.02276438 0.02477125 0.04994740 0.15764148 0.30201790 0.32315677 0.11970082 
138.00000000 0.02300034 0.02487006 0.05080647 0.15760367 0.30115827 0.32250209 0.12005910 
139.00000000 0.02323312 0.02497098 0.05167159 0.15756907 0.30032002 0.32182887 0.12040636 
140.00000000 0.02346267 0.02507400 0.05254256 0.15753794 0.29950243 0.32113764 0.12074276 
141.00000000 0.02368894 0.02517909 0.05341922 0.15751050 0.29870480 0.32042897 0.12106848 
142.00000000 0.02391190 0.02528623 0.05430136 0.15748692 0.29792640 0.31970348 0.12138372 
143.00000000 0.02413152 0.02539537 0.05518880 0.15746733 0.29716649 0.31896181 0.12168868 
144.00000000 0.02434780 0.02550648 0.05608134 0.15745180 0.29642436 0.31820466 0.12198357 
145.00000000 0.02456071 0.02561950 0.05697878 0.15744038 0.29569927 0.31743273 0.12226863 
146.00000000 0.02477026 0.02573437 0.05788092 0.15743308 0.29499051 0.31664675 0.12254410 
147.00000000 0.02497646 0.02585104 0.05878755 0.15742986 0.29429739 0.31584747 0.12281023 
148.00000000 0.02517931 0.02596943 0.05969846 0.15743067 0.29361921 0.31503565 0.12306728 
149.00000000 0.02537884 0.02608949 0.06061342 0.15743541 0.29295529 0.31421205 0.12331551 
150.00000000 0.02557506 0.02621112 0.06153221 0.15744396 0.29230500 0.31337744 0.12355521 
151.00000000 0.02576802 0.02633426 0.06245460 0.15745618 0.29166768 0.31253260 0.12378666 
152.00000000 0.02595774 0.02645883 0.06338035 0.15747191 0.29104273 0.31167829 0.12401015 
153.00000000 0.02614426 0.02658474 0.06430924 0.15749097 0.29042955 0.31081528 0.12422597 
154.00000000 0.02632762 0.02671191 0.06524100 0.15751314 0.28982760 0.30994430 0.12443443 
155.00000000 0.02650787 0.02684026 0.06617538 0.15753823 0.28923632 0.30906611 0.12463582 
156.00000000 0.02668506 0.02696970 0.06711214 0.15756601 0.28865520 0.30818142 0.12483046 
157.00000000 0.02685925 0.02710015 0.06805100 0.15759625 0.28808375 0.30729094 0.12501866 
158.00000000 0.02703048 0.02723151 0.06899171 0.15762871 0.28752152 0.30639535 0.12520073 
159.00000000 0.02719880 0.02736371 0.06993398 0.15766315 0.28696806 0.30549531 0.12537698 
160.00000000 0.02736429 0.02749665 0.07087755 0.15769934 0.28642297 0.30459148 0.12554772 
161.00000000 0.02752700 0.02763025 0.07182213 0.15773702 0.28588586 0.30368446 0.12571327 
162.00000000 0.02768699 0.02776443 0.07276743 0.15777598 0.28535637 0.30277485 0.12587394 
163.00000000 0.02784433 0.02789910 0.07371318 0.15781598 0.28483417 0.30186321 0.12603003 
164.00000000 0.02799907 0.02803418 0.07465907 0.15785680 0.28431895 0.30095008 0.12618185 
165.00000000 0.02815129 0.02816960 0.07560481 0.15789822 0.28381040 0.30003597 0.12632971 
166.00000000 0.02830104 0.02830527 0.07655010 0.15794006 0.28330827 0.29912136 0.12647390 
167.00000000 0.02844841 0.02844111 0.07749465 0.15798213 0.28281230 0.29820671 0.12661471 
168.00000000 0.02859344 0.02857704 0.07843815 0.15802425 0.28232226 0.29729243 0.12675242 
169.00000000 0.02873622 0.02871300 0.07938031 0.15806627 0.28183794 0.29637893 0.12688733 
170.00000000 0.02887680 0.02884891 0.08032082 0.15810806 0.28135915 0.29546656 0.12701970 
171.00000000 0.02901526 0.02898469 0.08125938 0.15814948 0.28088570 0.29455569 0.12714980 
172.00000000 0.02915167 0.02912028 0.08219569 0.15819045 0.28041742 0.29364660 0.12727789 
173.00000000 0.02928610 0.02925561 0.08312945 0.15823087 0.27995417 0.29273960 0.12740421 
174.00000000 0.02941861 0.02939060 0.08406037 0.15827070 0.27949579 0.29183493 0.12752900 
175.00000000 0.02954927 0.02952520 0.08498815 0.15830988 0.27904217 0.29093283 0.12765250 
176.00000000 0.02967816 0.02965933 0.08591250 0.15834841 0.27859317 0.29003352 0.12777491 
177.00000000 0.02980535 0.02979294 0.08683314 0.15838627 0.27814867 0.28913717 0.12789646 
178.00000000 0.02993090 0.02992596 0.08774978 0.15842349 0.27770858 0.28824395 0.12801734 
179.00000000 0.03005489 0.03005832 0.08866216 0.15846010 0.27727279 0.28735399 0.12813774 
180.00000000 0.03017739 0.03018998 0.08956999 0.15849619 0.27684121 0.28646742 0.12825783 
181.00000000 0.03029847 0.03032086 0.09047301 0.15853181 0.27641373 0.28558434 0.12837778 
182.00000000 0.03041819 0.03045091 0.09137098 0.15856707 0.27599029 0.28470483 0.12849773 
183.00000000 0.03053664 0.03058007 0.09226364 0.15860210 0.27557078 0.28382894 0.12861784 
184.00000000 0.03065388 0.03070828 0.09315074 0.15863701 0.27515512 0.28295674 0.12873823 
185.00000000 0.03076998 0.03083549 0.09403207 0.15867197 0.27474324 0.28208825 0.12885901 
186.00000000 0.03088501 0.03096164 0.09490739 0.15870713 0.27433504 0.28122349 0.12898031 
187.00000000 0.03099904 0.03108667 0.09577650 0.15874267 0.27393046 0.28036246 0.12910220 
188.00000000 0.03111214 0.03121053 0.09663919 0.15877879 0.27352940 0.27950517 0.12922477 
189.00000000 0.03122439 0.03133318 0.09749526 0.15881568 0.27313180 0.27865159 0.12934810 
190.00000000 0.03133584 0.03145455 0.09834455 0.15885356 0.27273755 0.27780171 0.12947225 
191.00000000 0.03144656 0.03157459 0.09918687 0.15889264 0.27234659 0.27695548 0.12959726 
192.00000000 0.03155663 0.03169325 0.10002208 0.15893315 0.27195882 0.27611287 0.12972319 
193.00000000 0.03166611 0.03181049 0.10085002 0.15897532 0.27157417 0.27527384 0.12985005 
194.00000000 0.03177507 0.03192626 0.10167055 0.15901938 0.27119255 0.27443832 0.12997788 
195.00000000 0.03188356 0.03204050 0.10248356 0.15906556 0.27081386 0.27360627 0.13010668 
196.00000000 0.03199165 0.03215318 0.10328894 0.15911411 0.27043803 0.27277763 0.13023647 
197.00000000 0.03209940 0.03226424 0.10408659 0.15916526 0.27006496 0.27195233 0.13036723 
198.00000000 0.03220688 0.03237365 0.10487641 0.15921924 0.26969456 0.27113031 0.13049896 
199.00000000 0.03231413 0.03248135 0.10565835 0.15927628 0.26932675 0.27031150 0.13063164 
200.00000000 0.03242122 0.03258732 0.10643233 0.15933661 0.26896144 0.26949584 0.13076524 
201.00000000 0.03252821 0.03269152 0.10719831 0.15940045 0.26859853 0.26868325 0.13089974 
202.00000000 0.03263514 0.03279389 0.10795625 0.15946800 0.26823794 0.26787368 0.13103509 
203.00000000 0.03274206 0.03289442 0.10870613 0.15953948 0.26787959 0.26706705 0.13117127 
204.00000000 0.03284904 0.03299307 0.10944793 0.15961507 0.26752338 0.26626329 0.13130822 
205.00000000 0.03295610 0.03308980 0.11018166 0.15969496 0.26716923 0.26546235 0.13144590 
206.00000000 0.03306330 0.03318459 0.11090733 0.15977933 0.26681706 0.26466414 0.13158425 
207.00000000 0.03317069 0.03327741 0.11162495 0.15986833 0.26646678 0.26386861 0.13172322 
208.00000000 0.03327830 0.03336823 0.11233456 0.15996212 0.26611833 0.26307569 0.13186276 
209.00000000 0.03338617 0.03345703 0.11303620 0.16006084 0.26577163 0.26228532 0.13200281 
210.00000000 0.03349434 0.03354379 0.11372993 0.16016461 0.26542660 0.26149743 0.13214330 
211.00000000 0.03360285 0.03362850 0.11441581 0.16027353 0.26508318 0.26071195 0.13228418 
212.00000000 0.03371172 0.03371112 0.11509391 0.16038772 0.26474131 0.25992884 0.13242538 
213.00000000 0.03382098 0.03379166 0.11576431 0.16050725 0.26440093 0.25914802 0.13256684 
214.00000000 0.03393067 0.03387011 0.11642711 0.16063220 0.26406198 0.25836943 0.13270851 
215.00000000 0.03404081 0.03394644 0.11708239 0.16076263 0.26372441 0.25759301 0.13285032 
216.00000000 0.03415142 0.03402066 0.11773026 0.16089857 0.26338818 0.25681870 0.13299221 
217.00000000 0.03426252 0.03409276 0.11837084 0.16104007 0.26305325 0.25604644 0.13313412 
218.00000000 0.03437413 0.03416274 0.11900425 0.16118714 0.26271959 0.25527616 0.13327600 
219.00000000 0.03448628 0.03423060 0.11963060 0.16133979 0.26238715 0.25450780 0.13341778 
220.00000000 0.03459896 0.03429636 0.12025003 0.16149802 0.26205592 0.25374131 0.13355941 
221.00000000 0.03471220 0.03436000 0.12086267 0.16166181 0.26172587 0.25297661 0.13370084 
222.00000000 0.03482600 0.03442155 0.12146866 0.16183115 0.26139698 0.25221365 0.13384201 
223.00000000 0.03494038 0.03448101 0.12206814 0.16200598 0.26106924 0.25145237 0.13398288 
224.00000000 0.03505534 0.03453840 0.12266126 0.16218628 0.26074264 0.25069269 0.13412339 
225.00000000 0.03517088 0.03459374 0.12324817 0.16237199 0.26041716 0.24993457 0.13426350 
226.00000000 0.03528700 0.03464704 0.12382902 0.16256304 0.26009281 0.24917793 0.13440316 
227.00000000 0.03540371 0.03469833 0.12440396 0.16275938 0.25976957 0.24842272 0.13454233 
228.00000000 0.03552100 0.03474763 0.12497314 0.16296092 0.25944746 0.24766888 0.13468097 
229.00000000 0.03563888 0.03479498 0.12553672 0.16316759 0.25912646 0.24691634 0.13481904 
230.00000000 0.03575732 0.03484039 0.12609486 0.16337930 0.25880658 0.24616505 0.13495649 
231.00000000 0.03587633 0.03488390 0.12664772 0.16359596 0.25848783 0.24541496 0.13509329 
232.00000000 0.03599591 0.03492555 0.12719544 0.16381749 0.25817020 0.24466600 0.13522942 
233.00000000 0.03611602 0.03496538 0.12773819 0.16404378 0.25785369 0.24391813 0.13536482 
234.00000000 0.03623668 0.03500341 0.12827611 0.16427473 0.25753831 0.24317130 0.13549947 
235.00000000 0.03635785 0.03503969 0.12880937 0.16451025 0.25722405 0.24242545 0.13563334 
236.00000000 0.03647953 0.03507426 0.12933811 0.16475022 0.25691092 0.24168054 0.13576640 
237.00000000 0.03660170 0.03510718 0.12986249 0.16499456 0.25659891 0.24093654 0.13589862 
238.00000000 0.03672434 0.03513847 0.13038265 0.16524315 0.25628801 0.24019340 0.13602997 
239.00000000 0.03684744 0.03516819 0.13089875 0.16549589 0.25597822 0.23945109 0.13616043 
240.00000000 0.03697096 0.03519640 0.13141092 0.16575267 0.25566952 0.23870958 0.13628996 
241.00000000 0.03709489 0.03522313 0.13191930 0.16601339 0.25536190 0.23796884 0.13641855 
242.00000000 0.03721921 0.03524844 0.13242404 0.16627796 0.25505534 0.23722885 0.13654616 
243.00000000 0.03734390 0.03527238 0.13292527 0.16654626 0.25474982 0.23648959 0.13667279 
244.00000000 0.03746892 0.03529501 0.13342313 0.16681819 0.25444532 0.23575104 0.13679840 
245.00000000 0.03759425 0.03531637 0.13391775 0.16709366 0.25414181 0.23501320 0.13692297 
246.00000000 0.03771987 0.03533653 0.13440924 0.16737257 0.25383926 0.23427605 0.13704648 
247.00000000 0.03784575 0.03535553 0.13489775 0.16765481 0.25353764 0.23353960 0.13716892 
248.00000000 0.03797186 0.03537343 0.13538338 0.16794031 0.25323691 0.23280385 0.13729026 
249.00000000 0.03809817 0.03539029 0.13586626 0.16822895 0.25293704 0.23206880 0.13741049 
250.00000000 0.03822466 0.03540616 0.13634650 0.16852066 0.25263797 0.23133446 0.13752959 
251.00000000 0.03835130 0.03542109 0.13682422 0.16881534 0.25233968 0.23060084 0.13764754 
252.00000000 0.03847805 0.03543513 0.13729951 0.16911290 0.25204210 0.22986797 0.13776434 
253.00000000 0.03860489 0.03544835 0.13777249 0.16941326 0.25174521 0.22913585 0.13787995 
254.00000000 0.03873179 0.03546079 0.13824326 0.16971633 0.25144894 0.22840452 0.13799438 
255.00000000 0.03885872 0.03547250 0.13871192 0.17002202 0.25115324 0.22767400 0.13810761 
256.00000000 0.03898565 0.03548353 0.13917855 0.17033025 0.25085807 0.22694432 0.13821962 
257.00000000 0.03911256 0.03549393 0.13964326 0.17064095 0.25056338 0.22621551 0.13833042 
258.00000000 0.03923942 0.03550375 0.14010613 0.17095402 0.25026910 0.22548760 0.13843998 
259.00000000 0.03936620 0.03551304 0.14056724 0.17126939 0.24997519 0.22476063 0.13854831 
260.00000000 0.03949287 0.03552183 0.14102669 0.17158697 0.24968160 0.22403465 0.13865539 
261.00000000 0.03961941 0.03553018 0.14148454 0.17190670 0.24938827 0.22330968 0.13876122 
262.00000000 0.03974579 0.03553811 0.14194088 0.17222848 0.24909516 0.22258578 0.13886579 
263.00000000 0.03987199 0.03554568 0.14239578 0.17255225 0.24880220 0.22186299 0.13896911 
264.00000000 0.03999798 0.03555291 0.14284932 0.17287791 0.24850936 0.22114136 0.13907116 
265.00000000 0.04012375 0.03555984 0.14330155 0.17320540 0.24821658 0.22042093 0.13917196 
266.00000000 0.04024927 0.03556651 0.14375254 0.17353463 0.24792381 0.21970175 0.13927148 
267.00000000 0.04037452 0.03557294 0.14420237 0.17386553 0.24763101 0.21898388 0.13936975 
268.00000000 0.04049948 0.03557916 0.14465108 0.17419801 0.24733814 0.21826738 0.13946675 
269.00000000 0.04062414 0.03558520 0.14509874 0.17453200 0.24704514 0.21755229 0.13956249 
270.00000000 0.04074847 0.03559108 0.14554541 0.17486742 0.24675197 0.21683868 0.13965697 
271.00000000 0.04087246 0.03559682 0.14599113 0.17520419 0.24645860 0.21612660 0.13975020 
272.00000000 0.04099609 0.03560245 0.14643597 0.17554222 0.24616499 0.21541611 0.13984218 
273.00000000 0.04111935 0.03560797 0.14687996 0.17588144 0.24587109 0.21470728 0.13993291 
274.00000000 0.04124223 0.03561340 0.14732316 0.17622176 0.24557687 0.21400017 0.14002239 
275.00000000 0.04136472 0.03561876 0.14776561 0.17656311 0.24528229 0.21329485 0.14011065 
276.00000000 0.04148680 0.03562406 0.14820737 0.17690540 0.24498733 0.21259138 0.14019767 
277.00000000 0.04160846 0.03562930 0.14864846 0.17724855 0.24469194 0.21188983 0.14028347 
278.00000000 0.04172969 0.03563449 0.14908893 0.17759247 0.24439610 0.21119026 0.14036805 
279.00000000 0.04185049 0.03563964 0.14952883 0.17793709 0.24409977 0.21049277 0.14045142 
280.00000000 0.04197084 0.03564475 0.14996819 0.17828230 0.24380293 0.20979740 0.14053359 
281.00000000 0.04209075 0.03564981 0.15040704 0.17862804 0.24350555 0.20910424 0.14061457 
282.00000000 0.04221020 0.03565484 0.15084542 0.17897421 0.24320761 0.20841337 0.14069435 
283.00000000 0.04232919 0.03565983 0.15128336 0.17932073 0.24290908 0.20772485 0.14077296 
284.00000000 0.04244771 0.03566477 0.15172090 0.17966751 0.24260993 0.20703878 0.14085040 
285.00000000 0.04256576 0.03566967 0.15215807 0.18001446 0.24231015 0.20635521 0.14092667 
286.00000000 0.04268333 0.03567452 0.15259489 0.18036150 0.24200972 0.20567424 0.14100180 
287.00000000 0.04280042 0.03567931 0.15303140 0.18070853 0.24170862 0.20499594 0.14107577 
288.00000000 0.04291703 0.03568405 0.15346762 0.18105546 0.24140684 0.20432039 0.14114861 
289.00000000 0.04303316 0.03568871 0.15390357 0.18140221 0.24110435 0.20364767 0.14122033 
290.00000000 0.04314880 0.03569330 0.15433929 0.18174868 0.24080114 0.20297786 0.14129092 
291.00000000 0.04326394 0.03569782 0.15477479 0.18209479 0.24049721 0.20231104 0.14136041 
292.00000000 0.04337859 0.03570224 0.15521009 0.18244044 0.24019255 0.20164728 0.14142880 
293.00000000 0.04349275 0.03570658 0.15564522 0.18278554 0.23988714 0.20098667 0.14149610 
294.00000000 0.04360641 0.03571081 0.15608020 0.18313000 0.23958098 0.20032927 0.14156233 
295.00000000 0.04371957 0.03571494 0.15651503 0.18347373 0.23927407 0.19967517 0.14162748 
296.00000000 0.04383223 0.03571895 0.15694975 0.18381663 0.23896641 0.19902444 0.14169158 
297.00000000 0.04394439 0.03572285 0.15738437 0.18415862 0.23865799 0.19837715 0.14175463 
298.00000000 0.04405604 0.03572663 0.15781889 0.18449960 0.23834882 0.19773337 0.14181665 
299.00000000 0.04416718 0.03573028 0.15825334 0.18483949 0.23803890 0.19709317 0.14187763 
300.00000000 0.04427781 0.03573381 0.15868773 0.18517819 0.23772824 0.19645661 0.14193760 
301.00000000 0.04438793 0.03573721 0.15912206 0.18551562 0.23741683 0.19582377 0.14199657 
302.00000000 0.04449754 0.03574047 0.15955635 0.18585169 0.23710470 0.19519470 0.14205454 
303.00000000 0.04460663 0.03574361 0.15999061 0.18618632 0.23679185 0.19456946 0.14211152 
304.00000000 0.04471519 0.03574662 0.16042484 0.18651942 0.23647829 0.19394811 0.14216754 
305.00000000 0.04482323 0.03574949 0.16085905 0.18685091 0.23616403 0.19333070 0.14222258 
306.00000000 0.04493075 0.03575225 0.16129326 0.18718071 0.23584909 0.19271728 0.14227667 
307.00000000 0.04503773 0.03575488 0.16172746 0.18750874 0.23553348 0.19210790 0.14232981 
308.00000000 0.04514417 0.03575740 0.16216165 0.18783494 0.23521722 0.19150260 0.14238202 
309.00000000 0.04525008 0.03575981 0.16259586 0.18815922 0.23490031 0.19090143 0.14243329 
310.00000000 0.04535544 0.03576213 0.16303007 0.18848153 0.23458278 0.19030442 0.14248364 
311.00000000 0.04546025 0.03576435 0.16346429 0.18880179 0.23426465 0.18971161 0.14253308 
312.00000000 0.04556450 0.03576649 0.16389852 0.18911994 0.23394592 0.18912303 0.14258160 
313.00000000 0.04566819 0.03576857 0.16433277 0.18943593 0.23362662 0.18853870 0.14262922 
314.00000000 0.04577132 0.03577059 0.16476703 0.18974970 0.23330677 0.18795866 0.14267594 
315.00000000 0.04587387 0.03577257 0.16520131 0.19006120 0.23298637 0.18738292 0.14272177 
316.00000000 0.04597584 0.03577452 0.16563560 0.19037038 0.23266545 0.18681150 0.14276670 
317.00000000 0.04607722 0.03577647 0.16606991 0.19067720 0.23234402 0.18624443 0.14281075 
318.00000000 0.04617801 0.03577842 0.16650423 0.19098162 0.23202210 0.18568170 0.14285391 
319.00000000 0.04627820 0.03578041 0.16693857 0.19128360 0.23169971 0.18512333 0.14289618 
320.00000000 0.04637778 0.03578244 0.16737292 0.19158311 0.23137686 0.18456932 0.14293756 
321.00000000 0.04647674 0.03578455 0.16780728 0.19188012 0.23105356 0.18401968 0.14297806 
322.00000000 0.04657508 0.03578674 0.16824165 0.19217461 0.23072984 0.18347440 0.14301768 
323.00000000 0.04667278 0.03578905 0.16867602 0.19246654 0.23040571 0.18293349 0.14305640 
324.00000000 0.04676984 0.03579150 0.16911040 0.19275591 0.23008118 0.18239693 0.14309424 
325.00000000 0.04686625 0.03579411 0.16954478 0.19304269 0.22975627 0.18186472 0.14313118 
326.00000000 0.04696201 0.03579690 0.16997915 0.19332687 0.22943100 0.18133685 0.14316723 
327.00000000 0.04705709 0.03579991 0.17041351 0.19360843 0.22910538 0.18081329 0.14320239 
328.00000000 0.04715150 0.03580316 0.17084786 0.19388738 0.22877942 0.18029403 0.14323664 
329.00000000 0.04724523 0.03580667 0.17128220 0.19416369 0.22845316 0.17977906 0.14326999 
330.00000000 0.04733826 0.03581047 0.17171651 0.19443737 0.22812660 0.17926834 0.14330245 
331.00000000 0.04743060 0.03581460 0.17215080 0.19470840 0.22779975 0.17876186 0.14333399 
332.00000000 0.04752223 0.03581906 0.17258506 0.19497680 0.22747265 0.17825957 0.14336463 
333.00000000 0.04761314 0.03582390 0.17301928 0.19524254 0.22714531 0.17776147 0.14339435 
334.00000000 0.04770334 0.03582913 0.17345346 0.19550565 0.22681775 0.17726750 0.14342317 
335.00000000 0.04779281 0.03583479 0.17388760 0.19576610 0.22648999 0.17677764 0.14345108 
336.00000000 0.04788154 0.03584090 0.17432168 0.19602391 0.22616205 0.17629185 0.14347807 
337.00000000 0.04796954 0.03584747 0.17475570 0.19627908 0.22583396 0.17581008 0.14350416 
338.00000000 0.04805679 0.03585455 0.17518966 0.19653161 0.22550574 0.17533231 0.14352933 
339.00000000 0.04814330 0.03586215 0.17562356 0.19678150 0.22517741 0.17485848 0.14355361 
340.00000000 0.04822906 0.03587029 0.17605738 0.19702876 0.22484900 0.17438855 0.14357697 
341.00000000 0.04831406 0.03587899 0.17649111 0.19727339 0.22452054 0.17392247 0.14359944 
342.00000000 0.04839831 0.03588828 0.17692476 0.19751539 0.22419204 0.17346020 0.14362102 
343.00000000 0.04848180 0.03589817 0.17735832 0.19775477 0.22386355 0.17300168 0.14364170 
344.00000000 0.04856453 0.03590868 0.17779179 0.19799154 0.22353508 0.17254687 0.14366151 
345.00000000 0.04864651 0.03591984 0.17822514 0.19822569 0.22320667 0.17209572 0.14368044 
346.00000000 0.04872772 0.03593164 0.17865839 0.19845725 0.22287834 0.17164816 0.14369850 
347.00000000 0.04880819 0.03594411 0.17909153 0.19868620 0.22255012 0.17120415 0.14371570 
348.00000000 0.04888790 0.03595726 0.17952454 0.19891257 0.22222205 0.17076363 0.14373206 
349.00000000 0.04896686 0.03597110 0.17995743 0.19913635 0.22189415 0.17032655 0.14374758 
350.00000000 0.04904507 0.03598563 0.18039018 0.19935756 0.22156644 0.16989284 0.14376227 
351.00000000 0.04912254 0.03600087 0.18082280 0.19957620 0.22123897 0.16946247 0.14377615 
352.00000000 0.04919928 0.03601683 0.18125528 0.19979229 0.22091175 0.16903535 0.14378923 
353.00000000 0.04927529 0.03603349 0.18168761 0.20000583 0.22058482 0.16861145 0.14380152 
354.00000000 0.04935057 0.03605088 0.18211979 0.20021684 0.22025820 0.16819070 0.14381303 
355.00000000 0.04942514 0.03606899 0.18255180 0.20042533 0.21993193 0.16777304 0.14382377 
356.00000000 0.04949901 0.03608781 0.18298366 0.20063131 0.21960602 0.16735842 0.14383377 
357.00000000 0.04957218 0.03610735 0.18341534 0.20083480 0.21928052 0.16694677 0.14384304 
358.00000000 0.04964466 0.03612760 0.18384685 0.20103581 0.21895544 0.16653805 0.14385158 
359.00000000 0.04971647 0.03614856 0.18427819 0.20123436 0.21863081 0.16613219 0.14385942 
360.00000000 0.04978762 0.03617022 0.18470933 0.20143046 0.21830666 0.16572913 0.14386657 
361.00000000 0.04985811 0.03619257 0.18514029 0.20162414 0.21798302 0.16532882 0.14387304 
362.00000000 0.04992797 0.03621561 0.18557105 0.20181542 0.21765990 0.16493120 0.14387885 
363.00000000 0.04999720 0.03623931 0.18600161 0.20200431 0.21733733 0.16453621 0.14388402 
364.00000000 0.05006583 0.03626368 0.18643197 0.20219083 0.21701535 0.16414378 0.14388856 
365.00000000 0.05013386 0.03628868 0.18686212 0.20237502 0.21669396 0.16375387 0.14389249 
366.00000000 0.05020131 0.03631431 0.18729205 0.20255689 0.21637321 0.16336641 0.14389582 
367.00000000 0.05026820 0.03634056 0.18772177 0.20273646 0.21605311 0.16298134 0.14389857 
368.00000000 0.05033454 0.03636740 0.18815126 0.20291376 0.21573368 0.16259860 0.14390075 
369.00000000 0.05040036 0.03639481 0.18858053 0.20308883 0.21541496 0.16221813 0.14390238 
370.00000000 0.05046567 0.03642277 0.18900957 0.20326168 0.21509696 0.16183987 0.14390348 
371.00000000 0.05053049 0.03645127 0.18943838 0.20343234 0.21477972 0.16146376 0.14390406 
372.00000000 0.05059484 0.03648027 0.18986694 0.20360084 0.21446325 0.16108973 0.14390413 
373.00000000 0.05065874 0.03650976 0.19029527 0.20376721 0.21414758 0.16071772 0.14390372 
374.00000000 0.05072221 0.03653971 0.19072336 0.20393148 0.21383274 0.16034767 0.14390283 
375.00000000 0.05078527 0.03657009 0.19115121 0.20409367 0.21351876 0.15997950 0.14390149 
376.00000000 0.05084795 0.03660088 0.19157881 0.20425383 0.21320566 0.15961316 0.14389971 
377.00000000 0.05091027 0.03663206 0.19200616 0.20441198 0.21289347 0.15924857 0.14389750 
378.00000000 0.05097224 0.03666358 0.19243326 0.20456814 0.21258221 0.15888567 0.14389489 
379.00000000 0.05103390 0.03669542 0.19286012 0.20472236 0.21227192 0.15852438 0.14389189 
380.00000000 0.05109527 0.03672757 0.19328673 0.20487466 0.21196262 0.15816465 0.14388851 
381.00000000 0.05115637 0.03675997 0.19371309 0.20502507 0.21165434 0.15780639 0.14388477 
382.00000000 0.05121722 0.03679261 0.19413920 0.20517363 0.21134711 0.15744955 0.14388069 
383.00000000 0.05127785 0.03682546 0.19456506 0.20532036 0.21104096 0.15709404 0.14387628 
384.00000000 0.05133828 0.03685849 0.19499067 0.20546530 0.21073591 0.15673980 0.14387156 
385.00000000 0.05139854 0.03689165 0.19541604 0.20560848 0.21043200 0.15638675 0.14386654 
386.00000000 0.05145865 0.03692494 0.19584116 0.20574994 0.21012925 0.15603483 0.14386124 
387.00000000 0.05151863 0.03695831 0.19626604 0.20588969 0.20982769 0.15568397 0.14385567 
388.00000000 0.05157852 0.03699174 0.19669067 0.20602778 0.20952735 0.15533409 0.14384985 
389.00000000 0.05163833 0.03702519 0.19711506 0.20616423 0.20922825 0.15498514 0.14384380 
390.00000000 0.05169809 0.03705865 0.19753921 0.20629907 0.20893042 0.15463703 0.14383753 
391.00000000 0.05175782 0.03709207 0.19796311 0.20643234 0.20863390 0.15428971 0.14383105 
392.00000000 0.05181754 0.03712545 0.19838677 0.20656406 0.20833869 0.15394311 0.14382437 
393.00000000 0.05187729 0.03715873 0.19881020 0.20669427 0.20804482 0.15359717 0.14381752 
394.00000000 0.05193707 0.03719192 0.19923337 0.20682298 0.20775233 0.15325183 0.14381050 
395.00000000 0.05199691 0.03722497 0.19965631 0.20695024 0.20746122 0.15290704 0.14380332 
396.00000000 0.05205683 0.03725786 0.20007900 0.20707606 0.20717151 0.15256272 0.14379601 
397.00000000 0.05211686 0.03729057 0.20050145 0.20720049 0.20688323 0.15221884 0.14378856 
398.00000000 0.05217701 0.03732309 0.20092364 0.20732353 0.20659639 0.15187534 0.14378100 
399.00000000 0.05223730 0.03735539 0.20134559 0.20744523 0.20631101 0.15153217 0.14377333 
400.00000000 0.05229774 0.03738744 0.20176728 0.20756561 0.20602709 0.15118928 0.14376556 
401.00000000 0.05235837 0.03741924 0.20218871 0.20768468 0.20574465 0.15084665 0.14375770 
402.00000000 0.05241918 0.03745076 0.20260988 0.20780249 0.20546370 0.15050422 0.14374976 
403.00000000 0.05248020 0.03748200 0.20303078 0.20791906 0.20518425 0.15016196 0.14374175 
404.00000000 0.05254145 0.03751293 0.20345141 0.20803440 0.20490630 0.14981983 0.14373368 
405.00000000 0.05260293 0.03754354 0.20387175 0.20814855 0.20462986 0.14947782 0.14372555 
406.00000000 0.05266466 0.03757382 0.20429181 0.20826153 0.20435492 0.14913588 0.14371738 
407.00000000 0.05272666 0.03760375 0.20471157 0.20837336 0.20408149 0.14879401 0.14370916 
408.00000000 0.05278893 0.03763334 0.20513103 0.20848406 0.20380957 0.14845217 0.14370091 
409.00000000 0.05285148 0.03766256 0.20555017 0.20859366 0.20353916 0.14811035 0.14369263 
410.00000000 0.05291432 0.03769142 0.20596899 0.20870218 0.20327024 0.14776853 0.14368432 
411.00000000 0.05297747 0.03771990 0.20638748 0.20880964 0.20300281 0.14742671 0.14367599 
412.00000000 0.05304092 0.03774800 0.20680563 0.20891606 0.20273687 0.14708488 0.14366764 
413.00000000 0.05310469 0.03777571 0.20722343 0.20902146 0.20247241 0.14674302 0.14365928 
414.00000000 0.05316879 0.03780303 0.20764087 0.20912586 0.20220940 0.14640115 0.14365090 
415.00000000 0.05323321 0.03782996 0.20805794 0.20922928 0.20194785 0.14605925 0.14364252 
416.00000000 0.05329797 0.03785649 0.20847463 0.20933174 0.20168773 0.14571732 0.14363413 
417.00000000 0.05336307 0.03788262 0.20889092 0.20943325 0.20142903 0.14537538 0.14362573 
418.00000000 0.05342851 0.03790835 0.20930682 0.20953384 0.20117173 0.14503343 0.14361733 
419.00000000 0.05349429 0.03793368 0.20972230 0.20963352 0.20091582 0.14469148 0.14360892 
420.00000000 0.05356041 0.03795861 0.21013736 0.20973231 0.20066126 0.14434954 0.14360051 
421.00000000 0.05362689 0.03798314 0.21055200 0.20983022 0.20040805 0.14400762 0.14359209 
422.00000000 0.05369371 0.03800727 0.21096619 0.20992727 0.20015615 0.14366574 0.14358367 
423.00000000 0.05376088 0.03803100 0.21137994 0.21002347 0.19990555 0.14332392 0.14357524 
424.00000000 0.05382840 0.03805434 0.21179324 0.21011884 0.19965621 0.14298217 0.14356680 
425.00000000 0.05389626 0.03807729 0.21220607 0.21021340 0.19940811 0.14264053 0.14355835 
426.00000000 0.05396447 0.03809984 0.21261843 0.21030716 0.19916122 0.14229901 0.14354988 
427.00000000 0.05403301 0.03812201 0.21303032 0.21040013 0.19891550 0.14195763 0.14354140 
428.00000000 0.05410190 0.03814379 0.21344172 0.21049232 0.19867094 0.14161643 0.14353290 
429.00000000 0.05417112 0.03816520 0.21385264 0.21058376 0.19842748 0.14127543 0.14352437 
430.00000000 0.05424067 0.03818622 0.21426307 0.21067445 0.19818511 0.14093467 0.14351582 
431.00000000 0.05431055 0.03820688 0.21467301 0.21076441 0.19794377 0.14059416 0.14350722 
432.00000000 0.05438075 0.03822716 0.21508244 0.21085365 0.19770344 0.14025396 0.14349859 
433.00000000 0.05445126 0.03824708 0.21549138 0.21094220 0.19746408 0.13991409 0.14348991 
434.00000000 0.05452208 0.03826665 0.21589982 0.21103005 0.19722564 0.13957458 0.14348118 
435.00000000 0.05459319 0.03828586 0.21630776 0.21111723 0.19698810 0.13923548 0.14347238 
436.00000000 0.05466460 0.03830472 0.21671520 0.21120375 0.19675139 0.13889682 0.14346352 
437.00000000 0.05473629 0.03832323 0.21712213 0.21128963 0.19651549 0.13855864 0.14345458 
438.00000000 0.05480826 0.03834140 0.21752856 0.21137488 0.19628035 0.13822098 0.14344556 
439.00000000 0.05488049 0.03835924 0.21793450 0.21145952 0.19604592 0.13788388 0.14343645 
440.00000000 0.05495297 0.03837676 0.21833993 0.21154357 0.19581216 0.13754738 0.14342723 
441.00000000 0.05502569 0.03839394 0.21874487 0.21162703 0.19557903 0.13721152 0.14341791 
442.00000000 0.05509865 0.03841081 0.21914931 0.21170994 0.19534647 0.13687635 0.14340846 
443.00000000 0.05517183 0.03842737 0.21955327 0.21179229 0.19511446 0.13654190 0.14339889 
444.00000000 0.05524521 0.03844362 0.21995673 0.21187412 0.19488293 0.13620821 0.14338918 
445.00000000 0.05531878 0.03845958 0.22035971 0.21195544 0.19465185 0.13587533 0.14337932 
446.00000000 0.05539254 0.03847523 0.22076220 0.21203626 0.19442116 0.13554330 0.14336931 
447.00000000 0.05546646 0.03849060 0.22116421 0.21211661 0.19419083 0.13521216 0.14335912 
448.00000000 0.05554054 0.03850569 0.22156575 0.21219650 0.19396082 0.13488195 0.14334877 
449.00000000 0.05561475 0.03852050 0.22196681 0.21227595 0.19373107 0.13455270 0.14333822 
450.00000000 0.05568908 0.03853505 0.22236739 0.21235497 0.19350155 0.13422447 0.14332748 
451.00000000 0.05576352 0.03854933 0.22276751 0.21243360 0.19327221 0.13389729 0.14331654 
452.00000000 0.05583805 0.03856336 0.22316716 0.21251183 0.19304302 0.13357119 0.14330539 
453.00000000 0.05591266 0.03857714 0.22356634 0.21258970 0.19281394 0.13324621 0.14329401 
454.00000000 0.05598732 0.03859069 0.22396506 0.21266721 0.19258493 0.13292239 0.14328240 
455.00000000 0.05606203 0.03860400 0.22436331 0.21274439 0.19235595 0.13259976 0.14327056 
456.00000000 0.05613676 0.03861709 0.22476110 0.21282125 0.19212697 0.13227836 0.14325847 
457.00000000 0.05621149 0.03862996 0.22515843 0.21289781 0.19189797 0.13195822 0.14324613 
458.00000000 0.05628622 0.03864263 0.22555529 0.21297408 0.19166889 0.13163936 0.14323352 
459.00000000 0.05636092 0.03865510 0.22595170 0.21305008 0.19143973 0.13132182 0.14322065 
460.00000000 0.05643558 0.03866738 0.22634763 0.21312583 0.19121045 0.13100562 0.14320751 
461.00000000 0.05651017 0.03867948 0.22674310 0.21320133 0.19098102 0.13069080 0.14319410 
462.00000000 0.05658469 0.03869141 0.22713811 0.21327660 0.19075142 0.13037737 0.14318040 
463.00000000 0.05665911 0.03870318 0.22753265 0.21335166 0.19052164 0.13006536 0.14316641 
464.00000000 0.05673342 0.03871480 0.22792671 0.21342652 0.19029164 0.12975479 0.14315213 
465.00000000 0.05680760 0.03872628 0.22832030 0.21350118 0.19006141 0.12944569 0.14313755 
466.00000000 0.05688162 0.03873762 0.22871341 0.21357567 0.18983093 0.12913807 0.14312268 
467.00000000 0.05695549 0.03874885 0.22910603 0.21364999 0.18960019 0.12883194 0.14310750 
468.00000000 0.05702917 0.03875997 0.22949817 0.21372415 0.18936918 0.12852734 0.14309201 
469.00000000 0.05710266 0.03877099 0.22988982 0.21379817 0.18913788 0.12822427 0.14307622 
470.00000000 0.05717593 0.03878192 0.23028097 0.21387205 0.18890627 0.12792274 0.14306012 
471.00000000 0.05724897 0.03879277 0.23067162 0.21394579 0.18867436 0.12762277 0.14304371 
472.00000000 0.05732176 0.03880356 0.23106177 0.21401942 0.18844214 0.12732437 0.14302698 
473.00000000 0.05739429 0.03881430 0.23145140 0.21409293 0.18820959 0.12702755 0.14300994 
474.00000000 0.05746655 0.03882499 0.23184051 0.21416633 0.18797672 0.12673232 0.14299259 
475.00000000 0.05753851 0.03883565 0.23222910 0.21423963 0.18774351 0.12643868 0.14297492 
476.00000000 0.05761016 0.03884630 0.23261715 0.21431284 0.18750998 0.12614664 0.14295693 
477.00000000 0.05768149 0.03885694 0.23300467 0.21438596 0.18727611 0.12585621 0.14293862 
478.00000000 0.05775248 0.03886759 0.23339165 0.21445899 0.18704190 0.12556738 0.14292000 
479.00000000 0.05782312 0.03887826 0.23377807 0.21453195 0.18680736 0.12528017 0.14290106 
480.00000000 0.05789340 0.03888897 0.23416393 0.21460483 0.18657250 0.12499456 0.14288181 
481.00000000 0.05796331 0.03889971 0.23454923 0.21467764 0.18633730 0.12471057 0.14286224 
482.00000000 0.05803282 0.03891052 0.23493395 0.21475039 0.18610178 0.12442819 0.14284235 
483.00000000 0.05810194 0.03892140 0.23531810 0.21482307 0.18586594 0.12414742 0.14282214 
484.00000000 0.05817064 0.03893236 0.23570165 0.21489569 0.18562979 0.12386825 0.14280161 
485.00000000 0.05823893 0.03894341 0.23608461 0.21496826 0.18539334 0.12359068 0.14278077 
486.00000000 0.05830678 0.03895458 0.23646697 0.21504077 0.18515659 0.12331471 0.14275961 
487.00000000 0.05837419 0.03896587 0.23684872 0.21511322 0.18491955 0.12304032 0.14273814 
488.00000000 0.05844115 0.03897729 0.23722984 0.21518562 0.18468223 0.12276752 0.14271634 
489.00000000 0.05850765 0.03898886 0.23761034 0.21525797 0.18444465 0.12249629 0.14269423 
490.00000000 0.05857369 0.03900059 0.23799021 0.21533027 0.18420681 0.12222662 0.14267181 
491.00000000 0.05863926 0.03901249 0.23836943 0.21540252 0.18396873 0.12195851 0.14264906 
492.00000000 0.05870435 0.03902457 0.23874800 0.21547472 0.18373042 0.12169194 0.14262600 
493.00000000 0.05876896 0.03903685 0.23912591 0.21554687 0.18349189 0.12142690 0.14260262 
494.00000000 0.05883308 0.03904933 0.23950316 0.21561897 0.18325316 0.12116338 0.14257893 
495.00000000 0.05889671 0.03906202 0.23987973 0.21569101 0.18301425 0.12090136 0.14255491 
496.00000000 0.05895984 0.03907494 0.24025562 0.21576300 0.18277517 0.12064083 0.14253058 
497.00000000 0.05902248 0.03908810 0.24063081 0.21583494 0.18253595 0.12038179 0.14250594 
498.00000000 0.05908462 0.03910150 0.24100531 0.21590681 0.18229658 0.12012420 0.14248097 
499.00000000 0.05914626 0.03911516 0.24137910 0.21597862 0.18205711 0.11986806 0.14245569 
500.00000000 0.05920741 0.03912907 0.24175216 0.21605036 0.18181756 0.11961334 0.14243010 
501.00000000 0.05926808 0.03914323 0.24212448 0.21612200 0.18157799 0.11936001 0.14240421 
502.00000000 0.05932829 0.03915765 0.24249603 0.21619352 0.18133844 0.11910802 0.14237804 
503.00000000 0.05938805 0.03917233 0.24286679 0.21626491 0.18109898 0.11885735 0.14235159 
504.00000000 0.05944738 0.03918725 0.24323675 0.21633613 0.18085965 0.11860796 0.14232487 
505.00000000 0.05950629 0.03920242 0.24360589 0.21640718 0.18062049 0.11835982 0.14229791 
506.00000000 0.05956479 0.03921783 0.24397419 0.21647804 0.18038154 0.11811291 0.14227070 
507.00000000 0.05962290 0.03923347 0.24434164 0.21654869 0.18014284 0.11786718 0.14224327 
508.00000000 0.05968062 0.03924934 0.24470823 0.21661911 0.17990444 0.11762262 0.14221563 
509.00000000 0.05973798 0.03926543 0.24507395 0.21668930 0.17966635 0.11737920 0.14218778 
510.00000000 0.05979499 0.03928174 0.24543878 0.21675923 0.17942863 0.11713690 0.14215974 
511.00000000 0.05985165 0.03929825 0.24580272 0.21682891 0.17919128 0.11689568 0.14213151 
512.00000000 0.05990798 0.03931496 0.24616575 0.21689831 0.17895435 0.11665553 0.14210312 
513.00000000 0.05996399 0.03933187 0.24652787 0.21696742 0.17871786 0.11641643 0.14207457 
514.00000000 0.06001969 0.03934896 0.24688906 0.21703625 0.17848182 0.11617836 0.14204586 
515.00000000 0.06007509 0.03936622 0.24724933 0.21710477 0.17824627 0.11594130 0.14201701 
516.00000000 0.06013021 0.03938365 0.24760866 0.21717299 0.17801122 0.11570523 0.14198803 
517.00000000 0.06018505 0.03940125 0.24796705 0.21724090 0.17777669 0.11547013 0.14195893 
518.00000000 0.06023962 0.03941900 0.24832449 0.21730849 0.17754270 0.11523599 0.14192971 
519.00000000 0.06029394 0.03943689 0.24868097 0.21737575 0.17730926 0.11500280 0.14190038 
520.00000000 0.06034800 0.03945493 0.24903649 0.21744269 0.17707639 0.11477054 0.14187095 
521.00000000 0.06040183 0.03947310 0.24939105 0.21750930 0.17684409 0.11453920 0.14184143 
522.00000000 0.06045542 0.03949139 0.24974465 0.21757557 0.17661239 0.11430876 0.14181182 
523.00000000 0.06050880 0.03950980 0.25009726 0.21764151 0.17638128 0.11407921 0.14178213 
524.00000000 0.06056195 0.03952833 0.25044891 0.21770712 0.17615078 0.11385055 0.14175236 
525.00000000 0.06061490 0.03954696 0.25079957 0.21777238 0.17592090 0.11362277 0.14172253 
526.00000000 0.06066764 0.03956569 0.25114925 0.21783731 0.17569165 0.11339585 0.14169263 
527.00000000 0.06072019 0.03958451 0.25149794 0.21790189 0.17546302 0.11316978 0.14166267 
528.00000000 0.06077255 0.03960343 0.25184564 0.21796613 0.17523503 0.11294456 0.14163265 
529.00000000 0.06082473 0.03962243 0.25219236 0.21803004 0.17500768 0.11272018 0.14160258 
530.00000000 0.06087673 0.03964151 0.25253808 0.21809360 0.17478097 0.11249664 0.14157247 
531.00000000 0.06092856 0.03966066 0.25288280 0.21815683 0.17455491 0.11227392 0.14154231 
532.00000000 0.06098023 0.03967989 0.25322653 0.21821971 0.17432951 0.11205202 0.14151211 
533.00000000 0.06103173 0.03969918 0.25356926 0.21828226 0.17410476 0.11183094 0.14148187 
534.00000000 0.06108308 0.03971853 0.25391100 0.21834447 0.17388066 0.11161066 0.14145160 
535.00000000 0.06113427 0.03973794 0.25425173 0.21840635 0.17365723 0.11139119 0.14142130 
536.00000000 0.06118531 0.03975740 0.25459146 0.21846790 0.17343445 0.11117251 0.14139097 
537.00000000 0.06123621 0.03977692 0.25493019 0.21852911 0.17321233 0.11095462 0.14136061 
538.00000000 0.06128697 0.03979648 0.25526792 0.21858999 0.17299088 0.11073753 0.14133023 
539.00000000 0.06133759 0.03981609 0.25560465 0.21865055 0.17277008 0.11052122 0.14129983 
540.00000000 0.06138808 0.03983575 0.25594037 0.21871078 0.17254995 0.11030568 0.14126940 
541.00000000 0.06143843 0.03985544 0.25627509 0.21877068 0.17233048 0.11009092 0.14123896 
542.00000000 0.06148865 0.03987517 0.25660881 0.21883026 0.17211167 0.10987694 0.14120850 
543.00000000 0.06153875 0.03989494 0.25694153 0.21888952 0.17189352 0.10966372 0.14117802 
544.00000000 0.06158873 0.03991474 0.25727324 0.21894847 0.17167603 0.10945127 0.14114753 
545.00000000 0.06163858 0.03993457 0.25760396 0.21900710 0.17145920 0.10923957 0.14111703 
546.00000000 0.06168831 0.03995443 0.25793367 0.21906541 0.17124303 0.10902864 0.14108651 
547.00000000 0.06173792 0.03997432 0.25826238 0.21912342 0.17102752 0.10881845 0.14105599 
548.00000000 0.06178742 0.03999423 0.25859010 0.21918112 0.17081266 0.10860902 0.14102545 
549.00000000 0.06183680 0.04001417 0.25891682 0.21923851 0.17059846 0.10840034 0.14099490 
550.00000000 0.06188607 0.04003414 0.25924254 0.21929559 0.17038491 0.10819240 0.14096435 
551.00000000 0.06193523 0.04005413 0.25956727 0.21935238 0.17017201 0.10798520 0.14093379 
552.00000000 0.06198428 0.04007414 0.25989100 0.21940886 0.16995977 0.10777874 0.14090322 
553.00000000 0.06203322 0.04009417 0.26021374 0.21946505 0.16974817 0.10757301 0.14087264 
554.00000000 0.06208205 0.04011422 0.26053548 0.21952094 0.16953723 0.10736802 0.14084206 
555.00000000 0.06213078 0.04013429 0.26085624 0.21957654 0.16932692 0.10716376 0.14081147 
556.00000000 0.06217940 0.04015437 0.26117601 0.21963185 0.16911727 0.10696022 0.14078088 
557.00000000 0.06222791 0.04017448 0.26149479 0.21968687 0.16890825 0.10675741 0.14075028 
558.00000000 0.06227632 0.04019460 0.26181259 0.21974161 0.16869988 0.10655532 0.14071968 
559.00000000 0.06232463 0.04021473 0.26212940 0.21979606 0.16849215 0.10635395 0.14068908 
560.00000000 0.06237283 0.04023489 0.26244523 0.21985024 0.16828505 0.10615329 0.14065847 
561.00000000 0.06242093 0.04025505 0.26276008 0.21990413 0.16807860 0.10595335 0.14062786 
562.00000000 0.06246893 0.04027524 0.26307395 0.21995775 0.16787277 0.10575412 0.14059725 
563.00000000 0.06251684 0.04029543 0.26338684 0.22001109 0.16766758 0.10555559 0.14056663 
564.00000000 0.06256464 0.04031564 0.26369876 0.22006416 0.16746302 0.10535777 0.14053601 
565.00000000 0.06261234 0.04033586 0.26400971 0.22011696 0.16725908 0.10516066 0.14050539 
566.00000000 0.06265994 0.04035610 0.26431969 0.22016949 0.16705578 0.10496424 0.14047477 
567.00000000 0.06270744 0.04037635 0.26462870 0.22022176 0.16685309 0.10476852 0.14044414 
568.00000000 0.06275485 0.04039661 0.26493674 0.22027376 0.16665104 0.10457349 0.14041351 
569.00000000 0.06280216 0.04041688 0.26524382 0.22032551 0.16644960 0.10437915 0.14038289 
570.00000000 0.06284937 0.04043716 0.26554993 0.22037699 0.16624878 0.10418551 0.14035226 
571.00000000 0.06289648 0.04045746 0.26585509 0.22042822 0.16604859 0.10399255 0.14032163 
572.00000000 0.06294350 0.04047776 0.26615929 0.22047919 0.16584900 0.10380027 0.14029099 
573.00000000 0.06299042 0.04049808 0.26646253 0.22052990 0.16565004 0.10360868 0.14026036 
574.00000000 0.06303724 0.04051841 0.26676482 0.22058037 0.16545168 0.10341776 0.14022973 
575.00000000 0.06308397 0.04053875 0.26706615 0.22063058 0.16525394 0.10322752 0.14019909 
576.00000000 0.06313061 0.04055909 0.26736654 0.22068055 0.16505680 0.10303795 0.14016846 
577.00000000 0.06317715 0.04057945 0.26766598 0.22073027 0.16486027 0.10284906 0.14013782 
578.00000000 0.06322360 0.04059982 0.26796447 0.22077975 0.16466435 0.10266083 0.14010718 
579.00000000 0.06326995 0.04062020 0.26826203 0.22082899 0.16446903 0.10247327 0.14007655 
580.00000000 0.06331621 0.04064059 0.26855864 0.22087798 0.16427431 0.10228637 0.14004591 
581.00000000 0.06336237 0.04066098 0.26885431 0.22092674 0.16408019 0.10210013 0.14001527 
582.00000000 0.06340844 0.04068139 0.26914905 0.22097526 0.16388667 0.10191455 0.13998463 
583.00000000 0.06345442 0.04070180 0.26944286 0.22102355 0.16369375 0.10172962 0.13995400 
584.00000000 0.06350031 0.04072223 0.26973573 0.22107160 0.16350142 0.10154535 0.13992336 
585.00000000 0.06354611 0.04074266 0.27002768 0.22111942 0.16330969 0.10136173 0.13989272 
586.00000000 0.06359181 0.04076310 0.27031869 0.22116701 0.16311855 0.10117875 0.13986209 
587.00000000 0.06363743 0.04078354 0.27060879 0.22121437 0.16292800 0.10099642 0.13983145 
588.00000000 0.06368295 0.04080400 0.27089796 0.22126151 0.16273803 0.10081474 0.13980082 
589.00000000 0.06372838 0.04082446 0.27118621 0.22130841 0.16254865 0.10063369 0.13977018 
590.00000000 0.06377372 0.04084493 0.27147355 0.22135510 0.16235986 0.10045328 0.13973955 
591.00000000 0.06381897 0.04086541 0.27175997 0.22140156 0.16217165 0.10027351 0.13970892 
592.00000000 0.06386413 0.04088590 0.27204548 0.22144781 0.16198402 0.10009437 0.13967829 
593.00000000 0.06390921 0.04090639 0.27233008 0.22149383 0.16179697 0.09991586 0.13964766 
594.00000000 0.06395419 0.04092689 0.27261377 0.22153964 0.16161050 0.09973798 0.13961703 
595.00000000 0.06399909 0.04094739 0.27289655 0.22158523 0.16142461 0.09956072 0.13958641 
596.00000000 0.06404390 0.04096790 0.27317843 0.22163060 0.16123929 0.09938409 0.13955579 
597.00000000 0.06408862 0.04098842 0.27345942 0.22167576 0.16105455 0.09920807 0.13952516 
598.00000000 0.06413325 0.04100894 0.27373950 0.22172071 0.16087037 0.09903268 0.13949455 
599.00000000 0.06417780 0.04102947 0.27401868 0.22176545 0.16068677 0.09885790 0.13946393 
600.00000000 0.06422226 0.04105000 0.27429698 0.22180998 0.16050374 0.09868373 0.13943332 
601.00000000 0.06426663 0.04107054 0.27457438 0.22185430 0.16032127 0.09851018 0.13940271 
602.00000000 0.06431092 0.04109108 0.27485089 0.22189841 0.16013937 0.09833723 0.13937210 
603.00000000 0.06435513 0.04111163 0.27512651 0.22194232 0.15995803 0.09816489 0.13934150 
604.00000000 0.06439924 0.04113218 0.27540126 0.22198602 0.15977725 0.09799315 0.13931090 
605.00000000 0.06444328 0.04115274 0.27567511 0.22202952 0.15959704 0.09782201 0.13928030 
606.00000000 0.06448723 0.04117330 0.27594809 0.22207282 0.15941738 0.09765147 0.13924971 
607.00000000 0.06453110 0.04119386 0.27622019 0.22211591 0.15923829 0.09748153 0.13921912 
608.00000000 0.06457488 0.04121443 0.27649142 0.22215881 0.15905974 0.09731218 0.13918854 
609.00000000 0.06461858 0.04123500 0.27676178 0.22220151 0.15888176 0.09714343 0.13915796 
610.00000000 0.06466220 0.04125557 0.27703126 0.22224401 0.15870432 0.09697526 0.13912738 
611.00000000 0.06470573 0.04127615 0.27729988 0.22228631 0.15852744 0.09680768 0.13909682 
612.00000000 0.06474919 0.04129672 0.27756763 0.22232842 0.15835110 0.09664068 0.13906625 
613.00000000 0.06479256 0.04131730 0.27783451 0.22237034 0.15817532 0.09647427 0.13903569 
614.00000000 0.06483586 0.04133789 0.27810054 0.22241206 0.15800008 0.09630844 0.13900514 
615.00000000 0.06487907 0.04135847 0.27836570 0.22245359 0.15782539 0.09614318 0.13897460 
616.00000000 0.06492220 0.04137905 0.27863002 0.22249493 0.15765124 0.09597851 0.13894406 
617.00000000 0.06496525 0.04139964 0.27889347 0.22253608 0.15747763 0.09581440 0.13891352 
618.00000000 0.06500823 0.04142023 0.27915608 0.22257704 0.15730457 0.09565086 0.13888300 
619.00000000 0.06505112 0.04144082 0.27941783 0.22261781 0.15713204 0.09548790 0.13885248 
620.00000000 0.06509394 0.04146140 0.27967874 0.22265839 0.15696005 0.09532550 0.13882197 
621.00000000 0.06513668 0.04148199 0.27993881 0.22269879 0.15678860 0.09516366 0.13879146 
622.00000000 0.06517934 0.04150258 0.28019803 0.22273901 0.15661769 0.09500239 0.13876097 
623.00000000 0.06522192 0.04152317 0.28045641 0.22277904 0.15644730 0.09484168 0.13873048 
624.00000000 0.06526443 0.04154376 0.28071395 0.22281889 0.15627745 0.09468152 0.13870000 
625.00000000 0.06530686 0.04156435 0.28097066 0.22285855 0.15610813 0.09452192 0.13866953 
626.00000000 0.06534922 0.04158493 0.28122654 0.22289804 0.15593934 0.09436288 0.13863907 
627.00000000 0.06539150 0.04160552 0.28148158 0.22293734 0.15577107 0.09420438 0.13860861 
628.00000000 0.06543370 0.04162610 0.28173580 0.22297646 0.15560333 0.09404644 0.13857817 
629.00000000 0.06547583 0.04164668 0.28198919 0.22301541 0.15543612 0.09388904 0.13854773 
630.00000000 0.06551789 0.04166727 0.28224175 0.22305418 0.15526942 0.09373219 0.13851731 
631.00000000 0.06555987 0.04168784 0.28249350 0.22309277 0.15510325 0.09357587 0.13848690 
632.00000000 0.06560177 0.04170842 0.28274442 0.22313119 0.15493760 0.09342010 0.13845649 
633.00000000 0.06564361 0.04172900 0.28299453 0.22316943 0.15477247 0.09326487 0.13842610 
634.00000000 0.06568537 0.04174957 0.28324382 0.22320749 0.15460785 0.09311018 0.13839572 
635.00000000 0.06572706 0.04177014 0.28349230 0.22324539 0.15444376 0.09295601 0.13836534 
636.00000000 0.06576868 0.04179070 0.28373997 0.22328311 0.15428017 0.09280238 0.13833499 
637.00000000 0.06581022 0.04181126 0.28398683 0.22332066 0.15411710 0.09264928 0.13830464 
638.00000000 0.06585170 0.04183182 0.28423289 0.22335804 0.15395454 0.09249671 0.13827430 
639.00000000 0.06589310 0.04185238 0.28447814 0.22339525 0.15379248 0.09234467 0.13824398 
640.00000000 0.06593443 0.04187293 0.28472260 0.22343229 0.15363094 0.09219315 0.13821367 
641.00000000 0.06597570 0.04189348 0.28496625 0.22346916 0.15346991 0.09204215 0.13818337 
642.00000000 0.06601689 0.04191402 0.28520911 0.22350586 0.15330937 0.09189167 0.13815308 
643.00000000 0.06605801 0.04193456 0.28545117 0.22354240 0.15314935 0.09174171 0.13812281 
644.00000000 0.06609907 0.04195509 0.28569244 0.22357877 0.15298982 0.09159226 0.13809255 
645.00000000 0.06614005 0.04197562 0.28593292 0.22361497 0.15283080 0.09144333 0.13806230 
646.00000000 0.06618097 0.04199615 0.28617261 0.22365101 0.15267228 0.09129491 0.13803207 
647.00000000 0.06622182 0.04201667 0.28641152 0.22368689 0.15251425 0.09114700 0.13800185 
648.00000000 0.06626260 0.04203718 0.28664964 0.22372261 0.15235672 0.09099960 0.13797165 
649.00000000 0.06630331 0.04205769 0.28688699 0.22375816 0.15219969 0.09085271 0.13794146 
650.00000000 0.06634396 0.04207819 0.28712355 0.22379355 0.15204315 0.09070631 0.13791129 
651.00000000 0.06638454 0.04209869 0.28735934 0.22382878 0.15188710 0.09056043 0.13788113 
652.00000000 0.06642505 0.04211918 0.28759436 0.22386385 0.15173154 0.09041504 0.13785099 
653.00000000 0.06646550 0.04213966 0.28782860 0.22389876 0.15157648 0.09027015 0.13782086 
654.00000000 0.06650588 0.04216014 0.28806207 0.22393351 0.15142190 0.09012575 0.13779075 
655.00000000 0.06654620 0.04218061 0.28829478 0.22396810 0.15126781 0.08998186 0.13776065 
656.00000000 0.06658645 0.04220107 0.28852672 0.22400254 0.15111420 0.08983845 0.13773057 
657.00000000 0.06662664 0.04222153 0.28875789 0.22403681 0.15096108 0.08969553 0.13770051 
658.00000000 0.06666676 0.04224198 0.28898831 0.22407094 0.15080844 0.08955311 0.13767047 
659.00000000 0.06670682 0.04226242 0.28921797 0.22410491 0.15065628 0.08941117 0.13764044 
660.00000000 0.06674681 0.04228286 0.28944687 0.22413872 0.15050460 0.08926971 0.13761043 
661.00000000 0.06678675 0.04230328 0.28967502 0.22417238 0.15035340 0.08912874 0.13758043 
662.00000000 0.06682661 0.04232370 0.28990241 0.22420589 0.15020267 0.08898826 0.13755046 
663.00000000 0.06686642 0.04234411 0.29012906 0.22423924 0.15005243 0.08884825 0.13752050 
664.00000000 0.06690616 0.04236452 0.29035496 0.22427244 0.14990265 0.08870872 0.13749056 
665.00000000 0.06694584 0.04238491 0.29058011 0.22430549 0.14975335 0.08856966 0.13746063 
666.00000000 0.06698546 0.04240530 0.29080452 0.22433839 0.14960452 0.08843108 0.13743073 
667.00000000 0.06702502 0.04242568 0.29102819 0.22437114 0.14945616 0.08829297 0.13740085 
668.00000000 0.06706451 0.04244605 0.29125111 0.22440375 0.14930826 0.08815533 0.13737098 
669.00000000 0.06710395 0.04246641 0.29147331 0.22443620 0.14916084 0.08801817 0.13734113 
670.00000000 0.06714332 0.04248676 0.29169476 0.22446850 0.14901388 0.08788146 0.13731131 
671.00000000 0.06718264 0.04250711 0.29191549 0.22450066 0.14886738 0.08774523 0.13728150 
672.00000000 0.06722189 0.04252744 0.29213548 0.22453267 0.14872134 0.08760946 0.13725171 
673.00000000 0.06726109 0.04254777 0.29235475 0.22456454 0.14857577 0.08747415 0.13722194 
674.00000000 0.06730022 0.04256808 0.29257329 0.22459625 0.14843066 0.08733930 0.13719220 
675.00000000 0.06733929 0.04258839 0.29279111 0.22462783 0.14828601 0.08720490 0.13716247 
676.00000000 0.06737831 0.04260868 0.29300821 0.22465926 0.14814181 0.08707097 0.13713276 
677.00000000 0.06741727 0.04262897 0.29322458 0.22469055 0.14799807 0.08693749 0.13710308 
678.00000000 0.06745617 0.04264925 0.29344024 0.22472169 0.14785478 0.08680446 0.13707341 
679.00000000 0.06749501 0.04266951 0.29365518 0.22475269 0.14771195 0.08667189 0.13704377 
680.00000000 0.06753379 0.04268977 0.29386941 0.22478355 0.14756957 0.08653976 0.13701415 
681.00000000 0.06757251 0.04271002 0.29408293 0.22481427 0.14742764 0.08640809 0.13698454 
682.00000000 0.06761118 0.04273025 0.29429574 0.22484484 0.14728616 0.08627686 0.13695497 
683.00000000 0.06764979 0.04275048 0.29450785 0.22487528 0.14714512 0.08614607 0.13692541 
684.00000000 0.06768835 0.04277069 0.29471924 0.22490558 0.14700453 0.08601573 0.13689587 
685.00000000 0.06772684 0.04279089 0.29492994 0.22493574 0.14686439 0.08588583 0.13686636 
686.00000000 0.06776529 0.04281109 0.29513993 0.22496576 0.14672469 0.08575637 0.13683687 
687.00000000 0.06780367 0.04283127 0.29534923 0.22499564 0.14658543 0.08562735 0.13680741 
688.00000000 0.06784200 0.04285144 0.29555783 0.22502539 0.14644662 0.08549876 0.13677796 
689.00000000 0.06788027 0.04287160 0.29576574 0.22505500 0.14630824 0.08537061 0.13674854 
690.00000000 0.06791849 0.04289175 0.29597295 0.22508447 0.14617030 0.08524290 0.13671914 
691.00000000 0.06795665 0.04291188 0.29617948 0.22511381 0.14603280 0.08511561 0.13668977 
692.00000000 0.06799476 0.04293201 0.29638531 0.22514301 0.14589573 0.08498876 0.13666042 
693.00000000 0.06803282 0.04295212 0.29659046 0.22517208 0.14575910 0.08486233 0.13663109 
694.00000000 0.06807082 0.04297222 0.29679493 0.22520101 0.14562290 0.08473634 0.13660178 
695.00000000 0.06810876 0.04299231 0.29699871 0.22522981 0.14548714 0.08461076 0.13657251 
696.00000000 0.06814665 0.04301239 0.29720182 0.22525848 0.14535180 0.08448561 0.13654325 
697.00000000 0.06818449 0.04303246 0.29740424 0.22528702 0.14521689 0.08436089 0.13651402 
698.00000000 0.06822227 0.04305251 0.29760600 0.22531542 0.14508241 0.08423658 0.13648481 
699.00000000 0.06826001 0.04307255 0.29780707 0.22534369 0.14494835 0.08411269 0.13645563 
700.00000000 0.06829768 0.04309258 0.29800748 0.22537184 0.14481472 0.08398922 0.13642648 
701.00000000 0.06833531 0.04311260 0.29820721 0.22539985 0.14468151 0.08386617 0.13639734 
702.00000000 0.06837288 0.04313260 0.29840628 0.22542773 0.14454873 0.08374353 0.13636824 
703.00000000 0.06841040 0.04315259 0.29860469 0.22545549 0.14441637 0.08362131 0.13633916 
704.00000000 0.06844787 0.04317257 0.29880243 0.22548311 0.14428442 0.08349949 0.13631010 
705.00000000 0.06848529 0.04319254 0.29899950 0.22551061 0.14415290 0.08337809 0.13628107 
706.00000000 0.06852266 0.04321249 0.29919592 0.22553798 0.14402179 0.08325709 0.13625207 
707.00000000 0.06855997 0.04323243 0.29939168 0.22556522 0.14389109 0.08313651 0.13622309 
708.00000000 0.06859724 0.04325236 0.29958679 0.22559234 0.14376081 0.08301632 0.13619414 
709.00000000 0.06863445 0.04327228 0.29978124 0.22561933 0.14363095 0.08289655 0.13616521 
710.00000000 0.06867161 0.04329218 0.29997504 0.22564619 0.14350150 0.08277717 0.13613631 
711.00000000 0.06870872 0.04331207 0.30016819 0.22567293 0.14337245 0.08265820 0.13610744 
712.00000000 0.06874578 0.04333194 0.30036069 0.22569955 0.14324382 0.08253962 0.13607859 
713.00000000 0.06878279 0.04335181 0.30055255 0.22572604 0.14311559 0.08242144 0.13604977 
714.00000000 0.06881976 0.04337165 0.30074376 0.22575241 0.14298777 0.08230366 0.13602098 
715.00000000 0.06885667 0.04339149 0.30093433 0.22577866 0.14286036 0.08218628 0.13599222 
716.00000000 0.06889353 0.04341131 0.30112427 0.22580478 0.14273335 0.08206929 0.13596348 
717.00000000 0.06893034 0.04343112 0.30131356 0.22583078 0.14260674 0.08195269 0.13593477 
718.00000000 0.06896711 0.04345091 0.30150222 0.22585666 0.14248054 0.08183648 0.13590609 
719.00000000 0.06900382 0.04347069 0.30169024 0.22588242 0.14235473 0.08172066 0.13587743 
720.00000000 0.06904049 0.04349046 0.30187764 0.22590806 0.14222933 0.08160523 0.13584880 
721.00000000 0.06907711 0.04351021 0.30206440 0.22593357 0.14210432 0.08149019 0.13582020 
722.00000000 0.06911368 0.04352995 0.30225053 0.22595897 0.14197971 0.08137553 0.13579163 
723.00000000 0.06915020 0.04354967 0.30243604 0.22598425 0.14185549 0.08126126 0.13576309 
724.00000000 0.06918668 0.04356938 0.30262093 0.22600941 0.14173167 0.08114737 0.13573457 
725.00000000 0.06922310 0.04358908 0.30280519 0.22603445 0.14160824 0.08103385 0.13570609 
726.00000000 0.06925948 0.04360876 0.30298883 0.22605938 0.14148520 0.08092072 0.13567763 
727.00000000 0.06929581 0.04362843 0.30317185 0.22608418 0.14136255 0.08080797 0.13564920 
728.00000000 0.06933210 0.04364808 0.30335426 0.22610887 0.14124029 0.08069560 0.13562080 
729.00000000 0.06936834 0.04366772 0.30353605 0.22613345 0.14111842 0.08058360 0.13559243 
730.00000000 0.06940453 0.04368734 0.30371723 0.22615791 0.14099694 0.08047197 0.13556408 
731.00000000 0.06944067 0.04370695 0.30389779 0.22618225 0.14087584 0.08036072 0.13553577 
732.00000000 0.06947677 0.04372655 0.30407775 0.22620648 0.14075513 0.08024984 0.13550748 
733.00000000 0.06951283 0.04374613 0.30425710 0.22623059 0.14063480 0.08013933 0.13547923 
734.00000000 0.06954883 0.04376569 0.30443585 0.22625459 0.14051485 0.08002918 0.13545100 
735.00000000 0.06958480 0.04378525 0.30461399 0.22627847 0.14039528 0.07991941 0.13542281 
736.00000000 0.06962071 0.04380478 0.30479153 0.22630224 0.14027609 0.07981000 0.13539464 
737.00000000 0.06965658 0.04382430 0.30496847 0.22632590 0.14015728 0.07970096 0.13536650 
738.00000000 0.06969241 0.04384381 0.30514482 0.22634945 0.14003884 0.07959228 0.13533840 
739.00000000 0.06972819 0.04386330 0.30532057 0.22637288 0.13992079 0.07948396 0.13531032 
740.00000000 0.06976392 0.04388278 0.30549572 0.22639621 0.13980310 0.07937600 0.13528227 
741.00000000 0.06979961 0.04390224 0.30567028 0.22641942 0.13968579 0.07926841 0.13525426 
742.00000000 0.06983526 0.04392168 0.30584425 0.22644252 0.13956885 0.07916117 0.13522627 
743.00000000 0.06987086 0.04394111 0.30601763 0.22646551 0.13945228 0.07905429 0.13519832 
744.00000000 0.06990642 0.04396053 0.30619042 0.22648839 0.13933609 0.07894776 0.13517039 
745.00000000 0.06994193 0.04397993 0.30636263 0.22651116 0.13922026 0.07884159 0.13514250 
746.00000000 0.06997740 0.04399932 0.30653426 0.22653383 0.13910479 0.07873577 0.13511463 
747.00000000 0.07001283 0.04401869 0.30670530 0.22655638 0.13898970 0.07863030 0.13508680 
748.00000000 0.07004821 0.04403804 0.30687577 0.22657883 0.13887497 0.07852519 0.13505900 
749.00000000 0.07008355 0.04405738 0.30704566 0.22660116 0.13876060 0.07842042 0.13503123 
750.00000000 0.07011884 0.04407670 0.30721497 0.22662340 0.13864660 0.07831601 0.13500349 
751.00000000 0.07015410 0.04409601 0.30738371 0.22664552 0.13853296 0.07821193 0.13497578 
752.00000000 0.07018931 0.04411530 0.30755187 0.22666754 0.13841967 0.07810821 0.13494810 
753.00000000 0.07022448 0.04413458 0.30771946 0.22668945 0.13830675 0.07800483 0.13492045 
754.00000000 0.07025960 0.04415384 0.30788649 0.22671126 0.13819419 0.07790179 0.13489284 
755.00000000 0.07029468 0.04417309 0.30805295 0.22673296 0.13808198 0.07779910 0.13486526 
756.00000000 0.07032972 0.04419232 0.30821884 0.22675455 0.13797013 0.07769674 0.13483770 
757.00000000 0.07036472 0.04421153 0.30838417 0.22677604 0.13785863 0.07759473 0.13481018 
758.00000000 0.07039968 0.04423073 0.30854893 0.22679743 0.13774748 0.07749305 0.13478270 
759.00000000 0.07043459 0.04424991 0.30871314 0.22681871 0.13763669 0.07739171 0.13475524 
760.00000000 0.07046947 0.04426908 0.30887679 0.22683989 0.13752625 0.07729071 0.13472782 
761.00000000 0.07050430 0.04428823 0.30903988 0.22686097 0.13741616 0.07719004 0.13470042 
762.00000000 0.07053909 0.04430736 0.30920242 0.22688195 0.13730642 0.07708970 0.13467306 
763.00000000 0.07057384 0.04432648 0.30936440 0.22690282 0.13719703 0.07698970 0.13464574 
764.00000000 0.07060854 0.04434559 0.30952583 0.22692359 0.13708798 0.07689003 0.13461844 
765.00000000 0.07064321 0.04436467 0.30968671 0.22694426 0.13697928 0.07679069 0.13459118 
766.00000000 0.07067784 0.04438374 0.30984705 0.22696483 0.13687092 0.07669167 0.13456395 
767.00000000 0.07071242 0.04440280 0.31000684 0.22698529 0.13676291 0.07659299 0.13453675 
768.00000000 0.07074697 0.04442184 0.31016608 0.22700566 0.13665524 0.07649463 0.13450958 
769.00000000 0.07078147 0.04444086 0.31032478 0.22702593 0.13654791 0.07639660 0.13448245 
770.00000000 0.07081594 0.04445987 0.31048294 0.22704610 0.13644092 0.07629889 0.13445535 
771.00000000 0.07085036 0.04447886 0.31064056 0.22706617 0.13633427 0.07620150 0.13442828 
772.00000000 0.07088475 0.04449783 0.31079764 0.22708614 0.13622796 0.07610444 0.13440125 
773.00000000 0.07091909 0.04451679 0.31095419 0.22710601 0.13612198 0.07600770 0.13437425 
774.00000000 0.07095340 0.04453573 0.31111020 0.22712578 0.13601634 0.07591127 0.13434728 
775.00000000 0.07098767 0.04455466 0.31126568 0.22714546 0.13591103 0.07581517 0.13432034 
776.00000000 0.07102189 0.04457356 0.31142062 0.22716504 0.13580606 0.07571938 0.13429344 
777.00000000 0.07105608 0.04459246 0.31157504 0.22718452 0.13570142 0.07562391 0.13426657 
778.00000000 0.07109023 0.04461133 0.31172893 0.22720391 0.13559711 0.07552875 0.13423973 
779.00000000 0.07112434 0.04463019 0.31188229 0.22722320 0.13549313 0.07543391 0.13421293 
780.00000000 0.07115841 0.04464904 0.31203513 0.22724239 0.13538949 0.07533938 0.13418616 
781.00000000 0.07119244 0.04466786 0.31218745 0.22726149 0.13528616 0.07524516 0.13415943 
782.00000000 0.07122644 0.04468667 0.31233925 0.22728049 0.13518317 0.07515126 0.13413273 
783.00000000 0.07126039 0.04470547 0.31249052 0.22729940 0.13508050 0.07505766 0.13410606 
784.00000000 0.07129431 0.04472425 0.31264128 0.22731821 0.13497816 0.07496437 0.13407942 
785.00000000 0.07132819 0.04474301 0.31279152 0.22733693 0.13487614 0.07487139 0.13405282 
786.00000000 0.07136203 0.04476175 0.31294125 0.22735556 0.13477444 0.07477871 0.13402625 
787.00000000 0.07139583 0.04478048 0.31309046 0.22737409 0.13467307 0.07468634 0.13399972 
788.00000000 0.07142960 0.04479919 0.31323917 0.22739253 0.13457201 0.07459428 0.13397322 
789.00000000 0.07146332 0.04481789 0.31338736 0.22741088 0.13447128 0.07450251 0.13394675 
790.00000000 0.07149701 0.04483657 0.31353504 0.22742913 0.13437086 0.07441105 0.13392032 
791.00000000 0.07153067 0.04485523 0.31368222 0.22744730 0.13427077 0.07431989 0.13389392 
792.00000000 0.07156428 0.04487387 0.31382889 0.22746537 0.13417099 0.07422903 0.13386756 
793.00000000 0.07159786 0.04489250 0.31397506 0.22748335 0.13407152 0.07413847 0.13384123 
794.00000000 0.07163140 0.04491112 0.31412073 0.22750124 0.13397237 0.07404821 0.13381494 
795.00000000 0.07166491 0.04492971 0.31426590 0.22751904 0.13387353 0.07395824 0.13378867 
796.00000000 0.07169837 0.04494829 0.31441057 0.22753674 0.13377501 0.07386857 0.13376245 
797.00000000 0.07173180 0.04496685 0.31455474 0.22755436 0.13367679 0.07377920 0.13373625 
798.00000000 0.07176520 0.04498540 0.31469841 0.22757189 0.13357889 0.07369012 0.13371010 
799.00000000 0.07179856 0.04500393 0.31484160 0.22758933 0.13348129 0.07360133 0.13368397 
800.00000000 0.07183188 0.04502244 0.31498429 0.22760668 0.13338401 0.07351283 0.13365788 
801.00000000 0.07186516 0.04504093 0.31512648 0.22762394 0.13328703 0.07342462 0.13363183 
802.00000000 0.07189841 0.04505941 0.31526819 0.22764111 0.13319036 0.07333670 0.13360581 
803.00000000 0.07193163 0.04507787 0.31540941 0.22765820 0.13309399 0.07324907 0.13357982 
804.00000000 0.07196480 0.04509632 0.31555015 0.22767520 0.13299793 0.07316173 0.13355387 
805.00000000 0.07199794 0.04511475 0.31569040 0.22769211 0.13290217 0.07307468 0.13352795 
806.00000000 0.07203105 0.04513316 0.31583017 0.22770893 0.13280671 0.07298791 0.13350207 
807.00000000 0.07206412 0.04515155 0.31596945 0.22772567 0.13271156 0.07290142 0.13347622 
808.00000000 0.07209716 0.04516993 0.31610826 0.22774232 0.13261670 0.07281522 0.13345041 
809.00000000 0.07213016 0.04518829 0.31624658 0.22775888 0.13252215 0.07272930 0.13342463 
810.00000000 0.07216312 0.04520664 0.31638443 0.22777536 0.13242789 0.07264367 0.13339889 
811.00000000 0.07219605 0.04522497 0.31652181 0.22779175 0.13233393 0.07255831 0.13337318 
812.00000000 0.07222894 0.04524328 0.31665871 0.22780806 0.13224027 0.07247323 0.13334751 
813.00000000 0.07226180 0.04526157 0.31679514 0.22782428 0.13214690 0.07238843 0.13332187 
814.00000000 0.07229463 0.04527985 0.31693109 0.22784042 0.13205383 0.07230391 0.13329627 
815.00000000 0.07232742 0.04529811 0.31706658 0.22785647 0.13196105 0.07221967 0.13327070 
816.00000000 0.07236017 0.04531635 0.31720160 0.22787244 0.13186857 0.07213570 0.13324517 
817.00000000 0.07239289 0.04533458 0.31733615 0.22788833 0.13177637 0.07205201 0.13321967 
818.00000000 0.07242558 0.04535279 0.31747024 0.22790413 0.13168447 0.07196859 0.13319421 
819.00000000 0.07245823 0.04537098 0.31760386 0.22791985 0.13159285 0.07188544 0.13316878 
820.00000000 0.07249085 0.04538916 0.31773702 0.22793549 0.13150153 0.07180256 0.13314339 
821.00000000 0.07252344 0.04540731 0.31786972 0.22795105 0.13141049 0.07171996 0.13311803 
822.00000000 0.07255599 0.04542546 0.31800196 0.22796652 0.13131974 0.07163762 0.13309271 
823.00000000 0.07258850 0.04544358 0.31813374 0.22798191 0.13122928 0.07155556 0.13306742 
824.00000000 0.07262098 0.04546169 0.31826507 0.22799722 0.13113910 0.07147376 0.13304217 
825.00000000 0.07265343 0.04547978 0.31839594 0.22801245 0.13104920 0.07139223 0.13301696 
826.00000000 0.07268585 0.04549786 0.31852636 0.22802760 0.13095959 0.07131097 0.13299178 
827.00000000 0.07271823 0.04551591 0.31865633 0.22804267 0.13087026 0.07122997 0.13296663 
828.00000000 0.07275058 0.04553396 0.31878584 0.22805765 0.13078121 0.07114924 0.13294152 
829.00000000 0.07278289 0.04555198 0.31891491 0.22807256 0.13069244 0.07106877 0.13291645 
830.00000000 0.07281518 0.04556999 0.31904353 0.22808739 0.13060396 0.07098856 0.13289141 
831.00000000 0.07284743 0.04558798 0.31917170 0.22810214 0.13051575 0.07090861 0.13286640 
832.00000000 0.07287964 0.04560595 0.31929943 0.22811680 0.13042781 0.07082893 0.13284144 
833.00000000 0.07291182 0.04562391 0.31942671 0.22813139 0.13034016 0.07074950 0.13281650 
834.00000000 0.07294397 0.04564185 0.31955355 0.22814591 0.13025278 0.07067033 0.13279161 
835.00000000 0.07297609 0.04565977 0.31967995 0.22816034 0.13016567 0.07059143 0.13276674 
836.00000000 0.07300818 0.04567767 0.31980592 0.22817469 0.13007884 0.07051278 0.13274192 
837.00000000 0.07304023 0.04569556 0.31993144 0.22818897 0.12999229 0.07043438 0.13271713 
838.00000000 0.07307225 0.04571344 0.32005653 0.22820317 0.12990600 0.07035624 0.13269237 
839.00000000 0.07310424 0.04573129 0.32018118 0.22821729 0.12981999 0.07027836 0.13266765 
840.00000000 0.07313619 0.04574913 0.32030540 0.22823134 0.12973424 0.07020072 0.13264297 
841.00000000 0.07316812 0.04576695 0.32042919 0.22824531 0.12964877 0.07012335 0.13261832 
842.00000000 0.07320001 0.04578476 0.32055254 0.22825920 0.12956356 0.07004622 0.13259371 
843.00000000 0.07323187 0.04580254 0.32067547 0.22827302 0.12947863 0.06996934 0.13256913 
844.00000000 0.07326369 0.04582031 0.32079796 0.22828676 0.12939396 0.06989272 0.13254459 
845.00000000 0.07329549 0.04583807 0.32092003 0.22830043 0.12930955 0.06981634 0.13252009 
846.00000000 0.07332725 0.04585581 0.32104168 0.22831402 0.12922541 0.06974021 0.13249562 
847.00000000 0.07335898 0.04587353 0.32116290 0.22832753 0.12914154 0.06966433 0.13247118 
848.00000000 0.07339069 0.04589123 0.32128370 0.22834098 0.12905793 0.06958870 0.13244678 
849.00000000 0.07342235 0.04590892 0.32140408 0.22835434 0.12897458 0.06951331 0.13242242 
850.00000000 0.07345399 0.04592659 0.32152403 0.22836764 0.12889149 0.06943817 0.13239809 
851.00000000 0.07348560 0.04594424 0.32164357 0.22838085 0.12880866 0.06936327 0.13237380 
852.00000000 0.07351717 0.04596188 0.32176269 0.22839400 0.12872610 0.06928862 0.13234955 
853.00000000 0.07354872 0.04597950 0.32188140 0.22840707 0.12864379 0.06921420 0.13232533 
854.00000000 0.07358023 0.04599710 0.32199968 0.22842007 0.12856174 0.06914003 0.13230114 
855.00000000 0.07361171 0.04601468 0.32211756 0.22843300 0.12847995 0.06906610 0.13227700 
856.00000000 0.07364316 0.04603225 0.32223503 0.22844585 0.12839841 0.06899241 0.13225288 
857.00000000 0.07367458 0.04604980 0.32235208 0.22845863 0.12831713 0.06891896 0.13222881 
858.00000000 0.07370597 0.04606734 0.32246872 0.22847134 0.12823611 0.06884575 0.13220477 
859.00000000 0.07373733 0.04608486 0.32258496 0.22848398 0.12815534 0.06877277 0.13218076 
860.00000000 0.07376866 0.04610236 0.32270079 0.22849654 0.12807482 0.06870004 0.13215679 
861.00000000 0.07379996 0.04611985 0.32281621 0.22850904 0.12799455 0.06862753 0.13213286 
862.00000000 0.07383123 0.04613731 0.32293123 0.22852146 0.12791454 0.06855527 0.13210896 
863.00000000 0.07386246 0.04615477 0.32304584 0.22853382 0.12783478 0.06848323 0.13208510 
864.00000000 0.07389367 0.04617220 0.32316006 0.22854610 0.12775526 0.06841143 0.13206127 
865.00000000 0.07392485 0.04618962 0.32327387 0.22855831 0.12767600 0.06833987 0.13203748 
866.00000000 0.07395599 0.04620702 0.32338729 0.22857045 0.12759698 0.06826853 0.13201373 
867.00000000 0.07398711 0.04622441 0.32350030 0.22858253 0.12751821 0.06819743 0.13199001 
868.00000000 0.07401820 0.04624177 0.32361292 0.22859453 0.12743969 0.06812655 0.13196633 
869.00000000 0.07404925 0.04625913 0.32372515 0.22860646 0.12736142 0.06805591 0.13194268 
870.00000000 0.07408028 0.04627646 0.32383698 0.22861833 0.12728339 0.06798549 0.13191907 
871.00000000 0.07411128 0.04629378 0.32394842 0.22863013 0.12720560 0.06791530 0.13189550 
872.00000000 0.07414225 0.04631108 0.32405946 0.22864185 0.12712806 0.06784534 0.13187196 
873.00000000 0.07417319 0.04632836 0.32417012 0.22865351 0.12705075 0.06777561 0.13184845 
874.00000000 0.07420409 0.04634563 0.32428039 0.22866511 0.12697369 0.06770610 0.13182499 
875.00000000 0.07423497 0.04636288 0.32439027 0.22867663 0.12689688 0.06763682 0.13180155 
876.00000000 0.07426582 0.04638012 0.32449976 0.22868809 0.12682030 0.06756776 0.13177816 
877.00000000 0.07429664 0.04639734 0.32460887 0.22869948 0.12674396 0.06749892 0.13175480 
878.00000000 0.07432743 0.04641454 0.32471759 0.22871080 0.12666786 0.06743031 0.13173147 
879.00000000 0.07435820 0.04643172 0.32482593 0.22872206 0.12659200 0.06736191 0.13170818 
880.00000000 0.07438893 0.04644889 0.32493389 0.22873324 0.12651637 0.06729374 0.13168493 
881.00000000 0.07441963 0.04646604 0.32504147 0.22874437 0.12644098 0.06722579 0.13166171 
882.00000000 0.07445031 0.04648318 0.32514866 0.22875542 0.12636583 0.06715806 0.13163853 
883.00000000 0.07448096 0.04650030 0.32525549 0.22876642 0.12629091 0.06709055 0.13161539 
884.00000000 0.07451157 0.04651740 0.32536193 0.22877734 0.12621622 0.06702325 0.13159228 
885.00000000 0.07454216 0.04653449 0.32546800 0.22878820 0.12614177 0.06695618 0.13156920 
886.00000000 0.07457272 0.04655156 0.32557369 0.22879900 0.12606755 0.06688931 0.13154616 
887.00000000 0.07460325 0.04656861 0.32567901 0.22880973 0.12599356 0.06682267 0.13152316 
888.00000000 0.07463376 0.04658564 0.32578396 0.22882039 0.12591981 0.06675624 0.13150019 
889.00000000 0.07466423 0.04660266 0.32588854 0.22883100 0.12584628 0.06669002 0.13147726 
890.00000000 0.07469468 0.04661967 0.32599275 0.22884153 0.12577298 0.06662402 0.13145437 
891.00000000 0.07472510 0.04663665 0.32609659 0.22885201 0.12569991 0.06655823 0.13143151 
892.00000000 0.07475549 0.04665362 0.32620007 0.22886242 0.12562707 0.06649265 0.13140868 
893.00000000 0.07478585 0.04667058 0.32630317 0.22887276 0.12555446 0.06642729 0.13138589 
894.00000000 0.07481618 0.04668752 0.32640592 0.22888305 0.12548207 0.06636213 0.13136314 
895.00000000 0.07484649 0.04670444 0.32650829 0.22889327 0.12540991 0.06629718 0.13134042 
896.00000000 0.07487677 0.04672134 0.32661031 0.22890342 0.12533797 0.06623245 0.13131774 
897.00000000 0.07490702 0.04673823 0.32671197 0.22891352 0.12526625 0.06616792 0.13129510 
898.00000000 0.07493724 0.04675510 0.32681326 0.22892355 0.12519476 0.06610360 0.13127249 
899.00000000 0.07496743 0.04677196 0.32691420 0.22893352 0.12512350 0.06603949 0.13124991 
900.00000000 0.07499760 0.04678880 0.32701477 0.22894343 0.12505245 0.06597558 0.13122737 
901.00000000 0.07502774 0.04680562 0.32711499 0.22895328 0.12498162 0.06591188 0.13120487 
902.00000000 0.07505785 0.04682243 0.32721486 0.22896306 0.12491102 0.06584838 0.13118240 
903.00000000 0.07508793 0.04683922 0.32731437 0.22897279 0.12484064 0.06578509 0.13115997 
904.00000000 0.07511799 0.04685599 0.32741353 0.22898245 0.12477047 0.06572200 0.13113757 
905.00000000 0.07514802 0.04687275 0.32751233 0.22899205 0.12470052 0.06565912 0.13111521 
906.00000000 0.07517802 0.04688949 0.32761079 0.22900159 0.12463079 0.06559643 0.13109288 
907.00000000 0.07520799 0.04690622 0.32770889 0.22901107 0.12456128 0.06553395 0.13107059 
908.00000000 0.07523794 0.04692293 0.32780665 0.22902050 0.12449198 0.06547167 0.13104833 
909.00000000 0.07526786 0.04693962 0.32790406 0.22902986 0.12442290 0.06540959 0.13102611 
910.00000000 0.07529775 0.04695630 0.32800112 0.22903916 0.12435403 0.06534771 0.13100393 
911.00000000 0.07532761 0.04697296 0.32809784 0.22904840 0.12428538 0.06528603 0.13098178 
912.00000000 0.07535745 0.04698961 0.32819421 0.22905758 0.12421694 0.06522454 0.13095967 
913.00000000 0.07538727 0.04700623 0.32829024 0.22906671 0.12414871 0.06516326 0.13093759 
914.00000000 0.07541705 0.04702285 0.32838592 0.22907577 0.12408070 0.06510217 0.13091554 
915.00000000 0.07544681 0.04703944 0.32848127 0.22908478 0.12401289 0.06504127 0.13089354 
916.00000000 0.07547654 0.04705602 0.32857627 0.22909373 0.12394530 0.06498057 0.13087156 
917.00000000 0.07550624 0.04707259 0.32867094 0.22910262 0.12387791 0.06492007 0.13084963 
918.00000000 0.07553592 0.04708914 0.32876527 0.22911145 0.12381074 0.06485976 0.13082772 
919.00000000 0.07556557 0.04710567 0.32885926 0.22912022 0.12374377 0.06479965 0.13080586 
920.00000000 0.07559520 0.04712219 0.32895292 0.22912894 0.12367701 0.06473972 0.13078402 
921.00000000 0.07562480 0.04713869 0.32904624 0.22913760 0.12361046 0.06467999 0.13076223 
922.00000000 0.07565437 0.04715517 0.32913923 0.22914620 0.12354411 0.06462045 0.13074047 
923.00000000 0.07568391 0.04717164 0.32923189 0.22915475 0.12347797 0.06456110 0.13071874 
924.00000000 0.07571343 0.04718809 0.32932421 0.22916324 0.12341204 0.06450194 0.13069705 
925.00000000 0.07574293 0.04720453 0.32941621 0.22917167 0.12334630 0.06444297 0.13067539 
926.00000000 0.07577239 0.04722095 0.32950787 0.22918004 0.12328078 0.06438419 0.13065377 
927.00000000 0.07580183 0.04723735 0.32959921 0.22918836 0.12321545 0.06432560 0.13063219 
928.00000000 0.07583125 0.04725374 0.32969022 0.22919663 0.12315033 0.06426720 0.13061064 
929.00000000 0.07586064 0.04727011 0.32978091 0.22920483 0.12308541 0.06420898 0.13058912 
930.00000000 0.07589000 0.04728647 0.32987127 0.22921299 0.12302069 0.06415095 0.13056764 
931.00000000 0.07591934 0.04730281 0.32996130 0.22922108 0.12295617 0.06409310 0.13054619 
932.00000000 0.07594865 0.04731914 0.33005102 0.22922912 0.12289185 0.06403544 0.13052478 
933.00000000 0.07597793 0.04733545 0.33014041 0.22923711 0.12282773 0.06397797 0.13050340 
934.00000000 0.07600719 0.04735174 0.33022948 0.22924504 0.12276380 0.06392068 0.13048206 
935.00000000 0.07603643 0.04736802 0.33031823 0.22925292 0.12270008 0.06386357 0.13046076 
936.00000000 0.07606563 0.04738428 0.33040666 0.22926074 0.12263655 0.06380664 0.13043948 
937.00000000 0.07609482 0.04740053 0.33049478 0.22926851 0.12257322 0.06374990 0.13041825 
938.00000000 0.07612397 0.04741676 0.33058258 0.22927623 0.12251008 0.06369334 0.13039705 
939.00000000 0.07615310 0.04743297 0.33067006 0.22928389 0.12244714 0.06363695 0.13037588 
940.00000000 0.07618221 0.04744917 0.33075723 0.22929150 0.12238439 0.06358075 0.13035475 
941.00000000 0.07621129 0.04746536 0.33084408 0.22929905 0.12232184 0.06352473 0.13033365 
942.00000000 0.07624035 0.04748153 0.33093062 0.22930655 0.12225948 0.06346889 0.13031258 
943.00000000 0.07626938 0.04749768 0.33101685 0.22931400 0.12219731 0.06341322 0.13029155 
944.00000000 0.07629838 0.04751382 0.33110277 0.22932140 0.12213534 0.06335773 0.13027056 
945.00000000 0.07632736 0.04752994 0.33118838 0.22932874 0.12207355 0.06330242 0.13024960 
946.00000000 0.07635632 0.04754604 0.33127369 0.22933603 0.12201196 0.06324729 0.13022868 
947.00000000 0.07638525 0.04756213 0.33135868 0.22934327 0.12195055 0.06319233 0.13020778 
948.00000000 0.07641415 0.04757821 0.33144337 0.22935045 0.12188934 0.06313755 0.13018693 
949.00000000 0.07644303 0.04759427 0.33152775 0.22935759 0.12182831 0.06308294 0.13016611 
950.00000000 0.07647188 0.04761031 0.33161183 0.22936467 0.12176748 0.06302851 0.13014532 
951.00000000 0.07650071 0.04762634 0.33169560 0.22937170 0.12170683 0.06297425 0.13012457 
952.00000000 0.07652952 0.04764235 0.33177907 0.22937868 0.12164636 0.06292017 0.13010385 
953.00000000 0.07655830 0.04765835 0.33186224 0.22938561 0.12158609 0.06286625 0.13008316 
954.00000000 0.07658706 0.04767433 0.33194511 0.22939248 0.12152599 0.06281251 0.13006251 
955.00000000 0.07661579 0.04769030 0.33202768 0.22939931 0.12146609 0.06275894 0.13004190 
956.00000000 0.07664449 0.04770625 0.33210995 0.22940609 0.12140636 0.06270554 0.13002132 
957.00000000 0.07667317 0.04772219 0.33219193 0.22941281 0.12134683 0.06265231 0.13000077 
958.00000000 0.07670183 0.04773811 0.33227360 0.22941949 0.12128747 0.06259925 0.12998026 
959.00000000 0.07673046 0.04775401 0.33235498 0.22942612 0.12122830 0.06254635 0.12995978 
960.00000000 0.07675907 0.04776990 0.33243607 0.22943269 0.12116931 0.06249363 0.12993933 
961.00000000 0.07678766 0.04778578 0.33251686 0.22943922 0.12111050 0.06244107 0.12991892 
962.00000000 0.07681621 0.04780164 0.33259736 0.22944569 0.12105187 0.06238869 0.12989854 
963.00000000 0.07684475 0.04781748 0.33267756 0.22945212 0.12099342 0.06233646 0.12987820 
964.00000000 0.07687326 0.04783331 0.33275748 0.22945850 0.12093515 0.06228441 0.12985789 
965.00000000 0.07690175 0.04784912 0.33283710 0.22946483 0.12087706 0.06223252 0.12983762 
966.00000000 0.07693021 0.04786492 0.33291644 0.22947111 0.12081915 0.06218079 0.12981738 
967.00000000 0.07695865 0.04788070 0.33299549 0.22947734 0.12076142 0.06212923 0.12979717 
968.00000000 0.07698706 0.04789647 0.33307425 0.22948352 0.12070386 0.06207784 0.12977700 
969.00000000 0.07701545 0.04791222 0.33315272 0.22948966 0.12064648 0.06202660 0.12975686 
970.00000000 0.07704382 0.04792796 0.33323091 0.22949575 0.12058928 0.06197553 0.12973675 
971.00000000 0.07707216 0.04794369 0.33330882 0.22950179 0.12053225 0.06192463 0.12971668 
972.00000000 0.07710048 0.04795939 0.33338644 0.22950778 0.12047540 0.06187388 0.12969664 
973.00000000 0.07712877 0.04797509 0.33346377 0.22951372 0.12041872 0.06182329 0.12967663 
974.00000000 0.07715704 0.04799076 0.33354083 0.22951962 0.12036221 0.06177287 0.12965666 
975.00000000 0.07718529 0.04800643 0.33361761 0.22952547 0.12030588 0.06172260 0.12963673 
976.00000000 0.07721351 0.04802207 0.33369410 0.22953127 0.12024972 0.06167250 0.12961682 
977.00000000 0.07724171 0.04803771 0.33377032 0.22953703 0.12019373 0.06162255 0.12959695 
978.00000000 0.07726989 0.04805332 0.33384625 0.22954273 0.12013792 0.06157277 0.12957711 
979.00000000 0.07729804 0.04806893 0.33392192 0.22954840 0.12008227 0.06152314 0.12955731 
980.00000000 0.07732617 0.04808451 0.33399730 0.22955401 0.12002680 0.06147366 0.12953754 
981.00000000 0.07735428 0.04810009 0.33407241 0.22955958 0.11997149 0.06142435 0.12951780 
982.00000000 0.07738236 0.04811564 0.33414724 0.22956511 0.11991636 0.06137519 0.12949810 
983.00000000 0.07741042 0.04813119 0.33422180 0.22957058 0.11986139 0.06132619 0.12947843 
984.00000000 0.07743845 0.04814672 0.33429609 0.22957602 0.11980659 0.06127734 0.12945879 
985.00000000 0.07746646 0.04816223 0.33437011 0.22958140 0.11975196 0.06122865 0.12943919 
986.00000000 0.07749445 0.04817773 0.33444385 0.22958674 0.11969750 0.06118011 0.12941962 
987.00000000 0.07752242 0.04819321 0.33451733 0.22959204 0.11964320 0.06113172 0.12940008 
988.00000000 0.07755036 0.04820868 0.33459053 0.22959729 0.11958907 0.06108349 0.12938058 
989.00000000 0.07757828 0.04822414 0.33466347 0.22960250 0.11953510 0.06103541 0.12936110 
990.00000000 0.07760617 0.04823957 0.33473614 0.22960766 0.11948130 0.06098749 0.12934167 
991.00000000 0.07763405 0.04825500 0.33480854 0.22961278 0.11942766 0.06093971 0.12932226 
992.00000000 0.07766190 0.04827041 0.33488068 0.22961785 0.11937419 0.06089209 0.12930289 
993.00000000 0.07768972 0.04828581 0.33495255 0.22962288 0.11932088 0.06084462 0.12928355 
994.00000000 0.07771753 0.04830119 0.33502416 0.22962786 0.11926773 0.06079729 0.12926424 
995.00000000 0.07774531 0.04831655 0.33509550 0.22963280 0.11921475 0.06075012 0.12924497 
996.00000000 0.07777307 0.04833190 0.33516658 0.22963770 0.11916192 0.06070310 0.12922573 
997.00000000 0.07780080 0.04834724 0.33523740 0.22964255 0.11910926 0.06065622 0.12920652 
998.00000000 0.07782851 0.04836256 0.33530796 0.22964736 0.11905676 0.06060949 0.12918734 
999.00000000 0.07785620 0.04837787 0.33537826 0.22965213 0.11900442 0.06056292 0.12916820 
