0.00000000 1.00000000 -0.00000000 -0.00000000 -0.00000000 0.00000000 0.00000000 -0.00000000 
1.00000000 0.99958858 0.00038331 0.00000498 0.00000414 0.00000359 0.00000848 0.00000694 
2.00000000 0.99840867 0.00148122 0.00002258 0.00001518 0.00001490 0.00003173 0.00002573 
3.00000000 0.99653817 0.00321919 0.00005625 0.00003125 0.00003472 0.00006681 0.00005362 
4.00000000 0.99405018 0.00552726 0.00010884 0.00005063 0.00006368 0.00011118 0.00008822 
5.00000000 0.99101314 0.00833996 0.00018260 0.00007181 0.00010232 0.00016268 0.00012749 
6.00000000 0.98749099 0.01159617 0.00027925 0.00009347 0.00015103 0.00021942 0.00016968 
7.00000000 0.98354327 0.01523907 0.00040002 0.00011442 0.00021010 0.00027980 0.00021334 
8.00000000 0.97922533 0.01921593 0.00054571 0.00013365 0.00027968 0.00034245 0.00025727 
9.00000000 0.97458847 0.02347797 0.00071673 0.00015030 0.00035980 0.00040621 0.00030052 
10.00000000 0.96968013 0.02798022 0.00091316 0.00016365 0.00045040 0.00047010 0.00034233 
11.00000000 0.96454406 0.03268134 0.00113476 0.00017310 0.00055129 0.00053332 0.00038213 
12.00000000 0.95922048 0.03754340 0.00138106 0.00017819 0.00066219 0.00059518 0.00041950 
13.00000000 0.95374628 0.04253178 0.00165137 0.00017855 0.00078274 0.00065514 0.00045416 
14.00000000 0.94815517 0.04761493 0.00194480 0.00017393 0.00091248 0.00071275 0.00048594 
15.00000000 0.94247789 0.05276423 0.00226035 0.00016417 0.00105090 0.00076769 0.00051477 
16.00000000 0.93674235 0.05795380 0.00259689 0.00014920 0.00119743 0.00081969 0.00054065 
17.00000000 0.93097380 0.06316033 0.00295319 0.00012901 0.00135145 0.00086859 0.00056364 
18.00000000 0.92519501 0.06836292 0.00332799 0.00010367 0.00151230 0.00091427 0.00058384 
19.00000000 0.91942640 0.07354292 0.00371997 0.00007331 0.00167929 0.00095669 0.00060141 
20.00000000 0.91368623 0.07868377 0.00412780 0.00003811 0.00185173 0.00099584 0.00061652 
21.00000000 0.90799070 0.08377085 0.00455015 -0.00000171 0.00202889 0.00103178 0.00062935 
22.00000000 0.90235414 0.08879135 0.00498569 -0.00004590 0.00221006 0.00106457 0.00064009 
23.00000000 0.89678910 0.09373411 0.00543315 -0.00009417 0.00239452 0.00109435 0.00064895 
24.00000000 0.89130652 0.09858951 0.00589126 -0.00014621 0.00258157 0.00112123 0.00065612 
25.00000000 0.88591582 0.10334934 0.00635881 -0.00020169 0.00277054 0.00114539 0.00066179 
26.00000000 0.88062502 0.10800669 0.00683465 -0.00026026 0.00296075 0.00116700 0.00066615 
27.00000000 0.87544090 0.11255584 0.00731767 -0.00032158 0.00315156 0.00118625 0.00066935 
28.00000000 0.87036902 0.11699214 0.00780684 -0.00038528 0.00334238 0.00120333 0.00067157 
29.00000000 0.86541390 0.12131192 0.00830117 -0.00045101 0.00353264 0.00121846 0.00067293 
30.00000000 0.86057907 0.12551243 0.00879976 -0.00051842 0.00372179 0.00123182 0.00067356 
31.00000000 0.85586716 0.12959170 0.00930175 -0.00058716 0.00390933 0.00124364 0.00067358 
32.00000000 0.85128000 0.13354851 0.00980636 -0.00065687 0.00409481 0.00125410 0.00067309 
33.00000000 0.84681870 0.13738229 0.01031287 -0.00072722 0.00427780 0.00126341 0.00067216 
34.00000000 0.84248370 0.14109304 0.01082061 -0.00079789 0.00445792 0.00127175 0.00067087 
35.00000000 0.83827484 0.14468132 0.01132899 -0.00086856 0.00463483 0.00127931 0.00066927 
36.00000000 0.83419146 0.14814811 0.01183746 -0.00093893 0.00480823 0.00128626 0.00066741 
37.00000000 0.83023242 0.15149484 0.01234553 -0.00100871 0.00497785 0.00129275 0.00066532 
38.00000000 0.82639616 0.15472327 0.01285275 -0.00107763 0.00514346 0.00129895 0.00066304 
39.00000000 0.82268078 0.15783548 0.01335874 -0.00114542 0.00530487 0.00130499 0.00066057 
40.00000000 0.81908404 0.16083382 0.01386314 -0.00121185 0.00546192 0.00131099 0.00065793 
41.00000000 0.81560346 0.16372087 0.01436564 -0.00127667 0.00561450 0.00131707 0.00065512 
42.00000000 0.81223631 0.16649940 0.01486598 -0.00133967 0.00576250 0.00132334 0.00065213 
43.00000000 0.80897967 0.16917234 0.01536392 -0.00140064 0.00590585 0.00132989 0.00064897 
44.00000000 0.80583046 0.17174276 0.01585925 -0.00145941 0.00604453 0.00133678 0.00064562 
45.00000000 0.80278548 0.17421382 0.01635181 -0.00151578 0.00617852 0.00134410 0.00064206 
46.00000000 0.79984143 0.17658875 0.01684143 -0.00156961 0.00630782 0.00135190 0.00063829 
47.00000000 0.79699491 0.17887085 0.01732800 -0.00162074 0.00643248 0.00136021 0.00063428 
48.00000000 0.79424251 0.18106347 0.01781140 -0.00166903 0.00655253 0.00136909 0.00063003 
49.00000000 0.79158076 0.18316993 0.01829157 -0.00171437 0.00666806 0.00137855 0.00062551 
50.00000000 0.78900619 0.18519358 0.01876841 -0.00175664 0.00677914 0.00138861 0.00062070 
51.00000000 0.78651533 0.18713777 0.01924189 -0.00179574 0.00688588 0.00139929 0.00061559 
52.00000000 0.78410474 0.18900578 0.01971196 -0.00183159 0.00698838 0.00141057 0.00061016 
53.00000000 0.78177100 0.19080088 0.02017859 -0.00186409 0.00708677 0.00142246 0.00060440 
54.00000000 0.77951075 0.19252628 0.02064175 -0.00189320 0.00718117 0.00143495 0.00059830 
55.00000000 0.77732069 0.19418513 0.02110145 -0.00191883 0.00727172 0.00144802 0.00059183 
56.00000000 0.77519756 0.19578052 0.02155766 -0.00194096 0.00735856 0.00146164 0.00058501 
57.00000000 0.77313821 0.19731546 0.02201040 -0.00195953 0.00744185 0.00147579 0.00057780 
58.00000000 0.77113954 0.19879289 0.02245968 -0.00197451 0.00752174 0.00149045 0.00057021 
59.00000000 0.76919855 0.20021565 0.02290549 -0.00198588 0.00759838 0.00150557 0.00056224 
60.00000000 0.76731232 0.20158651 0.02334787 -0.00199363 0.00767192 0.00152113 0.00055388 
61.00000000 0.76547803 0.20290813 0.02378683 -0.00199773 0.00774253 0.00153709 0.00054512 
62.00000000 0.76369296 0.20418311 0.02422238 -0.00199820 0.00781036 0.00155341 0.00053598 
63.00000000 0.76195449 0.20541391 0.02465456 -0.00199502 0.00787557 0.00157004 0.00052645 
64.00000000 0.76026010 0.20660294 0.02508339 -0.00198822 0.00793831 0.00158696 0.00051653 
65.00000000 0.75860735 0.20775248 0.02550889 -0.00197781 0.00799873 0.00160412 0.00050624 
66.00000000 0.75699392 0.20886473 0.02593111 -0.00196380 0.00805698 0.00162147 0.00049558 
67.00000000 0.75541760 0.20994180 0.02635005 -0.00194622 0.00811322 0.00163899 0.00048456 
68.00000000 0.75387626 0.21098569 0.02676576 -0.00192510 0.00816757 0.00165664 0.00047318 
69.00000000 0.75236789 0.21199831 0.02717827 -0.00190048 0.00822018 0.00167436 0.00046146 
70.00000000 0.75089055 0.21298149 0.02758760 -0.00187239 0.00827119 0.00169214 0.00044942 
71.00000000 0.74944243 0.21393695 0.02799379 -0.00184088 0.00832072 0.00170993 0.00043705 
72.00000000 0.74802178 0.21486634 0.02839687 -0.00180599 0.00836889 0.00172771 0.00042439 
73.00000000 0.74662697 0.21577121 0.02879688 -0.00176776 0.00841583 0.00174543 0.00041144 
74.00000000 0.74525645 0.21665302 0.02919384 -0.00172626 0.00846165 0.00176308 0.00039822 
75.00000000 0.74390875 0.21751318 0.02958779 -0.00168153 0.00850645 0.00178062 0.00038474 
76.00000000 0.74258249 0.21835298 0.02997876 -0.00163362 0.00855035 0.00179802 0.00037102 
77.00000000 0.74127638 0.21917366 0.03036678 -0.00158261 0.00859344 0.00181527 0.00035708 
78.00000000 0.73998919 0.21997637 0.03075189 -0.00152853 0.00863581 0.00183234 0.00034294 
79.00000000 0.73871978 0.22076220 0.03113412 -0.00147147 0.00867755 0.00184922 0.00032860 
80.00000000 0.73746708 0.22153216 0.03151350 -0.00141148 0.00871875 0.00186588 0.00031410 
81.00000000 0.73623010 0.22228722 0.03189007 -0.00134861 0.00875948 0.00188230 0.00029944 
82.00000000 0.73500789 0.22302824 0.03226385 -0.00128295 0.00879982 0.00189849 0.00028465 
83.00000000 0.73379959 0.22375607 0.03263489 -0.00121454 0.00883982 0.00191442 0.00026974 
84.00000000 0.73260440 0.22447147 0.03300321 -0.00114346 0.00887957 0.00193008 0.00025473 
85.00000000 0.73142155 0.22517516 0.03336885 -0.00106978 0.00891910 0.00194547 0.00023964 
86.00000000 0.73025035 0.22586780 0.03373184 -0.00099355 0.00895849 0.00196058 0.00022448 
87.00000000 0.72909017 0.22655000 0.03409222 -0.00091484 0.00899777 0.00197541 0.00020927 
88.00000000 0.72794040 0.22722234 0.03445001 -0.00083373 0.00903700 0.00198996 0.00019403 
89.00000000 0.72680050 0.22788532 0.03480525 -0.00075027 0.00907621 0.00200421 0.00017878 
90.00000000 0.72566998 0.22853944 0.03515798 -0.00066454 0.00911544 0.00201818 0.00016352 
91.00000000 0.72454835 0.22918514 0.03550823 -0.00057659 0.00915473 0.00203186 0.00014828 
92.00000000 0.72343522 0.22982281 0.03585602 -0.00048648 0.00919410 0.00204526 0.00013307 
93.00000000 0.72233018 0.23045284 0.03620140 -0.00039429 0.00923359 0.00205838 0.00011790 
94.00000000 0.72123289 0.23107556 0.03654439 -0.00030008 0.00927322 0.00207123 0.00010280 
95.00000000 0.72014302 0.23169127 0.03688504 -0.00020391 0.00931300 0.00208381 0.00008776 
96.00000000 0.71906030 0.23230025 0.03722336 -0.00010583 0.00935297 0.00209613 0.00007282 
97.00000000 0.71798446 0.23290276 0.03755940 -0.00000591 0.00939312 0.00210819 0.00005797 
98.00000000 0.71691525 0.23349903 0.03789318 0.00009580 0.00943349 0.00212002 0.00004324 
99.00000000 0.71585248 0.23408925 0.03822474 0.00019923 0.00947407 0.00213160 0.00002863 
100.00000000 0.71479595 0.23467362 0.03855411 0.00030432 0.00951487 0.00214297 0.00001416 
101.00000000 0.71374549 0.23525229 0.03888133 0.00041103 0.00955591 0.00215411 -0.00000017 
102.00000000 0.71270095 0.23582542 0.03920641 0.00051931 0.00959719 0.00216505 -0.00001433 
103.00000000 0.71166220 0.23639313 0.03952940 0.00062908 0.00963871 0.00217580 -0.00002833 
104.00000000 0.71062912 0.23695554 0.03985033 0.00074031 0.00968048 0.00218637 -0.00004216 
105.00000000 0.70960161 0.23751275 0.04016923 0.00085295 0.00972249 0.00219677 -0.00005579 
106.00000000 0.70857958 0.23806485 0.04048612 0.00096694 0.00976474 0.00220700 -0.00006923 
107.00000000 0.70756295 0.23861191 0.04080103 0.00108224 0.00980724 0.00221709 -0.00008246 
108.00000000 0.70655166 0.23915401 0.04111401 0.00119879 0.00984997 0.00222705 -0.00009549 
109.00000000 0.70554564 0.23969119 0.04142507 0.00131656 0.00989294 0.00223688 -0.00010829 
110.00000000 0.70454486 0.24022351 0.04173425 0.00143550 0.00993614 0.00224660 -0.00012086 
111.00000000 0.70354926 0.24075101 0.04204158 0.00155557 0.00997956 0.00225622 -0.00013321 
112.00000000 0.70255883 0.24127372 0.04234708 0.00167672 0.01002320 0.00226575 -0.00014531 
113.00000000 0.70157352 0.24179168 0.04265078 0.00179892 0.01006706 0.00227521 -0.00015717 
114.00000000 0.70059332 0.24230490 0.04295271 0.00192212 0.01011112 0.00228459 -0.00016877 
115.00000000 0.69961821 0.24281341 0.04325291 0.00204629 0.01015538 0.00229392 -0.00018012 
116.00000000 0.69864818 0.24331722 0.04355138 0.00217139 0.01019983 0.00230321 -0.00019121 
117.00000000 0.69768321 0.24381634 0.04384818 0.00229738 0.01024446 0.00231246 -0.00020203 
118.00000000 0.69672330 0.24431079 0.04414331 0.00242423 0.01028926 0.00232169 -0.00021258 
119.00000000 0.69576845 0.24480056 0.04443680 0.00255190 0.01033423 0.00233090 -0.00022285 
120.00000000 0.69481866 0.24528567 0.04472869 0.00268037 0.01037936 0.00234011 -0.00023285 
121.00000000 0.69387391 0.24576611 0.04501900 0.00280960 0.01042463 0.00234932 -0.00024257 
122.00000000 0.69293422 0.24624189 0.04530775 0.00293955 0.01047005 0.00235854 -0.00025200 
123.00000000 0.69199957 0.24671301 0.04559497 0.00307021 0.01051560 0.00236779 -0.00026114 
124.00000000 0.69106999 0.24717947 0.04588068 0.00320154 0.01056127 0.00237706 -0.00027000 
125.00000000 0.69014546 0.24764127 0.04616490 0.00333351 0.01060706 0.00238636 -0.00027856 
126.00000000 0.68922598 0.24809841 0.04644767 0.00346610 0.01065295 0.00239571 -0.00028682 
127.00000000 0.68831157 0.24855090 0.04672900 0.00359928 0.01069895 0.00240510 -0.00029480 
128.00000000 0.68740221 0.24899873 0.04700891 0.00373303 0.01074503 0.00241456 -0.00030247 
129.00000000 0.68649792 0.24944190 0.04728743 0.00386731 0.01079120 0.00242407 -0.00030984 
130.00000000 0.68559868 0.24988042 0.04756459 0.00400212 0.01083745 0.00243365 -0.00031691 
131.00000000 0.68470451 0.25031429 0.04784040 0.00413742 0.01088377 0.00244330 -0.00032368 
132.00000000 0.68381538 0.25074351 0.04811488 0.00427320 0.01093015 0.00245302 -0.00033014 
133.00000000 0.68293131 0.25116809 0.04838806 0.00440943 0.01097659 0.00246283 -0.00033630 
134.00000000 0.68205229 0.25158803 0.04865996 0.00454609 0.01102307 0.00247272 -0.00034216 
135.00000000 0.68117832 0.25200334 0.04893059 0.00468316 0.01106960 0.00248270 -0.00034771 
136.00000000 0.68030937 0.25241403 0.04919998 0.00482062 0.01111617 0.00249277 -0.00035295 
137.00000000 0.67944546 0.25282011 0.04946815 0.00495846 0.01116277 0.00250293 -0.00035789 
138.00000000 0.67858656 0.25322159 0.04973511 0.00509666 0.01120940 0.00251320 -0.00036252 
139.00000000 0.67773267 0.25361847 0.05000089 0.00523520 0.01125606 0.00252356 -0.00036684 
140.00000000 0.67688377 0.25401078 0.05026551 0.00537406 0.01130273 0.00253402 -0.00037086 
141.00000000 0.67603986 0.25439852 0.05052897 0.00551323 0.01134941 0.00254458 -0.00037457 
142.00000000 0.67520091 0.25478171 0.05079131 0.00565269 0.01139610 0.00255525 -0.00037797 
143.00000000 0.67436692 0.25516037 0.05105254 0.00579242 0.01144280 0.00256603 -0.00038107 
144.00000000 0.67353785 0.25553451 0.05131267 0.00593242 0.01148950 0.00257691 -0.00038386 
145.00000000 0.67271371 0.25590416 0.05157172 0.00607267 0.01153619 0.00258790 -0.00038634 
146.00000000 0.67189446 0.25626933 0.05182972 0.00621315 0.01158288 0.00259899 -0.00038852 
147.00000000 0.67108008 0.25663004 0.05208667 0.00635385 0.01162956 0.00261020 -0.00039040 
148.00000000 0.67027056 0.25698632 0.05234259 0.00649476 0.01167623 0.00262151 -0.00039197 
149.00000000 0.66946587 0.25733818 0.05259751 0.00663586 0.01172289 0.00263293 -0.00039323 
150.00000000 0.66866598 0.25768566 0.05285142 0.00677715 0.01176953 0.00264445 -0.00039420 
151.00000000 0.66787088 0.25802877 0.05310436 0.00691862 0.01181615 0.00265609 -0.00039486 
152.00000000 0.66708053 0.25836754 0.05335632 0.00706024 0.01186276 0.00266783 -0.00039522 
153.00000000 0.66629491 0.25870200 0.05360734 0.00720202 0.01190933 0.00267967 -0.00039528 
154.00000000 0.66551400 0.25903217 0.05385742 0.00734393 0.01195589 0.00269162 -0.00039504 
155.00000000 0.66473775 0.25935809 0.05410658 0.00748598 0.01200242 0.00270368 -0.00039450 
156.00000000 0.66396616 0.25967978 0.05435483 0.00762815 0.01204892 0.00271583 -0.00039366 
157.00000000 0.66319917 0.25999726 0.05460218 0.00777042 0.01209540 0.00272809 -0.00039253 
158.00000000 0.66243677 0.26031057 0.05484866 0.00791280 0.01214184 0.00274045 -0.00039110 
159.00000000 0.66167893 0.26061975 0.05509426 0.00805527 0.01218826 0.00275290 -0.00038937 
160.00000000 0.66092560 0.26092481 0.05533901 0.00819783 0.01223464 0.00276545 -0.00038735 
161.00000000 0.66017677 0.26122579 0.05558291 0.00834046 0.01228100 0.00277810 -0.00038504 
162.00000000 0.65943240 0.26152273 0.05582598 0.00848316 0.01232732 0.00279084 -0.00038243 
163.00000000 0.65869245 0.26181565 0.05606824 0.00862592 0.01237360 0.00280367 -0.00037953 
164.00000000 0.65795689 0.26210458 0.05630969 0.00876874 0.01241986 0.00281660 -0.00037635 
165.00000000 0.65722569 0.26238956 0.05655034 0.00891159 0.01246608 0.00282961 -0.00037287 
166.00000000 0.65649882 0.26267062 0.05679020 0.00905449 0.01251227 0.00284271 -0.00036911 
167.00000000 0.65577623 0.26294780 0.05702930 0.00919741 0.01255842 0.00285589 -0.00036506 
168.00000000 0.65505791 0.26322112 0.05726763 0.00934036 0.01260454 0.00286915 -0.00036072 
169.00000000 0.65434381 0.26349063 0.05750521 0.00948333 0.01265063 0.00288250 -0.00035610 
170.00000000 0.65363389 0.26375634 0.05774205 0.00962631 0.01269668 0.00289593 -0.00035120 
171.00000000 0.65292813 0.26401831 0.05797816 0.00976929 0.01274270 0.00290943 -0.00034601 
172.00000000 0.65222649 0.26427655 0.05821354 0.00991227 0.01278868 0.00292301 -0.00034054 
173.00000000 0.65152893 0.26453111 0.05844822 0.01005525 0.01283463 0.00293666 -0.00033479 
174.00000000 0.65083542 0.26478201 0.05868220 0.01019821 0.01288055 0.00295038 -0.00032877 
175.00000000 0.65014593 0.26502930 0.05891548 0.01034115 0.01292643 0.00296417 -0.00032246 
176.00000000 0.64946042 0.26527299 0.05914808 0.01048407 0.01297228 0.00297803 -0.00031588 
177.00000000 0.64877885 0.26551314 0.05938001 0.01062696 0.01301810 0.00299196 -0.00030903 
178.00000000 0.64810120 0.26574977 0.05961128 0.01076982 0.01306389 0.00300595 -0.00030190 
179.00000000 0.64742742 0.26598291 0.05984189 0.01091264 0.01310964 0.00302000 -0.00029449 
180.00000000 0.64675749 0.26621259 0.06007185 0.01105542 0.01315536 0.00303411 -0.00028682 
181.00000000 0.64609136 0.26643886 0.06030118 0.01119815 0.01320105 0.00304828 -0.00027887 
182.00000000 0.64542901 0.26666174 0.06052987 0.01134082 0.01324671 0.00306251 -0.00027066 
183.00000000 0.64477040 0.26688126 0.06075794 0.01148344 0.01329234 0.00307679 -0.00026218 
184.00000000 0.64411549 0.26709747 0.06098540 0.01162600 0.01333793 0.00309113 -0.00025342 
185.00000000 0.64346426 0.26731038 0.06121225 0.01176850 0.01338350 0.00310552 -0.00024441 
186.00000000 0.64281667 0.26752003 0.06143851 0.01191092 0.01342904 0.00311996 -0.00023513 
187.00000000 0.64217269 0.26772646 0.06166417 0.01205327 0.01347454 0.00313445 -0.00022558 
188.00000000 0.64153228 0.26792969 0.06188925 0.01219555 0.01352002 0.00314898 -0.00021577 
189.00000000 0.64089541 0.26812976 0.06211375 0.01233774 0.01356547 0.00316356 -0.00020570 
190.00000000 0.64026205 0.26832670 0.06233768 0.01247986 0.01361089 0.00317819 -0.00019538 
191.00000000 0.63963217 0.26852053 0.06256105 0.01262188 0.01365629 0.00319286 -0.00018479 
192.00000000 0.63900574 0.26871130 0.06278387 0.01276382 0.01370165 0.00320757 -0.00017394 
193.00000000 0.63838272 0.26889902 0.06300613 0.01290566 0.01374699 0.00322232 -0.00016284 
194.00000000 0.63776308 0.26908374 0.06322785 0.01304740 0.01379230 0.00323711 -0.00015148 
195.00000000 0.63714680 0.26926547 0.06344904 0.01318905 0.01383758 0.00325194 -0.00013987 
196.00000000 0.63653383 0.26944425 0.06366969 0.01333059 0.01388284 0.00326681 -0.00012801 
197.00000000 0.63592415 0.26962011 0.06388982 0.01347203 0.01392807 0.00328171 -0.00011589 
198.00000000 0.63531774 0.26979308 0.06410943 0.01361336 0.01397327 0.00329664 -0.00010353 
199.00000000 0.63471455 0.26996319 0.06432853 0.01375458 0.01401845 0.00331161 -0.00009091 
200.00000000 0.63411457 0.27013046 0.06454713 0.01389568 0.01406360 0.00332661 -0.00007804 
201.00000000 0.63351776 0.27029492 0.06476522 0.01403667 0.01410872 0.00334164 -0.00006493 
202.00000000 0.63292408 0.27045660 0.06498282 0.01417755 0.01415382 0.00335670 -0.00005158 
203.00000000 0.63233353 0.27061554 0.06519993 0.01431830 0.01419890 0.00337179 -0.00003798 
204.00000000 0.63174605 0.27077175 0.06541655 0.01445892 0.01424395 0.00338691 -0.00002413 
205.00000000 0.63116163 0.27092526 0.06563269 0.01459943 0.01428897 0.00340206 -0.00001004 
206.00000000 0.63058024 0.27107610 0.06584836 0.01473980 0.01433397 0.00341723 0.00000429 
207.00000000 0.63000186 0.27122430 0.06606357 0.01488005 0.01437894 0.00343243 0.00001885 
208.00000000 0.62942644 0.27136988 0.06627830 0.01502017 0.01442389 0.00344765 0.00003366 
209.00000000 0.62885397 0.27151288 0.06649258 0.01516015 0.01446882 0.00346290 0.00004870 
210.00000000 0.62828442 0.27165330 0.06670641 0.01530000 0.01451372 0.00347816 0.00006398 
211.00000000 0.62771776 0.27179119 0.06691978 0.01543971 0.01455860 0.00349346 0.00007950 
212.00000000 0.62715397 0.27192656 0.06713271 0.01557929 0.01460345 0.00350877 0.00009525 
213.00000000 0.62659302 0.27205945 0.06734520 0.01571872 0.01464828 0.00352411 0.00011123 
214.00000000 0.62603488 0.27218986 0.06755726 0.01585802 0.01469308 0.00353946 0.00012744 
215.00000000 0.62547953 0.27231784 0.06776888 0.01599717 0.01473786 0.00355484 0.00014389 
216.00000000 0.62492695 0.27244340 0.06798007 0.01613617 0.01478261 0.00357023 0.00016056 
217.00000000 0.62437710 0.27256657 0.06819085 0.01627503 0.01482734 0.00358564 0.00017746 
218.00000000 0.62382997 0.27268738 0.06840120 0.01641375 0.01487205 0.00360107 0.00019459 
219.00000000 0.62328553 0.27280583 0.06861114 0.01655231 0.01491673 0.00361652 0.00021194 
220.00000000 0.62274375 0.27292197 0.06882066 0.01669073 0.01496139 0.00363199 0.00022952 
221.00000000 0.62220461 0.27303581 0.06902978 0.01682899 0.01500602 0.00364747 0.00024732 
222.00000000 0.62166809 0.27314737 0.06923850 0.01696711 0.01505062 0.00366297 0.00026534 
223.00000000 0.62113417 0.27325668 0.06944681 0.01710507 0.01509521 0.00367848 0.00028358 
224.00000000 0.62060281 0.27336375 0.06965473 0.01724288 0.01513977 0.00369401 0.00030204 
225.00000000 0.62007400 0.27346862 0.06986226 0.01738053 0.01518430 0.00370956 0.00032072 
226.00000000 0.61954772 0.27357130 0.07006940 0.01751803 0.01522881 0.00372512 0.00033962 
227.00000000 0.61902394 0.27367182 0.07027616 0.01765537 0.01527329 0.00374069 0.00035873 
228.00000000 0.61850264 0.27377019 0.07048253 0.01779255 0.01531775 0.00375628 0.00037806 
229.00000000 0.61798380 0.27386644 0.07068853 0.01792957 0.01536218 0.00377188 0.00039760 
230.00000000 0.61746739 0.27396058 0.07089415 0.01806644 0.01540659 0.00378749 0.00041736 
231.00000000 0.61695340 0.27405265 0.07109939 0.01820315 0.01545098 0.00380312 0.00043732 
232.00000000 0.61644180 0.27414265 0.07130427 0.01833969 0.01549533 0.00381875 0.00045750 
233.00000000 0.61593257 0.27423061 0.07150879 0.01847608 0.01553967 0.00383440 0.00047788 
234.00000000 0.61542569 0.27431656 0.07171294 0.01861230 0.01558397 0.00385007 0.00049847 
235.00000000 0.61492114 0.27440050 0.07191673 0.01874836 0.01562825 0.00386574 0.00051927 
236.00000000 0.61441891 0.27448246 0.07212017 0.01888426 0.01567251 0.00388142 0.00054027 
237.00000000 0.61391895 0.27456246 0.07232326 0.01902000 0.01571674 0.00389712 0.00056148 
238.00000000 0.61342127 0.27464051 0.07252599 0.01915557 0.01576094 0.00391283 0.00058289 
239.00000000 0.61292584 0.27471665 0.07272838 0.01929098 0.01580511 0.00392854 0.00060450 
240.00000000 0.61243263 0.27479088 0.07293042 0.01942622 0.01584926 0.00394427 0.00062631 
241.00000000 0.61194164 0.27486322 0.07313212 0.01956130 0.01589339 0.00396001 0.00064832 
242.00000000 0.61145283 0.27493370 0.07333348 0.01969621 0.01593748 0.00397575 0.00067053 
243.00000000 0.61096620 0.27500233 0.07353450 0.01983096 0.01598155 0.00399151 0.00069294 
244.00000000 0.61048171 0.27506913 0.07373519 0.01996555 0.01602559 0.00400728 0.00071555 
245.00000000 0.60999936 0.27513412 0.07393555 0.02009996 0.01606961 0.00402305 0.00073834 
246.00000000 0.60951912 0.27519731 0.07413558 0.02023422 0.01611360 0.00403883 0.00076133 
247.00000000 0.60904098 0.27525873 0.07433529 0.02036830 0.01615756 0.00405463 0.00078452 
248.00000000 0.60856492 0.27531839 0.07453467 0.02050222 0.01620149 0.00407043 0.00080789 
249.00000000 0.60809091 0.27537630 0.07473372 0.02063597 0.01624539 0.00408624 0.00083146 
250.00000000 0.60761894 0.27543249 0.07493246 0.02076956 0.01628927 0.00410206 0.00085521 
251.00000000 0.60714900 0.27548697 0.07513089 0.02090298 0.01633312 0.00411788 0.00087916 
252.00000000 0.60668106 0.27553976 0.07532900 0.02103623 0.01637694 0.00413372 0.00090329 
253.00000000 0.60621511 0.27559088 0.07552679 0.02116932 0.01642073 0.00414956 0.00092760 
254.00000000 0.60575114 0.27564034 0.07572428 0.02130223 0.01646450 0.00416541 0.00095210 
255.00000000 0.60528911 0.27568816 0.07592146 0.02143499 0.01650823 0.00418127 0.00097678 
256.00000000 0.60482902 0.27573435 0.07611833 0.02156757 0.01655194 0.00419713 0.00100165 
257.00000000 0.60437086 0.27577893 0.07631490 0.02169999 0.01659562 0.00421300 0.00102670 
258.00000000 0.60391459 0.27582192 0.07651117 0.02183224 0.01663927 0.00422888 0.00105192 
259.00000000 0.60346021 0.27586333 0.07670714 0.02196433 0.01668289 0.00424477 0.00107733 
260.00000000 0.60300770 0.27590318 0.07690282 0.02209625 0.01672648 0.00426066 0.00110291 
261.00000000 0.60255705 0.27594149 0.07709819 0.02222800 0.01677004 0.00427656 0.00112867 
262.00000000 0.60210823 0.27597826 0.07729328 0.02235958 0.01681357 0.00429246 0.00115461 
263.00000000 0.60166124 0.27601351 0.07748807 0.02249100 0.01685707 0.00430838 0.00118072 
264.00000000 0.60121605 0.27604727 0.07768258 0.02262226 0.01690055 0.00432430 0.00120700 
265.00000000 0.60077266 0.27607953 0.07787679 0.02275335 0.01694399 0.00434022 0.00123346 
266.00000000 0.60033104 0.27611033 0.07807072 0.02288427 0.01698740 0.00435615 0.00126009 
267.00000000 0.59989118 0.27613966 0.07826437 0.02301503 0.01703079 0.00437209 0.00128689 
268.00000000 0.59945306 0.27616756 0.07845774 0.02314562 0.01707414 0.00438803 0.00131385 
269.00000000 0.59901668 0.27619402 0.07865082 0.02327605 0.01711746 0.00440398 0.00134099 
270.00000000 0.59858201 0.27621907 0.07884363 0.02340631 0.01716075 0.00441993 0.00136829 
271.00000000 0.59814904 0.27624272 0.07903616 0.02353641 0.01720402 0.00443589 0.00139576 
272.00000000 0.59771776 0.27626499 0.07922841 0.02366634 0.01724725 0.00445186 0.00142339 
273.00000000 0.59728815 0.27628588 0.07942040 0.02379611 0.01729045 0.00446783 0.00145119 
274.00000000 0.59686019 0.27630541 0.07961211 0.02392571 0.01733362 0.00448381 0.00147915 
275.00000000 0.59643388 0.27632360 0.07980355 0.02405516 0.01737676 0.00449979 0.00150728 
276.00000000 0.59600920 0.27634045 0.07999472 0.02418444 0.01741987 0.00451577 0.00153556 
277.00000000 0.59558613 0.27635598 0.08018562 0.02431355 0.01746294 0.00453176 0.00156400 
278.00000000 0.59516467 0.27637021 0.08037626 0.02444251 0.01750599 0.00454776 0.00159260 
279.00000000 0.59474479 0.27638315 0.08056664 0.02457130 0.01754900 0.00456376 0.00162136 
280.00000000 0.59432648 0.27639480 0.08075675 0.02469993 0.01759199 0.00457977 0.00165028 
281.00000000 0.59390974 0.27640519 0.08094661 0.02482840 0.01763494 0.00459578 0.00167935 
282.00000000 0.59349454 0.27641432 0.08113620 0.02495671 0.01767786 0.00461179 0.00170858 
283.00000000 0.59308088 0.27642221 0.08132553 0.02508486 0.01772075 0.00462781 0.00173796 
284.00000000 0.59266874 0.27642887 0.08151461 0.02521284 0.01776361 0.00464383 0.00176749 
285.00000000 0.59225811 0.27643431 0.08170344 0.02534067 0.01780644 0.00465986 0.00179718 
286.00000000 0.59184897 0.27643855 0.08189201 0.02546834 0.01784923 0.00467589 0.00182701 
287.00000000 0.59144131 0.27644159 0.08208033 0.02559585 0.01789199 0.00469193 0.00185700 
288.00000000 0.59103513 0.27644345 0.08226840 0.02572320 0.01793473 0.00470797 0.00188713 
289.00000000 0.59063040 0.27644414 0.08245621 0.02585039 0.01797742 0.00472401 0.00191742 
290.00000000 0.59022712 0.27644367 0.08264378 0.02597742 0.01802009 0.00474006 0.00194785 
291.00000000 0.58982527 0.27644206 0.08283111 0.02610430 0.01806273 0.00475611 0.00197842 
292.00000000 0.58942485 0.27643931 0.08301819 0.02623102 0.01810533 0.00477216 0.00200914 
293.00000000 0.58902583 0.27643544 0.08320502 0.02635758 0.01814790 0.00478822 0.00204001 
294.00000000 0.58862821 0.27643045 0.08339161 0.02648399 0.01819044 0.00480428 0.00207101 
295.00000000 0.58823197 0.27642436 0.08357796 0.02661024 0.01823295 0.00482035 0.00210216 
296.00000000 0.58783711 0.27641719 0.08376406 0.02673634 0.01827543 0.00483642 0.00213345 
297.00000000 0.58744362 0.27640893 0.08394993 0.02686228 0.01831787 0.00485249 0.00216488 
298.00000000 0.58705147 0.27639961 0.08413556 0.02698806 0.01836028 0.00486856 0.00219645 
299.00000000 0.58666066 0.27638922 0.08432096 0.02711370 0.01840266 0.00488464 0.00222816 
300.00000000 0.58627118 0.27637779 0.08450611 0.02723917 0.01844501 0.00490072 0.00226001 
301.00000000 0.58588302 0.27636533 0.08469104 0.02736450 0.01848732 0.00491681 0.00229199 
302.00000000 0.58549616 0.27635184 0.08487572 0.02748967 0.01852960 0.00493289 0.00232411 
303.00000000 0.58511060 0.27633733 0.08506018 0.02761469 0.01857185 0.00494898 0.00235636 
304.00000000 0.58472632 0.27632182 0.08524441 0.02773956 0.01861407 0.00496508 0.00238875 
305.00000000 0.58434332 0.27630531 0.08542840 0.02786428 0.01865625 0.00498117 0.00242127 
306.00000000 0.58396158 0.27628781 0.08561217 0.02798885 0.01869841 0.00499727 0.00245392 
307.00000000 0.58358109 0.27626934 0.08579570 0.02811326 0.01874052 0.00501337 0.00248671 
308.00000000 0.58320185 0.27624991 0.08597901 0.02823753 0.01878261 0.00502947 0.00251962 
309.00000000 0.58282383 0.27622952 0.08616210 0.02836165 0.01882467 0.00504558 0.00255266 
310.00000000 0.58244704 0.27620818 0.08634495 0.02848562 0.01886669 0.00506168 0.00258584 
311.00000000 0.58207146 0.27618591 0.08652759 0.02860944 0.01890868 0.00507779 0.00261913 
312.00000000 0.58169708 0.27616270 0.08671000 0.02873311 0.01895064 0.00509390 0.00265256 
313.00000000 0.58132390 0.27613859 0.08689219 0.02885663 0.01899256 0.00511002 0.00268611 
314.00000000 0.58095189 0.27611356 0.08707416 0.02898001 0.01903445 0.00512613 0.00271979 
315.00000000 0.58058106 0.27608763 0.08725591 0.02910324 0.01907631 0.00514225 0.00275359 
316.00000000 0.58021138 0.27606082 0.08743744 0.02922633 0.01911814 0.00515837 0.00278752 
317.00000000 0.57984287 0.27603312 0.08761875 0.02934927 0.01915994 0.00517449 0.00282157 
318.00000000 0.57947549 0.27600455 0.08779984 0.02947206 0.01920170 0.00519062 0.00285574 
319.00000000 0.57910925 0.27597512 0.08798072 0.02959471 0.01924343 0.00520674 0.00289003 
320.00000000 0.57874413 0.27594484 0.08816138 0.02971722 0.01928513 0.00522287 0.00292444 
321.00000000 0.57838013 0.27591371 0.08834182 0.02983958 0.01932679 0.00523900 0.00295897 
322.00000000 0.57801723 0.27588174 0.08852206 0.02996180 0.01936842 0.00525513 0.00299362 
323.00000000 0.57765543 0.27584894 0.08870208 0.03008388 0.01941002 0.00527126 0.00302838 
324.00000000 0.57729472 0.27581533 0.08888188 0.03020581 0.01945159 0.00528739 0.00306327 
325.00000000 0.57693509 0.27578090 0.08906148 0.03032761 0.01949313 0.00530353 0.00309827 
326.00000000 0.57657653 0.27574567 0.08924087 0.03044926 0.01953463 0.00531967 0.00313338 
327.00000000 0.57621903 0.27570964 0.08942005 0.03057077 0.01957610 0.00533580 0.00316861 
328.00000000 0.57586259 0.27567283 0.08959901 0.03069214 0.01961754 0.00535194 0.00320395 
329.00000000 0.57550718 0.27563524 0.08977777 0.03081337 0.01965894 0.00536808 0.00323941 
330.00000000 0.57515282 0.27559688 0.08995633 0.03093446 0.01970032 0.00538422 0.00327498 
331.00000000 0.57479948 0.27555775 0.09013468 0.03105541 0.01974166 0.00540036 0.00331066 
332.00000000 0.57444716 0.27551788 0.09031282 0.03117623 0.01978297 0.00541651 0.00334645 
333.00000000 0.57409585 0.27547725 0.09049076 0.03129691 0.01982424 0.00543265 0.00338235 
334.00000000 0.57374555 0.27543588 0.09066849 0.03141744 0.01986549 0.00544879 0.00341836 
335.00000000 0.57339624 0.27539379 0.09084602 0.03153785 0.01990670 0.00546494 0.00345447 
336.00000000 0.57304791 0.27535096 0.09102335 0.03165811 0.01994788 0.00548109 0.00349070 
337.00000000 0.57270057 0.27530742 0.09120048 0.03177824 0.01998903 0.00549723 0.00352703 
338.00000000 0.57235419 0.27526318 0.09137740 0.03189824 0.02003014 0.00551338 0.00356347 
339.00000000 0.57200878 0.27521823 0.09155413 0.03201810 0.02007122 0.00552953 0.00360001 
340.00000000 0.57166433 0.27517258 0.09173065 0.03213782 0.02011228 0.00554568 0.00363666 
341.00000000 0.57132082 0.27512625 0.09190698 0.03225741 0.02015330 0.00556183 0.00367341 
342.00000000 0.57097825 0.27507924 0.09208311 0.03237687 0.02019428 0.00557798 0.00371027 
343.00000000 0.57063662 0.27503155 0.09225904 0.03249620 0.02023524 0.00559413 0.00374723 
344.00000000 0.57029591 0.27498320 0.09243478 0.03261539 0.02027616 0.00561028 0.00378428 
345.00000000 0.56995612 0.27493419 0.09261032 0.03273445 0.02031705 0.00562643 0.00382145 
346.00000000 0.56961723 0.27488452 0.09278566 0.03285338 0.02035791 0.00564258 0.00385871 
347.00000000 0.56927926 0.27483421 0.09296082 0.03297217 0.02039874 0.00565873 0.00389607 
348.00000000 0.56894218 0.27478327 0.09313577 0.03309084 0.02043954 0.00567488 0.00393353 
349.00000000 0.56860598 0.27473168 0.09331054 0.03320938 0.02048030 0.00569103 0.00397108 
350.00000000 0.56827067 0.27467948 0.09348511 0.03332778 0.02052104 0.00570719 0.00400874 
351.00000000 0.56793624 0.27462665 0.09365949 0.03344606 0.02056174 0.00572334 0.00404649 
352.00000000 0.56760267 0.27457321 0.09383367 0.03356421 0.02060241 0.00573949 0.00408434 
353.00000000 0.56726996 0.27451917 0.09400767 0.03368223 0.02064304 0.00575564 0.00412228 
354.00000000 0.56693811 0.27446452 0.09418148 0.03380012 0.02068365 0.00577179 0.00416032 
355.00000000 0.56660711 0.27440929 0.09435510 0.03391788 0.02072423 0.00578795 0.00419845 
356.00000000 0.56627695 0.27435346 0.09452853 0.03403552 0.02076477 0.00580410 0.00423668 
357.00000000 0.56594762 0.27429705 0.09470177 0.03415303 0.02080528 0.00582025 0.00427500 
358.00000000 0.56561912 0.27424007 0.09487482 0.03427041 0.02084576 0.00583640 0.00431341 
359.00000000 0.56529144 0.27418252 0.09504769 0.03438767 0.02088621 0.00585255 0.00435191 
360.00000000 0.56496458 0.27412441 0.09522037 0.03450480 0.02092663 0.00586870 0.00439050 
361.00000000 0.56463852 0.27406574 0.09539287 0.03462181 0.02096702 0.00588485 0.00442919 
362.00000000 0.56431327 0.27400652 0.09556518 0.03473870 0.02100738 0.00590100 0.00446796 
363.00000000 0.56398882 0.27394675 0.09573730 0.03485546 0.02104770 0.00591715 0.00450682 
364.00000000 0.56366515 0.27388645 0.09590925 0.03497209 0.02108800 0.00593330 0.00454577 
365.00000000 0.56334227 0.27382561 0.09608101 0.03508860 0.02112826 0.00594945 0.00458481 
366.00000000 0.56302017 0.27376424 0.09625258 0.03520499 0.02116849 0.00596559 0.00462393 
367.00000000 0.56269884 0.27370235 0.09642398 0.03532126 0.02120869 0.00598174 0.00466314 
368.00000000 0.56237827 0.27363994 0.09659519 0.03543741 0.02124886 0.00599789 0.00470244 
369.00000000 0.56205847 0.27357703 0.09676622 0.03555343 0.02128901 0.00601403 0.00474182 
370.00000000 0.56173941 0.27351360 0.09693707 0.03566934 0.02132912 0.00603018 0.00478129 
371.00000000 0.56142111 0.27344968 0.09710774 0.03578512 0.02136919 0.00604632 0.00482084 
372.00000000 0.56110355 0.27338526 0.09727823 0.03590078 0.02140924 0.00606246 0.00486047 
373.00000000 0.56078673 0.27332035 0.09744854 0.03601633 0.02144926 0.00607861 0.00490019 
374.00000000 0.56047064 0.27325496 0.09761867 0.03613175 0.02148925 0.00609475 0.00493998 
375.00000000 0.56015528 0.27318908 0.09778863 0.03624705 0.02152921 0.00611089 0.00497986 
376.00000000 0.55984063 0.27312274 0.09795841 0.03636224 0.02156913 0.00612703 0.00501982 
377.00000000 0.55952670 0.27305592 0.09812801 0.03647731 0.02160903 0.00614317 0.00505986 
378.00000000 0.55921348 0.27298864 0.09829743 0.03659226 0.02164890 0.00615930 0.00509998 
379.00000000 0.55890097 0.27292090 0.09846668 0.03670709 0.02168873 0.00617544 0.00514018 
380.00000000 0.55858915 0.27285271 0.09863576 0.03682181 0.02172854 0.00619157 0.00518046 
381.00000000 0.55827803 0.27278407 0.09880466 0.03693641 0.02176832 0.00620771 0.00522081 
382.00000000 0.55796759 0.27271498 0.09897338 0.03705089 0.02180806 0.00622384 0.00526125 
383.00000000 0.55765784 0.27264546 0.09914193 0.03716526 0.02184778 0.00623997 0.00530176 
384.00000000 0.55734877 0.27257550 0.09931031 0.03727952 0.02188747 0.00625610 0.00534234 
385.00000000 0.55704037 0.27250511 0.09947851 0.03739365 0.02192712 0.00627223 0.00538300 
386.00000000 0.55673264 0.27243430 0.09964654 0.03750768 0.02196675 0.00628836 0.00542374 
387.00000000 0.55642557 0.27236306 0.09981440 0.03762159 0.02200635 0.00630449 0.00546455 
388.00000000 0.55611915 0.27229141 0.09998209 0.03773538 0.02204592 0.00632061 0.00550544 
389.00000000 0.55581340 0.27221935 0.10014961 0.03784907 0.02208545 0.00633674 0.00554639 
390.00000000 0.55550829 0.27214688 0.10031695 0.03796264 0.02212496 0.00635286 0.00558742 
391.00000000 0.55520382 0.27207401 0.10048413 0.03807609 0.02216444 0.00636898 0.00562853 
392.00000000 0.55489999 0.27200074 0.10065114 0.03818944 0.02220389 0.00638510 0.00566970 
393.00000000 0.55459680 0.27192708 0.10081797 0.03830267 0.02224332 0.00640122 0.00571095 
394.00000000 0.55429424 0.27185302 0.10098464 0.03841579 0.02228271 0.00641733 0.00575227 
395.00000000 0.55399230 0.27177859 0.10115114 0.03852880 0.02232207 0.00643345 0.00579365 
396.00000000 0.55369098 0.27170377 0.10131747 0.03864170 0.02236141 0.00644956 0.00583511 
397.00000000 0.55339027 0.27162858 0.10148364 0.03875449 0.02240071 0.00646567 0.00587664 
398.00000000 0.55309018 0.27155301 0.10164964 0.03886717 0.02243999 0.00648178 0.00591823 
399.00000000 0.55279070 0.27147708 0.10181547 0.03897974 0.02247924 0.00649789 0.00595989 
400.00000000 0.55249181 0.27140078 0.10198113 0.03909220 0.02251845 0.00651399 0.00600162 
401.00000000 0.55219353 0.27132412 0.10214663 0.03920456 0.02255764 0.00653010 0.00604342 
402.00000000 0.55189584 0.27124711 0.10231197 0.03931680 0.02259681 0.00654620 0.00608528 
403.00000000 0.55159874 0.27116974 0.10247713 0.03942894 0.02263594 0.00656230 0.00612721 
404.00000000 0.55130222 0.27109203 0.10264214 0.03954096 0.02267504 0.00657840 0.00616921 
405.00000000 0.55100628 0.27101397 0.10280698 0.03965288 0.02271412 0.00659450 0.00621127 
406.00000000 0.55071092 0.27093557 0.10297166 0.03976470 0.02275317 0.00661059 0.00625339 
407.00000000 0.55041614 0.27085684 0.10313617 0.03987640 0.02279219 0.00662668 0.00629558 
408.00000000 0.55012192 0.27077777 0.10330052 0.03998800 0.02283118 0.00664277 0.00633783 
409.00000000 0.54982826 0.27069838 0.10346471 0.04009950 0.02287014 0.00665886 0.00638015 
410.00000000 0.54953517 0.27061866 0.10362873 0.04021089 0.02290908 0.00667495 0.00642253 
411.00000000 0.54924263 0.27053862 0.10379260 0.04032217 0.02294798 0.00669103 0.00646497 
412.00000000 0.54895065 0.27045826 0.10395630 0.04043335 0.02298686 0.00670712 0.00650747 
413.00000000 0.54865921 0.27037758 0.10411984 0.04054442 0.02302571 0.00672320 0.00655003 
414.00000000 0.54836832 0.27029660 0.10428322 0.04065539 0.02306454 0.00673928 0.00659265 
415.00000000 0.54807797 0.27021531 0.10444644 0.04076625 0.02310333 0.00675535 0.00663534 
416.00000000 0.54778816 0.27013372 0.10460951 0.04087702 0.02314210 0.00677143 0.00667808 
417.00000000 0.54749888 0.27005182 0.10477241 0.04098767 0.02318084 0.00678750 0.00672088 
418.00000000 0.54721013 0.26996963 0.10493515 0.04109823 0.02321955 0.00680357 0.00676374 
419.00000000 0.54692190 0.26988715 0.10509773 0.04120868 0.02325824 0.00681963 0.00680666 
420.00000000 0.54663420 0.26980438 0.10526016 0.04131903 0.02329690 0.00683570 0.00684964 
421.00000000 0.54634701 0.26972132 0.10542243 0.04142928 0.02333553 0.00685176 0.00689267 
422.00000000 0.54606034 0.26963797 0.10558454 0.04153943 0.02337413 0.00686782 0.00693576 
423.00000000 0.54577418 0.26955435 0.10574649 0.04164947 0.02341271 0.00688388 0.00697891 
424.00000000 0.54548853 0.26947045 0.10590829 0.04175941 0.02345126 0.00689994 0.00702211 
425.00000000 0.54520339 0.26938628 0.10606993 0.04186926 0.02348978 0.00691599 0.00706537 
426.00000000 0.54491874 0.26930184 0.10623141 0.04197900 0.02352828 0.00693204 0.00710869 
427.00000000 0.54463460 0.26921713 0.10639274 0.04208864 0.02356674 0.00694809 0.00715205 
428.00000000 0.54435094 0.26913216 0.10655392 0.04219818 0.02360519 0.00696413 0.00719548 
429.00000000 0.54406778 0.26904693 0.10671493 0.04230763 0.02364360 0.00698018 0.00723895 
430.00000000 0.54378510 0.26896144 0.10687580 0.04241697 0.02368199 0.00699622 0.00728248 
431.00000000 0.54350291 0.26887570 0.10703651 0.04252621 0.02372035 0.00701226 0.00732607 
432.00000000 0.54322120 0.26878970 0.10719706 0.04263536 0.02375869 0.00702829 0.00736970 
433.00000000 0.54293997 0.26870346 0.10735746 0.04274441 0.02379699 0.00704432 0.00741339 
434.00000000 0.54265921 0.26861697 0.10751771 0.04285336 0.02383528 0.00706035 0.00745713 
435.00000000 0.54237892 0.26853024 0.10767780 0.04296221 0.02387353 0.00707638 0.00750092 
436.00000000 0.54209910 0.26844327 0.10783775 0.04307096 0.02391176 0.00709241 0.00754476 
437.00000000 0.54181974 0.26835606 0.10799754 0.04317962 0.02394997 0.00710843 0.00758865 
438.00000000 0.54154085 0.26826862 0.10815717 0.04328818 0.02398814 0.00712445 0.00763259 
439.00000000 0.54126241 0.26818094 0.10831666 0.04339664 0.02402629 0.00714046 0.00767658 
440.00000000 0.54098443 0.26809304 0.10847599 0.04350501 0.02406442 0.00715648 0.00772062 
441.00000000 0.54070691 0.26800492 0.10863518 0.04361328 0.02410252 0.00717249 0.00776471 
442.00000000 0.54042983 0.26791657 0.10879421 0.04372146 0.02414059 0.00718850 0.00780884 
443.00000000 0.54015320 0.26782800 0.10895309 0.04382954 0.02417864 0.00720450 0.00785303 
444.00000000 0.53987701 0.26773921 0.10911183 0.04393752 0.02421666 0.00722051 0.00789726 
445.00000000 0.53960126 0.26765021 0.10927041 0.04404541 0.02425466 0.00723651 0.00794154 
446.00000000 0.53932595 0.26756100 0.10942884 0.04415321 0.02429263 0.00725250 0.00798587 
447.00000000 0.53905108 0.26747157 0.10958713 0.04426091 0.02433057 0.00726850 0.00803024 
448.00000000 0.53877664 0.26738194 0.10974526 0.04436852 0.02436849 0.00728449 0.00807466 
449.00000000 0.53850263 0.26729211 0.10990325 0.04447603 0.02440639 0.00730048 0.00811912 
450.00000000 0.53822904 0.26720207 0.11006109 0.04458345 0.02444426 0.00731646 0.00816363 
451.00000000 0.53795588 0.26711184 0.11021878 0.04469078 0.02448210 0.00733245 0.00820818 
452.00000000 0.53768314 0.26702141 0.11037632 0.04479801 0.02451992 0.00734843 0.00825278 
453.00000000 0.53741081 0.26693078 0.11053372 0.04490515 0.02455771 0.00736440 0.00829742 
454.00000000 0.53713891 0.26683997 0.11069097 0.04501220 0.02459548 0.00738038 0.00834211 
455.00000000 0.53686741 0.26674896 0.11084807 0.04511915 0.02463322 0.00739635 0.00838684 
456.00000000 0.53659633 0.26665777 0.11100502 0.04522602 0.02467094 0.00741231 0.00843161 
457.00000000 0.53632565 0.26656639 0.11116183 0.04533279 0.02470863 0.00742828 0.00847643 
458.00000000 0.53605538 0.26647483 0.11131850 0.04543947 0.02474630 0.00744424 0.00852128 
459.00000000 0.53578552 0.26638309 0.11147502 0.04554606 0.02478395 0.00746020 0.00856618 
460.00000000 0.53551605 0.26629117 0.11163139 0.04565256 0.02482157 0.00747615 0.00861112 
461.00000000 0.53524698 0.26619907 0.11178762 0.04575896 0.02485916 0.00749210 0.00865610 
462.00000000 0.53497830 0.26610681 0.11194370 0.04586528 0.02489673 0.00750805 0.00870112 
463.00000000 0.53471002 0.26601437 0.11209964 0.04597151 0.02493428 0.00752400 0.00874618 
464.00000000 0.53444213 0.26592176 0.11225544 0.04607764 0.02497180 0.00753994 0.00879129 
465.00000000 0.53417463 0.26582899 0.11241109 0.04618369 0.02500930 0.00755588 0.00883643 
466.00000000 0.53390751 0.26573606 0.11256660 0.04628965 0.02504677 0.00757181 0.00888161 
467.00000000 0.53364077 0.26564296 0.11272196 0.04639552 0.02508422 0.00758775 0.00892683 
468.00000000 0.53337442 0.26554970 0.11287718 0.04650130 0.02512164 0.00760368 0.00897208 
469.00000000 0.53310844 0.26545628 0.11303226 0.04660699 0.02515904 0.00761960 0.00901738 
470.00000000 0.53284284 0.26536271 0.11318720 0.04671259 0.02519642 0.00763553 0.00906271 
471.00000000 0.53257761 0.26526899 0.11334199 0.04681810 0.02523377 0.00765144 0.00910809 
472.00000000 0.53231276 0.26517511 0.11349665 0.04692353 0.02527110 0.00766736 0.00915350 
473.00000000 0.53204827 0.26508108 0.11365116 0.04702887 0.02530841 0.00768327 0.00919894 
474.00000000 0.53178415 0.26498691 0.11380553 0.04713412 0.02534569 0.00769918 0.00924442 
475.00000000 0.53152040 0.26489259 0.11395976 0.04723928 0.02538294 0.00771509 0.00928994 
476.00000000 0.53125701 0.26479813 0.11411384 0.04734436 0.02542018 0.00773099 0.00933550 
477.00000000 0.53099398 0.26470352 0.11426779 0.04744934 0.02545739 0.00774689 0.00938109 
478.00000000 0.53073130 0.26460878 0.11442160 0.04755425 0.02549458 0.00776279 0.00942671 
479.00000000 0.53046899 0.26451389 0.11457527 0.04765906 0.02553174 0.00777868 0.00947237 
480.00000000 0.53020703 0.26441888 0.11472880 0.04776379 0.02556888 0.00779457 0.00951806 
481.00000000 0.52994541 0.26432372 0.11488218 0.04786844 0.02560599 0.00781046 0.00956379 
482.00000000 0.52968415 0.26422844 0.11503543 0.04797299 0.02564309 0.00782634 0.00960956 
483.00000000 0.52942324 0.26413303 0.11518854 0.04807746 0.02568016 0.00784222 0.00965535 
484.00000000 0.52916267 0.26403748 0.11534151 0.04818185 0.02571720 0.00785809 0.00970118 
485.00000000 0.52890245 0.26394181 0.11549435 0.04828615 0.02575423 0.00787396 0.00974704 
486.00000000 0.52864257 0.26384602 0.11564704 0.04839037 0.02579123 0.00788983 0.00979294 
487.00000000 0.52838303 0.26375010 0.11579960 0.04849450 0.02582821 0.00790570 0.00983886 
488.00000000 0.52812382 0.26365406 0.11595202 0.04859855 0.02586516 0.00792156 0.00988482 
489.00000000 0.52786496 0.26355791 0.11610430 0.04870251 0.02590209 0.00793742 0.00993081 
490.00000000 0.52760642 0.26346163 0.11625645 0.04880639 0.02593900 0.00795327 0.00997684 
491.00000000 0.52734822 0.26336524 0.11640845 0.04891018 0.02597589 0.00796912 0.01002289 
492.00000000 0.52709035 0.26326873 0.11656033 0.04901390 0.02601275 0.00798497 0.01006897 
493.00000000 0.52683281 0.26317212 0.11671206 0.04911752 0.02604960 0.00800081 0.01011509 
494.00000000 0.52657559 0.26307539 0.11686366 0.04922107 0.02608642 0.00801665 0.01016123 
495.00000000 0.52631870 0.26297855 0.11701512 0.04932453 0.02612321 0.00803249 0.01020741 
496.00000000 0.52606213 0.26288160 0.11716645 0.04942791 0.02615999 0.00804832 0.01025361 
497.00000000 0.52580588 0.26278455 0.11731764 0.04953120 0.02619674 0.00806415 0.01029984 
498.00000000 0.52554995 0.26268739 0.11746870 0.04963442 0.02623347 0.00807997 0.01034611 
499.00000000 0.52529434 0.26259013 0.11761962 0.04973755 0.02627017 0.00809580 0.01039240 
500.00000000 0.52503904 0.26249277 0.11777041 0.04984060 0.02630686 0.00811161 0.01043872 
501.00000000 0.52478406 0.26239531 0.11792106 0.04994356 0.02634352 0.00812743 0.01048506 
502.00000000 0.52452939 0.26229775 0.11807158 0.05004645 0.02638016 0.00814324 0.01053144 
503.00000000 0.52427503 0.26220009 0.11822196 0.05014925 0.02641678 0.00815904 0.01057784 
504.00000000 0.52402098 0.26210234 0.11837221 0.05025197 0.02645338 0.00817485 0.01062427 
505.00000000 0.52376724 0.26200449 0.11852233 0.05035461 0.02648995 0.00819065 0.01067073 
506.00000000 0.52351380 0.26190655 0.11867231 0.05045717 0.02652650 0.00820644 0.01071721 
507.00000000 0.52326066 0.26180852 0.11882217 0.05055965 0.02656303 0.00822224 0.01076372 
508.00000000 0.52300783 0.26171041 0.11897188 0.05066205 0.02659954 0.00823802 0.01081026 
509.00000000 0.52275530 0.26161220 0.11912147 0.05076437 0.02663603 0.00825381 0.01085682 
510.00000000 0.52250306 0.26151391 0.11927092 0.05086661 0.02667250 0.00826959 0.01090341 
511.00000000 0.52225113 0.26141553 0.11942024 0.05096877 0.02670894 0.00828537 0.01095002 
512.00000000 0.52199949 0.26131707 0.11956943 0.05107085 0.02674536 0.00830114 0.01099666 
513.00000000 0.52174814 0.26121852 0.11971849 0.05117284 0.02678177 0.00831691 0.01104333 
514.00000000 0.52149709 0.26111990 0.11986742 0.05127476 0.02681815 0.00833267 0.01109001 
515.00000000 0.52124633 0.26102120 0.12001621 0.05137660 0.02685450 0.00834843 0.01113672 
516.00000000 0.52099586 0.26092241 0.12016487 0.05147836 0.02689084 0.00836419 0.01118346 
517.00000000 0.52074567 0.26082355 0.12031341 0.05158005 0.02692716 0.00837995 0.01123022 
518.00000000 0.52049577 0.26072462 0.12046181 0.05168165 0.02696345 0.00839570 0.01127700 
519.00000000 0.52024616 0.26062561 0.12061008 0.05178317 0.02699973 0.00841144 0.01132381 
520.00000000 0.51999683 0.26052653 0.12075822 0.05188462 0.02703598 0.00842718 0.01137064 
521.00000000 0.51974778 0.26042737 0.12090624 0.05198599 0.02707221 0.00844292 0.01141749 
522.00000000 0.51949902 0.26032815 0.12105412 0.05208728 0.02710842 0.00845866 0.01146436 
523.00000000 0.51925053 0.26022885 0.12120187 0.05218849 0.02714461 0.00847439 0.01151126 
524.00000000 0.51900232 0.26012949 0.12134950 0.05228962 0.02718078 0.00849012 0.01155818 
525.00000000 0.51875439 0.26003006 0.12149699 0.05239068 0.02721692 0.00850584 0.01160512 
526.00000000 0.51850673 0.25993057 0.12164436 0.05249166 0.02725305 0.00852156 0.01165208 
527.00000000 0.51825935 0.25983101 0.12179159 0.05259256 0.02728916 0.00853727 0.01169906 
528.00000000 0.51801224 0.25973139 0.12193870 0.05269338 0.02732524 0.00855298 0.01174607 
529.00000000 0.51776540 0.25963170 0.12208568 0.05279413 0.02736131 0.00856869 0.01179309 
530.00000000 0.51751882 0.25953196 0.12223254 0.05289480 0.02739735 0.00858439 0.01184013 
531.00000000 0.51727252 0.25943216 0.12237926 0.05299539 0.02743338 0.00860009 0.01188720 
532.00000000 0.51702649 0.25933229 0.12252586 0.05309591 0.02746938 0.00861579 0.01193428 
533.00000000 0.51678072 0.25923237 0.12267233 0.05319635 0.02750536 0.00863148 0.01198139 
534.00000000 0.51653521 0.25913240 0.12281867 0.05329672 0.02754132 0.00864717 0.01202851 
535.00000000 0.51628997 0.25903237 0.12296489 0.05339701 0.02757726 0.00866285 0.01207566 
536.00000000 0.51604499 0.25893228 0.12311098 0.05349722 0.02761319 0.00867853 0.01212282 
537.00000000 0.51580027 0.25883214 0.12325694 0.05359736 0.02764909 0.00869420 0.01217000 
538.00000000 0.51555581 0.25873195 0.12340278 0.05369742 0.02768497 0.00870988 0.01221720 
539.00000000 0.51531160 0.25863171 0.12354849 0.05379741 0.02772083 0.00872554 0.01226442 
540.00000000 0.51506766 0.25853142 0.12369407 0.05389732 0.02775667 0.00874121 0.01231165 
541.00000000 0.51482397 0.25843109 0.12383953 0.05399715 0.02779249 0.00875687 0.01235891 
542.00000000 0.51458053 0.25833070 0.12398487 0.05409692 0.02782829 0.00877252 0.01240618 
543.00000000 0.51433735 0.25823027 0.12413008 0.05419660 0.02786407 0.00878817 0.01245346 
544.00000000 0.51409442 0.25812979 0.12427516 0.05429621 0.02789983 0.00880382 0.01250077 
545.00000000 0.51385174 0.25802926 0.12442012 0.05439575 0.02793557 0.00881946 0.01254809 
546.00000000 0.51360931 0.25792870 0.12456495 0.05449522 0.02797129 0.00883510 0.01259543 
547.00000000 0.51336713 0.25782809 0.12470966 0.05459461 0.02800699 0.00885074 0.01264279 
548.00000000 0.51312519 0.25772744 0.12485425 0.05469392 0.02804267 0.00886637 0.01269016 
549.00000000 0.51288350 0.25762675 0.12499871 0.05479316 0.02807834 0.00888199 0.01273755 
550.00000000 0.51264206 0.25752602 0.12514305 0.05489233 0.02811398 0.00889762 0.01278495 
551.00000000 0.51240086 0.25742525 0.12528726 0.05499142 0.02814960 0.00891324 0.01283237 
552.00000000 0.51215991 0.25732444 0.12543135 0.05509044 0.02818520 0.00892885 0.01287981 
553.00000000 0.51191919 0.25722360 0.12557532 0.05518939 0.02822078 0.00894446 0.01292726 
554.00000000 0.51167872 0.25712272 0.12571916 0.05528827 0.02825635 0.00896007 0.01297472 
555.00000000 0.51143849 0.25702180 0.12586288 0.05538707 0.02829189 0.00897567 0.01302220 
556.00000000 0.51119849 0.25692085 0.12600648 0.05548579 0.02832742 0.00899127 0.01306970 
557.00000000 0.51095874 0.25681987 0.12614996 0.05558445 0.02836292 0.00900686 0.01311721 
558.00000000 0.51071921 0.25671886 0.12629331 0.05568303 0.02839841 0.00902245 0.01316473 
559.00000000 0.51047993 0.25661781 0.12643654 0.05578154 0.02843387 0.00903804 0.01321226 
560.00000000 0.51024088 0.25651674 0.12657965 0.05587998 0.02846932 0.00905362 0.01325981 
561.00000000 0.51000206 0.25641563 0.12672264 0.05597835 0.02850475 0.00906919 0.01330738 
562.00000000 0.50976348 0.25631450 0.12686551 0.05607664 0.02854016 0.00908477 0.01335496 
563.00000000 0.50952512 0.25621333 0.12700825 0.05617486 0.02857555 0.00910034 0.01340255 
564.00000000 0.50928700 0.25611214 0.12715087 0.05627301 0.02861092 0.00911590 0.01345015 
565.00000000 0.50904911 0.25601093 0.12729338 0.05637109 0.02864627 0.00913146 0.01349777 
566.00000000 0.50881144 0.25590969 0.12743576 0.05646910 0.02868160 0.00914702 0.01354539 
567.00000000 0.50857400 0.25580842 0.12757802 0.05656703 0.02871692 0.00916257 0.01359303 
568.00000000 0.50833679 0.25570713 0.12772016 0.05666490 0.02875221 0.00917812 0.01364069 
569.00000000 0.50809981 0.25560582 0.12786218 0.05676269 0.02878749 0.00919366 0.01368835 
570.00000000 0.50786304 0.25550449 0.12800408 0.05686041 0.02882274 0.00920920 0.01373603 
571.00000000 0.50762651 0.25540313 0.12814586 0.05695806 0.02885798 0.00922474 0.01378372 
572.00000000 0.50739019 0.25530175 0.12828752 0.05705564 0.02889320 0.00924027 0.01383142 
573.00000000 0.50715410 0.25520036 0.12842907 0.05715315 0.02892840 0.00925580 0.01387913 
574.00000000 0.50691823 0.25509894 0.12857049 0.05725059 0.02896358 0.00927132 0.01392685 
575.00000000 0.50668258 0.25499751 0.12871179 0.05734796 0.02899875 0.00928684 0.01397458 
576.00000000 0.50644714 0.25489606 0.12885298 0.05744526 0.02903389 0.00930235 0.01402232 
577.00000000 0.50621193 0.25479459 0.12899404 0.05754249 0.02906902 0.00931786 0.01407007 
578.00000000 0.50597693 0.25469310 0.12913499 0.05763965 0.02910413 0.00933337 0.01411784 
579.00000000 0.50574215 0.25459160 0.12927582 0.05773673 0.02913921 0.00934887 0.01416561 
580.00000000 0.50550759 0.25449009 0.12941653 0.05783375 0.02917428 0.00936437 0.01421339 
581.00000000 0.50527324 0.25438856 0.12955712 0.05793070 0.02920934 0.00937986 0.01426119 
582.00000000 0.50503910 0.25428702 0.12969759 0.05802758 0.02924437 0.00939535 0.01430899 
583.00000000 0.50480518 0.25418546 0.12983795 0.05812439 0.02927939 0.00941083 0.01435680 
584.00000000 0.50457147 0.25408390 0.12997819 0.05822113 0.02931438 0.00942631 0.01440462 
585.00000000 0.50433797 0.25398232 0.13011831 0.05831780 0.02934936 0.00944179 0.01445245 
586.00000000 0.50410468 0.25388073 0.13025832 0.05841440 0.02938432 0.00945726 0.01450029 
587.00000000 0.50387160 0.25377913 0.13039820 0.05851094 0.02941926 0.00947273 0.01454813 
588.00000000 0.50363873 0.25367752 0.13053797 0.05860740 0.02945419 0.00948819 0.01459599 
589.00000000 0.50340607 0.25357591 0.13067763 0.05870380 0.02948909 0.00950365 0.01464385 
590.00000000 0.50317362 0.25347428 0.13081717 0.05880013 0.02952398 0.00951911 0.01469172 
591.00000000 0.50294137 0.25337265 0.13095659 0.05889638 0.02955885 0.00953456 0.01473960 
592.00000000 0.50270933 0.25327101 0.13109589 0.05899257 0.02959370 0.00955000 0.01478749 
593.00000000 0.50247749 0.25316937 0.13123508 0.05908870 0.02962854 0.00956544 0.01483538 
594.00000000 0.50224586 0.25306772 0.13137416 0.05918475 0.02966335 0.00958088 0.01488328 
595.00000000 0.50201443 0.25296606 0.13151311 0.05928074 0.02969815 0.00959632 0.01493119 
596.00000000 0.50178321 0.25286441 0.13165196 0.05937665 0.02973293 0.00961174 0.01497911 
597.00000000 0.50155218 0.25276274 0.13179068 0.05947250 0.02976769 0.00962717 0.01502703 
598.00000000 0.50132136 0.25266108 0.13192929 0.05956829 0.02980243 0.00964259 0.01507496 
599.00000000 0.50109074 0.25255941 0.13206779 0.05966400 0.02983716 0.00965801 0.01512289 
600.00000000 0.50086032 0.25245774 0.13220617 0.05975965 0.02987187 0.00967342 0.01517083 
601.00000000 0.50063009 0.25235607 0.13234444 0.05985523 0.02990656 0.00968882 0.01521878 
602.00000000 0.50040007 0.25225440 0.13248260 0.05995074 0.02994123 0.00970423 0.01526674 
603.00000000 0.50017024 0.25215273 0.13262063 0.06004618 0.02997589 0.00971963 0.01531470 
604.00000000 0.49994061 0.25205106 0.13275856 0.06014156 0.03001053 0.00973502 0.01536266 
605.00000000 0.49971118 0.25194939 0.13289637 0.06023687 0.03004515 0.00975041 0.01541063 
606.00000000 0.49948194 0.25184772 0.13303407 0.06033212 0.03007975 0.00976580 0.01545861 
607.00000000 0.49925290 0.25174605 0.13317165 0.06042730 0.03011433 0.00978118 0.01550659 
608.00000000 0.49902405 0.25164439 0.13330912 0.06052241 0.03014890 0.00979655 0.01555458 
609.00000000 0.49879540 0.25154273 0.13344648 0.06061745 0.03018345 0.00981193 0.01560257 
610.00000000 0.49856693 0.25144107 0.13358372 0.06071243 0.03021798 0.00982729 0.01565057 
611.00000000 0.49833866 0.25133942 0.13372085 0.06080734 0.03025250 0.00984266 0.01569857 
612.00000000 0.49811059 0.25123777 0.13385787 0.06090219 0.03028699 0.00985802 0.01574657 
613.00000000 0.49788270 0.25113613 0.13399478 0.06099696 0.03032147 0.00987337 0.01579458 
614.00000000 0.49765500 0.25103449 0.13413157 0.06109168 0.03035594 0.00988872 0.01584259 
615.00000000 0.49742750 0.25093286 0.13426825 0.06118632 0.03039038 0.00990407 0.01589061 
616.00000000 0.49720018 0.25083124 0.13440482 0.06128091 0.03042481 0.00991941 0.01593863 
617.00000000 0.49697305 0.25072962 0.13454128 0.06137542 0.03045922 0.00993475 0.01598666 
618.00000000 0.49674611 0.25062802 0.13467762 0.06146987 0.03049361 0.00995008 0.01603469 
619.00000000 0.49651935 0.25052642 0.13481386 0.06156426 0.03052799 0.00996541 0.01608272 
620.00000000 0.49629278 0.25042482 0.13494998 0.06165857 0.03056235 0.00998074 0.01613075 
621.00000000 0.49606640 0.25032324 0.13508599 0.06175283 0.03059669 0.00999606 0.01617879 
622.00000000 0.49584020 0.25022167 0.13522189 0.06184702 0.03063102 0.01001137 0.01622683 
623.00000000 0.49561419 0.25012011 0.13535768 0.06194114 0.03066532 0.01002668 0.01627488 
624.00000000 0.49538836 0.25001856 0.13549335 0.06203520 0.03069961 0.01004199 0.01632292 
625.00000000 0.49516272 0.24991702 0.13562892 0.06212919 0.03073389 0.01005729 0.01637097 
626.00000000 0.49493726 0.24981549 0.13576438 0.06222312 0.03076814 0.01007259 0.01641902 
627.00000000 0.49471198 0.24971397 0.13589972 0.06231698 0.03080238 0.01008789 0.01646708 
628.00000000 0.49448688 0.24961247 0.13603496 0.06241078 0.03083661 0.01010317 0.01651513 
629.00000000 0.49426196 0.24951098 0.13617008 0.06250451 0.03087081 0.01011846 0.01656319 
630.00000000 0.49403723 0.24940950 0.13630510 0.06259818 0.03090500 0.01013374 0.01661125 
631.00000000 0.49381267 0.24930803 0.13644000 0.06269179 0.03093917 0.01014902 0.01665931 
632.00000000 0.49358830 0.24920658 0.13657480 0.06278533 0.03097333 0.01016429 0.01670737 
633.00000000 0.49336410 0.24910515 0.13670949 0.06287881 0.03100747 0.01017956 0.01675544 
634.00000000 0.49314008 0.24900373 0.13684406 0.06297222 0.03104159 0.01019482 0.01680350 
635.00000000 0.49291624 0.24890232 0.13697853 0.06306557 0.03107569 0.01021008 0.01685157 
636.00000000 0.49269258 0.24880093 0.13711289 0.06315885 0.03110978 0.01022533 0.01689963 
637.00000000 0.49246909 0.24869956 0.13724714 0.06325207 0.03114385 0.01024058 0.01694770 
638.00000000 0.49224578 0.24859820 0.13738128 0.06334523 0.03117791 0.01025583 0.01699577 
639.00000000 0.49202265 0.24849686 0.13751532 0.06343832 0.03121194 0.01027107 0.01704384 
640.00000000 0.49179969 0.24839554 0.13764924 0.06353135 0.03124596 0.01028630 0.01709191 
641.00000000 0.49157691 0.24829423 0.13778306 0.06362432 0.03127997 0.01030153 0.01713998 
642.00000000 0.49135430 0.24819295 0.13791677 0.06371722 0.03131396 0.01031676 0.01718805 
643.00000000 0.49113186 0.24809168 0.13805037 0.06381006 0.03134793 0.01033198 0.01723612 
644.00000000 0.49090960 0.24799043 0.13818386 0.06390284 0.03138188 0.01034720 0.01728419 
645.00000000 0.49068751 0.24788920 0.13831725 0.06399555 0.03141582 0.01036242 0.01733226 
646.00000000 0.49046559 0.24778799 0.13845052 0.06408820 0.03144974 0.01037763 0.01738033 
647.00000000 0.49024384 0.24768680 0.13858369 0.06418078 0.03148365 0.01039283 0.01742840 
648.00000000 0.49002227 0.24758563 0.13871676 0.06427331 0.03151754 0.01040803 0.01747647 
649.00000000 0.48980087 0.24748448 0.13884971 0.06436577 0.03155141 0.01042323 0.01752453 
650.00000000 0.48957963 0.24738335 0.13898256 0.06445817 0.03158526 0.01043842 0.01757260 
651.00000000 0.48935857 0.24728225 0.13911530 0.06455050 0.03161910 0.01045361 0.01762067 
652.00000000 0.48913767 0.24718116 0.13924794 0.06464278 0.03165293 0.01046879 0.01766873 
653.00000000 0.48891695 0.24708010 0.13938047 0.06473499 0.03168673 0.01048397 0.01771679 
654.00000000 0.48869639 0.24697906 0.13951289 0.06482713 0.03172052 0.01049914 0.01776486 
655.00000000 0.48847600 0.24687804 0.13964521 0.06491922 0.03175430 0.01051431 0.01781292 
656.00000000 0.48825578 0.24677705 0.13977742 0.06501124 0.03178805 0.01052948 0.01786098 
657.00000000 0.48803573 0.24667608 0.13990952 0.06510320 0.03182180 0.01054464 0.01790903 
658.00000000 0.48781584 0.24657513 0.14004152 0.06519510 0.03185552 0.01055979 0.01795709 
659.00000000 0.48759612 0.24647421 0.14017342 0.06528694 0.03188923 0.01057494 0.01800514 
660.00000000 0.48737656 0.24637331 0.14030521 0.06537872 0.03192292 0.01059009 0.01805319 
661.00000000 0.48715717 0.24627244 0.14043689 0.06547043 0.03195660 0.01060523 0.01810124 
662.00000000 0.48693794 0.24617159 0.14056847 0.06556208 0.03199026 0.01062037 0.01814929 
663.00000000 0.48671888 0.24607076 0.14069994 0.06565367 0.03202390 0.01063551 0.01819733 
664.00000000 0.48649998 0.24596997 0.14083131 0.06574520 0.03205753 0.01065063 0.01824538 
665.00000000 0.48628125 0.24586919 0.14096257 0.06583667 0.03209114 0.01066576 0.01829342 
666.00000000 0.48606268 0.24576845 0.14109373 0.06592807 0.03212474 0.01068088 0.01834145 
667.00000000 0.48584427 0.24566773 0.14122478 0.06601942 0.03215832 0.01069600 0.01838949 
668.00000000 0.48562603 0.24556704 0.14135573 0.06611070 0.03219188 0.01071111 0.01843752 
669.00000000 0.48540794 0.24546637 0.14148658 0.06620192 0.03222543 0.01072621 0.01848554 
670.00000000 0.48519002 0.24536574 0.14161732 0.06629308 0.03225896 0.01074131 0.01853357 
671.00000000 0.48497226 0.24526513 0.14174796 0.06638418 0.03229248 0.01075641 0.01858159 
672.00000000 0.48475466 0.24516454 0.14187849 0.06647522 0.03232598 0.01077151 0.01862961 
673.00000000 0.48453722 0.24506399 0.14200892 0.06656619 0.03235946 0.01078659 0.01867762 
674.00000000 0.48431994 0.24496346 0.14213925 0.06665711 0.03239293 0.01080168 0.01872563 
675.00000000 0.48410282 0.24486297 0.14226947 0.06674797 0.03242638 0.01081676 0.01877364 
676.00000000 0.48388585 0.24476250 0.14239959 0.06683876 0.03245982 0.01083183 0.01882164 
677.00000000 0.48366905 0.24466206 0.14252961 0.06692950 0.03249324 0.01084690 0.01886964 
678.00000000 0.48345241 0.24456165 0.14265952 0.06702017 0.03252664 0.01086197 0.01891763 
679.00000000 0.48323592 0.24446128 0.14278933 0.06711078 0.03256003 0.01087703 0.01896562 
680.00000000 0.48301959 0.24436093 0.14291904 0.06720134 0.03259341 0.01089209 0.01901361 
681.00000000 0.48280342 0.24426061 0.14304865 0.06729183 0.03262676 0.01090714 0.01906159 
682.00000000 0.48258740 0.24416032 0.14317815 0.06738226 0.03266010 0.01092219 0.01910957 
683.00000000 0.48237154 0.24406006 0.14330755 0.06747263 0.03269343 0.01093723 0.01915754 
684.00000000 0.48215584 0.24395984 0.14343685 0.06756295 0.03272674 0.01095227 0.01920551 
685.00000000 0.48194029 0.24385964 0.14356605 0.06765320 0.03276003 0.01096730 0.01925347 
686.00000000 0.48172490 0.24375948 0.14369515 0.06774339 0.03279331 0.01098233 0.01930143 
687.00000000 0.48150967 0.24365935 0.14382414 0.06783352 0.03282657 0.01099736 0.01934939 
688.00000000 0.48129458 0.24355925 0.14395303 0.06792360 0.03285982 0.01101238 0.01939733 
689.00000000 0.48107966 0.24345919 0.14408183 0.06801361 0.03289305 0.01102740 0.01944528 
690.00000000 0.48086488 0.24335915 0.14421051 0.06810356 0.03292627 0.01104241 0.01949321 
691.00000000 0.48065026 0.24325915 0.14433910 0.06819346 0.03295947 0.01105742 0.01954115 
692.00000000 0.48043579 0.24315918 0.14446759 0.06828329 0.03299265 0.01107242 0.01958907 
693.00000000 0.48022148 0.24305925 0.14459598 0.06837306 0.03302582 0.01108742 0.01963699 
694.00000000 0.48000732 0.24295934 0.14472426 0.06846278 0.03305898 0.01110241 0.01968491 
695.00000000 0.47979331 0.24285948 0.14485245 0.06855243 0.03309211 0.01111740 0.01973282 
696.00000000 0.47957945 0.24275964 0.14498053 0.06864203 0.03312524 0.01113238 0.01978072 
697.00000000 0.47936575 0.24265984 0.14510852 0.06873157 0.03315834 0.01114736 0.01982862 
698.00000000 0.47915219 0.24256008 0.14523640 0.06882105 0.03319143 0.01116234 0.01987651 
699.00000000 0.47893879 0.24246035 0.14536419 0.06891047 0.03322451 0.01117731 0.01992440 
700.00000000 0.47872554 0.24236065 0.14549187 0.06899983 0.03325757 0.01119227 0.01997228 
701.00000000 0.47851243 0.24226099 0.14561945 0.06908913 0.03329061 0.01120724 0.02002015 
702.00000000 0.47829948 0.24216136 0.14574694 0.06917837 0.03332364 0.01122219 0.02006801 
703.00000000 0.47808668 0.24206177 0.14587432 0.06926755 0.03335666 0.01123714 0.02011587 
704.00000000 0.47787402 0.24196221 0.14600161 0.06935668 0.03338966 0.01125209 0.02016373 
705.00000000 0.47766152 0.24186269 0.14612880 0.06944574 0.03342264 0.01126704 0.02021157 
706.00000000 0.47744916 0.24176321 0.14625588 0.06953475 0.03345561 0.01128197 0.02025941 
707.00000000 0.47723695 0.24166376 0.14638287 0.06962370 0.03348856 0.01129691 0.02030724 
708.00000000 0.47702489 0.24156435 0.14650976 0.06971259 0.03352150 0.01131184 0.02035507 
709.00000000 0.47681298 0.24146497 0.14663655 0.06980142 0.03355442 0.01132676 0.02040289 
710.00000000 0.47660122 0.24136564 0.14676324 0.06989020 0.03358732 0.01134168 0.02045070 
711.00000000 0.47638960 0.24126633 0.14688983 0.06997891 0.03362021 0.01135660 0.02049850 
712.00000000 0.47617813 0.24116707 0.14701633 0.07006757 0.03365309 0.01137151 0.02054630 
713.00000000 0.47596681 0.24106784 0.14714272 0.07015617 0.03368595 0.01138642 0.02059409 
714.00000000 0.47575563 0.24096865 0.14726902 0.07024471 0.03371880 0.01140132 0.02064187 
715.00000000 0.47554460 0.24086950 0.14739522 0.07033320 0.03375163 0.01141622 0.02068964 
716.00000000 0.47533371 0.24077038 0.14752132 0.07042162 0.03378444 0.01143111 0.02073741 
717.00000000 0.47512297 0.24067131 0.14764733 0.07050999 0.03381724 0.01144600 0.02078517 
718.00000000 0.47491238 0.24057227 0.14777323 0.07059830 0.03385002 0.01146088 0.02083292 
719.00000000 0.47470193 0.24047327 0.14789904 0.07068655 0.03388279 0.01147576 0.02088066 
720.00000000 0.47449162 0.24037430 0.14802476 0.07077475 0.03391555 0.01149064 0.02092839 
721.00000000 0.47428146 0.24027538 0.14815037 0.07086288 0.03394829 0.01150551 0.02097612 
722.00000000 0.47407144 0.24017649 0.14827589 0.07095096 0.03398101 0.01152037 0.02102384 
723.00000000 0.47386157 0.24007765 0.14840131 0.07103898 0.03401372 0.01153523 0.02107154 
724.00000000 0.47365184 0.23997884 0.14852663 0.07112695 0.03404641 0.01155009 0.02111925 
725.00000000 0.47344225 0.23988007 0.14865186 0.07121485 0.03407909 0.01156494 0.02116694 
726.00000000 0.47323281 0.23978134 0.14877698 0.07130270 0.03411175 0.01157979 0.02121462 
727.00000000 0.47302351 0.23968266 0.14890202 0.07139050 0.03414440 0.01159463 0.02126230 
728.00000000 0.47281435 0.23958401 0.14902695 0.07147823 0.03417703 0.01160947 0.02130996 
729.00000000 0.47260533 0.23948540 0.14915179 0.07156591 0.03420965 0.01162430 0.02135762 
730.00000000 0.47239645 0.23938683 0.14927654 0.07165353 0.03424225 0.01163913 0.02140527 
731.00000000 0.47218772 0.23928830 0.14940119 0.07174109 0.03427484 0.01165395 0.02145291 
732.00000000 0.47197913 0.23918981 0.14952574 0.07182860 0.03430741 0.01166877 0.02150054 
733.00000000 0.47177068 0.23909136 0.14965019 0.07191605 0.03433997 0.01168359 0.02154816 
734.00000000 0.47156237 0.23899295 0.14977455 0.07200344 0.03437251 0.01169840 0.02159577 
735.00000000 0.47135420 0.23889458 0.14989882 0.07209078 0.03440504 0.01171320 0.02164338 
736.00000000 0.47114617 0.23879625 0.15002299 0.07217806 0.03443755 0.01172800 0.02169097 
737.00000000 0.47093828 0.23869797 0.15014706 0.07226528 0.03447005 0.01174280 0.02173856 
738.00000000 0.47073053 0.23859972 0.15027104 0.07235245 0.03450253 0.01175759 0.02178613 
739.00000000 0.47052292 0.23850152 0.15039493 0.07243956 0.03453500 0.01177238 0.02183369 
740.00000000 0.47031545 0.23840336 0.15051871 0.07252661 0.03456745 0.01178716 0.02188125 
741.00000000 0.47010812 0.23830523 0.15064241 0.07261361 0.03459989 0.01180194 0.02192880 
742.00000000 0.46990093 0.23820716 0.15076601 0.07270055 0.03463232 0.01181671 0.02197633 
743.00000000 0.46969388 0.23810912 0.15088951 0.07278743 0.03466472 0.01183148 0.02202386 
744.00000000 0.46948696 0.23801112 0.15101292 0.07287426 0.03469712 0.01184624 0.02207137 
745.00000000 0.46928019 0.23791317 0.15113624 0.07296103 0.03472949 0.01186100 0.02211888 
746.00000000 0.46907355 0.23781526 0.15125946 0.07304775 0.03476186 0.01187575 0.02216638 
747.00000000 0.46886705 0.23771739 0.15138259 0.07313441 0.03479421 0.01189050 0.02221386 
748.00000000 0.46866068 0.23761956 0.15150562 0.07322101 0.03482654 0.01190525 0.02226134 
749.00000000 0.46845446 0.23752177 0.15162856 0.07330756 0.03485886 0.01191999 0.02230880 
750.00000000 0.46824837 0.23742403 0.15175140 0.07339405 0.03489116 0.01193473 0.02235626 
751.00000000 0.46804241 0.23732633 0.15187415 0.07348049 0.03492345 0.01194946 0.02240370 
752.00000000 0.46783660 0.23722868 0.15199681 0.07356687 0.03495573 0.01196418 0.02245113 
753.00000000 0.46763092 0.23713106 0.15211938 0.07365319 0.03498799 0.01197891 0.02249856 
754.00000000 0.46742538 0.23703349 0.15224185 0.07373946 0.03502023 0.01199362 0.02254597 
755.00000000 0.46721997 0.23693596 0.15236423 0.07382568 0.03505246 0.01200834 0.02259337 
756.00000000 0.46701470 0.23683848 0.15248651 0.07391183 0.03508468 0.01202304 0.02264076 
757.00000000 0.46680956 0.23674104 0.15260870 0.07399794 0.03511688 0.01203775 0.02268814 
758.00000000 0.46660456 0.23664364 0.15273080 0.07408398 0.03514906 0.01205244 0.02273551 
759.00000000 0.46639969 0.23654628 0.15285281 0.07416997 0.03518123 0.01206714 0.02278287 
760.00000000 0.46619496 0.23644897 0.15297472 0.07425591 0.03521339 0.01208183 0.02283022 
761.00000000 0.46599036 0.23635171 0.15309654 0.07434179 0.03524553 0.01209651 0.02287755 
762.00000000 0.46578590 0.23625448 0.15321827 0.07442762 0.03527766 0.01211119 0.02292488 
763.00000000 0.46558157 0.23615731 0.15333991 0.07451339 0.03530977 0.01212587 0.02297219 
764.00000000 0.46537738 0.23606017 0.15346145 0.07459910 0.03534187 0.01214054 0.02301949 
765.00000000 0.46517332 0.23596308 0.15358290 0.07468476 0.03537395 0.01215520 0.02306678 
766.00000000 0.46496939 0.23586603 0.15370426 0.07477037 0.03540602 0.01216987 0.02311406 
767.00000000 0.46476560 0.23576903 0.15382553 0.07485592 0.03543807 0.01218452 0.02316133 
768.00000000 0.46456194 0.23567207 0.15394671 0.07494141 0.03547011 0.01219917 0.02320858 
769.00000000 0.46435841 0.23557516 0.15406779 0.07502685 0.03550213 0.01221382 0.02325583 
770.00000000 0.46415502 0.23547829 0.15418879 0.07511224 0.03553414 0.01222846 0.02330306 
771.00000000 0.46395176 0.23538147 0.15430969 0.07519757 0.03556614 0.01224310 0.02335028 
772.00000000 0.46374863 0.23528469 0.15443050 0.07528284 0.03559812 0.01225773 0.02339749 
773.00000000 0.46354563 0.23518796 0.15455122 0.07536806 0.03563008 0.01227236 0.02344469 
774.00000000 0.46334277 0.23509127 0.15467185 0.07545323 0.03566203 0.01228699 0.02349187 
775.00000000 0.46314003 0.23499462 0.15479238 0.07553834 0.03569397 0.01230160 0.02353904 
776.00000000 0.46293743 0.23489802 0.15491283 0.07562340 0.03572589 0.01231622 0.02358620 
777.00000000 0.46273496 0.23480147 0.15503319 0.07570840 0.03575780 0.01233083 0.02363335 
778.00000000 0.46253262 0.23470496 0.15515345 0.07579335 0.03578969 0.01234543 0.02368049 
779.00000000 0.46233042 0.23460850 0.15527362 0.07587825 0.03582157 0.01236003 0.02372761 
780.00000000 0.46212834 0.23451208 0.15539371 0.07596309 0.03585343 0.01237463 0.02377472 
781.00000000 0.46192639 0.23441571 0.15551370 0.07604787 0.03588528 0.01238922 0.02382182 
782.00000000 0.46172458 0.23431938 0.15563361 0.07613260 0.03591711 0.01240381 0.02386891 
783.00000000 0.46152289 0.23422310 0.15575342 0.07621728 0.03594893 0.01241839 0.02391598 
784.00000000 0.46132134 0.23412687 0.15587314 0.07630191 0.03598074 0.01243296 0.02396304 
785.00000000 0.46111991 0.23403068 0.15599278 0.07638647 0.03601253 0.01244754 0.02401009 
786.00000000 0.46091862 0.23393454 0.15611232 0.07647099 0.03604431 0.01246210 0.02405713 
787.00000000 0.46071745 0.23383844 0.15623178 0.07655545 0.03607607 0.01247666 0.02410415 
788.00000000 0.46051641 0.23374239 0.15635114 0.07663986 0.03610782 0.01249122 0.02415116 
789.00000000 0.46031550 0.23364638 0.15647041 0.07672421 0.03613955 0.01250578 0.02419816 
790.00000000 0.46011473 0.23355042 0.15658960 0.07680851 0.03617127 0.01252032 0.02424515 
791.00000000 0.45991408 0.23345451 0.15670870 0.07689276 0.03620297 0.01253487 0.02429212 
792.00000000 0.45971356 0.23335865 0.15682770 0.07697695 0.03623466 0.01254941 0.02433908 
793.00000000 0.45951316 0.23326283 0.15694662 0.07706109 0.03626634 0.01256394 0.02438602 
794.00000000 0.45931290 0.23316705 0.15706545 0.07714518 0.03629800 0.01257847 0.02443295 
795.00000000 0.45911276 0.23307133 0.15718419 0.07722921 0.03632964 0.01259299 0.02447987 
796.00000000 0.45891276 0.23297565 0.15730285 0.07731319 0.03636127 0.01260751 0.02452678 
797.00000000 0.45871288 0.23288001 0.15742141 0.07739711 0.03639289 0.01262203 0.02457367 
798.00000000 0.45851312 0.23278443 0.15753988 0.07748098 0.03642449 0.01263654 0.02462055 
799.00000000 0.45831350 0.23268889 0.15765827 0.07756480 0.03645608 0.01265104 0.02466742 
800.00000000 0.45811400 0.23259340 0.15777657 0.07764856 0.03648766 0.01266555 0.02471427 
801.00000000 0.45791463 0.23249795 0.15789478 0.07773228 0.03651921 0.01268004 0.02476111 
802.00000000 0.45771539 0.23240255 0.15801290 0.07781593 0.03655076 0.01269453 0.02480793 
803.00000000 0.45751627 0.23230720 0.15813094 0.07789954 0.03658229 0.01270902 0.02485474 
804.00000000 0.45731728 0.23221190 0.15824888 0.07798309 0.03661381 0.01272350 0.02490154 
805.00000000 0.45711842 0.23211664 0.15836674 0.07806659 0.03664531 0.01273798 0.02494832 
806.00000000 0.45691968 0.23202143 0.15848451 0.07815004 0.03667680 0.01275245 0.02499509 
807.00000000 0.45672107 0.23192626 0.15860220 0.07823343 0.03670827 0.01276692 0.02504185 
808.00000000 0.45652259 0.23183115 0.15871979 0.07831677 0.03673973 0.01278138 0.02508859 
809.00000000 0.45632423 0.23173608 0.15883730 0.07840006 0.03677117 0.01279584 0.02513532 
810.00000000 0.45612600 0.23164106 0.15895472 0.07848329 0.03680260 0.01281029 0.02518204 
811.00000000 0.45592789 0.23154609 0.15907206 0.07856647 0.03683402 0.01282474 0.02522874 
812.00000000 0.45572991 0.23145116 0.15918930 0.07864960 0.03686542 0.01283918 0.02527542 
813.00000000 0.45553205 0.23135628 0.15930646 0.07873268 0.03689681 0.01285362 0.02532209 
814.00000000 0.45533432 0.23126145 0.15942354 0.07881570 0.03692818 0.01286806 0.02536875 
815.00000000 0.45513671 0.23116667 0.15954052 0.07889867 0.03695954 0.01288249 0.02541540 
816.00000000 0.45493923 0.23107193 0.15965742 0.07898159 0.03699088 0.01289691 0.02546202 
817.00000000 0.45474187 0.23097725 0.15977424 0.07906446 0.03702221 0.01291133 0.02550864 
818.00000000 0.45454464 0.23088261 0.15989096 0.07914727 0.03705353 0.01292575 0.02555524 
819.00000000 0.45434753 0.23078802 0.16000761 0.07923003 0.03708483 0.01294016 0.02560183 
820.00000000 0.45415055 0.23069347 0.16012416 0.07931274 0.03711612 0.01295456 0.02564840 
821.00000000 0.45395369 0.23059898 0.16024063 0.07939540 0.03714739 0.01296896 0.02569495 
822.00000000 0.45375695 0.23050453 0.16035701 0.07947800 0.03717865 0.01298336 0.02574150 
823.00000000 0.45356034 0.23041013 0.16047331 0.07956055 0.03720990 0.01299775 0.02578803 
824.00000000 0.45336385 0.23031578 0.16058952 0.07964305 0.03724113 0.01301214 0.02583454 
825.00000000 0.45316749 0.23022147 0.16070564 0.07972550 0.03727234 0.01302652 0.02588104 
826.00000000 0.45297124 0.23012722 0.16082168 0.07980790 0.03730354 0.01304089 0.02592752 
827.00000000 0.45277513 0.23003301 0.16093764 0.07989024 0.03733473 0.01305527 0.02597399 
828.00000000 0.45257913 0.22993885 0.16105351 0.07997253 0.03736590 0.01306963 0.02602044 
829.00000000 0.45238326 0.22984474 0.16116929 0.08005477 0.03739706 0.01308400 0.02606688 
830.00000000 0.45218751 0.22975068 0.16128499 0.08013696 0.03742821 0.01309835 0.02611331 
831.00000000 0.45199188 0.22965667 0.16140060 0.08021909 0.03745934 0.01311271 0.02615972 
832.00000000 0.45179638 0.22956270 0.16151613 0.08030118 0.03749045 0.01312705 0.02620611 
833.00000000 0.45160099 0.22946878 0.16163157 0.08038321 0.03752156 0.01314140 0.02625249 
834.00000000 0.45140573 0.22937492 0.16174693 0.08046519 0.03755264 0.01315574 0.02629885 
835.00000000 0.45121059 0.22928110 0.16186220 0.08054712 0.03758372 0.01317007 0.02634520 
836.00000000 0.45101558 0.22918732 0.16197739 0.08062900 0.03761478 0.01318440 0.02639153 
837.00000000 0.45082068 0.22909360 0.16209250 0.08071082 0.03764582 0.01319872 0.02643785 
838.00000000 0.45062591 0.22899993 0.16220752 0.08079260 0.03767685 0.01321304 0.02648416 
839.00000000 0.45043126 0.22890630 0.16232245 0.08087432 0.03770787 0.01322735 0.02653044 
840.00000000 0.45023673 0.22881272 0.16243730 0.08095599 0.03773887 0.01324166 0.02657671 
841.00000000 0.45004232 0.22871920 0.16255207 0.08103761 0.03776986 0.01325597 0.02662297 
842.00000000 0.44984803 0.22862572 0.16266675 0.08111918 0.03780084 0.01327027 0.02666921 
843.00000000 0.44965387 0.22853229 0.16278135 0.08120070 0.03783180 0.01328456 0.02671544 
844.00000000 0.44945982 0.22843890 0.16289587 0.08128216 0.03786274 0.01329885 0.02676165 
845.00000000 0.44926590 0.22834557 0.16301030 0.08136358 0.03789368 0.01331314 0.02680784 
846.00000000 0.44907209 0.22825229 0.16312465 0.08144494 0.03792459 0.01332742 0.02685402 
847.00000000 0.44887841 0.22815905 0.16323891 0.08152625 0.03795550 0.01334169 0.02690019 
848.00000000 0.44868485 0.22806587 0.16335309 0.08160751 0.03798639 0.01335596 0.02694633 
849.00000000 0.44849140 0.22797273 0.16346719 0.08168872 0.03801726 0.01337023 0.02699247 
850.00000000 0.44829808 0.22787964 0.16358120 0.08176988 0.03804812 0.01338449 0.02703858 
851.00000000 0.44810488 0.22778660 0.16369514 0.08185099 0.03807897 0.01339875 0.02708468 
852.00000000 0.44791179 0.22769361 0.16380898 0.08193205 0.03810980 0.01341300 0.02713077 
853.00000000 0.44771883 0.22760067 0.16392275 0.08201305 0.03814062 0.01342724 0.02717683 
854.00000000 0.44752599 0.22750778 0.16403643 0.08209401 0.03817143 0.01344148 0.02722289 
855.00000000 0.44733326 0.22741493 0.16415003 0.08217491 0.03820222 0.01345572 0.02726892 
856.00000000 0.44714066 0.22732214 0.16426355 0.08225577 0.03823300 0.01346995 0.02731494 
857.00000000 0.44694817 0.22722939 0.16437698 0.08233657 0.03826376 0.01348418 0.02736095 
858.00000000 0.44675580 0.22713670 0.16449033 0.08241732 0.03829451 0.01349840 0.02740694 
859.00000000 0.44656356 0.22704405 0.16460360 0.08249802 0.03832524 0.01351262 0.02745291 
860.00000000 0.44637143 0.22695146 0.16471679 0.08257867 0.03835596 0.01352683 0.02749886 
861.00000000 0.44617942 0.22685891 0.16482989 0.08265927 0.03838667 0.01354104 0.02754480 
862.00000000 0.44598753 0.22676641 0.16494291 0.08273982 0.03841736 0.01355524 0.02759073 
863.00000000 0.44579575 0.22667396 0.16505585 0.08282032 0.03844804 0.01356944 0.02763664 
864.00000000 0.44560410 0.22658156 0.16516871 0.08290077 0.03847870 0.01358363 0.02768253 
865.00000000 0.44541256 0.22648921 0.16528149 0.08298117 0.03850935 0.01359782 0.02772840 
866.00000000 0.44522114 0.22639691 0.16539418 0.08306152 0.03853999 0.01361200 0.02777426 
867.00000000 0.44502984 0.22630465 0.16550680 0.08314182 0.03857061 0.01362618 0.02782010 
868.00000000 0.44483866 0.22621245 0.16561933 0.08322207 0.03860122 0.01364035 0.02786593 
869.00000000 0.44464760 0.22612030 0.16573178 0.08330226 0.03863181 0.01365452 0.02791173 
870.00000000 0.44445665 0.22602819 0.16584415 0.08338241 0.03866239 0.01366868 0.02795753 
871.00000000 0.44426582 0.22593614 0.16595643 0.08346251 0.03869296 0.01368284 0.02800330 
872.00000000 0.44407511 0.22584413 0.16606864 0.08354255 0.03872351 0.01369699 0.02804906 
873.00000000 0.44388451 0.22575218 0.16618076 0.08362255 0.03875405 0.01371114 0.02809480 
874.00000000 0.44369404 0.22566027 0.16629281 0.08370250 0.03878457 0.01372529 0.02814053 
875.00000000 0.44350368 0.22556841 0.16640477 0.08378239 0.03881508 0.01373943 0.02818624 
876.00000000 0.44331343 0.22547661 0.16651665 0.08386224 0.03884558 0.01375356 0.02823193 
877.00000000 0.44312331 0.22538485 0.16662845 0.08394204 0.03887606 0.01376769 0.02827761 
878.00000000 0.44293330 0.22529314 0.16674018 0.08402179 0.03890653 0.01378181 0.02832327 
879.00000000 0.44274340 0.22520148 0.16685181 0.08410148 0.03893698 0.01379593 0.02836891 
880.00000000 0.44255363 0.22510987 0.16696337 0.08418113 0.03896742 0.01381005 0.02841453 
881.00000000 0.44236397 0.22501831 0.16707485 0.08426073 0.03899785 0.01382415 0.02846014 
882.00000000 0.44217442 0.22492680 0.16718625 0.08434028 0.03902826 0.01383826 0.02850573 
883.00000000 0.44198499 0.22483534 0.16729757 0.08441977 0.03905865 0.01385236 0.02855131 
884.00000000 0.44179568 0.22474393 0.16740881 0.08449922 0.03908904 0.01386645 0.02859686 
885.00000000 0.44160649 0.22465257 0.16751997 0.08457862 0.03911941 0.01388054 0.02864240 
886.00000000 0.44141741 0.22456126 0.16763105 0.08465797 0.03914976 0.01389463 0.02868793 
887.00000000 0.44122844 0.22446999 0.16774204 0.08473727 0.03918011 0.01390871 0.02873343 
888.00000000 0.44103960 0.22437878 0.16785296 0.08481652 0.03921043 0.01392278 0.02877892 
889.00000000 0.44085086 0.22428762 0.16796380 0.08489572 0.03924075 0.01393685 0.02882439 
890.00000000 0.44066225 0.22419650 0.16807456 0.08497488 0.03927105 0.01395092 0.02886985 
891.00000000 0.44047375 0.22410544 0.16818524 0.08505398 0.03930133 0.01396498 0.02891529 
892.00000000 0.44028536 0.22401443 0.16829584 0.08513303 0.03933161 0.01397903 0.02896071 
893.00000000 0.44009709 0.22392346 0.16840636 0.08521204 0.03936186 0.01399308 0.02900611 
894.00000000 0.43990893 0.22383255 0.16851680 0.08529099 0.03939211 0.01400713 0.02905150 
895.00000000 0.43972089 0.22374168 0.16862717 0.08536990 0.03942234 0.01402117 0.02909686 
896.00000000 0.43953296 0.22365087 0.16873745 0.08544875 0.03945255 0.01403520 0.02914221 
897.00000000 0.43934515 0.22356010 0.16884765 0.08552756 0.03948276 0.01404923 0.02918755 
898.00000000 0.43915745 0.22346939 0.16895778 0.08560632 0.03951294 0.01406326 0.02923286 
899.00000000 0.43896987 0.22337872 0.16906782 0.08568503 0.03954312 0.01407728 0.02927816 
900.00000000 0.43878240 0.22328810 0.16917779 0.08576369 0.03957328 0.01409129 0.02932344 
901.00000000 0.43859505 0.22319754 0.16928768 0.08584230 0.03960343 0.01410530 0.02936871 
902.00000000 0.43840781 0.22310702 0.16939749 0.08592086 0.03963356 0.01411931 0.02941395 
903.00000000 0.43822068 0.22301655 0.16950722 0.08599937 0.03966368 0.01413331 0.02945918 
904.00000000 0.43803367 0.22292613 0.16961688 0.08607784 0.03969378 0.01414730 0.02950439 
905.00000000 0.43784677 0.22283577 0.16972645 0.08615625 0.03972387 0.01416129 0.02954959 
906.00000000 0.43765999 0.22274545 0.16983595 0.08623462 0.03975395 0.01417528 0.02959476 
907.00000000 0.43747332 0.22265518 0.16994537 0.08631294 0.03978401 0.01418926 0.02963992 
908.00000000 0.43728676 0.22256496 0.17005471 0.08639121 0.03981406 0.01420323 0.02968506 
909.00000000 0.43710032 0.22247479 0.17016397 0.08646943 0.03984410 0.01421720 0.02973018 
910.00000000 0.43691399 0.22238467 0.17027316 0.08654760 0.03987412 0.01423117 0.02977529 
911.00000000 0.43672777 0.22229460 0.17038227 0.08662573 0.03990413 0.01424513 0.02982037 
912.00000000 0.43654167 0.22220459 0.17049130 0.08670380 0.03993412 0.01425909 0.02986544 
913.00000000 0.43635568 0.22211462 0.17060025 0.08678183 0.03996410 0.01427304 0.02991049 
914.00000000 0.43616980 0.22202470 0.17070912 0.08685981 0.03999407 0.01428698 0.02995553 
915.00000000 0.43598404 0.22193482 0.17081792 0.08693773 0.04002402 0.01430092 0.03000054 
916.00000000 0.43579839 0.22184500 0.17092664 0.08701562 0.04005395 0.01431486 0.03004554 
917.00000000 0.43561285 0.22175523 0.17103528 0.08709345 0.04008388 0.01432879 0.03009052 
918.00000000 0.43542742 0.22166551 0.17114385 0.08717123 0.04011379 0.01434271 0.03013548 
919.00000000 0.43524211 0.22157584 0.17125233 0.08724897 0.04014369 0.01435663 0.03018043 
920.00000000 0.43505691 0.22148622 0.17136075 0.08732666 0.04017357 0.01437055 0.03022535 
921.00000000 0.43487182 0.22139665 0.17146908 0.08740430 0.04020344 0.01438446 0.03027026 
922.00000000 0.43468684 0.22130713 0.17157734 0.08748189 0.04023329 0.01439837 0.03031515 
923.00000000 0.43450198 0.22121765 0.17168552 0.08755943 0.04026313 0.01441227 0.03036002 
924.00000000 0.43431722 0.22112823 0.17179362 0.08763693 0.04029296 0.01442616 0.03040487 
925.00000000 0.43413258 0.22103886 0.17190165 0.08771438 0.04032277 0.01444005 0.03044971 
926.00000000 0.43394805 0.22094954 0.17200960 0.08779178 0.04035257 0.01445394 0.03049453 
927.00000000 0.43376364 0.22086026 0.17211747 0.08786913 0.04038236 0.01446782 0.03053933 
928.00000000 0.43357933 0.22077104 0.17222527 0.08794643 0.04041213 0.01448169 0.03058411 
929.00000000 0.43339514 0.22068187 0.17233299 0.08802369 0.04044189 0.01449556 0.03062887 
930.00000000 0.43321106 0.22059274 0.17244063 0.08810089 0.04047163 0.01450943 0.03067361 
931.00000000 0.43302709 0.22050367 0.17254820 0.08817805 0.04050136 0.01452329 0.03071834 
932.00000000 0.43284323 0.22041464 0.17265570 0.08825517 0.04053108 0.01453714 0.03076305 
933.00000000 0.43265948 0.22032567 0.17276311 0.08833223 0.04056078 0.01455099 0.03080774 
934.00000000 0.43247584 0.22023674 0.17287045 0.08840925 0.04059047 0.01456484 0.03085241 
935.00000000 0.43229232 0.22014787 0.17297772 0.08848622 0.04062014 0.01457868 0.03089706 
936.00000000 0.43210890 0.22005904 0.17308491 0.08856314 0.04064980 0.01459251 0.03094169 
937.00000000 0.43192560 0.21997027 0.17319202 0.08864001 0.04067945 0.01460634 0.03098631 
938.00000000 0.43174240 0.21988154 0.17329906 0.08871684 0.04070908 0.01462017 0.03103091 
939.00000000 0.43155932 0.21979286 0.17340602 0.08879362 0.04073870 0.01463399 0.03107549 
940.00000000 0.43137635 0.21970424 0.17351291 0.08887035 0.04076831 0.01464780 0.03112005 
941.00000000 0.43119349 0.21961566 0.17361972 0.08894703 0.04079790 0.01466161 0.03116459 
942.00000000 0.43101074 0.21952713 0.17372646 0.08902367 0.04082748 0.01467542 0.03120911 
943.00000000 0.43082810 0.21943865 0.17383312 0.08910025 0.04085704 0.01468922 0.03125362 
944.00000000 0.43064557 0.21935023 0.17393971 0.08917680 0.04088659 0.01470301 0.03129810 
945.00000000 0.43046314 0.21926185 0.17404622 0.08925329 0.04091613 0.01471680 0.03134257 
946.00000000 0.43028083 0.21917352 0.17415265 0.08932974 0.04094565 0.01473058 0.03138702 
947.00000000 0.43009863 0.21908524 0.17425901 0.08940614 0.04097516 0.01474436 0.03143145 
948.00000000 0.42991654 0.21899701 0.17436530 0.08948249 0.04100466 0.01475814 0.03147586 
949.00000000 0.42973456 0.21890883 0.17447151 0.08955879 0.04103414 0.01477191 0.03152025 
950.00000000 0.42955269 0.21882070 0.17457765 0.08963505 0.04106361 0.01478567 0.03156463 
951.00000000 0.42937093 0.21873262 0.17468371 0.08971126 0.04109306 0.01479943 0.03160898 
952.00000000 0.42918928 0.21864459 0.17478970 0.08978742 0.04112250 0.01481318 0.03165332 
953.00000000 0.42900774 0.21855661 0.17489562 0.08986354 0.04115193 0.01482693 0.03169764 
954.00000000 0.42882630 0.21846868 0.17500145 0.08993961 0.04118134 0.01484068 0.03174194 
955.00000000 0.42864498 0.21838079 0.17510722 0.09001563 0.04121074 0.01485442 0.03178622 
956.00000000 0.42846377 0.21829296 0.17521291 0.09009161 0.04124012 0.01486815 0.03183048 
957.00000000 0.42828266 0.21820518 0.17531853 0.09016754 0.04126949 0.01488188 0.03187472 
958.00000000 0.42810166 0.21811744 0.17542407 0.09024342 0.04129885 0.01489560 0.03191895 
959.00000000 0.42792078 0.21802976 0.17552954 0.09031925 0.04132819 0.01490932 0.03196315 
960.00000000 0.42774000 0.21794213 0.17563494 0.09039504 0.04135752 0.01492303 0.03200734 
961.00000000 0.42755933 0.21785454 0.17574026 0.09047078 0.04138684 0.01493674 0.03205151 
962.00000000 0.42737877 0.21776701 0.17584551 0.09054648 0.04141614 0.01495044 0.03209566 
963.00000000 0.42719832 0.21767952 0.17595068 0.09062213 0.04144543 0.01496414 0.03213979 
964.00000000 0.42701797 0.21759208 0.17605578 0.09069773 0.04147471 0.01497783 0.03218390 
965.00000000 0.42683774 0.21750470 0.17616081 0.09077328 0.04150397 0.01499152 0.03222799 
966.00000000 0.42665761 0.21741736 0.17626576 0.09084879 0.04153321 0.01500520 0.03227206 
967.00000000 0.42647759 0.21733007 0.17637064 0.09092425 0.04156245 0.01501888 0.03231611 
968.00000000 0.42629768 0.21724283 0.17647545 0.09099967 0.04159167 0.01503255 0.03236015 
969.00000000 0.42611788 0.21715564 0.17658018 0.09107504 0.04162087 0.01504622 0.03240416 
970.00000000 0.42593818 0.21706851 0.17668485 0.09115036 0.04165007 0.01505988 0.03244816 
971.00000000 0.42575860 0.21698142 0.17678943 0.09122563 0.04167924 0.01507354 0.03249214 
972.00000000 0.42557912 0.21689437 0.17689395 0.09130086 0.04170841 0.01508719 0.03253610 
973.00000000 0.42539975 0.21680738 0.17699839 0.09137604 0.04173756 0.01510084 0.03258004 
974.00000000 0.42522048 0.21672044 0.17710276 0.09145118 0.04176670 0.01511448 0.03262396 
975.00000000 0.42504133 0.21663355 0.17720706 0.09152627 0.04179582 0.01512811 0.03266786 
976.00000000 0.42486228 0.21654671 0.17731128 0.09160132 0.04182493 0.01514175 0.03271174 
977.00000000 0.42468334 0.21645991 0.17741543 0.09167631 0.04185403 0.01515537 0.03275560 
978.00000000 0.42450451 0.21637317 0.17751951 0.09175126 0.04188311 0.01516899 0.03279944 
979.00000000 0.42432578 0.21628647 0.17762352 0.09182617 0.04191218 0.01518261 0.03284327 
980.00000000 0.42414716 0.21619983 0.17772745 0.09190103 0.04194123 0.01519622 0.03288707 
981.00000000 0.42396865 0.21611323 0.17783132 0.09197584 0.04197027 0.01520982 0.03293086 
982.00000000 0.42379025 0.21602668 0.17793511 0.09205061 0.04199930 0.01522342 0.03297463 
983.00000000 0.42361195 0.21594019 0.17803882 0.09212533 0.04202832 0.01523702 0.03301837 
984.00000000 0.42343376 0.21585374 0.17814247 0.09220001 0.04205732 0.01525061 0.03306210 
985.00000000 0.42325568 0.21576734 0.17824604 0.09227464 0.04208630 0.01526419 0.03310581 
986.00000000 0.42307770 0.21568099 0.17834955 0.09234922 0.04211527 0.01527777 0.03314950 
987.00000000 0.42289983 0.21559469 0.17845298 0.09242376 0.04214423 0.01529135 0.03319317 
988.00000000 0.42272207 0.21550844 0.17855633 0.09249825 0.04217318 0.01530492 0.03323682 
989.00000000 0.42254441 0.21542223 0.17865962 0.09257269 0.04220211 0.01531848 0.03328045 
990.00000000 0.42236686 0.21533608 0.17876284 0.09264709 0.04223103 0.01533204 0.03332406 
991.00000000 0.42218942 0.21524998 0.17886598 0.09272145 0.04225993 0.01534559 0.03336765 
992.00000000 0.42201208 0.21516392 0.17896905 0.09279576 0.04228882 0.01535914 0.03341123 
993.00000000 0.42183485 0.21507792 0.17907205 0.09287002 0.04231770 0.01537269 0.03345478 
994.00000000 0.42165772 0.21499196 0.17917498 0.09294424 0.04234656 0.01538622 0.03349831 
995.00000000 0.42148070 0.21490605 0.17927784 0.09301841 0.04237541 0.01539976 0.03354183 
996.00000000 0.42130379 0.21482019 0.17938063 0.09309253 0.04240425 0.01541329 0.03358532 
997.00000000 0.42112698 0.21473438 0.17948334 0.09316661 0.04243307 0.01542681 0.03362880 
998.00000000 0.42095028 0.21464862 0.17958599 0.09324065 0.04246188 0.01544033 0.03367225 
999.00000000 0.42077369 0.21456291 0.17968856 0.09331464 0.04249067 0.01545384 0.03371569 
