0.00000000 0.00225937 0.01191697 0.76937613 0.00190601 0.00102365 0.20810004 0.00541781 
1.00000000 0.00225937 0.01191697 0.76937613 0.00190601 0.00102365 0.20810004 0.00541781 
2.00000000 0.00225938 0.01191698 0.76937635 0.00190602 0.00102366 0.20809980 0.00541781 
3.00000000 0.00225943 0.01191708 0.76937775 0.00190603 0.00102368 0.20809827 0.00541775 
4.00000000 0.00225958 0.01191737 0.76938232 0.00190608 0.00102373 0.20809335 0.00541757 
5.00000000 0.00225991 0.01191802 0.76939273 0.00190617 0.00102385 0.20808216 0.00541716 
6.00000000 0.00226050 0.01191922 0.76941202 0.00190632 0.00102406 0.20806148 0.00541640 
7.00000000 0.00226147 0.01192115 0.76944308 0.00190658 0.00102439 0.20802816 0.00541517 
8.00000000 0.00226290 0.01192399 0.76948832 0.00190696 0.00102490 0.20797954 0.00541339 
9.00000000 0.00226489 0.01192788 0.76954933 0.00190752 0.00102562 0.20791376 0.00541101 
10.00000000 0.00226752 0.01193293 0.76962667 0.00190828 0.00102661 0.20782998 0.00540800 
11.00000000 0.00227088 0.01193920 0.76971986 0.00190931 0.00102791 0.20772842 0.00540442 
12.00000000 0.00227501 0.01194673 0.76982744 0.00191064 0.00102960 0.20761025 0.00540033 
13.00000000 0.00227999 0.01195552 0.76994727 0.00191233 0.00103172 0.20747734 0.00539583 
14.00000000 0.00228586 0.01196555 0.77007676 0.00191444 0.00103434 0.20733201 0.00539104 
15.00000000 0.00229269 0.01197680 0.77021325 0.00191702 0.00103752 0.20717661 0.00538609 
16.00000000 0.00230056 0.01198929 0.77035435 0.00192013 0.00104133 0.20701325 0.00538108 
17.00000000 0.00230955 0.01200302 0.77049813 0.00192382 0.00104584 0.20684354 0.00537610 
18.00000000 0.00231976 0.01201806 0.77064327 0.00192815 0.00105110 0.20666845 0.00537121 
19.00000000 0.00233130 0.01203448 0.77078908 0.00193316 0.00105718 0.20648835 0.00536645 
20.00000000 0.00234431 0.01205238 0.77093535 0.00193892 0.00106416 0.20630304 0.00536184 
21.00000000 0.00235893 0.01207188 0.77108220 0.00194546 0.00107208 0.20611208 0.00535738 
22.00000000 0.00237529 0.01209309 0.77122972 0.00195284 0.00108103 0.20591495 0.00535308 
23.00000000 0.00239355 0.01211613 0.77137779 0.00196111 0.00109105 0.20571143 0.00534894 
24.00000000 0.00241386 0.01214108 0.77152578 0.00197030 0.00110223 0.20550176 0.00534500 
25.00000000 0.00243634 0.01216799 0.77167242 0.00198047 0.00111461 0.20528686 0.00534130 
26.00000000 0.00246113 0.01219689 0.77181576 0.00199167 0.00112827 0.20506836 0.00533792 
27.00000000 0.00248836 0.01222779 0.77195319 0.00200393 0.00114327 0.20484852 0.00533495 
28.00000000 0.00251813 0.01226065 0.77208166 0.00201730 0.00115967 0.20463011 0.00533248 
29.00000000 0.00255058 0.01229544 0.77219789 0.00203183 0.00117753 0.20441612 0.00533062 
30.00000000 0.00258581 0.01233212 0.77229861 0.00204755 0.00119691 0.20420953 0.00532945 
31.00000000 0.00262395 0.01237066 0.77238090 0.00206450 0.00121788 0.20401304 0.00532907 
32.00000000 0.00266513 0.01241106 0.77244230 0.00208272 0.00124047 0.20382881 0.00532951 
33.00000000 0.00270947 0.01245332 0.77248100 0.00210224 0.00126476 0.20365840 0.00533081 
34.00000000 0.00275712 0.01249750 0.77249587 0.00212307 0.00129079 0.20350268 0.00533297 
35.00000000 0.00280824 0.01254365 0.77248636 0.00214524 0.00131860 0.20336195 0.00533596 
36.00000000 0.00286298 0.01259186 0.77245236 0.00216877 0.00134825 0.20323603 0.00533975 
37.00000000 0.00292150 0.01264222 0.77239399 0.00219366 0.00137977 0.20312456 0.00534429 
38.00000000 0.00298394 0.01269483 0.77231141 0.00221994 0.00141322 0.20302713 0.00534953 
39.00000000 0.00305046 0.01274977 0.77220456 0.00224760 0.00144861 0.20294358 0.00535542 
40.00000000 0.00312120 0.01280709 0.77207307 0.00227666 0.00148600 0.20287406 0.00536193 
41.00000000 0.00319627 0.01286684 0.77191617 0.00230711 0.00152541 0.20281920 0.00536901 
42.00000000 0.00327580 0.01292903 0.77173268 0.00233896 0.00156688 0.20278001 0.00537664 
43.00000000 0.00335989 0.01299366 0.77152116 0.00237222 0.00161043 0.20275785 0.00538479 
44.00000000 0.00344863 0.01306072 0.77128001 0.00240688 0.00165610 0.20275424 0.00539343 
45.00000000 0.00354210 0.01313017 0.77100770 0.00244294 0.00170389 0.20277067 0.00540252 
46.00000000 0.00364038 0.01320200 0.77070292 0.00248040 0.00175384 0.20280845 0.00541202 
47.00000000 0.00374353 0.01327618 0.77036476 0.00251924 0.00180596 0.20286847 0.00542185 
48.00000000 0.00385161 0.01335273 0.76999280 0.00255947 0.00186027 0.20295117 0.00543194 
49.00000000 0.00396470 0.01343166 0.76958715 0.00260106 0.00191677 0.20305648 0.00544220 
50.00000000 0.00408283 0.01351300 0.76914838 0.00264399 0.00197546 0.20318381 0.00545252 
51.00000000 0.00420607 0.01359681 0.76867748 0.00268824 0.00203636 0.20333223 0.00546280 
52.00000000 0.00433446 0.01368314 0.76817567 0.00273378 0.00209947 0.20350055 0.00547292 
53.00000000 0.00446804 0.01377205 0.76764428 0.00278059 0.00216477 0.20368749 0.00548278 
54.00000000 0.00460682 0.01386360 0.76708459 0.00282864 0.00223227 0.20389182 0.00549226 
55.00000000 0.00475082 0.01395783 0.76649775 0.00287790 0.00230195 0.20411248 0.00550126 
56.00000000 0.00490005 0.01405476 0.76588470 0.00292834 0.00237380 0.20434865 0.00550969 
57.00000000 0.00505448 0.01415441 0.76524620 0.00297993 0.00244781 0.20459973 0.00551745 
58.00000000 0.00521408 0.01425674 0.76458284 0.00303265 0.00252395 0.20486529 0.00552444 
59.00000000 0.00537880 0.01436175 0.76389517 0.00308647 0.00260222 0.20514501 0.00553058 
60.00000000 0.00554860 0.01446938 0.76318377 0.00314136 0.00268257 0.20543856 0.00553576 
61.00000000 0.00572340 0.01457958 0.76244938 0.00319730 0.00276498 0.20574547 0.00553989 
62.00000000 0.00590312 0.01469232 0.76169295 0.00325425 0.00284943 0.20606506 0.00554287 
63.00000000 0.00608767 0.01480753 0.76091573 0.00331219 0.00293588 0.20639639 0.00554460 
64.00000000 0.00627697 0.01492519 0.76011925 0.00337108 0.00302429 0.20673823 0.00554500 
65.00000000 0.00647090 0.01504526 0.75930529 0.00343088 0.00311463 0.20708909 0.00554396 
66.00000000 0.00666935 0.01516771 0.75847583 0.00349157 0.00320684 0.20744728 0.00554141 
67.00000000 0.00687222 0.01529254 0.75763297 0.00355310 0.00330090 0.20781101 0.00553727 
68.00000000 0.00707937 0.01541971 0.75677882 0.00361544 0.00339675 0.20817844 0.00553148 
69.00000000 0.00729067 0.01554921 0.75591547 0.00367854 0.00349434 0.20854780 0.00552398 
70.00000000 0.00750598 0.01568101 0.75504492 0.00374238 0.00359362 0.20891737 0.00551472 
71.00000000 0.00772515 0.01581507 0.75416908 0.00380692 0.00369453 0.20928558 0.00550368 
72.00000000 0.00794803 0.01595133 0.75328976 0.00387212 0.00379702 0.20965093 0.00549081 
73.00000000 0.00817445 0.01608973 0.75240873 0.00393796 0.00390102 0.21001202 0.00547609 
74.00000000 0.00840425 0.01623018 0.75152776 0.00400441 0.00400647 0.21036744 0.00545949 
75.00000000 0.00863723 0.01637260 0.75064868 0.00407144 0.00411332 0.21071575 0.00544099 
76.00000000 0.00887323 0.01651687 0.74977337 0.00413903 0.00422148 0.21105544 0.00542058 
77.00000000 0.00911206 0.01666290 0.74890385 0.00420715 0.00433089 0.21138491 0.00539824 
78.00000000 0.00935354 0.01681057 0.74804221 0.00427577 0.00444149 0.21170244 0.00537398 
79.00000000 0.00959747 0.01695976 0.74719064 0.00434487 0.00455320 0.21200626 0.00534779 
80.00000000 0.00984368 0.01711038 0.74635132 0.00441441 0.00466595 0.21229455 0.00531970 
81.00000000 0.01009198 0.01726232 0.74552642 0.00448437 0.00477967 0.21256550 0.00528974 
82.00000000 0.01034217 0.01741549 0.74471804 0.00455471 0.00489427 0.21281737 0.00525794 
83.00000000 0.01059407 0.01756978 0.74392816 0.00462540 0.00500970 0.21304852 0.00522437 
84.00000000 0.01084749 0.01772511 0.74315864 0.00469640 0.00512585 0.21325742 0.00518909 
85.00000000 0.01110225 0.01788137 0.74241123 0.00476769 0.00524266 0.21344264 0.00515217 
86.00000000 0.01135816 0.01803849 0.74168758 0.00483923 0.00536004 0.21360283 0.00511368 
87.00000000 0.01161503 0.01819635 0.74098930 0.00491099 0.00547790 0.21373670 0.00507372 
88.00000000 0.01187268 0.01835486 0.74031801 0.00498296 0.00559616 0.21384296 0.00503238 
89.00000000 0.01213093 0.01851390 0.73967535 0.00505510 0.00571474 0.21392025 0.00498973 
90.00000000 0.01238962 0.01867335 0.73906304 0.00512739 0.00583354 0.21396718 0.00494587 
91.00000000 0.01264856 0.01883311 0.73848285 0.00519981 0.00595248 0.21398228 0.00490091 
92.00000000 0.01290759 0.01899303 0.73793659 0.00527234 0.00607148 0.21396403 0.00485494 
93.00000000 0.01316657 0.01915300 0.73742608 0.00534494 0.00619045 0.21391091 0.00480806 
94.00000000 0.01342534 0.01931290 0.73695307 0.00541758 0.00630930 0.21382144 0.00476038 
95.00000000 0.01368376 0.01947260 0.73651918 0.00549024 0.00642794 0.21369426 0.00471202 
96.00000000 0.01394170 0.01963200 0.73612587 0.00556288 0.00654630 0.21352816 0.00466310 
97.00000000 0.01419902 0.01979099 0.73577436 0.00563545 0.00666428 0.21332215 0.00461375 
98.00000000 0.01445562 0.01994948 0.73546566 0.00570793 0.00678181 0.21307542 0.00456409 
99.00000000 0.01471137 0.02010738 0.73520056 0.00578028 0.00689878 0.21278738 0.00451425 
100.00000000 0.01496617 0.02026461 0.73497967 0.00585244 0.00701512 0.21245760 0.00446438 
101.00000000 0.01521992 0.02042110 0.73480350 0.00592439 0.00713073 0.21208574 0.00441460 
102.00000000 0.01547252 0.02057680 0.73467249 0.00599609 0.00724554 0.21167152 0.00436505 
103.00000000 0.01572388 0.02073163 0.73458708 0.00606750 0.00735945 0.21121461 0.00431585 
104.00000000 0.01597392 0.02088555 0.73454780 0.00613858 0.00747237 0.21071465 0.00426713 
105.00000000 0.01622255 0.02103850 0.73455522 0.00620930 0.00758424 0.21017116 0.00421902 
106.00000000 0.01646972 0.02119042 0.73461000 0.00627962 0.00769496 0.20958362 0.00417165 
107.00000000 0.01671536 0.02134127 0.73471283 0.00634950 0.00780447 0.20895143 0.00412513 
108.00000000 0.01695943 0.02149099 0.73486436 0.00641891 0.00791268 0.20827404 0.00407958 
109.00000000 0.01720189 0.02163955 0.73506518 0.00648780 0.00801952 0.20755094 0.00403512 
110.00000000 0.01744271 0.02178689 0.73531569 0.00655611 0.00812493 0.20678181 0.00399186 
111.00000000 0.01768186 0.02193299 0.73561607 0.00662381 0.00822883 0.20596653 0.00394990 
112.00000000 0.01791935 0.02207783 0.73596626 0.00669084 0.00833116 0.20510520 0.00390935 
113.00000000 0.01815516 0.02222138 0.73636594 0.00675715 0.00843185 0.20419821 0.00387031 
114.00000000 0.01838930 0.02236366 0.73681451 0.00682267 0.00853083 0.20324616 0.00383286 
115.00000000 0.01862178 0.02250468 0.73731120 0.00688737 0.00862805 0.20224984 0.00379708 
116.00000000 0.01885260 0.02264445 0.73785512 0.00695119 0.00872343 0.20121015 0.00376306 
117.00000000 0.01908178 0.02278302 0.73844530 0.00701408 0.00881692 0.20012805 0.00373085 
118.00000000 0.01930933 0.02292043 0.73908078 0.00707599 0.00890848 0.19900446 0.00370053 
119.00000000 0.01953528 0.02305674 0.73976066 0.00713688 0.00899804 0.19784024 0.00367216 
120.00000000 0.01975965 0.02319199 0.74048414 0.00719670 0.00908557 0.19663618 0.00364577 
121.00000000 0.01998245 0.02332625 0.74125047 0.00725542 0.00917103 0.19539295 0.00362143 
122.00000000 0.02020373 0.02345958 0.74205898 0.00731299 0.00925438 0.19411117 0.00359917 
123.00000000 0.02042352 0.02359204 0.74290897 0.00736936 0.00933560 0.19279148 0.00357903 
124.00000000 0.02064186 0.02372369 0.74379972 0.00742449 0.00941465 0.19143455 0.00356104 
125.00000000 0.02085881 0.02385458 0.74473033 0.00747834 0.00949153 0.19004119 0.00354521 
126.00000000 0.02107443 0.02398479 0.74569979 0.00753086 0.00956620 0.18861237 0.00353156 
127.00000000 0.02128878 0.02411437 0.74670683 0.00758200 0.00963866 0.18714928 0.00352009 
128.00000000 0.02150192 0.02424339 0.74775001 0.00763172 0.00970887 0.18565329 0.00351079 
129.00000000 0.02171392 0.02437195 0.74882766 0.00767998 0.00977685 0.18412600 0.00350365 
130.00000000 0.02192485 0.02450013 0.74993798 0.00772673 0.00984256 0.18256911 0.00349863 
131.00000000 0.02213478 0.02462802 0.75107910 0.00777195 0.00990602 0.18098442 0.00349571 
132.00000000 0.02234377 0.02475574 0.75224906 0.00781560 0.00996722 0.17937377 0.00349484 
133.00000000 0.02255187 0.02488340 0.75344599 0.00785765 0.01002618 0.17773893 0.00349598 
134.00000000 0.02275914 0.02501111 0.75466803 0.00789809 0.01008291 0.17608164 0.00349908 
135.00000000 0.02296564 0.02513901 0.75591343 0.00793690 0.01013742 0.17440350 0.00350409 
136.00000000 0.02317142 0.02526720 0.75718054 0.00797406 0.01018976 0.17270607 0.00351094 
137.00000000 0.02337652 0.02539580 0.75846774 0.00800958 0.01023996 0.17099082 0.00351959 
138.00000000 0.02358100 0.02552491 0.75977345 0.00804343 0.01028804 0.16925919 0.00352998 
139.00000000 0.02378493 0.02565464 0.76109608 0.00807561 0.01033406 0.16751266 0.00354202 
140.00000000 0.02398835 0.02578506 0.76243397 0.00810612 0.01037807 0.16575278 0.00355565 
141.00000000 0.02419134 0.02591627 0.76378537 0.00813495 0.01042010 0.16398119 0.00357079 
142.00000000 0.02439397 0.02604833 0.76514840 0.00816210 0.01046022 0.16219964 0.00358734 
143.00000000 0.02459630 0.02618133 0.76652110 0.00818757 0.01049846 0.16041001 0.00360523 
144.00000000 0.02479840 0.02631533 0.76790141 0.00821138 0.01053489 0.15861425 0.00362434 
145.00000000 0.02500034 0.02645041 0.76928722 0.00823353 0.01056956 0.15681436 0.00364458 
146.00000000 0.02520218 0.02658665 0.77067640 0.00825403 0.01060255 0.15501236 0.00366583 
147.00000000 0.02540397 0.02672414 0.77206686 0.00827292 0.01063390 0.15321020 0.00368800 
148.00000000 0.02560576 0.02686296 0.77345657 0.00829023 0.01066371 0.15140979 0.00371097 
149.00000000 0.02580760 0.02700319 0.77484359 0.00830598 0.01069204 0.14961294 0.00373465 
150.00000000 0.02600951 0.02714492 0.77622605 0.00832023 0.01071899 0.14782136 0.00375893 
151.00000000 0.02621154 0.02728823 0.77760218 0.00833301 0.01074465 0.14603668 0.00378371 
152.00000000 0.02641361 0.02743318 0.77897198 0.00834440 0.01076916 0.14425872 0.00380894 
153.00000000 0.02661578 0.02757982 0.78033345 0.00835443 0.01079262 0.14248936 0.00383453 
154.00000000 0.02681810 0.02772817 0.78168467 0.00836316 0.01081511 0.14073043 0.00386036 
155.00000000 0.02702060 0.02787828 0.78302370 0.00837063 0.01083673 0.13898373 0.00388632 
156.00000000 0.02722334 0.02803016 0.78434869 0.00837692 0.01085757 0.13725103 0.00391229 
157.00000000 0.02742636 0.02818384 0.78565779 0.00838206 0.01087772 0.13553404 0.00393819 
158.00000000 0.02762970 0.02833932 0.78694923 0.00838614 0.01089728 0.13383445 0.00396389 
159.00000000 0.02783340 0.02849662 0.78822126 0.00838920 0.01091635 0.13215387 0.00398929 
160.00000000 0.02803752 0.02865572 0.78947220 0.00839133 0.01093503 0.13049390 0.00401431 
161.00000000 0.02824209 0.02881662 0.79070040 0.00839259 0.01095340 0.12885606 0.00403883 
162.00000000 0.02844715 0.02897932 0.79190429 0.00839305 0.01097159 0.12724183 0.00406277 
163.00000000 0.02865275 0.02914378 0.79308234 0.00839280 0.01098967 0.12565263 0.00408604 
164.00000000 0.02885893 0.02930998 0.79423307 0.00839190 0.01100776 0.12408982 0.00410854 
165.00000000 0.02906573 0.02947790 0.79535508 0.00839044 0.01102596 0.12255470 0.00413019 
166.00000000 0.02927319 0.02964749 0.79644702 0.00838851 0.01104435 0.12104853 0.00415092 
167.00000000 0.02948135 0.02981871 0.79750759 0.00838617 0.01106305 0.11957249 0.00417064 
168.00000000 0.02969026 0.02999151 0.79853558 0.00838352 0.01108214 0.11812769 0.00418929 
169.00000000 0.02989996 0.03016585 0.79952984 0.00838064 0.01110172 0.11671519 0.00420680 
170.00000000 0.03011050 0.03034166 0.80048927 0.00837761 0.01112189 0.11533598 0.00422310 
171.00000000 0.03032191 0.03051888 0.80141284 0.00837451 0.01114274 0.11399098 0.00423814 
172.00000000 0.03053424 0.03069745 0.80229961 0.00837144 0.01116435 0.11268104 0.00425187 
173.00000000 0.03074754 0.03087730 0.80314870 0.00836847 0.01118682 0.11140695 0.00426422 
174.00000000 0.03096185 0.03105835 0.80395928 0.00836569 0.01121022 0.11016944 0.00427517 
175.00000000 0.03117722 0.03124053 0.80473062 0.00836317 0.01123465 0.10896915 0.00428466 
176.00000000 0.03139370 0.03142376 0.80546204 0.00836101 0.01126018 0.10780665 0.00429267 
177.00000000 0.03161132 0.03160796 0.80615294 0.00835927 0.01128688 0.10668246 0.00429916 
178.00000000 0.03183014 0.03179305 0.80680280 0.00835805 0.01131482 0.10559703 0.00430412 
179.00000000 0.03205021 0.03197893 0.80741116 0.00835740 0.01134409 0.10455071 0.00430751 
180.00000000 0.03227157 0.03216554 0.80797762 0.00835742 0.01137473 0.10354380 0.00430932 
181.00000000 0.03249428 0.03235277 0.80850189 0.00835816 0.01140681 0.10257655 0.00430954 
182.00000000 0.03271838 0.03254054 0.80898372 0.00835969 0.01144039 0.10164912 0.00430816 
183.00000000 0.03294392 0.03272877 0.80942293 0.00836209 0.01147551 0.10076159 0.00430519 
184.00000000 0.03317095 0.03291735 0.80981943 0.00836542 0.01151223 0.09991400 0.00430062 
185.00000000 0.03339953 0.03310622 0.81017318 0.00836972 0.01155059 0.09910630 0.00429446 
186.00000000 0.03362969 0.03329527 0.81048422 0.00837507 0.01159062 0.09833839 0.00428672 
187.00000000 0.03386150 0.03348443 0.81075265 0.00838152 0.01163237 0.09761011 0.00427742 
188.00000000 0.03409499 0.03367361 0.81097866 0.00838911 0.01167585 0.09692121 0.00426657 
189.00000000 0.03433022 0.03386271 0.81116248 0.00839788 0.01172110 0.09627140 0.00425420 
190.00000000 0.03456723 0.03405167 0.81130441 0.00840789 0.01176813 0.09566033 0.00424034 
191.00000000 0.03480608 0.03424040 0.81140482 0.00841917 0.01181696 0.09508757 0.00422500 
192.00000000 0.03504680 0.03442883 0.81146414 0.00843174 0.01186759 0.09455266 0.00420824 
193.00000000 0.03528945 0.03461687 0.81148287 0.00844565 0.01192003 0.09405506 0.00419008 
194.00000000 0.03553406 0.03480446 0.81146155 0.00846092 0.01197428 0.09359418 0.00417056 
195.00000000 0.03578068 0.03499152 0.81140079 0.00847756 0.01203033 0.09316938 0.00414973 
196.00000000 0.03602936 0.03517799 0.81130127 0.00849560 0.01208818 0.09277998 0.00412762 
197.00000000 0.03628012 0.03536380 0.81116369 0.00851505 0.01214780 0.09242523 0.00410430 
198.00000000 0.03653302 0.03554890 0.81098883 0.00853592 0.01220918 0.09210435 0.00407981 
199.00000000 0.03678808 0.03573322 0.81077752 0.00855821 0.01227229 0.09181650 0.00405420 
200.00000000 0.03704533 0.03591670 0.81053062 0.00858192 0.01233710 0.09156081 0.00402752 
201.00000000 0.03730482 0.03609931 0.81024905 0.00860705 0.01240358 0.09133636 0.00399984 
202.00000000 0.03756656 0.03628099 0.80993379 0.00863359 0.01247169 0.09114219 0.00397120 
203.00000000 0.03783059 0.03646169 0.80958582 0.00866153 0.01254139 0.09097731 0.00394167 
204.00000000 0.03809693 0.03664138 0.80920621 0.00869086 0.01261263 0.09084069 0.00391131 
205.00000000 0.03836560 0.03682002 0.80879603 0.00872154 0.01268536 0.09073127 0.00388018 
206.00000000 0.03863661 0.03699758 0.80835641 0.00875358 0.01275952 0.09064797 0.00384833 
207.00000000 0.03890999 0.03717402 0.80788850 0.00878692 0.01283507 0.09058966 0.00381584 
208.00000000 0.03918575 0.03734932 0.80739348 0.00882155 0.01291193 0.09055521 0.00378276 
209.00000000 0.03946389 0.03752345 0.80687257 0.00885744 0.01299004 0.09054344 0.00374916 
210.00000000 0.03974443 0.03769640 0.80632701 0.00889454 0.01306934 0.09055318 0.00371510 
211.00000000 0.04002736 0.03786815 0.80575807 0.00893282 0.01314975 0.09058321 0.00368064 
212.00000000 0.04031268 0.03803868 0.80516703 0.00897223 0.01323120 0.09063233 0.00364585 
213.00000000 0.04060039 0.03820799 0.80455520 0.00901274 0.01331361 0.09069929 0.00361078 
214.00000000 0.04089049 0.03837607 0.80392390 0.00905429 0.01339691 0.09078285 0.00357549 
215.00000000 0.04118296 0.03854290 0.80327447 0.00909683 0.01348102 0.09088176 0.00354005 
216.00000000 0.04147779 0.03870850 0.80260826 0.00914032 0.01356585 0.09099477 0.00350451 
217.00000000 0.04177495 0.03887286 0.80192662 0.00918470 0.01365132 0.09112061 0.00346894 
218.00000000 0.04207444 0.03903598 0.80123092 0.00922992 0.01373735 0.09125801 0.00343338 
219.00000000 0.04237623 0.03919787 0.80052254 0.00927591 0.01382384 0.09140571 0.00339790 
220.00000000 0.04268028 0.03935854 0.79980285 0.00932262 0.01391072 0.09156246 0.00336254 
221.00000000 0.04298658 0.03951799 0.79907321 0.00937000 0.01399788 0.09172699 0.00332735 
222.00000000 0.04329507 0.03967623 0.79833500 0.00941798 0.01408526 0.09189806 0.00329239 
223.00000000 0.04360574 0.03983329 0.79758958 0.00946650 0.01417274 0.09207443 0.00325771 
224.00000000 0.04391854 0.03998917 0.79683832 0.00951550 0.01426026 0.09225487 0.00322334 
225.00000000 0.04423343 0.04014389 0.79608256 0.00956493 0.01434771 0.09243817 0.00318933 
226.00000000 0.04455035 0.04029747 0.79532363 0.00961470 0.01443500 0.09262312 0.00315573 
227.00000000 0.04486928 0.04044992 0.79456287 0.00966477 0.01452206 0.09280854 0.00312256 
228.00000000 0.04519014 0.04060127 0.79380158 0.00971508 0.01460879 0.09299327 0.00308987 
229.00000000 0.04551291 0.04075153 0.79304106 0.00976555 0.01469510 0.09317617 0.00305769 
230.00000000 0.04583750 0.04090073 0.79228256 0.00981614 0.01478091 0.09335611 0.00302605 
231.00000000 0.04616389 0.04104888 0.79152734 0.00986677 0.01486613 0.09353200 0.00299498 
232.00000000 0.04649199 0.04119602 0.79077663 0.00991740 0.01495068 0.09370277 0.00296451 
233.00000000 0.04682176 0.04134215 0.79003163 0.00996795 0.01503448 0.09386737 0.00293465 
234.00000000 0.04715314 0.04148732 0.78929350 0.01001838 0.01511744 0.09402479 0.00290544 
235.00000000 0.04748605 0.04163153 0.78856339 0.01006862 0.01519950 0.09417404 0.00287688 
236.00000000 0.04782044 0.04177481 0.78784241 0.01011862 0.01528056 0.09431416 0.00284900 
237.00000000 0.04815625 0.04191718 0.78713164 0.01016832 0.01536056 0.09444424 0.00282180 
238.00000000 0.04849340 0.04205868 0.78643213 0.01021768 0.01543943 0.09456338 0.00279530 
239.00000000 0.04883183 0.04219931 0.78574489 0.01026664 0.01551709 0.09467073 0.00276951 
240.00000000 0.04917148 0.04233911 0.78507089 0.01031515 0.01559347 0.09476547 0.00274443 
241.00000000 0.04951227 0.04247809 0.78441108 0.01036316 0.01566852 0.09484682 0.00272006 
242.00000000 0.04985415 0.04261628 0.78376634 0.01041063 0.01574216 0.09491403 0.00269641 
243.00000000 0.05019705 0.04275369 0.78313753 0.01045751 0.01581434 0.09496640 0.00267348 
244.00000000 0.05054089 0.04289036 0.78252548 0.01050377 0.01588500 0.09500325 0.00265126 
245.00000000 0.05088562 0.04302629 0.78193096 0.01054935 0.01595409 0.09502396 0.00262974 
246.00000000 0.05123116 0.04316152 0.78135469 0.01059423 0.01602155 0.09502793 0.00260892 
247.00000000 0.05157747 0.04329606 0.78079737 0.01063836 0.01608733 0.09501462 0.00258879 
248.00000000 0.05192446 0.04342992 0.78025965 0.01068172 0.01615140 0.09498352 0.00256933 
249.00000000 0.05227209 0.04356313 0.77974211 0.01072426 0.01621369 0.09493416 0.00255054 
250.00000000 0.05262029 0.04369571 0.77924532 0.01076597 0.01627419 0.09486611 0.00253240 
251.00000000 0.05296901 0.04382767 0.77876978 0.01080681 0.01633284 0.09477900 0.00251490 
252.00000000 0.05331818 0.04395903 0.77831596 0.01084675 0.01638962 0.09467246 0.00249801 
253.00000000 0.05366775 0.04408980 0.77788427 0.01088578 0.01644449 0.09454621 0.00248171 
254.00000000 0.05401767 0.04422000 0.77747507 0.01092387 0.01649742 0.09439998 0.00246599 
255.00000000 0.05436788 0.04434965 0.77708870 0.01096100 0.01654840 0.09423354 0.00245082 
256.00000000 0.05471834 0.04447875 0.77672543 0.01099716 0.01659740 0.09404673 0.00243619 
257.00000000 0.05506900 0.04460733 0.77638548 0.01103233 0.01664439 0.09383941 0.00242207 
258.00000000 0.05541981 0.04473539 0.77606904 0.01106650 0.01668937 0.09361146 0.00240843 
259.00000000 0.05577074 0.04486295 0.77577625 0.01109965 0.01673232 0.09336285 0.00239525 
260.00000000 0.05612173 0.04499002 0.77550719 0.01113178 0.01677323 0.09309355 0.00238250 
261.00000000 0.05647276 0.04511660 0.77526192 0.01116288 0.01681209 0.09280357 0.00237017 
262.00000000 0.05682379 0.04524272 0.77504043 0.01119295 0.01684890 0.09249299 0.00235822 
263.00000000 0.05717479 0.04536838 0.77484268 0.01122198 0.01688366 0.09216190 0.00234662 
264.00000000 0.05752572 0.04549358 0.77466859 0.01124996 0.01691636 0.09181042 0.00233536 
265.00000000 0.05787656 0.04561835 0.77451801 0.01127691 0.01694701 0.09143875 0.00232441 
266.00000000 0.05822728 0.04574269 0.77439078 0.01130281 0.01697563 0.09104708 0.00231374 
267.00000000 0.05857786 0.04586660 0.77428669 0.01132768 0.01700220 0.09063565 0.00230332 
268.00000000 0.05892828 0.04599009 0.77420548 0.01135152 0.01702675 0.09020474 0.00229313 
269.00000000 0.05927852 0.04611318 0.77414686 0.01137433 0.01704930 0.08975466 0.00228315 
270.00000000 0.05962857 0.04623587 0.77411048 0.01139612 0.01706984 0.08928576 0.00227335 
271.00000000 0.05997842 0.04635816 0.77409599 0.01141690 0.01708841 0.08879840 0.00226371 
272.00000000 0.06032805 0.04648007 0.77410298 0.01143669 0.01710503 0.08829299 0.00225420 
273.00000000 0.06067746 0.04660159 0.77413100 0.01145548 0.01711970 0.08776996 0.00224481 
274.00000000 0.06102665 0.04672274 0.77417957 0.01147330 0.01713247 0.08722977 0.00223551 
275.00000000 0.06137560 0.04684352 0.77424820 0.01149015 0.01714335 0.08667291 0.00222628 
276.00000000 0.06172432 0.04696393 0.77433633 0.01150605 0.01715238 0.08609989 0.00221710 
277.00000000 0.06207282 0.04708399 0.77444340 0.01152102 0.01715958 0.08551125 0.00220795 
278.00000000 0.06242108 0.04720368 0.77456881 0.01153507 0.01716498 0.08490755 0.00219882 
279.00000000 0.06276913 0.04732303 0.77471194 0.01154822 0.01716863 0.08428937 0.00218969 
280.00000000 0.06311696 0.04744203 0.77487213 0.01156049 0.01717054 0.08365732 0.00218055 
281.00000000 0.06346458 0.04756068 0.77504870 0.01157189 0.01717076 0.08301201 0.00217137 
282.00000000 0.06381201 0.04767900 0.77524097 0.01158244 0.01716933 0.08235410 0.00216215 
283.00000000 0.06415925 0.04779698 0.77544820 0.01159217 0.01716628 0.08168424 0.00215288 
284.00000000 0.06450633 0.04791463 0.77566966 0.01160109 0.01716166 0.08100309 0.00214354 
285.00000000 0.06485325 0.04803194 0.77590459 0.01160922 0.01715550 0.08031136 0.00213413 
286.00000000 0.06520004 0.04814893 0.77615222 0.01161659 0.01714785 0.07960975 0.00212463 
287.00000000 0.06554670 0.04826559 0.77641176 0.01162322 0.01713874 0.07889895 0.00211504 
288.00000000 0.06589326 0.04838193 0.77668240 0.01162912 0.01712824 0.07817970 0.00210536 
289.00000000 0.06623973 0.04849794 0.77696334 0.01163432 0.01711637 0.07745274 0.00209557 
290.00000000 0.06658614 0.04861364 0.77725374 0.01163884 0.01710319 0.07671878 0.00208567 
291.00000000 0.06693251 0.04872901 0.77755278 0.01164270 0.01708874 0.07597860 0.00207567 
292.00000000 0.06727885 0.04884406 0.77785961 0.01164593 0.01707307 0.07523292 0.00206555 
293.00000000 0.06762519 0.04895880 0.77817340 0.01164855 0.01705622 0.07448251 0.00205532 
294.00000000 0.06797156 0.04907321 0.77849329 0.01165058 0.01703825 0.07372812 0.00204498 
295.00000000 0.06831796 0.04918731 0.77881844 0.01165204 0.01701921 0.07297051 0.00203453 
296.00000000 0.06866444 0.04930109 0.77914798 0.01165296 0.01699913 0.07221044 0.00202396 
297.00000000 0.06901100 0.04941454 0.77948108 0.01165336 0.01697807 0.07144865 0.00201329 
298.00000000 0.06935768 0.04952768 0.77981689 0.01165326 0.01695609 0.07068590 0.00200251 
299.00000000 0.06970449 0.04964049 0.78015455 0.01165269 0.01693322 0.06992294 0.00199162 
300.00000000 0.07005145 0.04975298 0.78049324 0.01165166 0.01690952 0.06916050 0.00198064 
301.00000000 0.07039860 0.04986514 0.78083212 0.01165021 0.01688504 0.06839932 0.00196957 
302.00000000 0.07074594 0.04997697 0.78117036 0.01164835 0.01685983 0.06764013 0.00195841 
303.00000000 0.07109351 0.05008846 0.78150717 0.01164610 0.01683394 0.06688365 0.00194717 
304.00000000 0.07144132 0.05019963 0.78184172 0.01164349 0.01680741 0.06613057 0.00193586 
305.00000000 0.07178939 0.05031045 0.78217324 0.01164054 0.01678031 0.06538160 0.00192447 
306.00000000 0.07213775 0.05042093 0.78250095 0.01163727 0.01675266 0.06463741 0.00191303 
307.00000000 0.07248641 0.05053106 0.78282409 0.01163370 0.01672453 0.06389869 0.00190152 
308.00000000 0.07283539 0.05064084 0.78314190 0.01162986 0.01669596 0.06316607 0.00188997 
309.00000000 0.07318471 0.05075026 0.78345366 0.01162577 0.01666701 0.06244021 0.00187838 
310.00000000 0.07353438 0.05085932 0.78375867 0.01162145 0.01663771 0.06172172 0.00186676 
311.00000000 0.07388442 0.05096801 0.78405623 0.01161691 0.01660812 0.06101121 0.00185511 
312.00000000 0.07423485 0.05107632 0.78434566 0.01161219 0.01657827 0.06030926 0.00184344 
313.00000000 0.07458568 0.05118426 0.78462633 0.01160729 0.01654823 0.05961644 0.00183177 
314.00000000 0.07493693 0.05129181 0.78489760 0.01160225 0.01651802 0.05893331 0.00182008 
315.00000000 0.07528860 0.05139896 0.78515887 0.01159708 0.01648771 0.05826038 0.00180840 
316.00000000 0.07564071 0.05150572 0.78540956 0.01159180 0.01645732 0.05759817 0.00179672 
317.00000000 0.07599327 0.05161206 0.78564911 0.01158643 0.01642691 0.05694715 0.00178506 
318.00000000 0.07634629 0.05171799 0.78587699 0.01158100 0.01639651 0.05630779 0.00177343 
319.00000000 0.07669978 0.05182350 0.78609269 0.01157551 0.01636618 0.05568053 0.00176181 
320.00000000 0.07705374 0.05192858 0.78629575 0.01157000 0.01633594 0.05506578 0.00175023 
321.00000000 0.07740818 0.05203321 0.78648570 0.01156447 0.01630583 0.05446392 0.00173868 
322.00000000 0.07776311 0.05213740 0.78666212 0.01155895 0.01627591 0.05387533 0.00172717 
323.00000000 0.07811853 0.05224113 0.78682462 0.01155345 0.01624619 0.05330035 0.00171571 
324.00000000 0.07847445 0.05234440 0.78697283 0.01154800 0.01621673 0.05273929 0.00170429 
325.00000000 0.07883087 0.05244720 0.78710641 0.01154261 0.01618756 0.05219244 0.00169292 
326.00000000 0.07918780 0.05254951 0.78722504 0.01153730 0.01615870 0.05166006 0.00168160 
327.00000000 0.07954522 0.05265133 0.78732845 0.01153208 0.01613020 0.05114238 0.00167034 
328.00000000 0.07990315 0.05275265 0.78741638 0.01152697 0.01610209 0.05063963 0.00165913 
329.00000000 0.08026158 0.05285347 0.78748860 0.01152199 0.01607439 0.05015199 0.00164797 
330.00000000 0.08062052 0.05295377 0.78754494 0.01151716 0.01604714 0.04967961 0.00163687 
331.00000000 0.08097995 0.05305354 0.78758521 0.01151248 0.01602036 0.04922262 0.00162583 
332.00000000 0.08133989 0.05315278 0.78760929 0.01150798 0.01599409 0.04878114 0.00161483 
333.00000000 0.08170032 0.05325148 0.78761706 0.01150367 0.01596835 0.04835523 0.00160389 
334.00000000 0.08206124 0.05334963 0.78760845 0.01149957 0.01594316 0.04794496 0.00159300 
335.00000000 0.08242265 0.05344722 0.78758341 0.01149568 0.01591855 0.04755035 0.00158215 
336.00000000 0.08278453 0.05354425 0.78754191 0.01149202 0.01589454 0.04717139 0.00157135 
337.00000000 0.08314690 0.05364070 0.78748397 0.01148860 0.01587115 0.04680808 0.00156059 
338.00000000 0.08350973 0.05373658 0.78740962 0.01148544 0.01584840 0.04646036 0.00154987 
339.00000000 0.08387302 0.05383187 0.78731892 0.01148255 0.01582631 0.04612815 0.00153918 
340.00000000 0.08423677 0.05392657 0.78721195 0.01147994 0.01580490 0.04581135 0.00152852 
341.00000000 0.08460097 0.05402067 0.78708884 0.01147763 0.01578417 0.04550986 0.00151788 
342.00000000 0.08496560 0.05411416 0.78694972 0.01147561 0.01576415 0.04522350 0.00150726 
343.00000000 0.08533067 0.05420705 0.78679476 0.01147390 0.01574484 0.04495213 0.00149665 
344.00000000 0.08569615 0.05429932 0.78662415 0.01147251 0.01572627 0.04469555 0.00148604 
345.00000000 0.08606205 0.05439098 0.78643810 0.01147145 0.01570842 0.04445355 0.00147544 
346.00000000 0.08642835 0.05448202 0.78623686 0.01147073 0.01569133 0.04422589 0.00146483 
347.00000000 0.08679504 0.05457243 0.78602067 0.01147035 0.01567499 0.04401232 0.00145421 
348.00000000 0.08716212 0.05466221 0.78578983 0.01147032 0.01565940 0.04381256 0.00144357 
349.00000000 0.08752956 0.05475137 0.78554463 0.01147064 0.01564458 0.04362632 0.00143290 
350.00000000 0.08789737 0.05483989 0.78528540 0.01147133 0.01563052 0.04345329 0.00142220 
351.00000000 0.08826553 0.05492779 0.78501248 0.01147238 0.01561723 0.04329314 0.00141146 
352.00000000 0.08863403 0.05501505 0.78472623 0.01147380 0.01560470 0.04314552 0.00140068 
353.00000000 0.08900285 0.05510168 0.78442703 0.01147559 0.01559293 0.04301008 0.00138984 
354.00000000 0.08937199 0.05518769 0.78411527 0.01147775 0.01558193 0.04288642 0.00137895 
355.00000000 0.08974144 0.05527306 0.78379137 0.01148029 0.01557168 0.04277417 0.00136799 
356.00000000 0.09011118 0.05535781 0.78345574 0.01148321 0.01556219 0.04267292 0.00135695 
357.00000000 0.09048120 0.05544194 0.78310884 0.01148650 0.01555343 0.04258224 0.00134584 
358.00000000 0.09085149 0.05552545 0.78275111 0.01149017 0.01554542 0.04250171 0.00133465 
359.00000000 0.09122204 0.05560834 0.78238302 0.01149421 0.01553812 0.04243089 0.00132337 
360.00000000 0.09159284 0.05569063 0.78200504 0.01149862 0.01553155 0.04236933 0.00131199 
361.00000000 0.09196387 0.05577231 0.78161767 0.01150340 0.01552567 0.04231656 0.00130051 
362.00000000 0.09233513 0.05585340 0.78122138 0.01150854 0.01552049 0.04227213 0.00128894 
363.00000000 0.09270659 0.05593389 0.78081670 0.01151404 0.01551598 0.04223555 0.00127725 
364.00000000 0.09307825 0.05601380 0.78040412 0.01151989 0.01551214 0.04220635 0.00126545 
365.00000000 0.09345010 0.05609314 0.77998416 0.01152609 0.01550893 0.04218404 0.00125354 
366.00000000 0.09382213 0.05617191 0.77955735 0.01153263 0.01550636 0.04216812 0.00124151 
367.00000000 0.09419431 0.05625012 0.77912421 0.01153950 0.01550439 0.04215811 0.00122936 
368.00000000 0.09456665 0.05632779 0.77868527 0.01154669 0.01550301 0.04215351 0.00121709 
369.00000000 0.09493912 0.05640492 0.77824105 0.01155419 0.01550220 0.04215382 0.00120469 
370.00000000 0.09531172 0.05648152 0.77779210 0.01156200 0.01550194 0.04215854 0.00119218 
371.00000000 0.09568443 0.05655761 0.77733894 0.01157010 0.01550220 0.04216718 0.00117953 
372.00000000 0.09605725 0.05663320 0.77688211 0.01157848 0.01550296 0.04217923 0.00116676 
373.00000000 0.09643015 0.05670830 0.77642213 0.01158713 0.01550420 0.04219421 0.00115387 
374.00000000 0.09680313 0.05678293 0.77595954 0.01159603 0.01550590 0.04221161 0.00114086 
375.00000000 0.09717618 0.05685708 0.77549485 0.01160518 0.01550802 0.04223096 0.00112772 
376.00000000 0.09754928 0.05693079 0.77502858 0.01161455 0.01551055 0.04225177 0.00111447 
377.00000000 0.09792242 0.05700407 0.77456126 0.01162414 0.01551345 0.04227355 0.00110110 
378.00000000 0.09829560 0.05707692 0.77409339 0.01163393 0.01551671 0.04229584 0.00108762 
379.00000000 0.09866879 0.05714936 0.77362547 0.01164390 0.01552029 0.04231816 0.00107404 
380.00000000 0.09904198 0.05722140 0.77315799 0.01165404 0.01552417 0.04234007 0.00106035 
381.00000000 0.09941517 0.05729307 0.77269144 0.01166432 0.01552832 0.04236112 0.00104656 
382.00000000 0.09978835 0.05736438 0.77222630 0.01167474 0.01553270 0.04238085 0.00103267 
383.00000000 0.10016149 0.05743533 0.77176304 0.01168528 0.01553730 0.04239884 0.00101871 
384.00000000 0.10053460 0.05750595 0.77130211 0.01169592 0.01554209 0.04241468 0.00100466 
385.00000000 0.10090765 0.05757625 0.77084395 0.01170664 0.01554703 0.04242794 0.00099054 
386.00000000 0.10128064 0.05764624 0.77038900 0.01171742 0.01555210 0.04243824 0.00097635 
387.00000000 0.10165356 0.05771595 0.76993768 0.01172825 0.01555727 0.04244518 0.00096210 
388.00000000 0.10202640 0.05778538 0.76949041 0.01173911 0.01556251 0.04244839 0.00094781 
389.00000000 0.10239913 0.05785454 0.76904756 0.01174998 0.01556779 0.04244751 0.00093348 
390.00000000 0.10277177 0.05792346 0.76860953 0.01176084 0.01557309 0.04244220 0.00091911 
391.00000000 0.10314429 0.05799215 0.76817668 0.01177167 0.01557837 0.04243212 0.00090472 
392.00000000 0.10351668 0.05806062 0.76774935 0.01178245 0.01558361 0.04241696 0.00089032 
393.00000000 0.10388894 0.05812889 0.76732790 0.01179318 0.01558879 0.04239640 0.00087592 
394.00000000 0.10426105 0.05819696 0.76691263 0.01180382 0.01559386 0.04237016 0.00086152 
395.00000000 0.10463301 0.05826486 0.76650385 0.01181436 0.01559882 0.04233797 0.00084714 
396.00000000 0.10500480 0.05833259 0.76610184 0.01182478 0.01560363 0.04229957 0.00083279 
397.00000000 0.10537642 0.05840016 0.76570689 0.01183506 0.01560826 0.04225473 0.00081848 
398.00000000 0.10574786 0.05846759 0.76531923 0.01184520 0.01561270 0.04220320 0.00080422 
399.00000000 0.10611911 0.05853490 0.76493912 0.01185516 0.01561691 0.04214479 0.00079002 
400.00000000 0.10649016 0.05860208 0.76456676 0.01186493 0.01562087 0.04207930 0.00077589 
401.00000000 0.10686101 0.05866915 0.76420235 0.01187451 0.01562457 0.04200656 0.00076185 
402.00000000 0.10723165 0.05873613 0.76384609 0.01188386 0.01562797 0.04192640 0.00074789 
403.00000000 0.10760207 0.05880301 0.76349814 0.01189298 0.01563106 0.04183869 0.00073405 
404.00000000 0.10797227 0.05886982 0.76315864 0.01190185 0.01563381 0.04174329 0.00072031 
405.00000000 0.10834223 0.05893655 0.76282773 0.01191046 0.01563621 0.04164011 0.00070671 
406.00000000 0.10871196 0.05900321 0.76250552 0.01191878 0.01563823 0.04152904 0.00069324 
407.00000000 0.10908145 0.05906982 0.76219211 0.01192682 0.01563986 0.04141002 0.00067991 
408.00000000 0.10945070 0.05913638 0.76188757 0.01193455 0.01564108 0.04128298 0.00066675 
409.00000000 0.10981969 0.05920289 0.76159196 0.01194196 0.01564188 0.04114788 0.00065375 
410.00000000 0.11018843 0.05926936 0.76130532 0.01194905 0.01564223 0.04100469 0.00064092 
411.00000000 0.11055692 0.05933580 0.76102768 0.01195579 0.01564212 0.04085340 0.00062828 
412.00000000 0.11092514 0.05940221 0.76075905 0.01196219 0.01564154 0.04069403 0.00061583 
413.00000000 0.11129311 0.05946859 0.76049942 0.01196823 0.01564048 0.04052658 0.00060359 
414.00000000 0.11166082 0.05953495 0.76024875 0.01197389 0.01563892 0.04035110 0.00059156 
415.00000000 0.11202826 0.05960129 0.76000702 0.01197918 0.01563686 0.04016764 0.00057974 
416.00000000 0.11239544 0.05966761 0.75977416 0.01198409 0.01563428 0.03997627 0.00056815 
417.00000000 0.11276235 0.05973391 0.75955010 0.01198860 0.01563118 0.03977706 0.00055679 
418.00000000 0.11312901 0.05980020 0.75933474 0.01199272 0.01562754 0.03957012 0.00054567 
419.00000000 0.11349540 0.05986648 0.75912799 0.01199643 0.01562336 0.03935554 0.00053479 
420.00000000 0.11386153 0.05993274 0.75892973 0.01199974 0.01561864 0.03913346 0.00052416 
421.00000000 0.11422741 0.05999899 0.75873981 0.01200263 0.01561337 0.03890401 0.00051379 
422.00000000 0.11459303 0.06006522 0.75855809 0.01200511 0.01560755 0.03866734 0.00050367 
423.00000000 0.11495839 0.06013143 0.75838442 0.01200717 0.01560117 0.03842360 0.00049381 
424.00000000 0.11532352 0.06019763 0.75821862 0.01200881 0.01559424 0.03817298 0.00048421 
425.00000000 0.11568840 0.06026381 0.75806050 0.01201003 0.01558674 0.03791564 0.00047488 
426.00000000 0.11605304 0.06032997 0.75790986 0.01201083 0.01557869 0.03765180 0.00046582 
427.00000000 0.11641744 0.06039611 0.75776649 0.01201121 0.01557008 0.03738164 0.00045703 
428.00000000 0.11678162 0.06046222 0.75763018 0.01201116 0.01556092 0.03710540 0.00044850 
429.00000000 0.11714558 0.06052830 0.75750068 0.01201070 0.01555121 0.03682328 0.00044024 
430.00000000 0.11750933 0.06059434 0.75737777 0.01200983 0.01554095 0.03653553 0.00043226 
431.00000000 0.11787287 0.06066036 0.75726118 0.01200854 0.01553014 0.03624237 0.00042453 
432.00000000 0.11823621 0.06072633 0.75715066 0.01200684 0.01551880 0.03594407 0.00041707 
433.00000000 0.11859936 0.06079226 0.75704595 0.01200474 0.01550694 0.03564088 0.00040988 
434.00000000 0.11896233 0.06085814 0.75694676 0.01200223 0.01549454 0.03533306 0.00040294 
435.00000000 0.11932512 0.06092397 0.75685281 0.01199934 0.01548164 0.03502087 0.00039626 
436.00000000 0.11968775 0.06098975 0.75676381 0.01199605 0.01546823 0.03470459 0.00038983 
437.00000000 0.12005022 0.06105547 0.75667948 0.01199238 0.01545432 0.03438450 0.00038364 
438.00000000 0.12041255 0.06112112 0.75659950 0.01198833 0.01543992 0.03406089 0.00037769 
439.00000000 0.12077473 0.06118671 0.75652357 0.01198391 0.01542505 0.03373404 0.00037198 
440.00000000 0.12113680 0.06125222 0.75645138 0.01197914 0.01540972 0.03340423 0.00036650 
441.00000000 0.12149875 0.06131766 0.75638263 0.01197401 0.01539394 0.03307177 0.00036124 
442.00000000 0.12186059 0.06138302 0.75631699 0.01196854 0.01537771 0.03273695 0.00035620 
443.00000000 0.12222234 0.06144829 0.75625415 0.01196273 0.01536107 0.03240007 0.00035136 
444.00000000 0.12258400 0.06151347 0.75619378 0.01195660 0.01534400 0.03206142 0.00034672 
445.00000000 0.12294560 0.06157856 0.75613556 0.01195016 0.01532655 0.03172131 0.00034227 
446.00000000 0.12330713 0.06164355 0.75607918 0.01194341 0.01530870 0.03138002 0.00033800 
447.00000000 0.12366861 0.06170844 0.75602431 0.01193636 0.01529049 0.03103787 0.00033390 
448.00000000 0.12403005 0.06177323 0.75597063 0.01192903 0.01527193 0.03069515 0.00032997 
449.00000000 0.12439146 0.06183791 0.75591782 0.01192143 0.01525303 0.03035215 0.00032619 
450.00000000 0.12475286 0.06190247 0.75586555 0.01191357 0.01523381 0.03000918 0.00032256 
451.00000000 0.12511425 0.06196692 0.75581352 0.01190546 0.01521428 0.02966651 0.00031906 
452.00000000 0.12547564 0.06203125 0.75576141 0.01189711 0.01519446 0.02932444 0.00031568 
453.00000000 0.12583706 0.06209546 0.75570891 0.01188853 0.01517437 0.02898326 0.00031241 
454.00000000 0.12619849 0.06215954 0.75565570 0.01187974 0.01515403 0.02864325 0.00030925 
455.00000000 0.12655997 0.06222349 0.75560150 0.01187075 0.01513344 0.02830468 0.00030618 
456.00000000 0.12692149 0.06228731 0.75554599 0.01186156 0.01511264 0.02796783 0.00030319 
457.00000000 0.12728306 0.06235100 0.75548888 0.01185220 0.01509162 0.02763296 0.00030027 
458.00000000 0.12764471 0.06241454 0.75542990 0.01184267 0.01507042 0.02730034 0.00029742 
459.00000000 0.12800643 0.06247795 0.75536875 0.01183298 0.01504905 0.02697022 0.00029461 
460.00000000 0.12836824 0.06254122 0.75530516 0.01182316 0.01502752 0.02664286 0.00029184 
461.00000000 0.12873015 0.06260434 0.75523886 0.01181320 0.01500586 0.02631849 0.00028910 
462.00000000 0.12909216 0.06266732 0.75516958 0.01180313 0.01498407 0.02599736 0.00028637 
463.00000000 0.12945429 0.06273014 0.75509709 0.01179295 0.01496218 0.02567969 0.00028366 
464.00000000 0.12981654 0.06279282 0.75502112 0.01178268 0.01494020 0.02536570 0.00028094 
465.00000000 0.13017891 0.06285534 0.75494144 0.01177233 0.01491815 0.02505560 0.00027822 
466.00000000 0.13054143 0.06291771 0.75485783 0.01176191 0.01489605 0.02474961 0.00027547 
467.00000000 0.13090409 0.06297992 0.75477005 0.01175143 0.01487390 0.02444792 0.00027269 
468.00000000 0.13126691 0.06304197 0.75467791 0.01174090 0.01485173 0.02415071 0.00026987 
469.00000000 0.13162988 0.06310387 0.75458119 0.01173034 0.01482955 0.02385817 0.00026700 
470.00000000 0.13199302 0.06316560 0.75447971 0.01171975 0.01480738 0.02357047 0.00026408 
471.00000000 0.13235633 0.06322716 0.75437327 0.01170916 0.01478522 0.02328777 0.00026109 
472.00000000 0.13271982 0.06328857 0.75426172 0.01169856 0.01476311 0.02301021 0.00025802 
473.00000000 0.13308349 0.06334980 0.75414488 0.01168797 0.01474104 0.02273795 0.00025488 
474.00000000 0.13344734 0.06341087 0.75402261 0.01167740 0.01471903 0.02247110 0.00025165 
475.00000000 0.13381139 0.06347176 0.75389475 0.01166686 0.01469710 0.02220981 0.00024833 
476.00000000 0.13417564 0.06353249 0.75376119 0.01165635 0.01467526 0.02195417 0.00024490 
477.00000000 0.13454008 0.06359304 0.75362180 0.01164590 0.01465352 0.02170430 0.00024137 
478.00000000 0.13490472 0.06365341 0.75347647 0.01163551 0.01463189 0.02146028 0.00023772 
479.00000000 0.13526958 0.06371361 0.75332510 0.01162518 0.01461038 0.02122219 0.00023396 
480.00000000 0.13563464 0.06377363 0.75316760 0.01161493 0.01458901 0.02099011 0.00023008 
481.00000000 0.13599991 0.06383346 0.75300390 0.01160477 0.01456779 0.02076410 0.00022607 
482.00000000 0.13636539 0.06389311 0.75283394 0.01159470 0.01454672 0.02054421 0.00022193 
483.00000000 0.13673108 0.06395258 0.75265764 0.01158473 0.01452582 0.02033049 0.00021766 
484.00000000 0.13709699 0.06401186 0.75247498 0.01157487 0.01450509 0.02012296 0.00021325 
485.00000000 0.13746312 0.06407095 0.75228591 0.01156513 0.01448455 0.01992165 0.00020870 
486.00000000 0.13782946 0.06412984 0.75209042 0.01155551 0.01446419 0.01972657 0.00020401 
487.00000000 0.13819602 0.06418854 0.75188849 0.01154602 0.01444404 0.01953772 0.00019918 
488.00000000 0.13856279 0.06424704 0.75168013 0.01153666 0.01442409 0.01935509 0.00019420 
489.00000000 0.13892978 0.06430535 0.75146533 0.01152745 0.01440435 0.01917867 0.00018908 
490.00000000 0.13929698 0.06436345 0.75124412 0.01151838 0.01438484 0.01900842 0.00018381 
491.00000000 0.13966440 0.06442134 0.75101653 0.01150947 0.01436554 0.01884432 0.00017840 
492.00000000 0.14003203 0.06447903 0.75078259 0.01150071 0.01434647 0.01868632 0.00017284 
493.00000000 0.14039987 0.06453650 0.75054236 0.01149212 0.01432764 0.01853436 0.00016714 
494.00000000 0.14076792 0.06459376 0.75029590 0.01148370 0.01430904 0.01838839 0.00016130 
495.00000000 0.14113618 0.06465080 0.75004327 0.01147544 0.01429068 0.01824832 0.00015531 
496.00000000 0.14150464 0.06470762 0.74978455 0.01146736 0.01427257 0.01811408 0.00014919 
497.00000000 0.14187330 0.06476422 0.74951983 0.01145945 0.01425470 0.01798559 0.00014292 
498.00000000 0.14224216 0.06482059 0.74924919 0.01145172 0.01423707 0.01786274 0.00013652 
499.00000000 0.14261122 0.06487673 0.74897275 0.01144418 0.01421970 0.01774544 0.00012999 
500.00000000 0.14298047 0.06493264 0.74869062 0.01143681 0.01420257 0.01763357 0.00012333 
501.00000000 0.14334991 0.06498831 0.74840291 0.01142964 0.01418569 0.01752702 0.00011654 
502.00000000 0.14371953 0.06504374 0.74810975 0.01142265 0.01416905 0.01742565 0.00010963 
503.00000000 0.14408934 0.06509893 0.74781128 0.01141584 0.01415267 0.01732935 0.00010260 
504.00000000 0.14445933 0.06515386 0.74750763 0.01140922 0.01413653 0.01723798 0.00009545 
505.00000000 0.14482950 0.06520855 0.74719895 0.01140279 0.01412063 0.01715138 0.00008819 
506.00000000 0.14519983 0.06526299 0.74688540 0.01139655 0.01410498 0.01706942 0.00008083 
507.00000000 0.14557033 0.06531717 0.74656714 0.01139049 0.01408956 0.01699194 0.00007337 
508.00000000 0.14594099 0.06537109 0.74624433 0.01138462 0.01407438 0.01691878 0.00006581 
509.00000000 0.14631182 0.06542474 0.74591714 0.01137894 0.01405943 0.01684978 0.00005816 
510.00000000 0.14668279 0.06547813 0.74558574 0.01137343 0.01404471 0.01678477 0.00005042 
511.00000000 0.14705391 0.06553125 0.74525033 0.01136811 0.01403022 0.01672358 0.00004260 
512.00000000 0.14742518 0.06558410 0.74491107 0.01136297 0.01401594 0.01666603 0.00003471 
513.00000000 0.14779659 0.06563667 0.74456816 0.01135800 0.01400188 0.01661196 0.00002674 
514.00000000 0.14816813 0.06568897 0.74422179 0.01135320 0.01398802 0.01656117 0.00001871 
515.00000000 0.14853981 0.06574098 0.74387215 0.01134858 0.01397437 0.01651349 0.00001063 
516.00000000 0.14891160 0.06579271 0.74351945 0.01134412 0.01396091 0.01646873 0.00000248 
517.00000000 0.14928352 0.06584416 0.74316387 0.01133982 0.01394764 0.01642669 -0.00000571 
518.00000000 0.14965556 0.06589532 0.74280562 0.01133568 0.01393456 0.01638721 -0.00001394 
519.00000000 0.15002770 0.06594618 0.74244491 0.01133169 0.01392165 0.01635008 -0.00002221 
520.00000000 0.15039995 0.06599676 0.74208193 0.01132786 0.01390891 0.01631511 -0.00003051 
521.00000000 0.15077230 0.06604704 0.74171689 0.01132416 0.01389632 0.01628211 -0.00003883 
522.00000000 0.15114474 0.06609703 0.74135001 0.01132061 0.01388389 0.01625090 -0.00004718 
523.00000000 0.15151728 0.06614672 0.74098147 0.01131719 0.01387161 0.01622127 -0.00005553 
524.00000000 0.15188990 0.06619611 0.74061149 0.01131390 0.01385946 0.01619305 -0.00006390 
525.00000000 0.15226259 0.06624520 0.74024027 0.01131073 0.01384743 0.01616604 -0.00007227 
526.00000000 0.15263537 0.06629399 0.73986802 0.01130768 0.01383553 0.01614005 -0.00008064 
527.00000000 0.15300821 0.06634249 0.73949494 0.01130473 0.01382373 0.01611490 -0.00008900 
528.00000000 0.15338112 0.06639068 0.73912122 0.01130189 0.01381204 0.01609040 -0.00009735 
529.00000000 0.15375409 0.06643856 0.73874707 0.01129915 0.01380044 0.01606637 -0.00010568 
530.00000000 0.15412711 0.06648615 0.73837268 0.01129650 0.01378891 0.01604263 -0.00011398 
531.00000000 0.15450018 0.06653343 0.73799825 0.01129393 0.01377747 0.01601900 -0.00012226 
532.00000000 0.15487330 0.06658042 0.73762397 0.01129144 0.01376608 0.01599530 -0.00013051 
533.00000000 0.15524645 0.06662710 0.73725003 0.01128902 0.01375475 0.01597137 -0.00013872 
534.00000000 0.15561964 0.06667348 0.73687661 0.01128666 0.01374346 0.01594704 -0.00014689 
535.00000000 0.15599286 0.06671956 0.73650388 0.01128435 0.01373221 0.01592215 -0.00015501 
536.00000000 0.15636610 0.06676534 0.73613204 0.01128210 0.01372099 0.01589652 -0.00016309 
537.00000000 0.15673937 0.06681083 0.73576125 0.01127988 0.01370978 0.01587001 -0.00017111 
538.00000000 0.15711265 0.06685601 0.73539167 0.01127770 0.01369857 0.01584247 -0.00017907 
539.00000000 0.15748594 0.06690091 0.73502348 0.01127554 0.01368737 0.01581374 -0.00018698 
540.00000000 0.15785923 0.06694551 0.73465683 0.01127340 0.01367615 0.01578369 -0.00019482 
541.00000000 0.15823253 0.06698982 0.73429187 0.01127127 0.01366492 0.01575219 -0.00020259 
542.00000000 0.15860582 0.06703384 0.73392875 0.01126914 0.01365365 0.01571908 -0.00021029 
543.00000000 0.15897911 0.06707758 0.73356761 0.01126701 0.01364234 0.01568426 -0.00021792 
544.00000000 0.15935238 0.06712103 0.73320859 0.01126487 0.01363099 0.01564760 -0.00022547 
545.00000000 0.15972564 0.06716420 0.73285182 0.01126271 0.01361958 0.01560899 -0.00023294 
546.00000000 0.16009888 0.06720710 0.73249743 0.01126052 0.01360811 0.01556831 -0.00024034 
547.00000000 0.16047209 0.06724971 0.73214552 0.01125829 0.01359656 0.01552546 -0.00024764 
548.00000000 0.16084528 0.06729206 0.73179622 0.01125603 0.01358493 0.01548035 -0.00025487 
549.00000000 0.16121843 0.06733414 0.73144963 0.01125371 0.01357322 0.01543288 -0.00026200 
550.00000000 0.16159154 0.06737595 0.73110584 0.01125135 0.01356141 0.01538296 -0.00026905 
551.00000000 0.16196462 0.06741750 0.73076495 0.01124891 0.01354949 0.01533053 -0.00027600 
552.00000000 0.16233765 0.06745879 0.73042705 0.01124641 0.01353746 0.01527550 -0.00028287 
553.00000000 0.16271063 0.06749983 0.73009221 0.01124384 0.01352531 0.01521781 -0.00028964 
554.00000000 0.16308357 0.06754061 0.72976051 0.01124118 0.01351304 0.01515741 -0.00029632 
555.00000000 0.16345645 0.06758115 0.72943200 0.01123843 0.01350064 0.01509423 -0.00030290 
556.00000000 0.16382927 0.06762144 0.72910675 0.01123559 0.01348810 0.01502822 -0.00030939 
557.00000000 0.16420203 0.06766150 0.72878481 0.01123265 0.01347542 0.01495936 -0.00031578 
558.00000000 0.16457474 0.06770132 0.72846622 0.01122960 0.01346259 0.01488760 -0.00032207 
559.00000000 0.16494737 0.06774091 0.72815102 0.01122644 0.01344960 0.01481292 -0.00032827 
560.00000000 0.16531994 0.06778027 0.72783924 0.01122316 0.01343646 0.01473530 -0.00033437 
561.00000000 0.16569243 0.06781941 0.72753090 0.01121976 0.01342315 0.01465471 -0.00034037 
562.00000000 0.16606486 0.06785834 0.72722602 0.01121623 0.01340968 0.01457116 -0.00034628 
563.00000000 0.16643721 0.06789705 0.72692460 0.01121257 0.01339603 0.01448464 -0.00035209 
564.00000000 0.16680948 0.06793555 0.72662665 0.01120878 0.01338220 0.01439515 -0.00035780 
565.00000000 0.16718167 0.06797384 0.72633217 0.01120484 0.01336820 0.01430270 -0.00036342 
566.00000000 0.16755378 0.06801194 0.72604115 0.01120075 0.01335402 0.01420731 -0.00036895 
567.00000000 0.16792581 0.06804984 0.72575356 0.01119652 0.01333965 0.01410900 -0.00037438 
568.00000000 0.16829776 0.06808754 0.72546939 0.01119214 0.01332509 0.01400779 -0.00037972 
569.00000000 0.16866963 0.06812506 0.72518861 0.01118760 0.01331035 0.01390372 -0.00038496 
570.00000000 0.16904140 0.06816240 0.72491117 0.01118290 0.01329541 0.01379684 -0.00039012 
571.00000000 0.16941309 0.06819956 0.72463705 0.01117804 0.01328028 0.01368717 -0.00039518 
572.00000000 0.16978470 0.06823654 0.72436618 0.01117301 0.01326496 0.01357476 -0.00040016 
573.00000000 0.17015622 0.06827335 0.72409853 0.01116782 0.01324944 0.01345969 -0.00040505 
574.00000000 0.17052765 0.06831000 0.72383402 0.01116246 0.01323373 0.01334199 -0.00040985 
575.00000000 0.17089899 0.06834648 0.72357260 0.01115693 0.01321783 0.01322173 -0.00041457 
576.00000000 0.17127024 0.06838281 0.72331420 0.01115123 0.01320173 0.01309899 -0.00041920 
577.00000000 0.17164141 0.06841898 0.72305874 0.01114536 0.01318544 0.01297383 -0.00042376 
578.00000000 0.17201249 0.06845500 0.72280615 0.01113931 0.01316895 0.01284633 -0.00042824 
579.00000000 0.17238348 0.06849088 0.72255634 0.01113309 0.01315228 0.01271657 -0.00043263 
580.00000000 0.17275439 0.06852661 0.72230922 0.01112669 0.01313541 0.01258463 -0.00043696 
581.00000000 0.17312521 0.06856221 0.72206471 0.01112012 0.01311836 0.01245061 -0.00044121 
582.00000000 0.17349594 0.06859767 0.72182270 0.01111338 0.01310111 0.01231458 -0.00044538 
583.00000000 0.17386660 0.06863299 0.72158310 0.01110646 0.01308369 0.01217665 -0.00044949 
584.00000000 0.17423717 0.06866819 0.72134581 0.01109937 0.01306608 0.01203691 -0.00045353 
585.00000000 0.17460766 0.06870327 0.72111072 0.01109210 0.01304829 0.01189546 -0.00045750 
586.00000000 0.17497807 0.06873822 0.72087771 0.01108466 0.01303033 0.01175241 -0.00046141 
587.00000000 0.17534840 0.06877306 0.72064669 0.01107706 0.01301220 0.01160785 -0.00046526 
588.00000000 0.17571866 0.06880778 0.72041752 0.01106928 0.01299390 0.01146190 -0.00046904 
589.00000000 0.17608885 0.06884238 0.72019011 0.01106134 0.01297543 0.01131466 -0.00047277 
590.00000000 0.17645896 0.06887688 0.71996433 0.01105323 0.01295680 0.01116625 -0.00047644 
591.00000000 0.17682901 0.06891127 0.71974005 0.01104496 0.01293801 0.01101677 -0.00048006 
592.00000000 0.17719899 0.06894556 0.71951716 0.01103652 0.01291908 0.01086633 -0.00048363 
593.00000000 0.17756890 0.06897974 0.71929553 0.01102793 0.01289999 0.01071506 -0.00048715 
594.00000000 0.17793875 0.06901383 0.71907503 0.01101919 0.01288076 0.01056306 -0.00049062 
595.00000000 0.17830855 0.06904781 0.71885555 0.01101029 0.01286140 0.01041044 -0.00049404 
596.00000000 0.17867828 0.06908171 0.71863696 0.01100124 0.01284190 0.01025734 -0.00049742 
597.00000000 0.17904797 0.06911551 0.71841912 0.01099205 0.01282227 0.01010385 -0.00050077 
598.00000000 0.17941760 0.06914922 0.71820192 0.01098271 0.01280252 0.00995010 -0.00050407 
599.00000000 0.17978718 0.06918284 0.71798522 0.01097323 0.01278265 0.00979620 -0.00050733 
600.00000000 0.18015672 0.06921637 0.71776890 0.01096362 0.01276267 0.00964227 -0.00051056 
601.00000000 0.18052621 0.06924982 0.71755284 0.01095388 0.01274259 0.00948842 -0.00051376 
602.00000000 0.18089567 0.06928319 0.71733690 0.01094401 0.01272241 0.00933476 -0.00051693 
603.00000000 0.18126509 0.06931647 0.71712096 0.01093402 0.01270213 0.00918140 -0.00052006 
604.00000000 0.18163448 0.06934967 0.71690490 0.01092390 0.01268176 0.00902846 -0.00052317 
605.00000000 0.18200384 0.06938279 0.71668860 0.01091368 0.01266131 0.00887604 -0.00052626 
606.00000000 0.18237317 0.06941583 0.71647194 0.01090334 0.01264079 0.00872426 -0.00052932 
607.00000000 0.18274247 0.06944879 0.71625479 0.01089289 0.01262019 0.00857322 -0.00053236 
608.00000000 0.18311176 0.06948168 0.71603705 0.01088234 0.01259953 0.00842302 -0.00053539 
609.00000000 0.18348103 0.06951449 0.71581860 0.01087170 0.01257882 0.00827377 -0.00053839 
610.00000000 0.18385028 0.06954723 0.71559931 0.01086096 0.01255805 0.00812556 -0.00054138 
611.00000000 0.18421952 0.06957989 0.71537910 0.01085013 0.01253723 0.00797849 -0.00054436 
612.00000000 0.18458875 0.06961247 0.71515784 0.01083922 0.01251638 0.00783266 -0.00054733 
613.00000000 0.18495798 0.06964498 0.71493544 0.01082823 0.01249549 0.00768816 -0.00055028 
614.00000000 0.18532720 0.06967742 0.71471178 0.01081717 0.01247457 0.00754508 -0.00055323 
615.00000000 0.18569643 0.06970978 0.71448679 0.01080604 0.01245363 0.00740351 -0.00055617 
616.00000000 0.18606565 0.06974207 0.71426035 0.01079484 0.01243268 0.00726352 -0.00055911 
617.00000000 0.18643488 0.06977429 0.71403237 0.01078358 0.01241171 0.00712520 -0.00056204 
618.00000000 0.18680412 0.06980643 0.71380278 0.01077227 0.01239074 0.00698863 -0.00056497 
619.00000000 0.18717336 0.06983850 0.71357148 0.01076090 0.01236977 0.00685388 -0.00056790 
620.00000000 0.18754262 0.06987050 0.71333839 0.01074949 0.01234881 0.00672102 -0.00057083 
621.00000000 0.18791190 0.06990242 0.71310344 0.01073804 0.01232786 0.00659011 -0.00057377 
622.00000000 0.18828119 0.06993427 0.71286655 0.01072655 0.01230693 0.00646123 -0.00057671 
623.00000000 0.18865049 0.06996604 0.71262766 0.01071502 0.01228602 0.00633442 -0.00057965 
624.00000000 0.18901982 0.06999774 0.71238669 0.01070347 0.01226514 0.00620975 -0.00058261 
625.00000000 0.18938917 0.07002936 0.71214359 0.01069189 0.01224429 0.00608727 -0.00058557 
626.00000000 0.18975854 0.07006090 0.71189830 0.01068029 0.01222348 0.00596702 -0.00058854 
627.00000000 0.19012794 0.07009237 0.71165077 0.01066868 0.01220271 0.00584904 -0.00059152 
628.00000000 0.19049737 0.07012376 0.71140095 0.01065705 0.01218199 0.00573339 -0.00059451 
629.00000000 0.19086682 0.07015508 0.71114880 0.01064542 0.01216132 0.00562009 -0.00059752 
630.00000000 0.19123630 0.07018631 0.71089427 0.01063378 0.01214070 0.00550918 -0.00060054 
631.00000000 0.19160581 0.07021746 0.71063733 0.01062214 0.01212015 0.00540069 -0.00060358 
632.00000000 0.19197535 0.07024854 0.71037796 0.01061051 0.01209965 0.00529463 -0.00060664 
633.00000000 0.19234492 0.07027953 0.71011611 0.01059888 0.01207923 0.00519104 -0.00060971 
634.00000000 0.19271452 0.07031044 0.70985178 0.01058726 0.01205888 0.00508993 -0.00061280 
635.00000000 0.19308415 0.07034126 0.70958494 0.01057566 0.01203860 0.00499130 -0.00061591 
636.00000000 0.19345382 0.07037200 0.70931558 0.01056407 0.01201840 0.00489517 -0.00061904 
637.00000000 0.19382351 0.07040265 0.70904370 0.01055250 0.01199828 0.00480155 -0.00062220 
638.00000000 0.19419324 0.07043322 0.70876928 0.01054096 0.01197824 0.00471043 -0.00062537 
639.00000000 0.19456300 0.07046370 0.70849232 0.01052944 0.01195830 0.00462182 -0.00062857 
640.00000000 0.19493279 0.07049409 0.70821283 0.01051795 0.01193844 0.00453570 -0.00063179 
641.00000000 0.19530261 0.07052439 0.70793082 0.01050649 0.01191867 0.00445207 -0.00063504 
642.00000000 0.19567246 0.07055459 0.70764630 0.01049506 0.01189899 0.00437090 -0.00063831 
643.00000000 0.19604233 0.07058471 0.70735928 0.01048367 0.01187941 0.00429220 -0.00064160 
644.00000000 0.19641224 0.07061473 0.70706979 0.01047231 0.01185993 0.00421592 -0.00064492 
645.00000000 0.19678217 0.07064465 0.70677785 0.01046100 0.01184055 0.00414206 -0.00064827 
646.00000000 0.19715212 0.07067448 0.70648347 0.01044973 0.01182126 0.00407057 -0.00065164 
647.00000000 0.19752210 0.07070421 0.70618671 0.01043850 0.01180208 0.00400144 -0.00065504 
648.00000000 0.19789209 0.07073385 0.70588758 0.01042732 0.01178300 0.00393463 -0.00065847 
649.00000000 0.19826211 0.07076338 0.70558613 0.01041618 0.01176403 0.00387009 -0.00066192 
650.00000000 0.19863215 0.07079281 0.70528240 0.01040510 0.01174516 0.00380779 -0.00066540 
651.00000000 0.19900220 0.07082214 0.70497643 0.01039406 0.01172639 0.00374770 -0.00066891 
652.00000000 0.19937226 0.07085136 0.70466828 0.01038307 0.01170773 0.00368975 -0.00067245 
653.00000000 0.19974234 0.07088048 0.70435798 0.01037213 0.01168917 0.00363390 -0.00067601 
654.00000000 0.20011242 0.07090950 0.70404560 0.01036125 0.01167072 0.00358011 -0.00067960 
655.00000000 0.20048251 0.07093841 0.70373120 0.01035041 0.01165237 0.00352832 -0.00068322 
656.00000000 0.20085261 0.07096720 0.70341482 0.01033964 0.01163413 0.00347847 -0.00068686 
657.00000000 0.20122270 0.07099589 0.70309653 0.01032891 0.01161599 0.00343051 -0.00069053 
658.00000000 0.20159279 0.07102447 0.70277640 0.01031824 0.01159795 0.00338437 -0.00069423 
659.00000000 0.20196288 0.07105294 0.70245448 0.01030763 0.01158001 0.00334000 -0.00069795 
660.00000000 0.20233296 0.07108129 0.70213086 0.01029706 0.01156218 0.00329734 -0.00070169 
661.00000000 0.20270303 0.07110953 0.70180559 0.01028656 0.01154445 0.00325631 -0.00070547 
662.00000000 0.20307309 0.07113766 0.70147875 0.01027610 0.01152681 0.00321684 -0.00070926 
663.00000000 0.20344312 0.07116567 0.70115042 0.01026570 0.01150927 0.00317889 -0.00071308 
664.00000000 0.20381314 0.07119357 0.70082066 0.01025536 0.01149183 0.00314236 -0.00071692 
665.00000000 0.20418314 0.07122134 0.70048956 0.01024507 0.01147448 0.00310720 -0.00072078 
666.00000000 0.20455310 0.07124900 0.70015718 0.01023483 0.01145722 0.00307333 -0.00072467 
667.00000000 0.20492304 0.07127654 0.69982362 0.01022464 0.01144006 0.00304068 -0.00072857 
668.00000000 0.20529294 0.07130396 0.69948894 0.01021450 0.01142298 0.00300918 -0.00073250 
669.00000000 0.20566281 0.07133126 0.69915323 0.01020442 0.01140598 0.00297875 -0.00073644 
670.00000000 0.20603263 0.07135843 0.69881657 0.01019438 0.01138907 0.00294932 -0.00074040 
671.00000000 0.20640241 0.07138549 0.69847903 0.01018439 0.01137224 0.00292081 -0.00074438 
672.00000000 0.20677214 0.07141242 0.69814071 0.01017444 0.01135549 0.00289316 -0.00074837 
673.00000000 0.20714182 0.07143923 0.69780167 0.01016455 0.01133882 0.00286629 -0.00075238 
674.00000000 0.20751145 0.07146592 0.69746201 0.01015469 0.01132221 0.00284011 -0.00075640 
675.00000000 0.20788102 0.07149248 0.69712180 0.01014488 0.01130568 0.00281457 -0.00076043 
676.00000000 0.20825052 0.07151892 0.69678112 0.01013511 0.01128922 0.00278958 -0.00076447 
677.00000000 0.20861996 0.07154524 0.69644006 0.01012538 0.01127281 0.00276507 -0.00076852 
678.00000000 0.20898933 0.07157142 0.69609869 0.01011569 0.01125648 0.00274097 -0.00077258 
679.00000000 0.20935863 0.07159749 0.69575709 0.01010604 0.01124019 0.00271721 -0.00077665 
680.00000000 0.20972785 0.07162343 0.69541535 0.01009642 0.01122397 0.00269371 -0.00078072 
681.00000000 0.21009699 0.07164924 0.69507353 0.01008683 0.01120779 0.00267041 -0.00078479 
682.00000000 0.21046605 0.07167493 0.69473172 0.01007727 0.01119167 0.00264723 -0.00078887 
683.00000000 0.21083502 0.07170049 0.69438999 0.01006774 0.01117559 0.00262412 -0.00079295 
684.00000000 0.21120390 0.07172592 0.69404841 0.01005824 0.01115956 0.00260099 -0.00079702 
685.00000000 0.21157269 0.07175124 0.69370706 0.01004877 0.01114356 0.00257778 -0.00080110 
686.00000000 0.21194138 0.07177642 0.69336601 0.01003932 0.01112760 0.00255444 -0.00080517 
687.00000000 0.21230998 0.07180148 0.69302533 0.01002988 0.01111167 0.00253090 -0.00080924 
688.00000000 0.21267847 0.07182642 0.69268508 0.01002047 0.01109577 0.00250709 -0.00081330 
689.00000000 0.21304685 0.07185123 0.69234533 0.01001108 0.01107990 0.00248296 -0.00081735 
690.00000000 0.21341513 0.07187592 0.69200614 0.01000169 0.01106405 0.00245845 -0.00082139 
691.00000000 0.21378330 0.07190048 0.69166759 0.00999233 0.01104822 0.00243350 -0.00082542 
692.00000000 0.21415135 0.07192492 0.69132972 0.00998297 0.01103241 0.00240807 -0.00082944 
693.00000000 0.21451928 0.07194924 0.69099259 0.00997362 0.01101661 0.00238210 -0.00083344 
694.00000000 0.21488710 0.07197344 0.69065626 0.00996427 0.01100082 0.00235553 -0.00083743 
695.00000000 0.21525479 0.07199752 0.69032079 0.00995493 0.01098504 0.00232833 -0.00084140 
696.00000000 0.21562236 0.07202147 0.68998622 0.00994559 0.01096926 0.00230044 -0.00084535 
697.00000000 0.21598980 0.07204531 0.68965261 0.00993625 0.01095349 0.00227183 -0.00084928 
698.00000000 0.21635712 0.07206903 0.68931999 0.00992691 0.01093771 0.00224245 -0.00085319 
699.00000000 0.21672430 0.07209262 0.68898841 0.00991756 0.01092192 0.00221226 -0.00085708 
700.00000000 0.21709134 0.07211611 0.68865792 0.00990820 0.01090613 0.00218123 -0.00086094 
701.00000000 0.21745825 0.07213947 0.68832855 0.00989883 0.01089033 0.00214933 -0.00086477 
702.00000000 0.21782503 0.07216272 0.68800034 0.00988946 0.01087452 0.00211651 -0.00086858 
703.00000000 0.21819166 0.07218586 0.68767332 0.00988007 0.01085868 0.00208277 -0.00087236 
704.00000000 0.21855815 0.07220888 0.68734753 0.00987066 0.01084283 0.00204806 -0.00087611 
705.00000000 0.21892450 0.07223179 0.68702298 0.00986123 0.01082696 0.00201236 -0.00087983 
706.00000000 0.21929071 0.07225459 0.68669971 0.00985179 0.01081107 0.00197566 -0.00088351 
707.00000000 0.21965677 0.07227728 0.68637773 0.00984232 0.01079515 0.00193792 -0.00088717 
708.00000000 0.22002268 0.07229986 0.68605707 0.00983283 0.01077920 0.00189915 -0.00089079 
709.00000000 0.22038844 0.07232233 0.68573775 0.00982332 0.01076322 0.00185932 -0.00089437 
710.00000000 0.22075405 0.07234470 0.68541977 0.00981377 0.01074720 0.00181842 -0.00089791 
711.00000000 0.22111951 0.07236696 0.68510315 0.00980420 0.01073116 0.00177644 -0.00090142 
712.00000000 0.22148482 0.07238912 0.68478791 0.00979459 0.01071508 0.00173337 -0.00090489 
713.00000000 0.22184998 0.07241118 0.68447404 0.00978496 0.01069895 0.00168922 -0.00090832 
714.00000000 0.22221499 0.07243313 0.68416154 0.00977528 0.01068279 0.00164397 -0.00091171 
715.00000000 0.22257984 0.07245498 0.68385043 0.00976558 0.01066659 0.00159764 -0.00091506 
716.00000000 0.22294453 0.07247674 0.68354070 0.00975583 0.01065035 0.00155022 -0.00091837 
717.00000000 0.22330907 0.07249839 0.68323234 0.00974605 0.01063406 0.00150172 -0.00092163 
718.00000000 0.22367346 0.07251995 0.68292535 0.00973622 0.01061773 0.00145214 -0.00092485 
719.00000000 0.22403769 0.07254142 0.68261972 0.00972635 0.01060135 0.00140150 -0.00092803 
720.00000000 0.22440176 0.07256279 0.68231544 0.00971644 0.01058492 0.00134980 -0.00093117 
721.00000000 0.22476568 0.07258407 0.68201249 0.00970649 0.01056845 0.00129707 -0.00093426 
722.00000000 0.22512945 0.07260526 0.68171087 0.00969649 0.01055193 0.00124331 -0.00093730 
723.00000000 0.22549306 0.07262635 0.68141054 0.00968645 0.01053536 0.00118855 -0.00094031 
724.00000000 0.22585651 0.07264736 0.68111149 0.00967635 0.01051874 0.00113280 -0.00094326 
725.00000000 0.22621981 0.07266828 0.68081371 0.00966621 0.01050207 0.00107609 -0.00094617 
726.00000000 0.22658295 0.07268912 0.68051715 0.00965602 0.01048534 0.00101845 -0.00094904 
727.00000000 0.22694594 0.07270987 0.68022180 0.00964579 0.01046857 0.00095989 -0.00095186 
728.00000000 0.22730878 0.07273053 0.67992764 0.00963550 0.01045175 0.00090044 -0.00095464 
729.00000000 0.22767147 0.07275111 0.67963462 0.00962516 0.01043488 0.00084013 -0.00095737 
730.00000000 0.22803400 0.07277161 0.67934271 0.00961477 0.01041796 0.00077900 -0.00096005 
731.00000000 0.22839638 0.07279203 0.67905189 0.00960433 0.01040098 0.00071708 -0.00096269 
732.00000000 0.22875861 0.07281237 0.67876212 0.00959383 0.01038396 0.00065439 -0.00096529 
733.00000000 0.22912070 0.07283263 0.67847336 0.00958329 0.01036689 0.00059097 -0.00096784 
734.00000000 0.22948263 0.07285281 0.67818558 0.00957269 0.01034978 0.00052686 -0.00097035 
735.00000000 0.22984442 0.07287292 0.67789873 0.00956204 0.01033261 0.00046210 -0.00097282 
736.00000000 0.23020606 0.07289294 0.67761277 0.00955134 0.01031540 0.00039673 -0.00097524 
737.00000000 0.23056756 0.07291290 0.67732767 0.00954058 0.01029814 0.00033077 -0.00097762 
738.00000000 0.23092892 0.07293278 0.67704337 0.00952978 0.01028084 0.00026428 -0.00097996 
739.00000000 0.23129013 0.07295258 0.67675984 0.00951892 0.01026350 0.00019729 -0.00098226 
740.00000000 0.23165121 0.07297231 0.67647703 0.00950801 0.01024611 0.00012985 -0.00098452 
741.00000000 0.23201215 0.07299197 0.67619490 0.00949705 0.01022869 0.00006199 -0.00098674 
742.00000000 0.23237294 0.07301156 0.67591340 0.00948604 0.01021122 -0.00000624 -0.00098893 
743.00000000 0.23273361 0.07303107 0.67563248 0.00947499 0.01019372 -0.00007479 -0.00099107 
744.00000000 0.23309414 0.07305051 0.67535209 0.00946388 0.01017618 -0.00014362 -0.00099318 
745.00000000 0.23345454 0.07306989 0.67507220 0.00945272 0.01015861 -0.00021270 -0.00099525 
746.00000000 0.23381481 0.07308919 0.67479274 0.00944152 0.01014100 -0.00028197 -0.00099729 
747.00000000 0.23417494 0.07310843 0.67451367 0.00943027 0.01012337 -0.00035139 -0.00099930 
748.00000000 0.23453496 0.07312759 0.67423495 0.00941898 0.01010570 -0.00042091 -0.00100127 
749.00000000 0.23489484 0.07314669 0.67395653 0.00940764 0.01008801 -0.00049050 -0.00100321 
750.00000000 0.23525461 0.07316572 0.67367835 0.00939625 0.01007030 -0.00056010 -0.00100513 
751.00000000 0.23561425 0.07318468 0.67340037 0.00938483 0.01005256 -0.00062967 -0.00100701 
752.00000000 0.23597377 0.07320358 0.67312253 0.00937336 0.01003480 -0.00069918 -0.00100886 
753.00000000 0.23633318 0.07322240 0.67284481 0.00936185 0.01001702 -0.00076857 -0.00101069 
754.00000000 0.23669247 0.07324116 0.67256713 0.00935031 0.00999923 -0.00083780 -0.00101250 
755.00000000 0.23705165 0.07325985 0.67228946 0.00933873 0.00998142 -0.00090683 -0.00101428 
756.00000000 0.23741071 0.07327847 0.67201176 0.00932711 0.00996360 -0.00097561 -0.00101603 
757.00000000 0.23776966 0.07329703 0.67173397 0.00931545 0.00994577 -0.00104411 -0.00101777 
758.00000000 0.23812851 0.07331552 0.67145605 0.00930377 0.00992793 -0.00111229 -0.00101949 
759.00000000 0.23848725 0.07333394 0.67117795 0.00929205 0.00991009 -0.00118009 -0.00102118 
760.00000000 0.23884588 0.07335229 0.67089964 0.00928030 0.00989225 -0.00124750 -0.00102286 
761.00000000 0.23920442 0.07337058 0.67062106 0.00926852 0.00987440 -0.00131445 -0.00102453 
762.00000000 0.23956285 0.07338880 0.67034218 0.00925672 0.00985656 -0.00138093 -0.00102617 
763.00000000 0.23992118 0.07340695 0.67006296 0.00924489 0.00983872 -0.00144688 -0.00102781 
764.00000000 0.24027941 0.07342503 0.66978335 0.00923303 0.00982089 -0.00151228 -0.00102943 
765.00000000 0.24063755 0.07344305 0.66950331 0.00922115 0.00980306 -0.00157709 -0.00103104 
766.00000000 0.24099560 0.07346099 0.66922282 0.00920926 0.00978525 -0.00164127 -0.00103265 
767.00000000 0.24135355 0.07347887 0.66894183 0.00919734 0.00976745 -0.00170480 -0.00103424 
768.00000000 0.24171142 0.07349668 0.66866031 0.00918540 0.00974967 -0.00176765 -0.00103583 
769.00000000 0.24206919 0.07351442 0.66837822 0.00917345 0.00973190 -0.00182978 -0.00103741 
770.00000000 0.24242687 0.07353209 0.66809553 0.00916149 0.00971416 -0.00189116 -0.00103898 
771.00000000 0.24278447 0.07354969 0.66781221 0.00914951 0.00969644 -0.00195177 -0.00104056 
772.00000000 0.24314199 0.07356722 0.66752823 0.00913752 0.00967874 -0.00201158 -0.00104213 
773.00000000 0.24349942 0.07358468 0.66724356 0.00912552 0.00966106 -0.00207056 -0.00104370 
774.00000000 0.24385677 0.07360207 0.66695818 0.00911352 0.00964342 -0.00212870 -0.00104527 
775.00000000 0.24421404 0.07361939 0.66667206 0.00910151 0.00962580 -0.00218597 -0.00104684 
776.00000000 0.24457124 0.07363664 0.66638518 0.00908949 0.00960822 -0.00224236 -0.00104841 
777.00000000 0.24492835 0.07365382 0.66609752 0.00907747 0.00959067 -0.00229784 -0.00104999 
778.00000000 0.24528539 0.07367092 0.66580904 0.00906545 0.00957316 -0.00235239 -0.00105157 
779.00000000 0.24564235 0.07368795 0.66551975 0.00905342 0.00955569 -0.00240600 -0.00105315 
780.00000000 0.24599923 0.07370491 0.66522961 0.00904140 0.00953825 -0.00245866 -0.00105474 
781.00000000 0.24635604 0.07372180 0.66493862 0.00902938 0.00952086 -0.00251035 -0.00105634 
782.00000000 0.24671278 0.07373861 0.66464675 0.00901737 0.00950350 -0.00256106 -0.00105795 
783.00000000 0.24706945 0.07375534 0.66435401 0.00900536 0.00948619 -0.00261079 -0.00105957 
784.00000000 0.24742604 0.07377201 0.66406037 0.00899336 0.00946893 -0.00265952 -0.00106119 
785.00000000 0.24778257 0.07378860 0.66376583 0.00898136 0.00945171 -0.00270724 -0.00106283 
786.00000000 0.24813902 0.07380511 0.66347038 0.00896938 0.00943454 -0.00275396 -0.00106447 
787.00000000 0.24849541 0.07382155 0.66317402 0.00895740 0.00941742 -0.00279967 -0.00106613 
788.00000000 0.24885172 0.07383791 0.66287673 0.00894544 0.00940035 -0.00284436 -0.00106780 
789.00000000 0.24920797 0.07385420 0.66257853 0.00893349 0.00938333 -0.00288804 -0.00106948 
790.00000000 0.24956415 0.07387041 0.66227941 0.00892155 0.00936636 -0.00293071 -0.00107118 
791.00000000 0.24992026 0.07388655 0.66197937 0.00890963 0.00934944 -0.00297236 -0.00107289 
792.00000000 0.25027630 0.07390260 0.66167841 0.00889772 0.00933258 -0.00301301 -0.00107461 
793.00000000 0.25063227 0.07391858 0.66137654 0.00888583 0.00931577 -0.00305265 -0.00107635 
794.00000000 0.25098818 0.07393449 0.66107376 0.00887396 0.00929902 -0.00309130 -0.00107810 
795.00000000 0.25134401 0.07395031 0.66077008 0.00886211 0.00928232 -0.00312897 -0.00107987 
796.00000000 0.25169978 0.07396606 0.66046551 0.00885027 0.00926567 -0.00316565 -0.00108165 
797.00000000 0.25205549 0.07398173 0.66016005 0.00883845 0.00924909 -0.00320136 -0.00108344 
798.00000000 0.25241112 0.07399732 0.65985373 0.00882666 0.00923255 -0.00323612 -0.00108526 
799.00000000 0.25276668 0.07401283 0.65954655 0.00881488 0.00921608 -0.00326994 -0.00108708 
800.00000000 0.25312218 0.07402826 0.65923853 0.00880313 0.00919966 -0.00330282 -0.00108893 
801.00000000 0.25347760 0.07404362 0.65892967 0.00879139 0.00918329 -0.00333479 -0.00109078 
802.00000000 0.25383295 0.07405889 0.65862001 0.00877968 0.00916699 -0.00336586 -0.00109266 
803.00000000 0.25418824 0.07407408 0.65830955 0.00876800 0.00915073 -0.00339606 -0.00109454 
804.00000000 0.25454345 0.07408920 0.65799832 0.00875633 0.00913454 -0.00342539 -0.00109645 
805.00000000 0.25489859 0.07410423 0.65768633 0.00874469 0.00911840 -0.00345388 -0.00109837 
806.00000000 0.25525366 0.07411919 0.65737361 0.00873307 0.00910231 -0.00348154 -0.00110030 
807.00000000 0.25560865 0.07413406 0.65706018 0.00872147 0.00908628 -0.00350841 -0.00110225 
808.00000000 0.25596357 0.07414886 0.65674606 0.00870990 0.00907031 -0.00353449 -0.00110421 
809.00000000 0.25631842 0.07416357 0.65643128 0.00869835 0.00905438 -0.00355983 -0.00110618 
810.00000000 0.25667318 0.07417821 0.65611586 0.00868682 0.00903852 -0.00358442 -0.00110817 
811.00000000 0.25702787 0.07419276 0.65579983 0.00867532 0.00902270 -0.00360832 -0.00111017 
812.00000000 0.25738249 0.07420724 0.65548321 0.00866384 0.00900693 -0.00363152 -0.00111218 
813.00000000 0.25773702 0.07422163 0.65516603 0.00865238 0.00899122 -0.00365407 -0.00111420 
814.00000000 0.25809147 0.07423594 0.65484831 0.00864095 0.00897555 -0.00367599 -0.00111624 
815.00000000 0.25844584 0.07425018 0.65453010 0.00862954 0.00895993 -0.00369731 -0.00111828 
816.00000000 0.25880013 0.07426433 0.65421141 0.00861815 0.00894437 -0.00371805 -0.00112034 
817.00000000 0.25915434 0.07427840 0.65389228 0.00860678 0.00892884 -0.00373824 -0.00112241 
818.00000000 0.25950846 0.07429239 0.65357273 0.00859544 0.00891337 -0.00375790 -0.00112448 
819.00000000 0.25986249 0.07430631 0.65325280 0.00858411 0.00889793 -0.00377707 -0.00112656 
820.00000000 0.26021643 0.07432014 0.65293251 0.00857281 0.00888254 -0.00379578 -0.00112865 
821.00000000 0.26057029 0.07433389 0.65261190 0.00856152 0.00886720 -0.00381405 -0.00113075 
822.00000000 0.26092405 0.07434756 0.65229100 0.00855026 0.00885189 -0.00383191 -0.00113285 
823.00000000 0.26127773 0.07436116 0.65196983 0.00853901 0.00883663 -0.00384939 -0.00113496 
824.00000000 0.26163131 0.07437467 0.65164844 0.00852778 0.00882140 -0.00386652 -0.00113708 
825.00000000 0.26198479 0.07438810 0.65132685 0.00851657 0.00880621 -0.00388332 -0.00113919 
826.00000000 0.26233818 0.07440146 0.65100509 0.00850538 0.00879105 -0.00389984 -0.00114131 
827.00000000 0.26269147 0.07441473 0.65068319 0.00849420 0.00877593 -0.00391609 -0.00114344 
828.00000000 0.26304467 0.07442793 0.65036119 0.00848303 0.00876084 -0.00393210 -0.00114556 
829.00000000 0.26339776 0.07444105 0.65003912 0.00847189 0.00874578 -0.00394790 -0.00114768 
830.00000000 0.26375075 0.07445408 0.64971700 0.00846075 0.00873075 -0.00396353 -0.00114981 
831.00000000 0.26410364 0.07446705 0.64939486 0.00844963 0.00871575 -0.00397900 -0.00115193 
832.00000000 0.26445642 0.07447993 0.64907274 0.00843853 0.00870078 -0.00399434 -0.00115406 
833.00000000 0.26480909 0.07449273 0.64875067 0.00842743 0.00868583 -0.00400959 -0.00115618 
834.00000000 0.26516166 0.07450546 0.64842868 0.00841634 0.00867091 -0.00402476 -0.00115830 
835.00000000 0.26551412 0.07451811 0.64810679 0.00840527 0.00865601 -0.00403989 -0.00116041 
836.00000000 0.26586647 0.07453069 0.64778503 0.00839420 0.00864113 -0.00405500 -0.00116252 
837.00000000 0.26621871 0.07454318 0.64746343 0.00838314 0.00862627 -0.00407011 -0.00116462 
838.00000000 0.26657083 0.07455560 0.64714202 0.00837209 0.00861143 -0.00408526 -0.00116672 
839.00000000 0.26692284 0.07456795 0.64682082 0.00836105 0.00859661 -0.00410045 -0.00116881 
840.00000000 0.26727473 0.07458022 0.64649986 0.00835001 0.00858180 -0.00411572 -0.00117089 
841.00000000 0.26762651 0.07459241 0.64617916 0.00833898 0.00856701 -0.00413110 -0.00117297 
842.00000000 0.26797816 0.07460453 0.64585876 0.00832795 0.00855223 -0.00414659 -0.00117504 
843.00000000 0.26832970 0.07461658 0.64553866 0.00831692 0.00853746 -0.00416222 -0.00117709 
844.00000000 0.26868111 0.07462855 0.64521890 0.00830589 0.00852270 -0.00417802 -0.00117914 
845.00000000 0.26903241 0.07464044 0.64489950 0.00829487 0.00850794 -0.00419399 -0.00118117 
846.00000000 0.26938357 0.07465227 0.64458048 0.00828385 0.00849320 -0.00421017 -0.00118319 
847.00000000 0.26973462 0.07466402 0.64426185 0.00827282 0.00847846 -0.00422657 -0.00118521 
848.00000000 0.27008553 0.07467570 0.64394364 0.00826180 0.00846373 -0.00424320 -0.00118720 
849.00000000 0.27043632 0.07468730 0.64362587 0.00825077 0.00844900 -0.00426009 -0.00118919 
850.00000000 0.27078698 0.07469884 0.64330855 0.00823974 0.00843428 -0.00427724 -0.00119116 
851.00000000 0.27113751 0.07471030 0.64299171 0.00822871 0.00841956 -0.00429467 -0.00119311 
852.00000000 0.27148791 0.07472169 0.64267534 0.00821767 0.00840483 -0.00431240 -0.00119505 
853.00000000 0.27183817 0.07473301 0.64235948 0.00820663 0.00839011 -0.00433043 -0.00119698 
854.00000000 0.27218831 0.07474427 0.64204413 0.00819558 0.00837538 -0.00434879 -0.00119889 
855.00000000 0.27253831 0.07475545 0.64172931 0.00818453 0.00836066 -0.00436747 -0.00120078 
856.00000000 0.27288817 0.07476656 0.64141502 0.00817347 0.00834593 -0.00438650 -0.00120265 
857.00000000 0.27323790 0.07477761 0.64110128 0.00816240 0.00833119 -0.00440587 -0.00120451 
858.00000000 0.27358749 0.07478859 0.64078810 0.00815132 0.00831646 -0.00442560 -0.00120635 
859.00000000 0.27393695 0.07479950 0.64047548 0.00814023 0.00830171 -0.00444570 -0.00120817 
860.00000000 0.27428626 0.07481034 0.64016344 0.00812913 0.00828696 -0.00446616 -0.00120997 
861.00000000 0.27463544 0.07482111 0.63985197 0.00811803 0.00827220 -0.00448700 -0.00121176 
862.00000000 0.27498447 0.07483182 0.63954109 0.00810691 0.00825744 -0.00450822 -0.00121352 
863.00000000 0.27533337 0.07484247 0.63923080 0.00809578 0.00824267 -0.00452981 -0.00121527 
864.00000000 0.27568212 0.07485305 0.63892110 0.00808464 0.00822789 -0.00455180 -0.00121699 
865.00000000 0.27603073 0.07486357 0.63861199 0.00807348 0.00821310 -0.00457417 -0.00121870 
866.00000000 0.27637920 0.07487402 0.63830348 0.00806232 0.00819830 -0.00459692 -0.00122039 
867.00000000 0.27672753 0.07488441 0.63799556 0.00805114 0.00818349 -0.00462006 -0.00122205 
868.00000000 0.27707571 0.07489473 0.63768824 0.00803994 0.00816867 -0.00464358 -0.00122370 
869.00000000 0.27742374 0.07490500 0.63738150 0.00802873 0.00815384 -0.00466749 -0.00122533 
870.00000000 0.27777164 0.07491520 0.63707536 0.00801751 0.00813900 -0.00469177 -0.00122693 
871.00000000 0.27811938 0.07492534 0.63676980 0.00800628 0.00812415 -0.00471643 -0.00122852 
872.00000000 0.27846698 0.07493542 0.63646483 0.00799503 0.00810928 -0.00474145 -0.00123008 
873.00000000 0.27881444 0.07494544 0.63616043 0.00798376 0.00809441 -0.00476685 -0.00123163 
874.00000000 0.27916175 0.07495540 0.63585659 0.00797248 0.00807953 -0.00479259 -0.00123315 
875.00000000 0.27950891 0.07496530 0.63555332 0.00796118 0.00806464 -0.00481869 -0.00123465 
876.00000000 0.27985592 0.07497514 0.63525061 0.00794987 0.00804973 -0.00484513 -0.00123614 
877.00000000 0.28020279 0.07498492 0.63494843 0.00793854 0.00803482 -0.00487191 -0.00123760 
878.00000000 0.28054951 0.07499465 0.63464680 0.00792720 0.00801989 -0.00489900 -0.00123904 
879.00000000 0.28089608 0.07500432 0.63434568 0.00791584 0.00800496 -0.00492642 -0.00124047 
880.00000000 0.28124251 0.07501393 0.63404509 0.00790446 0.00799001 -0.00495413 -0.00124187 
881.00000000 0.28158878 0.07502349 0.63374499 0.00789307 0.00797506 -0.00498214 -0.00124325 
882.00000000 0.28193491 0.07503299 0.63344538 0.00788167 0.00796009 -0.00501043 -0.00124462 
883.00000000 0.28228090 0.07504244 0.63314625 0.00787025 0.00794512 -0.00503899 -0.00124596 
884.00000000 0.28262673 0.07505184 0.63284758 0.00785881 0.00793014 -0.00506780 -0.00124729 
885.00000000 0.28297242 0.07506118 0.63254935 0.00784736 0.00791515 -0.00509686 -0.00124859 
886.00000000 0.28331795 0.07507046 0.63225156 0.00783589 0.00790015 -0.00512614 -0.00124988 
887.00000000 0.28366334 0.07507970 0.63195419 0.00782441 0.00788515 -0.00515563 -0.00125115 
888.00000000 0.28400859 0.07508888 0.63165722 0.00781291 0.00787014 -0.00518533 -0.00125240 
889.00000000 0.28435368 0.07509801 0.63136064 0.00780140 0.00785513 -0.00521521 -0.00125364 
890.00000000 0.28469863 0.07510708 0.63106442 0.00778987 0.00784011 -0.00524526 -0.00125486 
891.00000000 0.28504343 0.07511611 0.63076856 0.00777833 0.00782509 -0.00527546 -0.00125606 
892.00000000 0.28538808 0.07512509 0.63047303 0.00776678 0.00781006 -0.00530579 -0.00125724 
893.00000000 0.28573259 0.07513402 0.63017781 0.00775521 0.00779503 -0.00533625 -0.00125841 
894.00000000 0.28607695 0.07514290 0.62988290 0.00774363 0.00778000 -0.00536681 -0.00125956 
895.00000000 0.28642116 0.07515173 0.62958827 0.00773204 0.00776497 -0.00539746 -0.00126070 
896.00000000 0.28676523 0.07516051 0.62929390 0.00772043 0.00774994 -0.00542818 -0.00126182 
897.00000000 0.28710915 0.07516924 0.62899977 0.00770882 0.00773490 -0.00545895 -0.00126293 
898.00000000 0.28745293 0.07517793 0.62870587 0.00769719 0.00771987 -0.00548976 -0.00126402 
899.00000000 0.28779656 0.07518657 0.62841217 0.00768555 0.00770485 -0.00552059 -0.00126510 
900.00000000 0.28814004 0.07519516 0.62811866 0.00767390 0.00768982 -0.00555142 -0.00126616 
901.00000000 0.28848338 0.07520370 0.62782533 0.00766224 0.00767480 -0.00558224 -0.00126722 
902.00000000 0.28882658 0.07521220 0.62753214 0.00765058 0.00765978 -0.00561303 -0.00126826 
903.00000000 0.28916963 0.07522066 0.62723908 0.00763890 0.00764477 -0.00564377 -0.00126928 
904.00000000 0.28951254 0.07522907 0.62694614 0.00762722 0.00762977 -0.00567444 -0.00127030 
905.00000000 0.28985531 0.07523744 0.62665329 0.00761552 0.00761478 -0.00570503 -0.00127131 
906.00000000 0.29019793 0.07524576 0.62636052 0.00760383 0.00759979 -0.00573553 -0.00127230 
907.00000000 0.29054041 0.07525404 0.62606781 0.00759212 0.00758481 -0.00576590 -0.00127329 
908.00000000 0.29088275 0.07526227 0.62577514 0.00758041 0.00756985 -0.00579615 -0.00127426 
909.00000000 0.29122495 0.07527046 0.62548249 0.00756869 0.00755489 -0.00582625 -0.00127523 
910.00000000 0.29156700 0.07527861 0.62518984 0.00755697 0.00753995 -0.00585620 -0.00127618 
911.00000000 0.29190892 0.07528672 0.62489718 0.00754524 0.00752502 -0.00588596 -0.00127713 
912.00000000 0.29225069 0.07529479 0.62460450 0.00753351 0.00751011 -0.00591553 -0.00127807 
913.00000000 0.29259233 0.07530281 0.62431176 0.00752178 0.00749521 -0.00594489 -0.00127900 
914.00000000 0.29293382 0.07531079 0.62401897 0.00751005 0.00748033 -0.00597403 -0.00127993 
915.00000000 0.29327518 0.07531873 0.62372610 0.00749831 0.00746546 -0.00600294 -0.00128085 
916.00000000 0.29361640 0.07532664 0.62343313 0.00748658 0.00745062 -0.00603160 -0.00128176 
917.00000000 0.29395747 0.07533450 0.62314006 0.00747484 0.00743579 -0.00606000 -0.00128267 
918.00000000 0.29429841 0.07534232 0.62284687 0.00746310 0.00742098 -0.00608812 -0.00128357 
919.00000000 0.29463922 0.07535010 0.62255354 0.00745137 0.00740619 -0.00611595 -0.00128446 
920.00000000 0.29497988 0.07535784 0.62226007 0.00743963 0.00739143 -0.00614349 -0.00128536 
921.00000000 0.29532041 0.07536554 0.62196643 0.00742790 0.00737669 -0.00617072 -0.00128625 
922.00000000 0.29566080 0.07537321 0.62167261 0.00741617 0.00736197 -0.00619763 -0.00128713 
923.00000000 0.29600106 0.07538083 0.62137861 0.00740445 0.00734727 -0.00622421 -0.00128801 
924.00000000 0.29634117 0.07538842 0.62108441 0.00739273 0.00733260 -0.00625045 -0.00128889 
925.00000000 0.29668116 0.07539597 0.62079001 0.00738101 0.00731796 -0.00627634 -0.00128977 
926.00000000 0.29702101 0.07540348 0.62049539 0.00736930 0.00730334 -0.00630187 -0.00129064 
927.00000000 0.29736072 0.07541095 0.62020054 0.00735759 0.00728875 -0.00632704 -0.00129151 
928.00000000 0.29770030 0.07541839 0.61990545 0.00734589 0.00727419 -0.00635183 -0.00129239 
929.00000000 0.29803974 0.07542579 0.61961012 0.00733420 0.00725965 -0.00637624 -0.00129326 
930.00000000 0.29837905 0.07543315 0.61931453 0.00732252 0.00724515 -0.00640027 -0.00129413 
931.00000000 0.29871823 0.07544047 0.61901869 0.00731084 0.00723067 -0.00642391 -0.00129500 
932.00000000 0.29905727 0.07544776 0.61872258 0.00729917 0.00721623 -0.00644715 -0.00129586 
933.00000000 0.29939618 0.07545501 0.61842621 0.00728752 0.00720181 -0.00646999 -0.00129673 
934.00000000 0.29973495 0.07546223 0.61812955 0.00727587 0.00718743 -0.00649242 -0.00129760 
935.00000000 0.30007359 0.07546941 0.61783262 0.00726423 0.00717308 -0.00651444 -0.00129847 
936.00000000 0.30041210 0.07547655 0.61753540 0.00725260 0.00715876 -0.00653606 -0.00129935 
937.00000000 0.30075048 0.07548366 0.61723789 0.00724098 0.00714447 -0.00655726 -0.00130022 
938.00000000 0.30108872 0.07549073 0.61694010 0.00722938 0.00713022 -0.00657804 -0.00130109 
939.00000000 0.30142683 0.07549777 0.61664201 0.00721779 0.00711600 -0.00659841 -0.00130197 
940.00000000 0.30176481 0.07550477 0.61634363 0.00720620 0.00710181 -0.00661837 -0.00130285 
941.00000000 0.30210265 0.07551173 0.61604496 0.00719464 0.00708766 -0.00663790 -0.00130373 
942.00000000 0.30244037 0.07551866 0.61574599 0.00718308 0.00707354 -0.00665703 -0.00130461 
943.00000000 0.30277795 0.07552556 0.61544673 0.00717154 0.00705945 -0.00667573 -0.00130550 
944.00000000 0.30311540 0.07553242 0.61514719 0.00716001 0.00704541 -0.00669403 -0.00130639 
945.00000000 0.30345272 0.07553925 0.61484735 0.00714850 0.00703139 -0.00671192 -0.00130728 
946.00000000 0.30378990 0.07554604 0.61454722 0.00713700 0.00701741 -0.00672940 -0.00130817 
947.00000000 0.30412695 0.07555280 0.61424682 0.00712551 0.00700347 -0.00674647 -0.00130907 
948.00000000 0.30446387 0.07555952 0.61394613 0.00711404 0.00698956 -0.00676315 -0.00130997 
949.00000000 0.30480066 0.07556621 0.61364517 0.00710259 0.00697569 -0.00677943 -0.00131088 
950.00000000 0.30513732 0.07557286 0.61334394 0.00709115 0.00696185 -0.00679533 -0.00131178 
951.00000000 0.30547384 0.07557948 0.61304244 0.00707972 0.00694804 -0.00681083 -0.00131269 
952.00000000 0.30581023 0.07558607 0.61274068 0.00706831 0.00693428 -0.00682596 -0.00131361 
953.00000000 0.30614649 0.07559262 0.61243867 0.00705692 0.00692054 -0.00684072 -0.00131453 
954.00000000 0.30648261 0.07559914 0.61213641 0.00704554 0.00690684 -0.00685511 -0.00131545 
955.00000000 0.30681860 0.07560563 0.61183392 0.00703418 0.00689318 -0.00686914 -0.00131637 
956.00000000 0.30715446 0.07561208 0.61153119 0.00702284 0.00687955 -0.00688283 -0.00131730 
957.00000000 0.30749019 0.07561850 0.61122824 0.00701151 0.00686596 -0.00689616 -0.00131823 
958.00000000 0.30782578 0.07562489 0.61092507 0.00700020 0.00685240 -0.00690917 -0.00131917 
959.00000000 0.30816124 0.07563124 0.61062170 0.00698890 0.00683887 -0.00692185 -0.00132011 
960.00000000 0.30849656 0.07563756 0.61031813 0.00697762 0.00682537 -0.00693420 -0.00132105 
961.00000000 0.30883175 0.07564385 0.61001437 0.00696636 0.00681191 -0.00694626 -0.00132199 
962.00000000 0.30916681 0.07565010 0.60971044 0.00695511 0.00679849 -0.00695801 -0.00132294 
963.00000000 0.30950173 0.07565633 0.60940634 0.00694388 0.00678509 -0.00696947 -0.00132389 
964.00000000 0.30983652 0.07566252 0.60910208 0.00693266 0.00677173 -0.00698065 -0.00132485 
965.00000000 0.31017117 0.07566867 0.60879768 0.00692146 0.00675840 -0.00699157 -0.00132580 
966.00000000 0.31050568 0.07567480 0.60849314 0.00691028 0.00674509 -0.00700222 -0.00132676 
967.00000000 0.31084006 0.07568089 0.60818848 0.00689911 0.00673182 -0.00701263 -0.00132773 
968.00000000 0.31117430 0.07568695 0.60788370 0.00688795 0.00671859 -0.00702280 -0.00132869 
969.00000000 0.31150841 0.07569297 0.60757883 0.00687682 0.00670538 -0.00703274 -0.00132966 
970.00000000 0.31184238 0.07569897 0.60727386 0.00686569 0.00669220 -0.00704247 -0.00133063 
971.00000000 0.31217621 0.07570493 0.60696882 0.00685458 0.00667904 -0.00705200 -0.00133160 
972.00000000 0.31250991 0.07571086 0.60666372 0.00684349 0.00666592 -0.00706132 -0.00133257 
973.00000000 0.31284346 0.07571676 0.60635856 0.00683241 0.00665282 -0.00707047 -0.00133355 
974.00000000 0.31317688 0.07572263 0.60605336 0.00682134 0.00663975 -0.00707945 -0.00133452 
975.00000000 0.31351016 0.07572847 0.60574813 0.00681029 0.00662671 -0.00708826 -0.00133550 
976.00000000 0.31384330 0.07573427 0.60544288 0.00679926 0.00661370 -0.00709693 -0.00133648 
977.00000000 0.31417630 0.07574005 0.60513763 0.00678823 0.00660070 -0.00710546 -0.00133746 
978.00000000 0.31450917 0.07574579 0.60483239 0.00677722 0.00658774 -0.00711387 -0.00133843 
979.00000000 0.31484189 0.07575150 0.60452717 0.00676622 0.00657479 -0.00712216 -0.00133941 
980.00000000 0.31517447 0.07575718 0.60422198 0.00675523 0.00656188 -0.00713034 -0.00134039 
981.00000000 0.31550691 0.07576283 0.60391683 0.00674426 0.00654898 -0.00713843 -0.00134137 
982.00000000 0.31583921 0.07576845 0.60361174 0.00673330 0.00653610 -0.00714644 -0.00134235 
983.00000000 0.31617136 0.07577404 0.60330671 0.00672234 0.00652325 -0.00715438 -0.00134333 
984.00000000 0.31650338 0.07577959 0.60300177 0.00671140 0.00651042 -0.00716226 -0.00134430 
985.00000000 0.31683525 0.07578512 0.60269691 0.00670047 0.00649761 -0.00717009 -0.00134528 
986.00000000 0.31716698 0.07579062 0.60239216 0.00668955 0.00648482 -0.00717788 -0.00134625 
987.00000000 0.31749857 0.07579608 0.60208752 0.00667864 0.00647204 -0.00718563 -0.00134722 
988.00000000 0.31783001 0.07580152 0.60178300 0.00666774 0.00645929 -0.00719337 -0.00134819 
989.00000000 0.31816131 0.07580692 0.60147862 0.00665685 0.00644655 -0.00720110 -0.00134916 
990.00000000 0.31849247 0.07581230 0.60117438 0.00664597 0.00643383 -0.00720883 -0.00135013 
991.00000000 0.31882348 0.07581765 0.60087030 0.00663510 0.00642113 -0.00721656 -0.00135109 
992.00000000 0.31915434 0.07582296 0.60056638 0.00662423 0.00640844 -0.00722431 -0.00135205 
993.00000000 0.31948506 0.07582825 0.60026264 0.00661337 0.00639577 -0.00723209 -0.00135300 
994.00000000 0.31981563 0.07583351 0.59995908 0.00660252 0.00638311 -0.00723990 -0.00135395 
995.00000000 0.32014606 0.07583873 0.59965571 0.00659168 0.00637047 -0.00724776 -0.00135490 
996.00000000 0.32047634 0.07584393 0.59935255 0.00658084 0.00635784 -0.00725566 -0.00135584 
997.00000000 0.32080648 0.07584910 0.59904959 0.00657001 0.00634522 -0.00726362 -0.00135678 
998.00000000 0.32113647 0.07585424 0.59874685 0.00655918 0.00633262 -0.00727165 -0.00135771 
999.00000000 0.32146631 0.07585936 0.59844434 0.00654836 0.00632003 -0.00727974 -0.00135864 
