0.00000000 0.00225937 0.01191697 0.76937613 0.00190601 0.00102365 0.20810004 0.00541781 
1.00000000 0.00225937 0.01191697 0.76937613 0.00190601 0.00102365 0.20810004 0.00541781 
2.00000000 0.00225938 0.01191697 0.76937586 0.00190602 0.00102366 0.20810028 0.00541783 
3.00000000 0.00225941 0.01191697 0.76937444 0.00190606 0.00102370 0.20810151 0.00541789 
4.00000000 0.00225949 0.01191700 0.76937051 0.00190616 0.00102382 0.20810493 0.00541809 
5.00000000 0.00225966 0.01191706 0.76936217 0.00190639 0.00102407 0.20811216 0.00541849 
6.00000000 0.00225997 0.01191719 0.76934705 0.00190679 0.00102453 0.20812525 0.00541923 
7.00000000 0.00226049 0.01191739 0.76932232 0.00190745 0.00102529 0.20814663 0.00542043 
8.00000000 0.00226129 0.01191772 0.76928472 0.00190846 0.00102644 0.20817911 0.00542225 
9.00000000 0.00226246 0.01191821 0.76923058 0.00190992 0.00102811 0.20822583 0.00542488 
10.00000000 0.00226411 0.01191890 0.76915588 0.00191194 0.00103043 0.20829025 0.00542848 
11.00000000 0.00226635 0.01191984 0.76905624 0.00191465 0.00103353 0.20837612 0.00543328 
12.00000000 0.00226930 0.01192108 0.76892701 0.00191817 0.00103758 0.20848739 0.00543947 
13.00000000 0.00227310 0.01192266 0.76876332 0.00192265 0.00104273 0.20862826 0.00544727 
14.00000000 0.00227791 0.01192466 0.76856006 0.00192824 0.00104916 0.20880308 0.00545690 
15.00000000 0.00228388 0.01192711 0.76831198 0.00193507 0.00105705 0.20901632 0.00546859 
16.00000000 0.00229119 0.01193009 0.76801374 0.00194331 0.00106658 0.20927254 0.00548254 
17.00000000 0.00230003 0.01193365 0.76765989 0.00195313 0.00107795 0.20957636 0.00549899 
18.00000000 0.00231060 0.01193786 0.76724501 0.00196467 0.00109135 0.20993238 0.00551812 
19.00000000 0.00232309 0.01194278 0.76676369 0.00197811 0.00110698 0.21034522 0.00554014 
20.00000000 0.00233774 0.01194847 0.76621056 0.00199359 0.00112505 0.21081937 0.00556522 
21.00000000 0.00235475 0.01195499 0.76558041 0.00201129 0.00114575 0.21135928 0.00559354 
22.00000000 0.00237437 0.01196240 0.76486814 0.00203135 0.00116928 0.21196921 0.00562524 
23.00000000 0.00239682 0.01197078 0.76406886 0.00205393 0.00119585 0.21265329 0.00566046 
24.00000000 0.00242237 0.01198018 0.76317791 0.00207918 0.00122564 0.21341543 0.00569930 
25.00000000 0.00245124 0.01199066 0.76219087 0.00210722 0.00125886 0.21425930 0.00574185 
26.00000000 0.00248369 0.01200229 0.76110361 0.00213820 0.00129569 0.21518834 0.00578817 
27.00000000 0.00251998 0.01201512 0.75991234 0.00217224 0.00133631 0.21620570 0.00583830 
28.00000000 0.00256036 0.01202922 0.75861359 0.00220944 0.00138089 0.21731422 0.00589227 
29.00000000 0.00260506 0.01204465 0.75720427 0.00224992 0.00142961 0.21851644 0.00595005 
30.00000000 0.00265435 0.01206146 0.75568166 0.00229376 0.00148262 0.21981453 0.00601162 
31.00000000 0.00270846 0.01207972 0.75404345 0.00234105 0.00154006 0.22121034 0.00607692 
32.00000000 0.00276764 0.01209948 0.75228776 0.00239184 0.00160209 0.22270533 0.00614586 
33.00000000 0.00283210 0.01212080 0.75041312 0.00244621 0.00166882 0.22430061 0.00621833 
34.00000000 0.00290208 0.01214374 0.74841850 0.00250419 0.00174039 0.22599689 0.00629422 
35.00000000 0.00297779 0.01216835 0.74630331 0.00256581 0.00181689 0.22779449 0.00637335 
36.00000000 0.00305943 0.01219470 0.74406743 0.00263108 0.00189843 0.22969337 0.00645557 
37.00000000 0.00314719 0.01222282 0.74171114 0.00270002 0.00198508 0.23169306 0.00654068 
38.00000000 0.00324125 0.01225279 0.73923521 0.00277262 0.00207693 0.23379273 0.00662846 
39.00000000 0.00334179 0.01228466 0.73664081 0.00284884 0.00217404 0.23599116 0.00671871 
40.00000000 0.00344894 0.01231847 0.73392957 0.00292865 0.00227645 0.23828675 0.00681116 
41.00000000 0.00356286 0.01235429 0.73110351 0.00301202 0.00238421 0.24067755 0.00690558 
42.00000000 0.00368366 0.01239215 0.72816508 0.00309887 0.00249734 0.24316121 0.00700169 
43.00000000 0.00381146 0.01243211 0.72511712 0.00318914 0.00261586 0.24573509 0.00709922 
44.00000000 0.00394635 0.01247423 0.72196284 0.00328275 0.00273977 0.24839617 0.00719789 
45.00000000 0.00408841 0.01251853 0.71870582 0.00337961 0.00286908 0.25114114 0.00729742 
46.00000000 0.00423770 0.01256506 0.71534997 0.00347961 0.00300376 0.25396639 0.00739751 
47.00000000 0.00439427 0.01261387 0.71189953 0.00358264 0.00314379 0.25686803 0.00749787 
48.00000000 0.00455815 0.01266499 0.70835903 0.00368859 0.00328913 0.25984190 0.00759821 
49.00000000 0.00472937 0.01271846 0.70473326 0.00379734 0.00343973 0.26288360 0.00769824 
50.00000000 0.00490791 0.01277429 0.70102729 0.00390875 0.00359556 0.26598852 0.00779768 
51.00000000 0.00509378 0.01283252 0.69724640 0.00402268 0.00375653 0.26915185 0.00789624 
52.00000000 0.00528695 0.01289316 0.69339606 0.00413899 0.00392260 0.27236860 0.00799365 
53.00000000 0.00548736 0.01295623 0.68948193 0.00425754 0.00409366 0.27563363 0.00808965 
54.00000000 0.00569498 0.01302174 0.68550982 0.00437818 0.00426966 0.27894166 0.00818396 
55.00000000 0.00590973 0.01308969 0.68148566 0.00450076 0.00445048 0.28228732 0.00827636 
56.00000000 0.00613153 0.01316007 0.67741550 0.00462513 0.00463604 0.28566513 0.00836660 
57.00000000 0.00636029 0.01323289 0.67330546 0.00475113 0.00482624 0.28906954 0.00845446 
58.00000000 0.00659590 0.01330810 0.66916171 0.00487862 0.00502096 0.29249498 0.00853973 
59.00000000 0.00683825 0.01338571 0.66499048 0.00500744 0.00522010 0.29593582 0.00862221 
60.00000000 0.00708720 0.01346566 0.66079799 0.00513744 0.00542353 0.29938644 0.00870174 
61.00000000 0.00734263 0.01354793 0.65659050 0.00526847 0.00563114 0.30284120 0.00877813 
62.00000000 0.00760438 0.01363247 0.65237421 0.00540039 0.00584279 0.30629451 0.00885124 
63.00000000 0.00787230 0.01371923 0.64815530 0.00553306 0.00605836 0.30974081 0.00892094 
64.00000000 0.00814622 0.01380814 0.64393992 0.00566634 0.00627771 0.31317456 0.00898711 
65.00000000 0.00842595 0.01389913 0.63973414 0.00580010 0.00650070 0.31659032 0.00904965 
66.00000000 0.00871133 0.01399214 0.63554396 0.00593421 0.00672719 0.31998271 0.00910847 
67.00000000 0.00900216 0.01408708 0.63137528 0.00606854 0.00695703 0.32334641 0.00916350 
68.00000000 0.00929823 0.01418386 0.62723395 0.00620297 0.00719007 0.32667623 0.00921469 
69.00000000 0.00959935 0.01428239 0.62312566 0.00633739 0.00742616 0.32996705 0.00926200 
70.00000000 0.00990530 0.01438257 0.61905603 0.00647170 0.00766514 0.33321386 0.00930542 
71.00000000 0.01021586 0.01448429 0.61503054 0.00660579 0.00790683 0.33641177 0.00934493 
72.00000000 0.01053082 0.01458744 0.61105456 0.00673955 0.00815109 0.33955599 0.00938054 
73.00000000 0.01084995 0.01469191 0.60713334 0.00687290 0.00839774 0.34264188 0.00941228 
74.00000000 0.01117301 0.01479759 0.60327196 0.00700576 0.00864660 0.34566490 0.00944019 
75.00000000 0.01149978 0.01490434 0.59947540 0.00713803 0.00889750 0.34862064 0.00946431 
76.00000000 0.01183001 0.01501205 0.59574848 0.00726965 0.00915025 0.35150484 0.00948471 
77.00000000 0.01216348 0.01512059 0.59209588 0.00740054 0.00940468 0.35431337 0.00950147 
78.00000000 0.01249993 0.01522984 0.58852213 0.00753063 0.00966058 0.35704222 0.00951468 
79.00000000 0.01283913 0.01533966 0.58503160 0.00765986 0.00991777 0.35968755 0.00952444 
80.00000000 0.01318082 0.01544993 0.58162851 0.00778816 0.01017606 0.36224565 0.00953086 
81.00000000 0.01352478 0.01556052 0.57831691 0.00791550 0.01043524 0.36471297 0.00953408 
82.00000000 0.01387076 0.01567132 0.57510070 0.00804181 0.01069510 0.36708610 0.00953422 
83.00000000 0.01421851 0.01578218 0.57198358 0.00816705 0.01095546 0.36936179 0.00953143 
84.00000000 0.01456780 0.01589300 0.56896912 0.00829116 0.01121608 0.37153697 0.00952586 
85.00000000 0.01491839 0.01600365 0.56606066 0.00841412 0.01147678 0.37360873 0.00951768 
86.00000000 0.01527004 0.01611402 0.56326138 0.00853588 0.01173732 0.37557432 0.00950706 
87.00000000 0.01562251 0.01622399 0.56057426 0.00865640 0.01199750 0.37743117 0.00949417 
88.00000000 0.01597559 0.01633347 0.55800209 0.00877565 0.01225710 0.37917691 0.00947920 
89.00000000 0.01632904 0.01644235 0.55554744 0.00889359 0.01251590 0.38080935 0.00946234 
90.00000000 0.01668264 0.01655052 0.55321267 0.00901019 0.01277369 0.38232649 0.00944379 
91.00000000 0.01703618 0.01665791 0.55099994 0.00912543 0.01303023 0.38372655 0.00942376 
92.00000000 0.01738944 0.01676442 0.54891117 0.00923928 0.01328532 0.38500794 0.00940244 
93.00000000 0.01774223 0.01686997 0.54694803 0.00935170 0.01353873 0.38616929 0.00938005 
94.00000000 0.01809433 0.01697448 0.54511198 0.00946268 0.01379024 0.38720947 0.00935681 
95.00000000 0.01844557 0.01707790 0.54340421 0.00957218 0.01403964 0.38812756 0.00933293 
96.00000000 0.01879576 0.01718016 0.54182569 0.00968018 0.01428671 0.38892288 0.00930863 
97.00000000 0.01914472 0.01728119 0.54037709 0.00978666 0.01453124 0.38959498 0.00928412 
98.00000000 0.01949228 0.01738096 0.53905885 0.00989159 0.01477301 0.39014367 0.00925964 
99.00000000 0.01983828 0.01747942 0.53787113 0.00999497 0.01501181 0.39056899 0.00923539 
100.00000000 0.02018259 0.01757654 0.53681382 0.01009675 0.01524745 0.39087126 0.00921159 
101.00000000 0.02052504 0.01767227 0.53588654 0.01019693 0.01547971 0.39105104 0.00918847 
102.00000000 0.02086552 0.01776660 0.53508861 0.01029549 0.01570840 0.39110914 0.00916624 
103.00000000 0.02120390 0.01785951 0.53441911 0.01039240 0.01593334 0.39104663 0.00914510 
104.00000000 0.02154008 0.01795099 0.53387682 0.01048765 0.01615433 0.39086486 0.00912527 
105.00000000 0.02187395 0.01804103 0.53346024 0.01058123 0.01637120 0.39056542 0.00910694 
106.00000000 0.02220542 0.01812963 0.53316760 0.01067312 0.01658376 0.39015015 0.00909031 
107.00000000 0.02253443 0.01821680 0.53299687 0.01076331 0.01679186 0.38962117 0.00907556 
108.00000000 0.02286089 0.01830254 0.53294573 0.01085178 0.01699534 0.38898082 0.00906289 
109.00000000 0.02318476 0.01838687 0.53301163 0.01093853 0.01719404 0.38823170 0.00905246 
110.00000000 0.02350600 0.01846980 0.53319173 0.01102355 0.01738783 0.38737664 0.00904444 
111.00000000 0.02382457 0.01855138 0.53348297 0.01110684 0.01757657 0.38641870 0.00903898 
112.00000000 0.02414044 0.01863161 0.53388205 0.01118837 0.01776014 0.38536116 0.00903622 
113.00000000 0.02445362 0.01871054 0.53438544 0.01126817 0.01793843 0.38420752 0.00903630 
114.00000000 0.02476409 0.01878820 0.53498940 0.01134621 0.01811133 0.38296145 0.00903933 
115.00000000 0.02507186 0.01886463 0.53568998 0.01142251 0.01827875 0.38162682 0.00904543 
116.00000000 0.02537697 0.01893989 0.53648308 0.01149707 0.01844063 0.38020770 0.00905468 
117.00000000 0.02567943 0.01901401 0.53736437 0.01156988 0.01859688 0.37870826 0.00906716 
118.00000000 0.02597928 0.01908704 0.53832942 0.01164097 0.01874746 0.37713287 0.00908295 
119.00000000 0.02627658 0.01915905 0.53937363 0.01171034 0.01889232 0.37548600 0.00910208 
120.00000000 0.02657137 0.01923009 0.54049230 0.01177799 0.01903144 0.37377222 0.00912459 
121.00000000 0.02686372 0.01930021 0.54168059 0.01184395 0.01916480 0.37199622 0.00915051 
122.00000000 0.02715370 0.01936948 0.54293361 0.01190823 0.01929241 0.37016275 0.00917982 
123.00000000 0.02744137 0.01943796 0.54424640 0.01197085 0.01941426 0.36827664 0.00921253 
124.00000000 0.02772683 0.01950572 0.54561392 0.01203182 0.01953039 0.36634273 0.00924859 
125.00000000 0.02801016 0.01957281 0.54703113 0.01209118 0.01964083 0.36436591 0.00928797 
126.00000000 0.02829145 0.01963932 0.54849297 0.01214893 0.01974564 0.36235108 0.00933061 
127.00000000 0.02857079 0.01970530 0.54999437 0.01220512 0.01984488 0.36030312 0.00937641 
128.00000000 0.02884828 0.01977083 0.55153030 0.01225976 0.01993864 0.35822689 0.00942530 
129.00000000 0.02912402 0.01983596 0.55309577 0.01231289 0.02002699 0.35612721 0.00947717 
130.00000000 0.02939811 0.01990078 0.55468582 0.01236453 0.02011004 0.35400883 0.00953190 
131.00000000 0.02967065 0.01996534 0.55629559 0.01241472 0.02018791 0.35187644 0.00958934 
132.00000000 0.02994175 0.02002972 0.55792030 0.01246349 0.02026072 0.34973465 0.00964937 
133.00000000 0.03021151 0.02009397 0.55955526 0.01251088 0.02032861 0.34758796 0.00971181 
134.00000000 0.03048004 0.02015816 0.56119590 0.01255691 0.02039172 0.34544076 0.00977651 
135.00000000 0.03074745 0.02022235 0.56283778 0.01260163 0.02045020 0.34329732 0.00984327 
136.00000000 0.03101382 0.02028661 0.56447660 0.01264507 0.02050421 0.34116176 0.00991193 
137.00000000 0.03127928 0.02035097 0.56610820 0.01268727 0.02055394 0.33903807 0.00998227 
138.00000000 0.03154392 0.02041551 0.56772858 0.01272826 0.02059954 0.33693009 0.01005411 
139.00000000 0.03180783 0.02048027 0.56933391 0.01276809 0.02064120 0.33484147 0.01012723 
140.00000000 0.03207113 0.02054529 0.57092053 0.01280680 0.02067910 0.33277573 0.01020143 
141.00000000 0.03233390 0.02061062 0.57248498 0.01284441 0.02071345 0.33073617 0.01027649 
142.00000000 0.03259623 0.02067629 0.57402395 0.01288098 0.02074442 0.32872593 0.01035220 
143.00000000 0.03285823 0.02074234 0.57553436 0.01291653 0.02077221 0.32674798 0.01042835 
144.00000000 0.03311999 0.02080879 0.57701330 0.01295111 0.02079702 0.32480506 0.01050473 
145.00000000 0.03338158 0.02087568 0.57845808 0.01298476 0.02081904 0.32289974 0.01058112 
146.00000000 0.03364310 0.02094302 0.57986618 0.01301752 0.02083847 0.32103439 0.01065731 
147.00000000 0.03390463 0.02101083 0.58123533 0.01304941 0.02085551 0.31921118 0.01073311 
148.00000000 0.03416625 0.02107911 0.58256341 0.01308049 0.02087034 0.31743208 0.01080833 
149.00000000 0.03442803 0.02114788 0.58384856 0.01311078 0.02088315 0.31569884 0.01088276 
150.00000000 0.03469007 0.02121713 0.58508907 0.01314034 0.02089413 0.31401304 0.01095623 
151.00000000 0.03495242 0.02128686 0.58628347 0.01316918 0.02090346 0.31237605 0.01102856 
152.00000000 0.03521516 0.02135706 0.58743048 0.01319735 0.02091133 0.31078903 0.01109959 
153.00000000 0.03547836 0.02142771 0.58852901 0.01322490 0.02091789 0.30925296 0.01116917 
154.00000000 0.03574208 0.02149881 0.58957817 0.01325184 0.02092333 0.30776862 0.01123715 
155.00000000 0.03600639 0.02157032 0.59057727 0.01327823 0.02092779 0.30633660 0.01130340 
156.00000000 0.03627134 0.02164223 0.59152579 0.01330409 0.02093145 0.30495730 0.01136780 
157.00000000 0.03653700 0.02171450 0.59242340 0.01332946 0.02093444 0.30363095 0.01143024 
158.00000000 0.03680342 0.02178711 0.59326994 0.01335438 0.02093692 0.30235760 0.01149063 
159.00000000 0.03707064 0.02186002 0.59406544 0.01337889 0.02093901 0.30113713 0.01154888 
160.00000000 0.03733873 0.02193319 0.59481006 0.01340302 0.02094085 0.29996924 0.01160492 
161.00000000 0.03760771 0.02200659 0.59550414 0.01342680 0.02094256 0.29885351 0.01165869 
162.00000000 0.03787764 0.02208017 0.59614816 0.01345028 0.02094425 0.29778935 0.01171015 
163.00000000 0.03814855 0.02215390 0.59674273 0.01347348 0.02094605 0.29677602 0.01175926 
164.00000000 0.03842048 0.02222774 0.59728862 0.01349645 0.02094804 0.29581266 0.01180601 
165.00000000 0.03869347 0.02230163 0.59778670 0.01351921 0.02095034 0.29489828 0.01185037 
166.00000000 0.03896753 0.02237555 0.59823794 0.01354181 0.02095302 0.29403180 0.01189235 
167.00000000 0.03924269 0.02244945 0.59864344 0.01356428 0.02095617 0.29321201 0.01193196 
168.00000000 0.03951898 0.02252328 0.59900439 0.01358665 0.02095987 0.29243761 0.01196923 
169.00000000 0.03979642 0.02259701 0.59932205 0.01360895 0.02096418 0.29170722 0.01200418 
170.00000000 0.04007501 0.02267059 0.59959776 0.01363123 0.02096918 0.29101938 0.01203684 
171.00000000 0.04035478 0.02274400 0.59983292 0.01365351 0.02097492 0.29037259 0.01206728 
172.00000000 0.04063572 0.02281719 0.60002900 0.01367582 0.02098146 0.28976528 0.01209553 
173.00000000 0.04091785 0.02289014 0.60018748 0.01369820 0.02098884 0.28919582 0.01212167 
174.00000000 0.04120117 0.02296280 0.60030990 0.01372068 0.02099711 0.28866258 0.01214575 
175.00000000 0.04148568 0.02303516 0.60039783 0.01374329 0.02100630 0.28816390 0.01216785 
176.00000000 0.04177137 0.02310718 0.60045284 0.01376605 0.02101644 0.28769808 0.01218804 
177.00000000 0.04205824 0.02317884 0.60047649 0.01378900 0.02102757 0.28726346 0.01220639 
178.00000000 0.04234629 0.02325012 0.60047039 0.01381217 0.02103971 0.28685834 0.01222300 
179.00000000 0.04263549 0.02332100 0.60043608 0.01383557 0.02105286 0.28648106 0.01223794 
180.00000000 0.04292584 0.02339147 0.60037513 0.01385922 0.02106706 0.28612997 0.01225130 
181.00000000 0.04321733 0.02346151 0.60028907 0.01388317 0.02108231 0.28580346 0.01226316 
182.00000000 0.04350993 0.02353111 0.60017939 0.01390741 0.02109861 0.28549993 0.01227361 
183.00000000 0.04380364 0.02360027 0.60004756 0.01393198 0.02111596 0.28521784 0.01228273 
184.00000000 0.04409844 0.02366898 0.59989502 0.01395689 0.02113438 0.28495568 0.01229061 
185.00000000 0.04439430 0.02373724 0.59972315 0.01398216 0.02115385 0.28471198 0.01229733 
186.00000000 0.04469121 0.02380504 0.59953329 0.01400780 0.02117437 0.28448534 0.01230296 
187.00000000 0.04498914 0.02387239 0.59932673 0.01403382 0.02119592 0.28427440 0.01230760 
188.00000000 0.04528808 0.02393929 0.59910472 0.01406023 0.02121850 0.28407785 0.01231132 
189.00000000 0.04558801 0.02400575 0.59886846 0.01408705 0.02124210 0.28389445 0.01231419 
190.00000000 0.04588890 0.02407178 0.59861908 0.01411427 0.02126669 0.28372300 0.01231628 
191.00000000 0.04619073 0.02413738 0.59835768 0.01414191 0.02129225 0.28356236 0.01231768 
192.00000000 0.04649349 0.02420258 0.59808530 0.01416997 0.02131877 0.28341146 0.01231843 
193.00000000 0.04679715 0.02426737 0.59780293 0.01419845 0.02134623 0.28326927 0.01231860 
194.00000000 0.04710169 0.02433178 0.59751150 0.01422735 0.02137460 0.28313481 0.01231827 
195.00000000 0.04740710 0.02439581 0.59721193 0.01425668 0.02140386 0.28300716 0.01231747 
196.00000000 0.04771334 0.02445950 0.59690504 0.01428642 0.02143398 0.28288545 0.01231627 
197.00000000 0.04802041 0.02452285 0.59659165 0.01431657 0.02146494 0.28276885 0.01231472 
198.00000000 0.04832828 0.02458589 0.59627252 0.01434714 0.02149671 0.28265659 0.01231286 
199.00000000 0.04863693 0.02464863 0.59594838 0.01437812 0.02152927 0.28254793 0.01231074 
200.00000000 0.04894635 0.02471110 0.59561991 0.01440949 0.02156259 0.28244217 0.01230840 
201.00000000 0.04925652 0.02477331 0.59528776 0.01444125 0.02159665 0.28233865 0.01230587 
202.00000000 0.04956741 0.02483529 0.59495255 0.01447339 0.02163140 0.28223676 0.01230319 
203.00000000 0.04987901 0.02489706 0.59461488 0.01450591 0.02166684 0.28213590 0.01230039 
204.00000000 0.05019131 0.02495865 0.59427529 0.01453879 0.02170294 0.28203553 0.01229750 
205.00000000 0.05050427 0.02502007 0.59393432 0.01457202 0.02173966 0.28193511 0.01229455 
206.00000000 0.05081790 0.02508136 0.59359248 0.01460559 0.02177698 0.28183414 0.01229154 
207.00000000 0.05113215 0.02514254 0.59325024 0.01463950 0.02181489 0.28173217 0.01228852 
208.00000000 0.05144703 0.02520362 0.59290806 0.01467372 0.02185335 0.28162875 0.01228548 
209.00000000 0.05176250 0.02526464 0.59256638 0.01470824 0.02189234 0.28152345 0.01228245 
210.00000000 0.05207855 0.02532562 0.59222561 0.01474306 0.02193183 0.28141589 0.01227943 
211.00000000 0.05239516 0.02538659 0.59188613 0.01477815 0.02197182 0.28130570 0.01227644 
212.00000000 0.05271232 0.02544756 0.59154833 0.01481352 0.02201226 0.28119253 0.01227348 
213.00000000 0.05302999 0.02550857 0.59121255 0.01484913 0.02205314 0.28107606 0.01227056 
214.00000000 0.05334817 0.02556964 0.59087912 0.01488498 0.02209445 0.28095598 0.01226767 
215.00000000 0.05366683 0.02563078 0.59054834 0.01492106 0.02213615 0.28083202 0.01226483 
216.00000000 0.05398594 0.02569203 0.59022051 0.01495736 0.02217822 0.28070391 0.01226202 
217.00000000 0.05430550 0.02575340 0.58989591 0.01499384 0.02222065 0.28057143 0.01225926 
218.00000000 0.05462549 0.02581492 0.58957476 0.01503052 0.02226342 0.28043437 0.01225653 
219.00000000 0.05494587 0.02587660 0.58925732 0.01506736 0.02230650 0.28029252 0.01225383 
220.00000000 0.05526663 0.02593847 0.58894378 0.01510436 0.02234988 0.28014572 0.01225116 
221.00000000 0.05558776 0.02600054 0.58863434 0.01514150 0.02239353 0.27999382 0.01224851 
222.00000000 0.05590923 0.02606284 0.58832916 0.01517878 0.02243744 0.27983669 0.01224588 
223.00000000 0.05623102 0.02612536 0.58802841 0.01521616 0.02248157 0.27967422 0.01224325 
224.00000000 0.05655312 0.02618814 0.58773221 0.01525364 0.02252592 0.27950632 0.01224064 
225.00000000 0.05687551 0.02625118 0.58744070 0.01529121 0.02257046 0.27933291 0.01223803 
226.00000000 0.05719816 0.02631449 0.58715396 0.01532886 0.02261517 0.27915395 0.01223541 
227.00000000 0.05752107 0.02637809 0.58687209 0.01536656 0.02266003 0.27896938 0.01223278 
228.00000000 0.05784422 0.02644197 0.58659516 0.01540430 0.02270502 0.27877919 0.01223014 
229.00000000 0.05816758 0.02650616 0.58632323 0.01544208 0.02275012 0.27858335 0.01222748 
230.00000000 0.05849116 0.02657064 0.58605636 0.01547987 0.02279531 0.27838188 0.01222480 
231.00000000 0.05881492 0.02663542 0.58579459 0.01551766 0.02284056 0.27817476 0.01222209 
232.00000000 0.05913887 0.02670051 0.58553794 0.01555545 0.02288585 0.27796202 0.01221936 
233.00000000 0.05946298 0.02676591 0.58528645 0.01559321 0.02293117 0.27774368 0.01221661 
234.00000000 0.05978724 0.02683160 0.58504014 0.01563093 0.02297650 0.27751976 0.01221383 
235.00000000 0.06011164 0.02689759 0.58479903 0.01566861 0.02302181 0.27729030 0.01221102 
236.00000000 0.06043618 0.02696388 0.58456314 0.01570622 0.02306708 0.27705531 0.01220819 
237.00000000 0.06076084 0.02703046 0.58433247 0.01574376 0.02311230 0.27681484 0.01220534 
238.00000000 0.06108560 0.02709731 0.58410706 0.01578121 0.02315744 0.27656892 0.01220246 
239.00000000 0.06141046 0.02716444 0.58388691 0.01581857 0.02320249 0.27631755 0.01219958 
240.00000000 0.06173541 0.02723183 0.58367205 0.01585581 0.02324744 0.27606078 0.01219668 
241.00000000 0.06206044 0.02729947 0.58346250 0.01589294 0.02329225 0.27579862 0.01219377 
242.00000000 0.06238554 0.02736737 0.58325830 0.01592994 0.02333692 0.27553108 0.01219086 
243.00000000 0.06271069 0.02743549 0.58305948 0.01596680 0.02338143 0.27525816 0.01218795 
244.00000000 0.06303589 0.02750384 0.58286608 0.01600350 0.02342576 0.27497988 0.01218504 
245.00000000 0.06336113 0.02757241 0.58267813 0.01604005 0.02346991 0.27469623 0.01218215 
246.00000000 0.06368639 0.02764118 0.58249568 0.01607643 0.02351385 0.27440720 0.01217927 
247.00000000 0.06401165 0.02771015 0.58231879 0.01611264 0.02355757 0.27411279 0.01217641 
248.00000000 0.06433692 0.02777931 0.58214751 0.01614866 0.02360106 0.27381296 0.01217358 
249.00000000 0.06466217 0.02784866 0.58198188 0.01618449 0.02364431 0.27350771 0.01217077 
250.00000000 0.06498738 0.02791819 0.58182197 0.01622011 0.02368731 0.27319702 0.01216801 
251.00000000 0.06531255 0.02798789 0.58166783 0.01625554 0.02373005 0.27288086 0.01216528 
252.00000000 0.06563766 0.02805776 0.58151951 0.01629075 0.02377251 0.27255921 0.01216260 
253.00000000 0.06596269 0.02812781 0.58137706 0.01632574 0.02381468 0.27223205 0.01215997 
254.00000000 0.06628762 0.02819804 0.58124052 0.01636051 0.02385657 0.27189937 0.01215739 
255.00000000 0.06661243 0.02826844 0.58110993 0.01639505 0.02389815 0.27156115 0.01215487 
256.00000000 0.06693711 0.02833902 0.58098532 0.01642935 0.02393942 0.27121738 0.01215240 
257.00000000 0.06726163 0.02840980 0.58086671 0.01646341 0.02398037 0.27086807 0.01215001 
258.00000000 0.06758597 0.02848077 0.58075412 0.01649723 0.02402100 0.27051322 0.01214768 
259.00000000 0.06791012 0.02855196 0.58064755 0.01653080 0.02406129 0.27015286 0.01214542 
260.00000000 0.06823404 0.02862338 0.58054698 0.01656412 0.02410125 0.26978700 0.01214324 
261.00000000 0.06855772 0.02869504 0.58045239 0.01659718 0.02414085 0.26941568 0.01214113 
262.00000000 0.06888114 0.02876696 0.58036375 0.01662998 0.02418011 0.26903895 0.01213911 
263.00000000 0.06920428 0.02883916 0.58028100 0.01666252 0.02421900 0.26865688 0.01213716 
264.00000000 0.06952710 0.02891167 0.58020407 0.01669480 0.02425753 0.26826953 0.01213531 
265.00000000 0.06984959 0.02898450 0.58013290 0.01672680 0.02429569 0.26787698 0.01213355 
266.00000000 0.07017172 0.02905768 0.58006738 0.01675853 0.02433348 0.26747933 0.01213187 
267.00000000 0.07049348 0.02913123 0.58000741 0.01678999 0.02437089 0.26707669 0.01213029 
268.00000000 0.07081484 0.02920519 0.57995288 0.01682118 0.02440792 0.26666917 0.01212881 
269.00000000 0.07113578 0.02927959 0.57990366 0.01685209 0.02444456 0.26625689 0.01212743 
270.00000000 0.07145628 0.02935444 0.57985960 0.01688272 0.02448082 0.26583999 0.01212615 
271.00000000 0.07177631 0.02942978 0.57982056 0.01691307 0.02451669 0.26541861 0.01212496 
272.00000000 0.07209586 0.02950565 0.57978639 0.01694315 0.02455218 0.26499290 0.01212388 
273.00000000 0.07241490 0.02958206 0.57975691 0.01697294 0.02458728 0.26456301 0.01212290 
274.00000000 0.07273342 0.02965906 0.57973196 0.01700245 0.02462199 0.26412910 0.01212202 
275.00000000 0.07305139 0.02973666 0.57971138 0.01703169 0.02465632 0.26369133 0.01212124 
276.00000000 0.07336880 0.02981489 0.57969497 0.01706064 0.02469027 0.26324985 0.01212056 
277.00000000 0.07368563 0.02989380 0.57968258 0.01708932 0.02472385 0.26280485 0.01211998 
278.00000000 0.07400185 0.02997339 0.57967401 0.01711773 0.02475705 0.26235647 0.01211949 
279.00000000 0.07431746 0.03005371 0.57966911 0.01714586 0.02478990 0.26190489 0.01211908 
280.00000000 0.07463243 0.03013477 0.57966768 0.01717372 0.02482239 0.26145025 0.01211876 
281.00000000 0.07494674 0.03021660 0.57966957 0.01720130 0.02485453 0.26099272 0.01211852 
282.00000000 0.07526039 0.03029922 0.57967461 0.01722863 0.02488634 0.26053246 0.01211836 
283.00000000 0.07557334 0.03038265 0.57968264 0.01725569 0.02491782 0.26006961 0.01211825 
284.00000000 0.07588559 0.03046691 0.57969350 0.01728249 0.02494899 0.25960432 0.01211821 
285.00000000 0.07619711 0.03055203 0.57970703 0.01730903 0.02497986 0.25913674 0.01211821 
286.00000000 0.07650788 0.03063802 0.57972309 0.01733532 0.02501044 0.25866699 0.01211825 
287.00000000 0.07681790 0.03072489 0.57974155 0.01736136 0.02504074 0.25819523 0.01211832 
288.00000000 0.07712714 0.03081267 0.57976225 0.01738716 0.02507078 0.25772158 0.01211841 
289.00000000 0.07743558 0.03090136 0.57978506 0.01741272 0.02510058 0.25724618 0.01211852 
290.00000000 0.07774321 0.03099099 0.57980985 0.01743805 0.02513015 0.25676914 0.01211861 
291.00000000 0.07805000 0.03108155 0.57983650 0.01746314 0.02515950 0.25629061 0.01211870 
292.00000000 0.07835594 0.03117307 0.57986486 0.01748801 0.02518866 0.25581070 0.01211876 
293.00000000 0.07866101 0.03126555 0.57989482 0.01751266 0.02521763 0.25532955 0.01211879 
294.00000000 0.07896518 0.03135900 0.57992625 0.01753709 0.02524643 0.25484729 0.01211877 
295.00000000 0.07926844 0.03145343 0.57995901 0.01756130 0.02527508 0.25436404 0.01211870 
296.00000000 0.07957077 0.03154884 0.57999298 0.01758531 0.02530360 0.25387995 0.01211856 
297.00000000 0.07987214 0.03164526 0.58002801 0.01760912 0.02533199 0.25339514 0.01211834 
298.00000000 0.08017254 0.03174268 0.58006398 0.01763272 0.02536028 0.25290977 0.01211804 
299.00000000 0.08047194 0.03184110 0.58010074 0.01765613 0.02538847 0.25242398 0.01211765 
300.00000000 0.08077032 0.03194054 0.58013814 0.01767934 0.02541658 0.25193792 0.01211716 
301.00000000 0.08106765 0.03204100 0.58017603 0.01770237 0.02544463 0.25145176 0.01211656 
302.00000000 0.08136393 0.03214248 0.58021426 0.01772521 0.02547263 0.25096565 0.01211585 
303.00000000 0.08165912 0.03224499 0.58025266 0.01774786 0.02550059 0.25047976 0.01211502 
304.00000000 0.08195319 0.03234854 0.58029107 0.01777034 0.02552851 0.24999428 0.01211407 
305.00000000 0.08224614 0.03245312 0.58032931 0.01779264 0.02555642 0.24950937 0.01211300 
306.00000000 0.08253793 0.03255873 0.58036722 0.01781476 0.02558432 0.24902522 0.01211181 
307.00000000 0.08282854 0.03266539 0.58040462 0.01783671 0.02561222 0.24854202 0.01211049 
308.00000000 0.08311796 0.03277308 0.58044133 0.01785850 0.02564014 0.24805997 0.01210904 
309.00000000 0.08340615 0.03288181 0.58047716 0.01788011 0.02566807 0.24757924 0.01210746 
310.00000000 0.08369310 0.03299158 0.58051194 0.01790156 0.02569603 0.24710003 0.01210575 
311.00000000 0.08397878 0.03310239 0.58054548 0.01792285 0.02572403 0.24662254 0.01210392 
312.00000000 0.08426318 0.03321423 0.58057762 0.01794397 0.02575207 0.24614696 0.01210197 
313.00000000 0.08454628 0.03332710 0.58060818 0.01796494 0.02578015 0.24567347 0.01209989 
314.00000000 0.08482805 0.03344098 0.58063698 0.01798575 0.02580829 0.24520226 0.01209769 
315.00000000 0.08510848 0.03355588 0.58066386 0.01800640 0.02583649 0.24473350 0.01209538 
316.00000000 0.08538756 0.03367179 0.58068868 0.01802690 0.02586476 0.24426737 0.01209294 
317.00000000 0.08566526 0.03378869 0.58071127 0.01804726 0.02589309 0.24380404 0.01209039 
318.00000000 0.08594158 0.03390658 0.58073151 0.01806746 0.02592149 0.24334365 0.01208772 
319.00000000 0.08621650 0.03402544 0.58074926 0.01808752 0.02594997 0.24288637 0.01208494 
320.00000000 0.08649001 0.03414525 0.58076439 0.01810744 0.02597853 0.24243233 0.01208205 
321.00000000 0.08676211 0.03426601 0.58077682 0.01812721 0.02600716 0.24198166 0.01207904 
322.00000000 0.08703279 0.03438768 0.58078642 0.01814685 0.02603587 0.24153447 0.01207592 
323.00000000 0.08730203 0.03451027 0.58079313 0.01816635 0.02606466 0.24109087 0.01207269 
324.00000000 0.08756985 0.03463374 0.58079686 0.01818571 0.02609353 0.24065097 0.01206934 
325.00000000 0.08783624 0.03475809 0.58079756 0.01820494 0.02612247 0.24021484 0.01206587 
326.00000000 0.08810119 0.03488328 0.58079517 0.01822404 0.02615148 0.23978257 0.01206228 
327.00000000 0.08836473 0.03500929 0.58078964 0.01824301 0.02618057 0.23935421 0.01205856 
328.00000000 0.08862684 0.03513611 0.58078094 0.01826186 0.02620972 0.23892982 0.01205472 
329.00000000 0.08888754 0.03526371 0.58076906 0.01828057 0.02623892 0.23850945 0.01205075 
330.00000000 0.08914684 0.03539207 0.58075397 0.01829916 0.02626818 0.23809314 0.01204664 
331.00000000 0.08940475 0.03552117 0.58073566 0.01831762 0.02629748 0.23768091 0.01204240 
332.00000000 0.08966129 0.03565098 0.58071414 0.01833596 0.02632682 0.23727279 0.01203801 
333.00000000 0.08991647 0.03578149 0.58068940 0.01835417 0.02635618 0.23686881 0.01203348 
334.00000000 0.09017030 0.03591267 0.58066145 0.01837226 0.02638556 0.23646896 0.01202881 
335.00000000 0.09042281 0.03604450 0.58063029 0.01839022 0.02641494 0.23607326 0.01202398 
336.00000000 0.09067402 0.03617695 0.58059594 0.01840805 0.02644431 0.23568172 0.01201900 
337.00000000 0.09092395 0.03631003 0.58055842 0.01842575 0.02647365 0.23529434 0.01201386 
338.00000000 0.09117262 0.03644369 0.58051772 0.01844332 0.02650295 0.23491112 0.01200857 
339.00000000 0.09142006 0.03657792 0.58047387 0.01846075 0.02653221 0.23453206 0.01200313 
340.00000000 0.09166629 0.03671272 0.58042688 0.01847804 0.02656139 0.23415715 0.01199753 
341.00000000 0.09191133 0.03684805 0.58037676 0.01849520 0.02659049 0.23378640 0.01199177 
342.00000000 0.09215522 0.03698390 0.58032351 0.01851221 0.02661948 0.23341981 0.01198587 
343.00000000 0.09239797 0.03712027 0.58026714 0.01852908 0.02664836 0.23305736 0.01197981 
344.00000000 0.09263962 0.03725713 0.58020766 0.01854580 0.02667711 0.23269906 0.01197362 
345.00000000 0.09288019 0.03739447 0.58014508 0.01856237 0.02670571 0.23234491 0.01196728 
346.00000000 0.09311971 0.03753228 0.58007939 0.01857878 0.02673414 0.23199490 0.01196080 
347.00000000 0.09335820 0.03767054 0.58001061 0.01859503 0.02676239 0.23164903 0.01195420 
348.00000000 0.09359570 0.03780924 0.57993872 0.01861113 0.02679045 0.23130728 0.01194748 
349.00000000 0.09383223 0.03794838 0.57986375 0.01862706 0.02681830 0.23096965 0.01194064 
350.00000000 0.09406781 0.03808793 0.57978568 0.01864283 0.02684592 0.23063614 0.01193369 
351.00000000 0.09430247 0.03822789 0.57970454 0.01865843 0.02687331 0.23030672 0.01192665 
352.00000000 0.09453623 0.03836824 0.57962033 0.01867387 0.02690045 0.22998137 0.01191951 
353.00000000 0.09476914 0.03850896 0.57953305 0.01868914 0.02692733 0.22966008 0.01191229 
354.00000000 0.09500120 0.03865005 0.57944274 0.01870424 0.02695395 0.22934282 0.01190500 
355.00000000 0.09523244 0.03879149 0.57934941 0.01871918 0.02698028 0.22902954 0.01189765 
356.00000000 0.09546290 0.03893327 0.57925308 0.01873396 0.02700634 0.22872022 0.01189024 
357.00000000 0.09569259 0.03907536 0.57915380 0.01874858 0.02703210 0.22841480 0.01188278 
358.00000000 0.09592154 0.03921775 0.57905160 0.01876304 0.02705757 0.22811323 0.01187528 
359.00000000 0.09614977 0.03936042 0.57894653 0.01877735 0.02708274 0.22781544 0.01186775 
360.00000000 0.09637732 0.03950335 0.57883865 0.01879151 0.02710761 0.22752137 0.01186020 
361.00000000 0.09660420 0.03964651 0.57872801 0.01880553 0.02713217 0.22723094 0.01185264 
362.00000000 0.09683044 0.03978990 0.57861468 0.01881942 0.02715643 0.22694407 0.01184507 
363.00000000 0.09705607 0.03993347 0.57849874 0.01883318 0.02718038 0.22666067 0.01183749 
364.00000000 0.09728112 0.04007721 0.57838027 0.01884682 0.02720402 0.22638063 0.01182993 
365.00000000 0.09750560 0.04022110 0.57825936 0.01886035 0.02722737 0.22610385 0.01182237 
366.00000000 0.09772954 0.04036509 0.57813610 0.01887379 0.02725041 0.22583023 0.01181484 
367.00000000 0.09795297 0.04050917 0.57801059 0.01888713 0.02727316 0.22555965 0.01180734 
368.00000000 0.09817592 0.04065330 0.57788293 0.01890040 0.02729561 0.22529198 0.01179986 
369.00000000 0.09839840 0.04079746 0.57775322 0.01891360 0.02731777 0.22502712 0.01179243 
370.00000000 0.09862045 0.04094161 0.57762158 0.01892674 0.02733965 0.22476492 0.01178504 
371.00000000 0.09884209 0.04108572 0.57748811 0.01893984 0.02736125 0.22450528 0.01177770 
372.00000000 0.09906335 0.04122977 0.57735293 0.01895291 0.02738257 0.22424805 0.01177042 
373.00000000 0.09928425 0.04137370 0.57721614 0.01896596 0.02740363 0.22399311 0.01176320 
374.00000000 0.09950480 0.04151750 0.57707786 0.01897901 0.02742442 0.22374035 0.01175605 
375.00000000 0.09972505 0.04166114 0.57693819 0.01899206 0.02744496 0.22348963 0.01174898 
376.00000000 0.09994500 0.04180457 0.57679724 0.01900513 0.02746525 0.22324083 0.01174199 
377.00000000 0.10016468 0.04194776 0.57665510 0.01901823 0.02748530 0.22299383 0.01173509 
378.00000000 0.10038411 0.04209070 0.57651188 0.01903137 0.02750511 0.22274854 0.01172829 
379.00000000 0.10060332 0.04223334 0.57636768 0.01904456 0.02752470 0.22250482 0.01172159 
380.00000000 0.10082231 0.04237565 0.57622257 0.01905783 0.02754406 0.22226259 0.01171499 
381.00000000 0.10104111 0.04251762 0.57607665 0.01907117 0.02756321 0.22202173 0.01170851 
382.00000000 0.10125973 0.04265920 0.57592999 0.01908460 0.02758215 0.22178217 0.01170215 
383.00000000 0.10147819 0.04280038 0.57578268 0.01909813 0.02760090 0.22154380 0.01169592 
384.00000000 0.10169651 0.04294112 0.57563478 0.01911177 0.02761946 0.22130655 0.01168981 
385.00000000 0.10191469 0.04308142 0.57548635 0.01912553 0.02763784 0.22107033 0.01168385 
386.00000000 0.10213274 0.04322124 0.57533747 0.01913941 0.02765604 0.22083508 0.01167802 
387.00000000 0.10235068 0.04336056 0.57518820 0.01915344 0.02767408 0.22060071 0.01167233 
388.00000000 0.10256851 0.04349937 0.57503858 0.01916761 0.02769197 0.22036717 0.01166679 
389.00000000 0.10278624 0.04363765 0.57488867 0.01918193 0.02770971 0.22013439 0.01166141 
390.00000000 0.10300388 0.04377539 0.57473852 0.01919642 0.02772732 0.21990231 0.01165617 
391.00000000 0.10322142 0.04391257 0.57458820 0.01921107 0.02774481 0.21967086 0.01165108 
392.00000000 0.10343888 0.04404918 0.57443774 0.01922589 0.02776218 0.21943999 0.01164614 
393.00000000 0.10365626 0.04418522 0.57428719 0.01924090 0.02777945 0.21920964 0.01164134 
394.00000000 0.10387355 0.04432067 0.57413662 0.01925609 0.02779662 0.21897975 0.01163670 
395.00000000 0.10409075 0.04445552 0.57398606 0.01927147 0.02781372 0.21875027 0.01163220 
396.00000000 0.10430787 0.04458978 0.57383558 0.01928705 0.02783074 0.21852113 0.01162784 
397.00000000 0.10452491 0.04472344 0.57368523 0.01930283 0.02784770 0.21829228 0.01162361 
398.00000000 0.10474186 0.04485649 0.57353507 0.01931882 0.02786461 0.21806364 0.01161951 
399.00000000 0.10495871 0.04498893 0.57338516 0.01933501 0.02788149 0.21783517 0.01161553 
400.00000000 0.10517547 0.04512077 0.57323556 0.01935141 0.02789834 0.21760678 0.01161166 
401.00000000 0.10539213 0.04525200 0.57308633 0.01936803 0.02791517 0.21737843 0.01160791 
402.00000000 0.10560869 0.04538262 0.57293754 0.01938487 0.02793200 0.21715003 0.01160424 
403.00000000 0.10582514 0.04551264 0.57278927 0.01940193 0.02794884 0.21692152 0.01160067 
404.00000000 0.10604148 0.04564206 0.57264157 0.01941921 0.02796568 0.21669283 0.01159718 
405.00000000 0.10625771 0.04577087 0.57249451 0.01943671 0.02798256 0.21646389 0.01159375 
406.00000000 0.10647381 0.04589910 0.57234818 0.01945444 0.02799946 0.21623463 0.01159038 
407.00000000 0.10668980 0.04602673 0.57220263 0.01947239 0.02801640 0.21600499 0.01158707 
408.00000000 0.10690565 0.04615377 0.57205793 0.01949058 0.02803340 0.21577489 0.01158379 
409.00000000 0.10712137 0.04628023 0.57191416 0.01950899 0.02805044 0.21554428 0.01158053 
410.00000000 0.10733696 0.04640611 0.57177137 0.01952763 0.02806755 0.21531309 0.01157730 
411.00000000 0.10755241 0.04653141 0.57162962 0.01954650 0.02808472 0.21508127 0.01157407 
412.00000000 0.10776771 0.04665615 0.57148897 0.01956560 0.02810196 0.21484876 0.01157083 
413.00000000 0.10798287 0.04678033 0.57134947 0.01958493 0.02811928 0.21461553 0.01156759 
414.00000000 0.10819788 0.04690396 0.57121117 0.01960448 0.02813666 0.21438152 0.01156432 
415.00000000 0.10841274 0.04702703 0.57107410 0.01962425 0.02815413 0.21414672 0.01156103 
416.00000000 0.10862744 0.04714957 0.57093830 0.01964425 0.02817167 0.21391107 0.01155769 
417.00000000 0.10884198 0.04727158 0.57080380 0.01966448 0.02818928 0.21367458 0.01155430 
418.00000000 0.10905636 0.04739306 0.57067060 0.01968492 0.02820697 0.21343723 0.01155086 
419.00000000 0.10927057 0.04751402 0.57053873 0.01970557 0.02822473 0.21319901 0.01154736 
420.00000000 0.10948462 0.04763449 0.57040819 0.01972644 0.02824257 0.21295992 0.01154378 
421.00000000 0.10969849 0.04775446 0.57027897 0.01974751 0.02826046 0.21271998 0.01154013 
422.00000000 0.10991218 0.04787395 0.57015107 0.01976879 0.02827842 0.21247921 0.01153639 
423.00000000 0.11012569 0.04799297 0.57002446 0.01979027 0.02829643 0.21223763 0.01153256 
424.00000000 0.11033901 0.04811154 0.56989912 0.01981194 0.02831448 0.21199526 0.01152864 
425.00000000 0.11055214 0.04822966 0.56977503 0.01983381 0.02833259 0.21175216 0.01152462 
426.00000000 0.11076507 0.04834736 0.56965215 0.01985585 0.02835072 0.21150835 0.01152050 
427.00000000 0.11097780 0.04846465 0.56953044 0.01987808 0.02836889 0.21126389 0.01151626 
428.00000000 0.11119032 0.04858155 0.56940985 0.01990048 0.02838707 0.21101882 0.01151191 
429.00000000 0.11140262 0.04869807 0.56929035 0.01992305 0.02840527 0.21077320 0.01150744 
430.00000000 0.11161470 0.04881424 0.56917187 0.01994577 0.02842347 0.21052709 0.01150286 
431.00000000 0.11182655 0.04893007 0.56905438 0.01996865 0.02844166 0.21028053 0.01149815 
432.00000000 0.11203815 0.04904559 0.56893782 0.01999168 0.02845985 0.21003359 0.01149331 
433.00000000 0.11224951 0.04916081 0.56882215 0.02001485 0.02847801 0.20978633 0.01148835 
434.00000000 0.11246062 0.04927575 0.56870730 0.02003815 0.02849615 0.20953878 0.01148326 
435.00000000 0.11267146 0.04939043 0.56859323 0.02006158 0.02851424 0.20929102 0.01147803 
436.00000000 0.11288203 0.04950489 0.56847990 0.02008513 0.02853229 0.20904309 0.01147268 
437.00000000 0.11309232 0.04961913 0.56836726 0.02010878 0.02855029 0.20879503 0.01146719 
438.00000000 0.11330232 0.04973318 0.56825526 0.02013255 0.02856823 0.20854689 0.01146157 
439.00000000 0.11351203 0.04984705 0.56814387 0.02015641 0.02858610 0.20829872 0.01145582 
440.00000000 0.11372143 0.04996078 0.56803305 0.02018036 0.02860390 0.20805054 0.01144994 
441.00000000 0.11393053 0.05007437 0.56792277 0.02020439 0.02862162 0.20780239 0.01144394 
442.00000000 0.11413931 0.05018784 0.56781299 0.02022851 0.02863925 0.20755430 0.01143780 
443.00000000 0.11434777 0.05030122 0.56770369 0.02025269 0.02865678 0.20730630 0.01143155 
444.00000000 0.11455591 0.05041452 0.56759484 0.02027693 0.02867422 0.20705841 0.01142517 
445.00000000 0.11476372 0.05052776 0.56748642 0.02030123 0.02869155 0.20681065 0.01141868 
446.00000000 0.11497119 0.05064095 0.56737841 0.02032558 0.02870877 0.20656303 0.01141208 
447.00000000 0.11517834 0.05075410 0.56727078 0.02034997 0.02872588 0.20631558 0.01140537 
448.00000000 0.11538514 0.05086722 0.56716352 0.02037440 0.02874286 0.20606830 0.01139856 
449.00000000 0.11559162 0.05098034 0.56705661 0.02039885 0.02875972 0.20582122 0.01139165 
450.00000000 0.11579775 0.05109344 0.56695003 0.02042333 0.02877645 0.20557434 0.01138465 
451.00000000 0.11600356 0.05120655 0.56684376 0.02044783 0.02879305 0.20532768 0.01137757 
452.00000000 0.11620904 0.05131967 0.56673777 0.02047235 0.02880951 0.20508126 0.01137041 
453.00000000 0.11641419 0.05143281 0.56663204 0.02049687 0.02882582 0.20483509 0.01136318 
454.00000000 0.11661903 0.05154596 0.56652654 0.02052139 0.02884199 0.20458919 0.01135589 
455.00000000 0.11682355 0.05165914 0.56642125 0.02054590 0.02885801 0.20434360 0.01134854 
456.00000000 0.11702776 0.05177234 0.56631613 0.02057041 0.02887388 0.20409833 0.01134115 
457.00000000 0.11723167 0.05188556 0.56621115 0.02059491 0.02888958 0.20385341 0.01133372 
458.00000000 0.11743529 0.05199881 0.56610625 0.02061938 0.02890513 0.20360888 0.01132625 
459.00000000 0.11763863 0.05211208 0.56600141 0.02064384 0.02892050 0.20336478 0.01131876 
460.00000000 0.11784170 0.05222537 0.56589657 0.02066826 0.02893571 0.20312114 0.01131124 
461.00000000 0.11804451 0.05233867 0.56579168 0.02069266 0.02895074 0.20287801 0.01130372 
462.00000000 0.11824707 0.05245199 0.56568669 0.02071702 0.02896559 0.20263544 0.01129620 
463.00000000 0.11844939 0.05256531 0.56558153 0.02074134 0.02898026 0.20239348 0.01128868 
464.00000000 0.11865149 0.05267864 0.56547615 0.02076562 0.02899474 0.20215219 0.01128117 
465.00000000 0.11885337 0.05279197 0.56537048 0.02078986 0.02900903 0.20191161 0.01127368 
466.00000000 0.11905505 0.05290528 0.56526447 0.02081404 0.02902312 0.20167182 0.01126622 
467.00000000 0.11925654 0.05301859 0.56515803 0.02083817 0.02903702 0.20143286 0.01125879 
468.00000000 0.11945785 0.05313187 0.56505112 0.02086225 0.02905072 0.20119480 0.01125139 
469.00000000 0.11965901 0.05324513 0.56494365 0.02088627 0.02906421 0.20095770 0.01124404 
470.00000000 0.11986001 0.05335835 0.56483557 0.02091024 0.02907749 0.20072161 0.01123673 
471.00000000 0.12006087 0.05347153 0.56472681 0.02093414 0.02909056 0.20048660 0.01122949 
472.00000000 0.12026161 0.05358467 0.56461732 0.02095798 0.02910342 0.20025271 0.01122230 
473.00000000 0.12046223 0.05369775 0.56450702 0.02098176 0.02911606 0.20002000 0.01121518 
474.00000000 0.12066276 0.05381077 0.56439587 0.02100547 0.02912849 0.19978852 0.01120813 
475.00000000 0.12086319 0.05392372 0.56428381 0.02102911 0.02914070 0.19955831 0.01120116 
476.00000000 0.12106354 0.05403659 0.56417080 0.02105269 0.02915270 0.19932941 0.01119427 
477.00000000 0.12126383 0.05414938 0.56405679 0.02107620 0.02916447 0.19910186 0.01118747 
478.00000000 0.12146406 0.05426208 0.56394174 0.02109964 0.02917604 0.19887568 0.01118075 
479.00000000 0.12166424 0.05437468 0.56382562 0.02112302 0.02918738 0.19865091 0.01117414 
480.00000000 0.12186439 0.05448717 0.56370840 0.02114633 0.02919852 0.19842757 0.01116762 
481.00000000 0.12206450 0.05459954 0.56359006 0.02116958 0.02920944 0.19820567 0.01116121 
482.00000000 0.12226460 0.05471179 0.56347057 0.02119277 0.02922016 0.19798521 0.01115490 
483.00000000 0.12246469 0.05482390 0.56334992 0.02121589 0.02923068 0.19776622 0.01114871 
484.00000000 0.12266477 0.05493588 0.56322810 0.02123895 0.02924100 0.19754868 0.01114263 
485.00000000 0.12286485 0.05504769 0.56310510 0.02126195 0.02925113 0.19733259 0.01113667 
486.00000000 0.12306494 0.05515935 0.56298092 0.02128490 0.02926108 0.19711796 0.01113084 
487.00000000 0.12326505 0.05527084 0.56285556 0.02130780 0.02927085 0.19690477 0.01112512 
488.00000000 0.12346519 0.05538214 0.56272902 0.02133065 0.02928045 0.19669302 0.01111954 
489.00000000 0.12366534 0.05549326 0.56260130 0.02135345 0.02928989 0.19648268 0.01111408 
490.00000000 0.12386553 0.05560417 0.56247241 0.02137620 0.02929918 0.19627374 0.01110876 
491.00000000 0.12406576 0.05571487 0.56234235 0.02139892 0.02930833 0.19606620 0.01110357 
492.00000000 0.12426602 0.05582534 0.56221114 0.02142161 0.02931735 0.19586003 0.01109851 
493.00000000 0.12446633 0.05593558 0.56207877 0.02144426 0.02932624 0.19565522 0.01109359 
494.00000000 0.12466669 0.05604558 0.56194526 0.02146689 0.02933503 0.19545176 0.01108880 
495.00000000 0.12486709 0.05615532 0.56181060 0.02148949 0.02934371 0.19524964 0.01108414 
496.00000000 0.12506755 0.05626479 0.56167481 0.02151208 0.02935231 0.19504884 0.01107962 
497.00000000 0.12526806 0.05637399 0.56153787 0.02153466 0.02936083 0.19484936 0.01107523 
498.00000000 0.12546863 0.05648290 0.56139981 0.02155722 0.02936929 0.19465118 0.01107096 
499.00000000 0.12566926 0.05659151 0.56126060 0.02157978 0.02937769 0.19445432 0.01106683 
500.00000000 0.12586946 0.05669949 0.56112175 0.02160262 0.02938675 0.19425700 0.01106292 
501.00000000 0.12606926 0.05680685 0.56098298 0.02162574 0.02939642 0.19405955 0.01105921 
502.00000000 0.12626866 0.05691361 0.56084405 0.02164912 0.02940668 0.19386224 0.01105564 
503.00000000 0.12646769 0.05701979 0.56070475 0.02167276 0.02941750 0.19366532 0.01105219 
504.00000000 0.12666636 0.05712540 0.56056487 0.02169665 0.02942884 0.19346903 0.01104884 
505.00000000 0.12686469 0.05723046 0.56042423 0.02172079 0.02944069 0.19327358 0.01104556 
506.00000000 0.12706270 0.05733500 0.56028265 0.02174517 0.02945301 0.19307915 0.01104232 
507.00000000 0.12726039 0.05743903 0.56014000 0.02176978 0.02946578 0.19288591 0.01103911 
508.00000000 0.12745779 0.05754257 0.55999614 0.02179461 0.02947898 0.19269399 0.01103591 
509.00000000 0.12765491 0.05764565 0.55985095 0.02181966 0.02949258 0.19250354 0.01103271 
510.00000000 0.12785176 0.05774828 0.55970432 0.02184492 0.02950657 0.19231465 0.01102950 
511.00000000 0.12804836 0.05785048 0.55955616 0.02187038 0.02952092 0.19212743 0.01102627 
512.00000000 0.12824471 0.05795228 0.55940640 0.02189603 0.02953562 0.19194195 0.01102300 
513.00000000 0.12844083 0.05805368 0.55925498 0.02192187 0.02955065 0.19175829 0.01101970 
514.00000000 0.12863673 0.05815471 0.55910183 0.02194789 0.02956598 0.19157649 0.01101636 
515.00000000 0.12883242 0.05825539 0.55894692 0.02197408 0.02958161 0.19139661 0.01101297 
516.00000000 0.12902791 0.05835573 0.55879021 0.02200043 0.02959753 0.19121866 0.01100954 
517.00000000 0.12922321 0.05845574 0.55863168 0.02202694 0.02961370 0.19104268 0.01100605 
518.00000000 0.12941832 0.05855545 0.55847131 0.02205359 0.02963013 0.19086869 0.01100251 
519.00000000 0.12961325 0.05865487 0.55830909 0.02208039 0.02964679 0.19069667 0.01099893 
520.00000000 0.12980802 0.05875401 0.55814503 0.02210732 0.02966368 0.19052665 0.01099529 
521.00000000 0.13000261 0.05885289 0.55797913 0.02213437 0.02968079 0.19035860 0.01099161 
522.00000000 0.13019705 0.05895152 0.55781140 0.02216155 0.02969809 0.19019252 0.01098787 
523.00000000 0.13039134 0.05904991 0.55764185 0.02218884 0.02971558 0.19002839 0.01098409 
524.00000000 0.13058547 0.05914808 0.55747052 0.02221624 0.02973326 0.18986618 0.01098027 
525.00000000 0.13077945 0.05924603 0.55729741 0.02224373 0.02975110 0.18970586 0.01097641 
526.00000000 0.13097329 0.05934378 0.55712258 0.02227133 0.02976910 0.18954742 0.01097251 
527.00000000 0.13116698 0.05944134 0.55694604 0.02229901 0.02978726 0.18939080 0.01096857 
528.00000000 0.13136054 0.05953871 0.55676783 0.02232678 0.02980556 0.18923599 0.01096460 
529.00000000 0.13155395 0.05963591 0.55658799 0.02235462 0.02982399 0.18908293 0.01096060 
530.00000000 0.13174723 0.05973295 0.55640656 0.02238254 0.02984254 0.18893159 0.01095658 
531.00000000 0.13194037 0.05982983 0.55622359 0.02241053 0.02986122 0.18878192 0.01095253 
532.00000000 0.13213337 0.05992656 0.55603911 0.02243859 0.02988001 0.18863389 0.01094847 
533.00000000 0.13232624 0.06002315 0.55585317 0.02246670 0.02989890 0.18848745 0.01094439 
534.00000000 0.13251896 0.06011961 0.55566581 0.02249487 0.02991789 0.18834256 0.01094029 
535.00000000 0.13271155 0.06021594 0.55547709 0.02252309 0.02993697 0.18819916 0.01093619 
536.00000000 0.13290400 0.06031216 0.55528704 0.02255137 0.02995613 0.18805722 0.01093208 
537.00000000 0.13309631 0.06040825 0.55509571 0.02257968 0.02997537 0.18791669 0.01092797 
538.00000000 0.13328847 0.06050424 0.55490315 0.02260804 0.02999469 0.18777753 0.01092386 
539.00000000 0.13348050 0.06060013 0.55470941 0.02263644 0.03001408 0.18763969 0.01091976 
540.00000000 0.13367237 0.06069592 0.55451452 0.02266488 0.03003353 0.18750312 0.01091566 
541.00000000 0.13386410 0.06079162 0.55431854 0.02269335 0.03005304 0.18736779 0.01091157 
542.00000000 0.13405568 0.06088722 0.55412150 0.02272185 0.03007261 0.18723365 0.01090749 
543.00000000 0.13424711 0.06098275 0.55392346 0.02275038 0.03009222 0.18710066 0.01090343 
544.00000000 0.13443838 0.06107819 0.55372445 0.02277894 0.03011188 0.18696878 0.01089938 
545.00000000 0.13462950 0.06117356 0.55352451 0.02280752 0.03013159 0.18683797 0.01089536 
546.00000000 0.13482046 0.06126886 0.55332368 0.02283612 0.03015133 0.18670819 0.01089136 
547.00000000 0.13501125 0.06136409 0.55312201 0.02286474 0.03017111 0.18657940 0.01088738 
548.00000000 0.13520189 0.06145925 0.55291954 0.02289339 0.03019093 0.18645157 0.01088343 
549.00000000 0.13539235 0.06155436 0.55271629 0.02292205 0.03021077 0.18632466 0.01087951 
550.00000000 0.13558265 0.06164940 0.55251230 0.02295073 0.03023064 0.18619864 0.01087563 
551.00000000 0.13577278 0.06174439 0.55230762 0.02297943 0.03025054 0.18607348 0.01087177 
552.00000000 0.13596274 0.06183932 0.55210226 0.02300814 0.03027045 0.18594914 0.01086795 
553.00000000 0.13615252 0.06193421 0.55189627 0.02303686 0.03029039 0.18582559 0.01086417 
554.00000000 0.13634212 0.06202904 0.55168968 0.02306559 0.03031034 0.18570280 0.01086043 
555.00000000 0.13653153 0.06212383 0.55148250 0.02309434 0.03033031 0.18558075 0.01085672 
556.00000000 0.13672077 0.06221857 0.55127479 0.02312310 0.03035030 0.18545941 0.01085306 
557.00000000 0.13690982 0.06231328 0.55106655 0.02315186 0.03037030 0.18533876 0.01084944 
558.00000000 0.13709868 0.06240794 0.55085781 0.02318064 0.03039030 0.18521876 0.01084587 
559.00000000 0.13728736 0.06250256 0.55064861 0.02320943 0.03041032 0.18509939 0.01084234 
560.00000000 0.13747584 0.06259715 0.55043895 0.02323822 0.03043034 0.18498064 0.01083885 
561.00000000 0.13766412 0.06269170 0.55022888 0.02326703 0.03045037 0.18486249 0.01083542 
562.00000000 0.13785221 0.06278621 0.55001840 0.02329584 0.03047041 0.18474490 0.01083203 
563.00000000 0.13804010 0.06288070 0.54980753 0.02332466 0.03049045 0.18462787 0.01082869 
564.00000000 0.13822779 0.06297515 0.54959630 0.02335349 0.03051050 0.18451137 0.01082540 
565.00000000 0.13841528 0.06306957 0.54938473 0.02338232 0.03053055 0.18439539 0.01082216 
566.00000000 0.13860256 0.06316396 0.54917283 0.02341116 0.03055060 0.18427992 0.01081897 
567.00000000 0.13878964 0.06325833 0.54896061 0.02344001 0.03057065 0.18416492 0.01081584 
568.00000000 0.13897651 0.06335267 0.54874810 0.02346887 0.03059071 0.18405041 0.01081275 
569.00000000 0.13916317 0.06344698 0.54853530 0.02349773 0.03061076 0.18393635 0.01080972 
570.00000000 0.13934962 0.06354126 0.54832223 0.02352660 0.03063082 0.18382273 0.01080674 
571.00000000 0.13953586 0.06363552 0.54810891 0.02355548 0.03065088 0.18370955 0.01080381 
572.00000000 0.13972188 0.06372976 0.54789534 0.02358436 0.03067093 0.18359679 0.01080094 
573.00000000 0.13990769 0.06382397 0.54768153 0.02361326 0.03069099 0.18348444 0.01079812 
574.00000000 0.14009328 0.06391816 0.54746751 0.02364216 0.03071104 0.18337250 0.01079535 
575.00000000 0.14027866 0.06401233 0.54725327 0.02367106 0.03073110 0.18326094 0.01079264 
576.00000000 0.14046382 0.06410647 0.54703882 0.02369998 0.03075115 0.18314977 0.01078998 
577.00000000 0.14064876 0.06420060 0.54682419 0.02372890 0.03077121 0.18303897 0.01078738 
578.00000000 0.14083347 0.06429470 0.54660936 0.02375784 0.03079126 0.18292854 0.01078483 
579.00000000 0.14101797 0.06438878 0.54639435 0.02378678 0.03081132 0.18281848 0.01078233 
580.00000000 0.14120225 0.06448284 0.54617917 0.02381573 0.03083137 0.18270876 0.01077988 
581.00000000 0.14138630 0.06457688 0.54596383 0.02384469 0.03085142 0.18259939 0.01077749 
582.00000000 0.14157013 0.06467090 0.54574832 0.02387365 0.03087148 0.18249036 0.01077516 
583.00000000 0.14175373 0.06476490 0.54553267 0.02390263 0.03089153 0.18238167 0.01077287 
584.00000000 0.14193711 0.06485888 0.54531686 0.02393162 0.03091159 0.18227331 0.01077064 
585.00000000 0.14212027 0.06495283 0.54510091 0.02396062 0.03093164 0.18216527 0.01076846 
586.00000000 0.14230319 0.06504677 0.54488482 0.02398963 0.03095170 0.18205755 0.01076634 
587.00000000 0.14248590 0.06514069 0.54466860 0.02401864 0.03097176 0.18195015 0.01076426 
588.00000000 0.14266837 0.06523459 0.54445224 0.02404767 0.03099182 0.18184306 0.01076224 
589.00000000 0.14285062 0.06532846 0.54423576 0.02407672 0.03101188 0.18173628 0.01076027 
590.00000000 0.14303264 0.06542232 0.54401916 0.02410577 0.03103195 0.18162981 0.01075835 
591.00000000 0.14321443 0.06551615 0.54380244 0.02413483 0.03105202 0.18152364 0.01075648 
592.00000000 0.14339600 0.06560997 0.54358560 0.02416391 0.03107209 0.18141777 0.01075466 
593.00000000 0.14357734 0.06570376 0.54336865 0.02419300 0.03109217 0.18131219 0.01075289 
594.00000000 0.14375845 0.06579753 0.54315159 0.02422210 0.03111225 0.18120691 0.01075118 
595.00000000 0.14393933 0.06589129 0.54293442 0.02425122 0.03113233 0.18110191 0.01074951 
596.00000000 0.14411998 0.06598501 0.54271714 0.02428035 0.03115242 0.18099721 0.01074789 
597.00000000 0.14430041 0.06607872 0.54249976 0.02430949 0.03117252 0.18089279 0.01074631 
598.00000000 0.14448060 0.06617241 0.54228228 0.02433864 0.03119262 0.18078866 0.01074479 
599.00000000 0.14466057 0.06626607 0.54206470 0.02436781 0.03121272 0.18068481 0.01074331 
600.00000000 0.14484031 0.06635971 0.54184703 0.02439700 0.03123284 0.18058123 0.01074188 
601.00000000 0.14501982 0.06645332 0.54162926 0.02442620 0.03125296 0.18047794 0.01074050 
602.00000000 0.14519911 0.06654691 0.54141139 0.02445541 0.03127309 0.18037492 0.01073917 
603.00000000 0.14537816 0.06664048 0.54119344 0.02448464 0.03129322 0.18027217 0.01073788 
604.00000000 0.14555699 0.06673402 0.54097539 0.02451389 0.03131337 0.18016970 0.01073663 
605.00000000 0.14573559 0.06682754 0.54075726 0.02454315 0.03133352 0.18006750 0.01073543 
606.00000000 0.14591397 0.06692104 0.54053904 0.02457243 0.03135368 0.17996557 0.01073428 
607.00000000 0.14609211 0.06701450 0.54032074 0.02460172 0.03137385 0.17986390 0.01073317 
608.00000000 0.14627004 0.06710794 0.54010235 0.02463103 0.03139403 0.17976250 0.01073210 
609.00000000 0.14644773 0.06720136 0.53988388 0.02466036 0.03141422 0.17966137 0.01073108 
610.00000000 0.14662520 0.06729475 0.53966533 0.02468970 0.03143442 0.17956050 0.01073010 
611.00000000 0.14680244 0.06738811 0.53944670 0.02471906 0.03145464 0.17945989 0.01072916 
612.00000000 0.14697946 0.06748144 0.53922799 0.02474844 0.03147486 0.17935954 0.01072827 
613.00000000 0.14715626 0.06757474 0.53900921 0.02477784 0.03149509 0.17925945 0.01072742 
614.00000000 0.14733283 0.06766801 0.53879035 0.02480725 0.03151534 0.17915962 0.01072660 
615.00000000 0.14750917 0.06776126 0.53857141 0.02483668 0.03153560 0.17906004 0.01072583 
616.00000000 0.14768529 0.06785448 0.53835241 0.02486613 0.03155587 0.17896072 0.01072510 
617.00000000 0.14786119 0.06794766 0.53813333 0.02489560 0.03157615 0.17886165 0.01072442 
618.00000000 0.14803687 0.06804081 0.53791418 0.02492509 0.03159645 0.17876283 0.01072377 
619.00000000 0.14821232 0.06813394 0.53769497 0.02495459 0.03161676 0.17866426 0.01072316 
620.00000000 0.14838756 0.06822703 0.53747568 0.02498412 0.03163709 0.17856594 0.01072259 
621.00000000 0.14856257 0.06832009 0.53725634 0.02501366 0.03165743 0.17846787 0.01072205 
622.00000000 0.14873736 0.06841311 0.53703692 0.02504322 0.03167778 0.17837005 0.01072156 
623.00000000 0.14891193 0.06850611 0.53681745 0.02507280 0.03169815 0.17827246 0.01072111 
624.00000000 0.14908628 0.06859906 0.53659791 0.02510240 0.03171853 0.17817513 0.01072069 
625.00000000 0.14926041 0.06869199 0.53637832 0.02513202 0.03173892 0.17807803 0.01072031 
626.00000000 0.14943432 0.06878488 0.53615866 0.02516166 0.03175934 0.17798118 0.01071997 
627.00000000 0.14960801 0.06887773 0.53593895 0.02519132 0.03177977 0.17788456 0.01071966 
628.00000000 0.14978149 0.06897055 0.53571918 0.02522100 0.03180021 0.17778818 0.01071939 
629.00000000 0.14995475 0.06906334 0.53549935 0.02525070 0.03182067 0.17769204 0.01071916 
630.00000000 0.15012779 0.06915608 0.53527947 0.02528042 0.03184114 0.17759613 0.01071896 
631.00000000 0.15030062 0.06924879 0.53505954 0.02531016 0.03186164 0.17750045 0.01071880 
632.00000000 0.15047323 0.06934147 0.53483956 0.02533992 0.03188215 0.17740501 0.01071867 
633.00000000 0.15064563 0.06943410 0.53461953 0.02536970 0.03190267 0.17730979 0.01071858 
634.00000000 0.15081781 0.06952670 0.53439945 0.02539950 0.03192321 0.17721481 0.01071852 
635.00000000 0.15098977 0.06961926 0.53417933 0.02542931 0.03194377 0.17712005 0.01071850 
636.00000000 0.15116153 0.06971177 0.53395916 0.02545916 0.03196435 0.17702552 0.01071851 
637.00000000 0.15133307 0.06980425 0.53373895 0.02548902 0.03198495 0.17693121 0.01071856 
638.00000000 0.15150440 0.06989669 0.53351870 0.02551890 0.03200556 0.17683712 0.01071864 
639.00000000 0.15167551 0.06998909 0.53329840 0.02554880 0.03202619 0.17674326 0.01071875 
640.00000000 0.15184642 0.07008145 0.53307807 0.02557872 0.03204684 0.17664961 0.01071889 
641.00000000 0.15201711 0.07017376 0.53285770 0.02560866 0.03206750 0.17655619 0.01071907 
642.00000000 0.15218760 0.07026604 0.53263729 0.02563863 0.03208819 0.17646298 0.01071928 
643.00000000 0.15235787 0.07035827 0.53241685 0.02566861 0.03210889 0.17636998 0.01071953 
644.00000000 0.15252794 0.07045046 0.53219637 0.02569862 0.03212961 0.17627720 0.01071980 
645.00000000 0.15269779 0.07054261 0.53197586 0.02572864 0.03215035 0.17618463 0.01072011 
646.00000000 0.15286744 0.07063471 0.53175532 0.02575869 0.03217111 0.17609227 0.01072045 
647.00000000 0.15303688 0.07072677 0.53153476 0.02578876 0.03219189 0.17600012 0.01072082 
648.00000000 0.15320612 0.07081879 0.53131416 0.02581885 0.03221268 0.17590818 0.01072122 
649.00000000 0.15337514 0.07091076 0.53109354 0.02584896 0.03223350 0.17581645 0.01072165 
650.00000000 0.15354397 0.07100269 0.53087289 0.02587909 0.03225433 0.17572492 0.01072212 
651.00000000 0.15371258 0.07109457 0.53065222 0.02590924 0.03227519 0.17563359 0.01072261 
652.00000000 0.15388099 0.07118640 0.53043153 0.02593941 0.03229606 0.17554247 0.01072314 
653.00000000 0.15404920 0.07127820 0.53021082 0.02596960 0.03231695 0.17545154 0.01072369 
654.00000000 0.15421721 0.07136994 0.52999009 0.02599981 0.03233786 0.17536082 0.01072428 
655.00000000 0.15438501 0.07146164 0.52976934 0.02603005 0.03235879 0.17527029 0.01072489 
656.00000000 0.15455260 0.07155329 0.52954857 0.02606030 0.03237974 0.17517995 0.01072554 
657.00000000 0.15472000 0.07164489 0.52932779 0.02609058 0.03240071 0.17508982 0.01072621 
658.00000000 0.15488719 0.07173645 0.52910700 0.02612087 0.03242170 0.17499987 0.01072691 
659.00000000 0.15505418 0.07182796 0.52888619 0.02615119 0.03244271 0.17491012 0.01072764 
660.00000000 0.15522097 0.07191942 0.52866538 0.02618152 0.03246374 0.17482056 0.01072841 
661.00000000 0.15538757 0.07201084 0.52844455 0.02621188 0.03248479 0.17473118 0.01072920 
662.00000000 0.15555396 0.07210220 0.52822372 0.02624226 0.03250585 0.17464200 0.01073001 
663.00000000 0.15572015 0.07219352 0.52800288 0.02627266 0.03252694 0.17455299 0.01073086 
664.00000000 0.15588614 0.07228478 0.52778203 0.02630308 0.03254805 0.17446418 0.01073173 
665.00000000 0.15605194 0.07237600 0.52756118 0.02633352 0.03256918 0.17437555 0.01073264 
666.00000000 0.15621754 0.07246717 0.52734033 0.02636398 0.03259033 0.17428710 0.01073357 
667.00000000 0.15638294 0.07255829 0.52711947 0.02639446 0.03261149 0.17419883 0.01073453 
668.00000000 0.15654814 0.07264936 0.52689862 0.02642496 0.03263268 0.17411074 0.01073551 
669.00000000 0.15671315 0.07274038 0.52667776 0.02645548 0.03265389 0.17402282 0.01073653 
670.00000000 0.15687796 0.07283134 0.52645691 0.02648602 0.03267511 0.17393509 0.01073757 
671.00000000 0.15704258 0.07292226 0.52623606 0.02651658 0.03269636 0.17384753 0.01073863 
672.00000000 0.15720700 0.07301313 0.52601522 0.02654716 0.03271763 0.17376014 0.01073973 
673.00000000 0.15737122 0.07310394 0.52579438 0.02657776 0.03273892 0.17367292 0.01074085 
674.00000000 0.15753526 0.07319471 0.52557355 0.02660838 0.03276022 0.17358588 0.01074200 
675.00000000 0.15769910 0.07328542 0.52535273 0.02663902 0.03278155 0.17349901 0.01074317 
676.00000000 0.15786274 0.07337608 0.52513191 0.02666969 0.03280290 0.17341231 0.01074437 
677.00000000 0.15802620 0.07346669 0.52491111 0.02670037 0.03282427 0.17332577 0.01074560 
678.00000000 0.15818946 0.07355725 0.52469032 0.02673107 0.03284565 0.17323940 0.01074685 
679.00000000 0.15835253 0.07364775 0.52446955 0.02676179 0.03286706 0.17315320 0.01074813 
680.00000000 0.15851541 0.07373820 0.52424879 0.02679252 0.03288849 0.17306715 0.01074944 
681.00000000 0.15867810 0.07382860 0.52402804 0.02682328 0.03290993 0.17298128 0.01075077 
682.00000000 0.15884059 0.07391895 0.52380731 0.02685406 0.03293140 0.17289556 0.01075212 
683.00000000 0.15900290 0.07400924 0.52358660 0.02688486 0.03295289 0.17281000 0.01075351 
684.00000000 0.15916502 0.07409948 0.52336591 0.02691567 0.03297440 0.17272461 0.01075491 
685.00000000 0.15932695 0.07418967 0.52314523 0.02694651 0.03299592 0.17263937 0.01075635 
686.00000000 0.15948869 0.07427980 0.52292458 0.02697736 0.03301747 0.17255429 0.01075780 
687.00000000 0.15965024 0.07436988 0.52270395 0.02700824 0.03303904 0.17246936 0.01075928 
688.00000000 0.15981161 0.07445991 0.52248334 0.02703913 0.03306062 0.17238459 0.01076079 
689.00000000 0.15997279 0.07454988 0.52226276 0.02707004 0.03308223 0.17229997 0.01076232 
690.00000000 0.16013378 0.07463980 0.52204221 0.02710097 0.03310386 0.17221551 0.01076388 
691.00000000 0.16029458 0.07472966 0.52182167 0.02713192 0.03312550 0.17213119 0.01076546 
692.00000000 0.16045520 0.07481947 0.52160117 0.02716289 0.03314717 0.17204703 0.01076706 
693.00000000 0.16061564 0.07490923 0.52138070 0.02719387 0.03316885 0.17196302 0.01076869 
694.00000000 0.16077588 0.07499893 0.52116025 0.02722488 0.03319056 0.17187915 0.01077035 
695.00000000 0.16093595 0.07508858 0.52093984 0.02725590 0.03321228 0.17179543 0.01077202 
696.00000000 0.16109583 0.07517817 0.52071945 0.02728694 0.03323403 0.17171186 0.01077372 
697.00000000 0.16125552 0.07526771 0.52049910 0.02731800 0.03325579 0.17162843 0.01077545 
698.00000000 0.16141503 0.07535719 0.52027878 0.02734908 0.03327758 0.17154514 0.01077720 
699.00000000 0.16157436 0.07544662 0.52005850 0.02738017 0.03329938 0.17146200 0.01077897 
700.00000000 0.16173351 0.07553599 0.51983825 0.02741128 0.03332120 0.17137900 0.01078077 
701.00000000 0.16189247 0.07562531 0.51961804 0.02744241 0.03334304 0.17129614 0.01078258 
702.00000000 0.16205125 0.07571457 0.51939786 0.02747356 0.03336490 0.17121343 0.01078443 
703.00000000 0.16220985 0.07580378 0.51917772 0.02750473 0.03338678 0.17113085 0.01078629 
704.00000000 0.16236827 0.07589293 0.51895762 0.02753591 0.03340868 0.17104840 0.01078818 
705.00000000 0.16252651 0.07598203 0.51873756 0.02756711 0.03343060 0.17096610 0.01079009 
706.00000000 0.16268456 0.07607107 0.51851754 0.02759833 0.03345254 0.17088393 0.01079202 
707.00000000 0.16284244 0.07616005 0.51829757 0.02762956 0.03347450 0.17080190 0.01079398 
708.00000000 0.16300014 0.07624898 0.51807763 0.02766082 0.03349648 0.17072000 0.01079596 
709.00000000 0.16315766 0.07633786 0.51785774 0.02769208 0.03351847 0.17063823 0.01079796 
710.00000000 0.16331500 0.07642667 0.51763789 0.02772337 0.03354049 0.17055660 0.01079998 
711.00000000 0.16347216 0.07651544 0.51741809 0.02775467 0.03356252 0.17047510 0.01080203 
712.00000000 0.16362914 0.07660414 0.51719833 0.02778599 0.03358457 0.17039373 0.01080410 
713.00000000 0.16378595 0.07669279 0.51697862 0.02781733 0.03360664 0.17031249 0.01080619 
714.00000000 0.16394257 0.07678139 0.51675895 0.02784868 0.03362873 0.17023137 0.01080830 
715.00000000 0.16409902 0.07686993 0.51653934 0.02788005 0.03365084 0.17015039 0.01081044 
716.00000000 0.16425530 0.07695841 0.51631977 0.02791143 0.03367297 0.17006953 0.01081259 
717.00000000 0.16441140 0.07704683 0.51610025 0.02794284 0.03369511 0.16998880 0.01081477 
718.00000000 0.16456732 0.07713520 0.51588078 0.02797425 0.03371728 0.16990820 0.01081697 
719.00000000 0.16472306 0.07722352 0.51566137 0.02800569 0.03373946 0.16982772 0.01081919 
720.00000000 0.16487863 0.07731177 0.51544200 0.02803713 0.03376166 0.16974736 0.01082143 
721.00000000 0.16503403 0.07739998 0.51522269 0.02806860 0.03378388 0.16966713 0.01082370 
722.00000000 0.16518925 0.07748812 0.51500343 0.02810008 0.03380612 0.16958701 0.01082598 
723.00000000 0.16534430 0.07757621 0.51478423 0.02813158 0.03382838 0.16950702 0.01082829 
724.00000000 0.16549917 0.07766424 0.51456508 0.02816309 0.03385065 0.16942715 0.01083062 
725.00000000 0.16565387 0.07775222 0.51434598 0.02819461 0.03387295 0.16934741 0.01083296 
726.00000000 0.16580840 0.07784013 0.51412694 0.02822616 0.03389526 0.16926777 0.01083533 
727.00000000 0.16596276 0.07792800 0.51390796 0.02825771 0.03391759 0.16918826 0.01083772 
728.00000000 0.16611694 0.07801580 0.51368904 0.02828929 0.03393993 0.16910887 0.01084013 
729.00000000 0.16627095 0.07810355 0.51347017 0.02832087 0.03396230 0.16902959 0.01084257 
730.00000000 0.16642479 0.07819125 0.51325137 0.02835248 0.03398468 0.16895043 0.01084502 
731.00000000 0.16657845 0.07827888 0.51303262 0.02838409 0.03400708 0.16887138 0.01084749 
732.00000000 0.16673195 0.07836646 0.51281393 0.02841572 0.03402950 0.16879245 0.01084998 
733.00000000 0.16688528 0.07845399 0.51259531 0.02844737 0.03405193 0.16871363 0.01085250 
734.00000000 0.16703843 0.07854145 0.51237674 0.02847903 0.03407439 0.16863493 0.01085503 
735.00000000 0.16719142 0.07862886 0.51215824 0.02851070 0.03409686 0.16855633 0.01085759 
736.00000000 0.16734423 0.07871622 0.51193980 0.02854239 0.03411935 0.16847785 0.01086016 
737.00000000 0.16749688 0.07880351 0.51172142 0.02857410 0.03414185 0.16839948 0.01086275 
738.00000000 0.16764936 0.07889076 0.51150311 0.02860581 0.03416437 0.16832122 0.01086537 
739.00000000 0.16780166 0.07897794 0.51128486 0.02863754 0.03418691 0.16824307 0.01086800 
740.00000000 0.16795380 0.07906507 0.51106668 0.02866929 0.03420947 0.16816503 0.01087066 
741.00000000 0.16810578 0.07915214 0.51084857 0.02870105 0.03423204 0.16808710 0.01087333 
742.00000000 0.16825758 0.07923915 0.51063052 0.02873282 0.03425463 0.16800928 0.01087602 
743.00000000 0.16840922 0.07932611 0.51041253 0.02876460 0.03427724 0.16793156 0.01087873 
744.00000000 0.16856069 0.07941301 0.51019462 0.02879640 0.03429987 0.16785394 0.01088147 
745.00000000 0.16871199 0.07949985 0.50997677 0.02882821 0.03432251 0.16777644 0.01088422 
746.00000000 0.16886313 0.07958664 0.50975899 0.02886004 0.03434517 0.16769904 0.01088699 
747.00000000 0.16901410 0.07967337 0.50954128 0.02889188 0.03436784 0.16762174 0.01088978 
748.00000000 0.16916491 0.07976005 0.50932364 0.02892373 0.03439053 0.16754455 0.01089259 
749.00000000 0.16931555 0.07984667 0.50910608 0.02895559 0.03441324 0.16746746 0.01089542 
750.00000000 0.16946603 0.07993323 0.50888858 0.02898747 0.03443597 0.16739047 0.01089826 
751.00000000 0.16961634 0.08001973 0.50867115 0.02901936 0.03445871 0.16731358 0.01090113 
752.00000000 0.16976648 0.08010618 0.50845380 0.02905126 0.03448146 0.16723680 0.01090402 
753.00000000 0.16991647 0.08019257 0.50823652 0.02908317 0.03450424 0.16716012 0.01090692 
754.00000000 0.17006628 0.08027891 0.50801931 0.02911510 0.03452703 0.16708353 0.01090984 
755.00000000 0.17021594 0.08036519 0.50780217 0.02914704 0.03454983 0.16700705 0.01091278 
756.00000000 0.17036543 0.08045141 0.50758511 0.02917899 0.03457265 0.16693066 0.01091574 
757.00000000 0.17051476 0.08053757 0.50736812 0.02921095 0.03459549 0.16685438 0.01091872 
758.00000000 0.17066393 0.08062368 0.50715121 0.02924293 0.03461834 0.16677819 0.01092172 
759.00000000 0.17081293 0.08070974 0.50693438 0.02927491 0.03464121 0.16670210 0.01092473 
760.00000000 0.17096177 0.08079573 0.50671762 0.02930691 0.03466410 0.16662610 0.01092777 
761.00000000 0.17111045 0.08088167 0.50650093 0.02933892 0.03468700 0.16655020 0.01093082 
762.00000000 0.17125897 0.08096756 0.50628432 0.02937094 0.03470991 0.16647440 0.01093389 
763.00000000 0.17140733 0.08105338 0.50606780 0.02940297 0.03473284 0.16639869 0.01093698 
764.00000000 0.17155553 0.08113915 0.50585134 0.02943502 0.03475579 0.16632307 0.01094009 
765.00000000 0.17170357 0.08122487 0.50563497 0.02946707 0.03477875 0.16624755 0.01094321 
766.00000000 0.17185145 0.08131053 0.50541868 0.02949914 0.03480173 0.16617213 0.01094635 
767.00000000 0.17199917 0.08139613 0.50520246 0.02953122 0.03482472 0.16609679 0.01094951 
768.00000000 0.17214672 0.08148167 0.50498633 0.02956330 0.03484773 0.16602155 0.01095269 
769.00000000 0.17229412 0.08156716 0.50477027 0.02959540 0.03487075 0.16594640 0.01095589 
770.00000000 0.17244136 0.08165260 0.50455430 0.02962751 0.03489379 0.16587134 0.01095910 
771.00000000 0.17258845 0.08173797 0.50433840 0.02965963 0.03491684 0.16579637 0.01096233 
772.00000000 0.17273537 0.08182330 0.50412259 0.02969176 0.03493991 0.16572150 0.01096558 
773.00000000 0.17288214 0.08190856 0.50390686 0.02972390 0.03496299 0.16564671 0.01096885 
774.00000000 0.17302875 0.08199377 0.50369121 0.02975605 0.03498609 0.16557201 0.01097213 
775.00000000 0.17317520 0.08207892 0.50347564 0.02978821 0.03500920 0.16549740 0.01097543 
776.00000000 0.17332149 0.08216402 0.50326016 0.02982038 0.03503232 0.16542288 0.01097875 
777.00000000 0.17346763 0.08224906 0.50304476 0.02985256 0.03505546 0.16534844 0.01098208 
778.00000000 0.17361361 0.08233404 0.50282945 0.02988475 0.03507861 0.16527410 0.01098544 
779.00000000 0.17375943 0.08241897 0.50261422 0.02991695 0.03510178 0.16519984 0.01098881 
780.00000000 0.17390510 0.08250384 0.50239907 0.02994916 0.03512496 0.16512566 0.01099219 
781.00000000 0.17405062 0.08258866 0.50218401 0.02998138 0.03514816 0.16505158 0.01099560 
782.00000000 0.17419598 0.08267342 0.50196903 0.03001361 0.03517137 0.16497757 0.01099902 
783.00000000 0.17434118 0.08275812 0.50175414 0.03004585 0.03519460 0.16490366 0.01100245 
784.00000000 0.17448623 0.08284277 0.50153934 0.03007810 0.03521783 0.16482983 0.01100591 
785.00000000 0.17463112 0.08292737 0.50132462 0.03011035 0.03524109 0.16475608 0.01100938 
786.00000000 0.17477586 0.08301190 0.50110999 0.03014262 0.03526435 0.16468241 0.01101287 
787.00000000 0.17492045 0.08309639 0.50089544 0.03017489 0.03528763 0.16460883 0.01101637 
788.00000000 0.17506488 0.08318081 0.50068099 0.03020718 0.03531092 0.16453533 0.01101989 
789.00000000 0.17520916 0.08326518 0.50046662 0.03023947 0.03533423 0.16446192 0.01102343 
790.00000000 0.17535329 0.08334950 0.50025234 0.03027177 0.03535755 0.16438858 0.01102698 
791.00000000 0.17549726 0.08343376 0.50003814 0.03030408 0.03538088 0.16431533 0.01103055 
792.00000000 0.17564108 0.08351796 0.49982404 0.03033640 0.03540423 0.16424216 0.01103414 
793.00000000 0.17578475 0.08360211 0.49961003 0.03036872 0.03542759 0.16416907 0.01103774 
794.00000000 0.17592827 0.08368620 0.49939610 0.03040105 0.03545096 0.16409606 0.01104136 
795.00000000 0.17607164 0.08377024 0.49918227 0.03043340 0.03547434 0.16402313 0.01104499 
796.00000000 0.17621485 0.08385422 0.49896852 0.03046575 0.03549774 0.16395028 0.01104864 
797.00000000 0.17635792 0.08393814 0.49875487 0.03049810 0.03552115 0.16387751 0.01105231 
798.00000000 0.17650083 0.08402201 0.49854131 0.03053047 0.03554458 0.16380481 0.01105599 
799.00000000 0.17664359 0.08410583 0.49832783 0.03056284 0.03556801 0.16373220 0.01105969 
800.00000000 0.17678621 0.08418959 0.49811445 0.03059523 0.03559146 0.16365966 0.01106341 
801.00000000 0.17692867 0.08427329 0.49790116 0.03062761 0.03561492 0.16358720 0.01106714 
802.00000000 0.17707098 0.08435694 0.49768797 0.03066001 0.03563840 0.16351482 0.01107088 
803.00000000 0.17721315 0.08444054 0.49747486 0.03069241 0.03566188 0.16344251 0.01107464 
804.00000000 0.17735516 0.08452408 0.49726185 0.03072483 0.03568538 0.16337028 0.01107842 
805.00000000 0.17749703 0.08460756 0.49704893 0.03075724 0.03570889 0.16329813 0.01108221 
806.00000000 0.17763875 0.08469099 0.49683611 0.03078967 0.03573241 0.16322605 0.01108602 
807.00000000 0.17778032 0.08477436 0.49662337 0.03082210 0.03575595 0.16315405 0.01108985 
808.00000000 0.17792174 0.08485768 0.49641073 0.03085454 0.03577950 0.16308212 0.01109368 
809.00000000 0.17806302 0.08494094 0.49619819 0.03088699 0.03580306 0.16301027 0.01109754 
810.00000000 0.17820414 0.08502415 0.49598574 0.03091944 0.03582663 0.16293849 0.01110141 
811.00000000 0.17834512 0.08510731 0.49577338 0.03095190 0.03585021 0.16286679 0.01110529 
812.00000000 0.17848596 0.08519041 0.49556112 0.03098436 0.03587380 0.16279516 0.01110919 
813.00000000 0.17862664 0.08527345 0.49534896 0.03101684 0.03589741 0.16272360 0.01111311 
814.00000000 0.17876718 0.08535644 0.49513689 0.03104931 0.03592103 0.16265211 0.01111704 
815.00000000 0.17890758 0.08543937 0.49492491 0.03108180 0.03594466 0.16258070 0.01112098 
816.00000000 0.17904783 0.08552225 0.49471303 0.03111429 0.03596830 0.16250936 0.01112494 
817.00000000 0.17918793 0.08560508 0.49450125 0.03114679 0.03599195 0.16243809 0.01112892 
818.00000000 0.17932789 0.08568785 0.49428956 0.03117929 0.03601561 0.16236689 0.01113291 
819.00000000 0.17946770 0.08577056 0.49407797 0.03121180 0.03603928 0.16229577 0.01113691 
820.00000000 0.17960737 0.08585323 0.49386648 0.03124431 0.03606297 0.16222471 0.01114093 
821.00000000 0.17974689 0.08593583 0.49365508 0.03127683 0.03608667 0.16215373 0.01114497 
822.00000000 0.17988627 0.08601839 0.49344378 0.03130936 0.03611037 0.16208281 0.01114902 
823.00000000 0.18002551 0.08610088 0.49323258 0.03134189 0.03613409 0.16201197 0.01115308 
824.00000000 0.18016460 0.08618333 0.49302147 0.03137443 0.03615782 0.16194119 0.01115716 
825.00000000 0.18030355 0.08626571 0.49281047 0.03140697 0.03618156 0.16187049 0.01116125 
826.00000000 0.18044236 0.08634805 0.49259956 0.03143952 0.03620531 0.16179985 0.01116536 
827.00000000 0.18058102 0.08643033 0.49238875 0.03147207 0.03622907 0.16172928 0.01116948 
828.00000000 0.18071954 0.08651256 0.49217804 0.03150463 0.03625284 0.16165878 0.01117361 
829.00000000 0.18085792 0.08659473 0.49196742 0.03153719 0.03627662 0.16158835 0.01117776 
830.00000000 0.18099616 0.08667684 0.49175691 0.03156976 0.03630041 0.16151799 0.01118193 
831.00000000 0.18113425 0.08675891 0.49154650 0.03160233 0.03632422 0.16144769 0.01118611 
832.00000000 0.18127221 0.08684092 0.49133618 0.03163491 0.03634803 0.16137746 0.01119030 
833.00000000 0.18141002 0.08692287 0.49112597 0.03166749 0.03637185 0.16130730 0.01119451 
834.00000000 0.18154769 0.08700477 0.49091585 0.03170007 0.03639568 0.16123720 0.01119873 
835.00000000 0.18168522 0.08708662 0.49070584 0.03173267 0.03641953 0.16116717 0.01120296 
836.00000000 0.18182261 0.08716841 0.49049592 0.03176526 0.03644338 0.16109721 0.01120721 
837.00000000 0.18195986 0.08725015 0.49028611 0.03179786 0.03646724 0.16102731 0.01121147 
838.00000000 0.18209697 0.08733184 0.49007639 0.03183046 0.03649111 0.16095748 0.01121575 
839.00000000 0.18223394 0.08741347 0.48986678 0.03186307 0.03651499 0.16088771 0.01122004 
840.00000000 0.18237077 0.08749505 0.48965727 0.03189568 0.03653889 0.16081801 0.01122434 
841.00000000 0.18250746 0.08757657 0.48944785 0.03192830 0.03656279 0.16074837 0.01122866 
842.00000000 0.18264401 0.08765804 0.48923854 0.03196092 0.03658670 0.16067880 0.01123299 
843.00000000 0.18278043 0.08773946 0.48902934 0.03199354 0.03661062 0.16060929 0.01123733 
844.00000000 0.18291670 0.08782082 0.48882023 0.03202617 0.03663455 0.16053984 0.01124169 
845.00000000 0.18305284 0.08790213 0.48861122 0.03205880 0.03665848 0.16047046 0.01124606 
846.00000000 0.18318884 0.08798339 0.48840232 0.03209143 0.03668243 0.16040114 0.01125044 
847.00000000 0.18332470 0.08806459 0.48819352 0.03212407 0.03670639 0.16033189 0.01125484 
848.00000000 0.18346042 0.08814574 0.48798482 0.03215671 0.03673035 0.16026270 0.01125925 
849.00000000 0.18359601 0.08822683 0.48777623 0.03218936 0.03675433 0.16019357 0.01126368 
850.00000000 0.18373146 0.08830787 0.48756773 0.03222201 0.03677831 0.16012450 0.01126811 
851.00000000 0.18386677 0.08838886 0.48735934 0.03225466 0.03680230 0.16005549 0.01127257 
852.00000000 0.18400195 0.08846980 0.48715105 0.03228731 0.03682631 0.15998655 0.01127703 
853.00000000 0.18413699 0.08855068 0.48694287 0.03231997 0.03685032 0.15991767 0.01128151 
854.00000000 0.18427190 0.08863151 0.48673479 0.03235263 0.03687433 0.15984885 0.01128600 
855.00000000 0.18440667 0.08871228 0.48652681 0.03238529 0.03689836 0.15978009 0.01129050 
856.00000000 0.18454130 0.08879300 0.48631894 0.03241796 0.03692240 0.15971139 0.01129502 
857.00000000 0.18467580 0.08887367 0.48611117 0.03245063 0.03694644 0.15964276 0.01129954 
858.00000000 0.18481016 0.08895429 0.48590350 0.03248330 0.03697049 0.15957418 0.01130409 
859.00000000 0.18494439 0.08903485 0.48569594 0.03251597 0.03699455 0.15950566 0.01130864 
860.00000000 0.18507848 0.08911536 0.48548848 0.03254864 0.03701862 0.15943720 0.01131321 
861.00000000 0.18521244 0.08919582 0.48528112 0.03258132 0.03704270 0.15936881 0.01131779 
862.00000000 0.18534627 0.08927622 0.48507387 0.03261400 0.03706679 0.15930047 0.01132238 
863.00000000 0.18547996 0.08935657 0.48486673 0.03264669 0.03709088 0.15923219 0.01132698 
864.00000000 0.18561352 0.08943687 0.48465969 0.03267937 0.03711498 0.15916397 0.01133160 
865.00000000 0.18574694 0.08951711 0.48445275 0.03271206 0.03713909 0.15909581 0.01133623 
866.00000000 0.18588024 0.08959731 0.48424592 0.03274475 0.03716320 0.15902771 0.01134087 
867.00000000 0.18601339 0.08967745 0.48403920 0.03277744 0.03718733 0.15895967 0.01134553 
868.00000000 0.18614642 0.08975753 0.48383258 0.03281013 0.03721146 0.15889168 0.01135020 
869.00000000 0.18627932 0.08983757 0.48362606 0.03284282 0.03723560 0.15882376 0.01135487 
870.00000000 0.18641208 0.08991755 0.48341965 0.03287552 0.03725975 0.15875589 0.01135957 
871.00000000 0.18654471 0.08999748 0.48321335 0.03290822 0.03728390 0.15868808 0.01136427 
872.00000000 0.18667721 0.09007736 0.48300715 0.03294091 0.03730806 0.15862033 0.01136899 
873.00000000 0.18680957 0.09015718 0.48280105 0.03297361 0.03733223 0.15855263 0.01137371 
874.00000000 0.18694181 0.09023695 0.48259507 0.03300632 0.03735641 0.15848499 0.01137845 
875.00000000 0.18707392 0.09031667 0.48238919 0.03303902 0.03738059 0.15841741 0.01138321 
876.00000000 0.18720589 0.09039634 0.48218341 0.03307172 0.03740478 0.15834988 0.01138797 
877.00000000 0.18733773 0.09047595 0.48197774 0.03310443 0.03742898 0.15828241 0.01139275 
878.00000000 0.18746945 0.09055551 0.48177218 0.03313714 0.03745319 0.15821500 0.01139754 
879.00000000 0.18760103 0.09063502 0.48156673 0.03316984 0.03747740 0.15814764 0.01140234 
880.00000000 0.18773249 0.09071448 0.48136138 0.03320255 0.03750162 0.15808034 0.01140715 
881.00000000 0.18786381 0.09079389 0.48115613 0.03323526 0.03752584 0.15801310 0.01141197 
882.00000000 0.18799501 0.09087324 0.48095100 0.03326797 0.03755008 0.15794591 0.01141681 
883.00000000 0.18812607 0.09095254 0.48074597 0.03330068 0.03757431 0.15787877 0.01142165 
884.00000000 0.18825701 0.09103179 0.48054105 0.03333339 0.03759856 0.15781169 0.01142651 
885.00000000 0.18838782 0.09111099 0.48033623 0.03336610 0.03762281 0.15774467 0.01143138 
886.00000000 0.18851850 0.09119013 0.48013152 0.03339882 0.03764707 0.15767770 0.01143626 
887.00000000 0.18864905 0.09126923 0.47992692 0.03343153 0.03767134 0.15761078 0.01144116 
888.00000000 0.18877947 0.09134827 0.47972243 0.03346424 0.03769561 0.15754392 0.01144606 
889.00000000 0.18890977 0.09142726 0.47951804 0.03349696 0.03771988 0.15747711 0.01145098 
890.00000000 0.18903994 0.09150619 0.47931376 0.03352967 0.03774417 0.15741036 0.01145590 
891.00000000 0.18916998 0.09158508 0.47910959 0.03356238 0.03776846 0.15734366 0.01146084 
892.00000000 0.18929990 0.09166391 0.47890553 0.03359510 0.03779275 0.15727702 0.01146579 
893.00000000 0.18942968 0.09174270 0.47870157 0.03362781 0.03781706 0.15721043 0.01147075 
894.00000000 0.18955934 0.09182143 0.47849772 0.03366052 0.03784136 0.15714389 0.01147573 
895.00000000 0.18968888 0.09190011 0.47829398 0.03369324 0.03786568 0.15707740 0.01148071 
896.00000000 0.18981829 0.09197873 0.47809035 0.03372595 0.03789000 0.15701097 0.01148570 
897.00000000 0.18994757 0.09205731 0.47788683 0.03375867 0.03791432 0.15694459 0.01149071 
898.00000000 0.19007673 0.09213583 0.47768341 0.03379138 0.03793865 0.15687827 0.01149573 
899.00000000 0.19020576 0.09221431 0.47748010 0.03382409 0.03796299 0.15681199 0.01150075 
900.00000000 0.19033467 0.09229273 0.47727690 0.03385680 0.03798733 0.15674577 0.01150579 
901.00000000 0.19046345 0.09237110 0.47707381 0.03388951 0.03801168 0.15667961 0.01151084 
902.00000000 0.19059210 0.09244942 0.47687083 0.03392222 0.03803604 0.15661349 0.01151590 
903.00000000 0.19072064 0.09252768 0.47666795 0.03395494 0.03806039 0.15654742 0.01152097 
904.00000000 0.19084904 0.09260590 0.47646519 0.03398764 0.03808476 0.15648141 0.01152606 
905.00000000 0.19097733 0.09268407 0.47626253 0.03402035 0.03810913 0.15641545 0.01153115 
906.00000000 0.19110549 0.09276218 0.47605998 0.03405306 0.03813350 0.15634954 0.01153625 
907.00000000 0.19123352 0.09284024 0.47585754 0.03408577 0.03815788 0.15628368 0.01154136 
908.00000000 0.19136143 0.09291825 0.47565521 0.03411847 0.03818227 0.15621787 0.01154649 
909.00000000 0.19148922 0.09299621 0.47545299 0.03415118 0.03820666 0.15615212 0.01155162 
910.00000000 0.19161689 0.09307412 0.47525087 0.03418388 0.03823105 0.15608641 0.01155677 
911.00000000 0.19174443 0.09315198 0.47504887 0.03421658 0.03825545 0.15602076 0.01156193 
912.00000000 0.19187185 0.09322979 0.47484697 0.03424929 0.03827986 0.15595515 0.01156709 
913.00000000 0.19199915 0.09330754 0.47464519 0.03428199 0.03830427 0.15588960 0.01157227 
914.00000000 0.19212632 0.09338525 0.47444351 0.03431468 0.03832868 0.15582410 0.01157746 
915.00000000 0.19225338 0.09346291 0.47424194 0.03434738 0.03835310 0.15575864 0.01158265 
916.00000000 0.19238031 0.09354051 0.47404048 0.03438008 0.03837752 0.15569324 0.01158786 
917.00000000 0.19250712 0.09361806 0.47383913 0.03441277 0.03840195 0.15562789 0.01159308 
918.00000000 0.19263381 0.09369556 0.47363789 0.03444546 0.03842638 0.15556258 0.01159831 
919.00000000 0.19276038 0.09377302 0.47343676 0.03447816 0.03845082 0.15549733 0.01160354 
920.00000000 0.19288682 0.09385042 0.47323574 0.03451084 0.03847526 0.15543212 0.01160879 
921.00000000 0.19301315 0.09392777 0.47303483 0.03454353 0.03849971 0.15536697 0.01161405 
922.00000000 0.19313935 0.09400507 0.47283402 0.03457622 0.03852416 0.15530186 0.01161932 
923.00000000 0.19326544 0.09408232 0.47263333 0.03460890 0.03854861 0.15523681 0.01162460 
924.00000000 0.19339140 0.09415952 0.47243275 0.03464158 0.03857307 0.15517180 0.01162989 
925.00000000 0.19351725 0.09423666 0.47223227 0.03467426 0.03859753 0.15510684 0.01163518 
926.00000000 0.19364297 0.09431376 0.47203191 0.03470694 0.03862200 0.15504193 0.01164049 
927.00000000 0.19376858 0.09439081 0.47183165 0.03473961 0.03864647 0.15497707 0.01164581 
928.00000000 0.19389407 0.09446781 0.47163151 0.03477229 0.03867094 0.15491225 0.01165114 
929.00000000 0.19401943 0.09454475 0.47143147 0.03480496 0.03869542 0.15484749 0.01165647 
930.00000000 0.19414468 0.09462165 0.47123155 0.03483762 0.03871990 0.15478277 0.01166182 
931.00000000 0.19426981 0.09469850 0.47103173 0.03487029 0.03874439 0.15471810 0.01166718 
932.00000000 0.19439482 0.09477529 0.47083203 0.03490295 0.03876888 0.15465348 0.01167254 
933.00000000 0.19451971 0.09485204 0.47063243 0.03493561 0.03879337 0.15458891 0.01167792 
934.00000000 0.19464449 0.09492874 0.47043295 0.03496827 0.03881787 0.15452438 0.01168330 
935.00000000 0.19476915 0.09500538 0.47023357 0.03500093 0.03884237 0.15445991 0.01168870 
936.00000000 0.19489369 0.09508198 0.47003431 0.03503358 0.03886687 0.15439548 0.01169410 
937.00000000 0.19501811 0.09515853 0.46983515 0.03506623 0.03889138 0.15433109 0.01169952 
938.00000000 0.19514241 0.09523502 0.46963611 0.03509888 0.03891589 0.15426676 0.01170494 
939.00000000 0.19526660 0.09531147 0.46943717 0.03513152 0.03894040 0.15420247 0.01171037 
940.00000000 0.19539067 0.09538786 0.46923835 0.03516416 0.03896492 0.15413823 0.01171581 
941.00000000 0.19551462 0.09546421 0.46903963 0.03519680 0.03898944 0.15407403 0.01172126 
942.00000000 0.19563846 0.09554051 0.46884103 0.03522944 0.03901396 0.15400988 0.01172672 
943.00000000 0.19576218 0.09561675 0.46864253 0.03526207 0.03903849 0.15394578 0.01173219 
944.00000000 0.19588579 0.09569295 0.46844415 0.03529470 0.03906302 0.15388173 0.01173767 
945.00000000 0.19600928 0.09576910 0.46824587 0.03532733 0.03908755 0.15381772 0.01174316 
946.00000000 0.19613265 0.09584520 0.46804771 0.03535995 0.03911208 0.15375376 0.01174866 
947.00000000 0.19625591 0.09592125 0.46784966 0.03539257 0.03913662 0.15368984 0.01175416 
948.00000000 0.19637905 0.09599724 0.46765171 0.03542518 0.03916116 0.15362597 0.01175968 
949.00000000 0.19650208 0.09607319 0.46745388 0.03545780 0.03918570 0.15356215 0.01176520 
950.00000000 0.19662499 0.09614909 0.46725616 0.03549040 0.03921025 0.15349837 0.01177073 
951.00000000 0.19674779 0.09622494 0.46705855 0.03552301 0.03923480 0.15343464 0.01177627 
952.00000000 0.19687047 0.09630075 0.46686105 0.03555561 0.03925935 0.15337095 0.01178182 
953.00000000 0.19699304 0.09637650 0.46666366 0.03558821 0.03928391 0.15330731 0.01178738 
954.00000000 0.19711549 0.09645220 0.46646638 0.03562080 0.03930846 0.15324372 0.01179295 
955.00000000 0.19723784 0.09652785 0.46626921 0.03565339 0.03933302 0.15318017 0.01179853 
956.00000000 0.19736006 0.09660346 0.46607215 0.03568598 0.03935758 0.15311666 0.01180411 
957.00000000 0.19748218 0.09667901 0.46587520 0.03571856 0.03938215 0.15305320 0.01180971 
958.00000000 0.19760418 0.09675452 0.46567836 0.03575114 0.03940671 0.15298979 0.01181531 
959.00000000 0.19772606 0.09682997 0.46548163 0.03578372 0.03943128 0.15292642 0.01182092 
960.00000000 0.19784784 0.09690538 0.46528501 0.03581629 0.03945585 0.15286309 0.01182654 
961.00000000 0.19796950 0.09698074 0.46508851 0.03584886 0.03948042 0.15279981 0.01183217 
962.00000000 0.19809105 0.09705605 0.46489211 0.03588142 0.03950500 0.15273658 0.01183780 
963.00000000 0.19821248 0.09713131 0.46469582 0.03591398 0.03952957 0.15267339 0.01184345 
964.00000000 0.19833381 0.09720652 0.46449965 0.03594653 0.03955415 0.15261024 0.01184910 
965.00000000 0.19845502 0.09728168 0.46430358 0.03597908 0.03957873 0.15254714 0.01185476 
966.00000000 0.19857612 0.09735679 0.46410763 0.03601163 0.03960331 0.15248408 0.01186043 
967.00000000 0.19869711 0.09743186 0.46391179 0.03604417 0.03962790 0.15242107 0.01186611 
968.00000000 0.19881798 0.09750687 0.46371605 0.03607671 0.03965248 0.15235810 0.01187180 
969.00000000 0.19893875 0.09758184 0.46352043 0.03610924 0.03967707 0.15229518 0.01187749 
970.00000000 0.19905940 0.09765676 0.46332492 0.03614177 0.03970166 0.15223230 0.01188320 
971.00000000 0.19917995 0.09773163 0.46312952 0.03617429 0.03972625 0.15216946 0.01188891 
972.00000000 0.19930038 0.09780645 0.46293423 0.03620681 0.03975084 0.15210667 0.01189463 
973.00000000 0.19942070 0.09788122 0.46273905 0.03623933 0.03977544 0.15204392 0.01190035 
974.00000000 0.19954091 0.09795594 0.46254398 0.03627183 0.03980003 0.15198121 0.01190609 
975.00000000 0.19966102 0.09803062 0.46234902 0.03630434 0.03982463 0.15191855 0.01191183 
976.00000000 0.19978101 0.09810525 0.46215417 0.03633684 0.03984923 0.15185593 0.01191758 
977.00000000 0.19990089 0.09817982 0.46195943 0.03636933 0.03987383 0.15179335 0.01192334 
978.00000000 0.20002066 0.09825435 0.46176480 0.03640182 0.03989843 0.15173082 0.01192911 
979.00000000 0.20014032 0.09832884 0.46157029 0.03643431 0.03992303 0.15166833 0.01193488 
980.00000000 0.20025988 0.09840327 0.46137588 0.03646679 0.03994763 0.15160589 0.01194067 
981.00000000 0.20037932 0.09847765 0.46118159 0.03649926 0.03997223 0.15154348 0.01194646 
982.00000000 0.20049866 0.09855199 0.46098740 0.03653173 0.03999684 0.15148112 0.01195226 
983.00000000 0.20061788 0.09862628 0.46079333 0.03656420 0.04002145 0.15141880 0.01195806 
984.00000000 0.20073700 0.09870052 0.46059936 0.03659666 0.04004605 0.15135653 0.01196388 
985.00000000 0.20085601 0.09877471 0.46040551 0.03662911 0.04007066 0.15129430 0.01196970 
986.00000000 0.20097491 0.09884885 0.46021177 0.03666156 0.04009527 0.15123211 0.01197553 
987.00000000 0.20109371 0.09892295 0.46001814 0.03669400 0.04011988 0.15116996 0.01198136 
988.00000000 0.20121239 0.09899700 0.45982461 0.03672644 0.04014449 0.15110786 0.01198721 
989.00000000 0.20133097 0.09907100 0.45963120 0.03675887 0.04016910 0.15104579 0.01199306 
990.00000000 0.20144944 0.09914495 0.45943790 0.03679130 0.04019371 0.15098377 0.01199892 
991.00000000 0.20156780 0.09921885 0.45924471 0.03682372 0.04021833 0.15092180 0.01200478 
992.00000000 0.20168606 0.09929271 0.45905163 0.03685614 0.04024294 0.15085986 0.01201066 
993.00000000 0.20180421 0.09936652 0.45885867 0.03688855 0.04026755 0.15079797 0.01201654 
994.00000000 0.20192225 0.09944028 0.45866581 0.03692095 0.04029217 0.15073612 0.01202243 
995.00000000 0.20204019 0.09951399 0.45847306 0.03695335 0.04031678 0.15067431 0.01202832 
996.00000000 0.20215802 0.09958765 0.45828042 0.03698575 0.04034140 0.15061254 0.01203423 
997.00000000 0.20227574 0.09966127 0.45808789 0.03701813 0.04036601 0.15055081 0.01204014 
998.00000000 0.20239336 0.09973484 0.45789548 0.03705052 0.04039063 0.15048913 0.01204605 
999.00000000 0.20251087 0.09980836 0.45770317 0.03708289 0.04041524 0.15042749 0.01205198 
