0.00000000 0.00009100 0.00824756 0.00398765 0.00044719 0.21730518 0.00593771 0.76398371 
1.00000000 0.00008359 0.00781005 0.00380444 0.00039938 0.21205671 0.00585079 0.76999504 
2.00000000 0.00007724 0.00743375 0.00363009 0.00024990 0.20706714 0.00575378 0.77578811 
3.00000000 0.00007204 0.00711650 0.00346543 0.00001346 0.20233997 0.00564838 0.78134422 
4.00000000 0.00006811 0.00685604 0.00331121 -0.00029566 0.19787819 0.00553619 0.78664593 
5.00000000 0.00006555 0.00665000 0.00316805 -0.00066360 0.19368426 0.00541874 0.79167700 
6.00000000 0.00006448 0.00649594 0.00303651 -0.00107698 0.18976013 0.00529748 0.79642244 
7.00000000 0.00006501 0.00639141 0.00291706 -0.00152294 0.18610720 0.00517373 0.80086852 
8.00000000 0.00006729 0.00633392 0.00281008 -0.00198913 0.18272632 0.00504879 0.80500273 
9.00000000 0.00007147 0.00632103 0.00271586 -0.00246377 0.17961779 0.00492384 0.80881379 
10.00000000 0.00007771 0.00635031 0.00263464 -0.00293566 0.17678136 0.00479999 0.81229166 
11.00000000 0.00008619 0.00641941 0.00256657 -0.00339421 0.17421626 0.00467828 0.81542751 
12.00000000 0.00009711 0.00652604 0.00251173 -0.00382941 0.17192113 0.00455969 0.81821371 
13.00000000 0.00011069 0.00666804 0.00247015 -0.00423190 0.16989410 0.00444511 0.82064381 
14.00000000 0.00012716 0.00684333 0.00244177 -0.00459295 0.16813277 0.00433538 0.82271254 
15.00000000 0.00014677 0.00704996 0.00242652 -0.00490448 0.16663422 0.00423126 0.82441575 
16.00000000 0.00016978 0.00728613 0.00242422 -0.00515904 0.16539501 0.00413347 0.82575043 
17.00000000 0.00019647 0.00755017 0.00243470 -0.00534982 0.16441121 0.00404263 0.82671464 
18.00000000 0.00022712 0.00784056 0.00245770 -0.00547068 0.16367843 0.00395935 0.82730752 
19.00000000 0.00026205 0.00815594 0.00249293 -0.00551610 0.16319182 0.00388415 0.82752921 
20.00000000 0.00030154 0.00849510 0.00254009 -0.00548118 0.16294607 0.00381750 0.82738089 
21.00000000 0.00034593 0.00885699 0.00259881 -0.00536166 0.16293547 0.00375983 0.82686465 
22.00000000 0.00039552 0.00924072 0.00266871 -0.00515389 0.16315391 0.00371150 0.82598353 
23.00000000 0.00045064 0.00964557 0.00274938 -0.00485479 0.16359491 0.00367285 0.82474145 
24.00000000 0.00051161 0.01007094 0.00284039 -0.00446189 0.16425165 0.00364414 0.82314317 
25.00000000 0.00057874 0.01051640 0.00294129 -0.00397326 0.16511696 0.00362560 0.82119425 
26.00000000 0.00065237 0.01098167 0.00305161 -0.00338751 0.16618341 0.00361743 0.81890102 
27.00000000 0.00073278 0.01146658 0.00317087 -0.00270377 0.16744328 0.00361977 0.81627049 
28.00000000 0.00082030 0.01197110 0.00329858 -0.00192169 0.16888860 0.00363272 0.81331039 
29.00000000 0.00091520 0.01249532 0.00343425 -0.00104135 0.17051119 0.00365635 0.81002904 
30.00000000 0.00101777 0.01303943 0.00357737 -0.00006331 0.17230271 0.00369069 0.80643535 
31.00000000 0.00112828 0.01360372 0.00372744 0.00101144 0.17425461 0.00373574 0.80253876 
32.00000000 0.00124698 0.01418858 0.00388397 0.00218154 0.17635824 0.00379147 0.79834923 
33.00000000 0.00137410 0.01479445 0.00404644 0.00344525 0.17860484 0.00385780 0.79387712 
34.00000000 0.00150988 0.01542187 0.00421437 0.00480047 0.18098556 0.00393464 0.78913321 
35.00000000 0.00165450 0.01607139 0.00438727 0.00624480 0.18349151 0.00402187 0.78412865 
36.00000000 0.00180815 0.01674365 0.00456466 0.00777555 0.18611377 0.00411934 0.77887487 
37.00000000 0.00197101 0.01743928 0.00474608 0.00938975 0.18884341 0.00422688 0.77338359 
38.00000000 0.00214320 0.01815896 0.00493105 0.01108421 0.19167153 0.00434429 0.76766675 
39.00000000 0.00232487 0.01890335 0.00511916 0.01285553 0.19458928 0.00447135 0.76173646 
40.00000000 0.00251611 0.01967314 0.00530995 0.01470012 0.19758787 0.00460783 0.75560498 
41.00000000 0.00271700 0.02046899 0.00550303 0.01661422 0.20065862 0.00475347 0.74928467 
42.00000000 0.00292762 0.02129154 0.00569799 0.01859395 0.20379294 0.00490801 0.74278796 
43.00000000 0.00314800 0.02214139 0.00589445 0.02063533 0.20698238 0.00507115 0.73612730 
44.00000000 0.00337818 0.02301913 0.00609205 0.02273426 0.21021865 0.00524261 0.72931512 
45.00000000 0.00361815 0.02392527 0.00629045 0.02488659 0.21349362 0.00542208 0.72236384 
46.00000000 0.00386791 0.02486028 0.00648932 0.02708815 0.21679936 0.00560922 0.71528576 
47.00000000 0.00412744 0.02582457 0.00668836 0.02933470 0.22012811 0.00580372 0.70809309 
48.00000000 0.00439667 0.02681849 0.00688728 0.03162204 0.22347235 0.00600524 0.70079793 
49.00000000 0.00467556 0.02784230 0.00708582 0.03394594 0.22682478 0.00621344 0.69341217 
50.00000000 0.00496403 0.02889619 0.00728373 0.03630222 0.23017834 0.00642796 0.68594754 
51.00000000 0.00526198 0.02998028 0.00748077 0.03868676 0.23352621 0.00664845 0.67841554 
52.00000000 0.00556933 0.03109460 0.00767675 0.04109548 0.23686184 0.00687457 0.67082744 
53.00000000 0.00588596 0.03223908 0.00787148 0.04352436 0.24017893 0.00710594 0.66319425 
54.00000000 0.00621174 0.03341358 0.00806479 0.04596950 0.24347148 0.00734222 0.65552669 
55.00000000 0.00654655 0.03461788 0.00825652 0.04842707 0.24673373 0.00758305 0.64783520 
56.00000000 0.00689024 0.03585165 0.00844656 0.05089335 0.24996023 0.00782806 0.64012991 
57.00000000 0.00724268 0.03711448 0.00863478 0.05336475 0.25314581 0.00807690 0.63242060 
58.00000000 0.00760371 0.03840588 0.00882108 0.05583778 0.25628558 0.00832923 0.62471675 
59.00000000 0.00797317 0.03972526 0.00900540 0.05830908 0.25937495 0.00858468 0.61702746 
60.00000000 0.00835091 0.04107198 0.00918766 0.06077546 0.26240959 0.00884292 0.60936148 
61.00000000 0.00873677 0.04244527 0.00936783 0.06323382 0.26538550 0.00910360 0.60172721 
62.00000000 0.00913058 0.04384433 0.00954587 0.06568124 0.26829894 0.00936639 0.59413265 
63.00000000 0.00953219 0.04526826 0.00972176 0.06811492 0.27114646 0.00963095 0.58658546 
64.00000000 0.00994143 0.04671609 0.00989551 0.07053223 0.27392488 0.00989697 0.57909288 
65.00000000 0.01035814 0.04818681 0.01006712 0.07293068 0.27663132 0.01016413 0.57166181 
66.00000000 0.01078217 0.04967932 0.01023662 0.07530791 0.27926314 0.01043211 0.56429873 
67.00000000 0.01121335 0.05119247 0.01040405 0.07766174 0.28181800 0.01070061 0.55700977 
68.00000000 0.01165155 0.05272509 0.01056944 0.07999013 0.28429380 0.01096935 0.54980065 
69.00000000 0.01209661 0.05427592 0.01073286 0.08229116 0.28668870 0.01123802 0.54267673 
70.00000000 0.01254838 0.05584368 0.01089437 0.08456309 0.28900111 0.01150636 0.53564300 
71.00000000 0.01300674 0.05742707 0.01105406 0.08680430 0.29122966 0.01177409 0.52870408 
72.00000000 0.01347156 0.05902474 0.01121199 0.08901332 0.29337325 0.01204095 0.52186420 
73.00000000 0.01394270 0.06063532 0.01136828 0.09118880 0.29543096 0.01230669 0.51512726 
74.00000000 0.01442005 0.06225743 0.01152300 0.09332954 0.29740213 0.01257105 0.50849680 
75.00000000 0.01490350 0.06388967 0.01167627 0.09543445 0.29928627 0.01283382 0.50197602 
76.00000000 0.01539294 0.06553063 0.01182820 0.09750258 0.30108312 0.01309476 0.49556778 
77.00000000 0.01588828 0.06717891 0.01197890 0.09953308 0.30279258 0.01335365 0.48927461 
78.00000000 0.01638941 0.06883311 0.01212848 0.10152522 0.30441475 0.01361028 0.48309875 
79.00000000 0.01689626 0.07049182 0.01227708 0.10347839 0.30594991 0.01386446 0.47704208 
80.00000000 0.01740876 0.07215365 0.01242482 0.10539206 0.30739848 0.01411599 0.47110624 
81.00000000 0.01792682 0.07381725 0.01257182 0.10726583 0.30876105 0.01436469 0.46529254 
82.00000000 0.01845038 0.07548126 0.01271820 0.10909936 0.31003836 0.01461040 0.45960204 
83.00000000 0.01897939 0.07714436 0.01286411 0.11089242 0.31123126 0.01485293 0.45403552 
84.00000000 0.01951380 0.07880526 0.01300967 0.11264486 0.31234076 0.01509215 0.44859350 
85.00000000 0.02005356 0.08046268 0.01315501 0.11435660 0.31336798 0.01532790 0.44327628 
86.00000000 0.02059862 0.08211541 0.01330026 0.11602764 0.31431414 0.01556004 0.43808390 
87.00000000 0.02114897 0.08376225 0.01344554 0.11765805 0.31518056 0.01578845 0.43301618 
88.00000000 0.02170456 0.08540206 0.01359099 0.11924796 0.31596868 0.01601300 0.42807276 
89.00000000 0.02226537 0.08703372 0.01373672 0.12079756 0.31667999 0.01623359 0.42325304 
90.00000000 0.02283140 0.08865618 0.01388287 0.12230710 0.31731610 0.01645010 0.41855625 
91.00000000 0.02340261 0.09026842 0.01402955 0.12377687 0.31787867 0.01666245 0.41398143 
92.00000000 0.02397901 0.09186948 0.01417687 0.12520722 0.31836940 0.01687054 0.40952748 
93.00000000 0.02456058 0.09345843 0.01432496 0.12659852 0.31879010 0.01707430 0.40519311 
94.00000000 0.02514732 0.09503442 0.01447391 0.12795122 0.31914258 0.01727365 0.40097689 
95.00000000 0.02573924 0.09659663 0.01462383 0.12926576 0.31942874 0.01746853 0.39687727 
96.00000000 0.02633632 0.09814429 0.01477483 0.13054264 0.31965047 0.01765889 0.39289255 
97.00000000 0.02693859 0.09967670 0.01492700 0.13178239 0.31980973 0.01784467 0.38902093 
98.00000000 0.02754605 0.10119318 0.01508043 0.13298554 0.31990848 0.01802584 0.38526047 
99.00000000 0.02815869 0.10269315 0.01523521 0.13415267 0.31994873 0.01820237 0.38160918 
100.00000000 0.02877654 0.10417604 0.01539141 0.13528437 0.31993249 0.01837422 0.37806493 
101.00000000 0.02939961 0.10564134 0.01554912 0.13638124 0.31986176 0.01854139 0.37462554 
102.00000000 0.03002790 0.10708860 0.01570840 0.13744392 0.31973858 0.01870386 0.37128874 
103.00000000 0.03066143 0.10851742 0.01586932 0.13847304 0.31956498 0.01886162 0.36805219 
104.00000000 0.03130021 0.10992743 0.01603194 0.13946926 0.31934297 0.01901469 0.36491350 
105.00000000 0.03194425 0.11131833 0.01619630 0.14043322 0.31907459 0.01916307 0.36187023 
106.00000000 0.03259356 0.11268985 0.01636246 0.14136561 0.31876184 0.01930679 0.35891990 
107.00000000 0.03324815 0.11404177 0.01653046 0.14226709 0.31840672 0.01944586 0.35605996 
108.00000000 0.03390804 0.11537391 0.01670033 0.14313835 0.31801120 0.01958031 0.35328787 
109.00000000 0.03457323 0.11668613 0.01687209 0.14398007 0.31757725 0.01971020 0.35060103 
110.00000000 0.03524372 0.11797834 0.01704578 0.14479294 0.31710680 0.01983556 0.34799686 
111.00000000 0.03591953 0.11925048 0.01722142 0.14557764 0.31660178 0.01995643 0.34547272 
112.00000000 0.03660065 0.12050252 0.01739900 0.14633489 0.31606406 0.02007289 0.34302599 
113.00000000 0.03728709 0.12173448 0.01757854 0.14706535 0.31549550 0.02018499 0.34065405 
114.00000000 0.03797885 0.12294639 0.01776004 0.14776972 0.31489794 0.02029280 0.33835426 
115.00000000 0.03867593 0.12413833 0.01794350 0.14844870 0.31427315 0.02039639 0.33612401 
116.00000000 0.03937832 0.12531040 0.01812889 0.14910296 0.31362290 0.02049585 0.33396068 
117.00000000 0.04008601 0.12646273 0.01831621 0.14973320 0.31294891 0.02059125 0.33186168 
118.00000000 0.04079901 0.12759548 0.01850544 0.15034009 0.31225286 0.02068270 0.32982443 
119.00000000 0.04151728 0.12870882 0.01869655 0.15092432 0.31153639 0.02077028 0.32784637 
120.00000000 0.04224083 0.12980295 0.01888950 0.15148655 0.31080111 0.02085409 0.32592497 
121.00000000 0.04296962 0.13087810 0.01908427 0.15202746 0.31004858 0.02093424 0.32405774 
122.00000000 0.04370365 0.13193449 0.01928081 0.15254771 0.30928031 0.02101083 0.32224219 
123.00000000 0.04444290 0.13297239 0.01947908 0.15304796 0.30849779 0.02108398 0.32047591 
124.00000000 0.04518733 0.13399206 0.01967903 0.15352886 0.30770244 0.02115380 0.31875648 
125.00000000 0.04593691 0.13499378 0.01988061 0.15399107 0.30689566 0.02122040 0.31708156 
126.00000000 0.04669163 0.13597785 0.02008377 0.15443522 0.30607879 0.02128392 0.31544883 
127.00000000 0.04745144 0.13694458 0.02028845 0.15486194 0.30525312 0.02134447 0.31385601 
128.00000000 0.04821631 0.13789427 0.02049458 0.15527187 0.30441991 0.02140217 0.31230089 
129.00000000 0.04898620 0.13882724 0.02070210 0.15566563 0.30358036 0.02145717 0.31078129 
130.00000000 0.04976107 0.13974384 0.02091094 0.15604383 0.30273564 0.02150958 0.30929509 
131.00000000 0.05054088 0.14064438 0.02112104 0.15640708 0.30188686 0.02155955 0.30784021 
132.00000000 0.05132558 0.14152921 0.02133232 0.15675596 0.30103510 0.02160719 0.30641463 
133.00000000 0.05211512 0.14239867 0.02154472 0.15709108 0.30018136 0.02165266 0.30501639 
134.00000000 0.05290945 0.14325310 0.02175815 0.15741301 0.29932664 0.02169607 0.30364357 
135.00000000 0.05370852 0.14409285 0.02197255 0.15772231 0.29847187 0.02173756 0.30229433 
136.00000000 0.05451228 0.14491826 0.02218782 0.15801957 0.29761793 0.02177728 0.30096686 
137.00000000 0.05532065 0.14572967 0.02240391 0.15830531 0.29676567 0.02181535 0.29965943 
138.00000000 0.05613360 0.14652744 0.02262072 0.15858009 0.29591589 0.02185191 0.29837036 
139.00000000 0.05695105 0.14731189 0.02283818 0.15884444 0.29506934 0.02188708 0.29709802 
140.00000000 0.05777294 0.14808337 0.02305621 0.15909887 0.29422673 0.02192101 0.29584086 
141.00000000 0.05859921 0.14884221 0.02327474 0.15934390 0.29338873 0.02195382 0.29459738 
142.00000000 0.05942979 0.14958876 0.02349368 0.15958003 0.29255597 0.02198564 0.29336613 
143.00000000 0.06026461 0.15032333 0.02371296 0.15980773 0.29172904 0.02201659 0.29214575 
144.00000000 0.06110360 0.15104625 0.02393249 0.16002749 0.29090847 0.02204680 0.29093490 
145.00000000 0.06194669 0.15175784 0.02415221 0.16023976 0.29009478 0.02207639 0.28973233 
146.00000000 0.06279381 0.15245841 0.02437204 0.16044500 0.28928842 0.02210547 0.28853684 
147.00000000 0.06364488 0.15314828 0.02459191 0.16064364 0.28848983 0.02213418 0.28734729 
148.00000000 0.06449983 0.15382774 0.02481174 0.16083610 0.28769938 0.02216260 0.28616261 
149.00000000 0.06535858 0.15449709 0.02503146 0.16102280 0.28691743 0.02219086 0.28498177 
150.00000000 0.06622106 0.15515663 0.02525100 0.16120414 0.28614430 0.02221906 0.28380381 
151.00000000 0.06708718 0.15580663 0.02547031 0.16138049 0.28538026 0.02224730 0.28262783 
152.00000000 0.06795687 0.15644738 0.02568931 0.16155223 0.28462556 0.02227567 0.28145298 
153.00000000 0.06883005 0.15707914 0.02590794 0.16171970 0.28388042 0.02230428 0.28027847 
154.00000000 0.06970663 0.15770219 0.02612615 0.16188326 0.28314500 0.02233320 0.27910357 
155.00000000 0.07058655 0.15831678 0.02634387 0.16204323 0.28241945 0.02236253 0.27792759 
156.00000000 0.07146971 0.15892316 0.02656105 0.16219991 0.28170390 0.02239233 0.27674993 
157.00000000 0.07235603 0.15952157 0.02677765 0.16235362 0.28099844 0.02242270 0.27556999 
158.00000000 0.07324544 0.16011226 0.02699360 0.16250463 0.28030311 0.02245370 0.27438726 
159.00000000 0.07413785 0.16069546 0.02720886 0.16265320 0.27961796 0.02248539 0.27320128 
160.00000000 0.07503318 0.16127139 0.02742339 0.16279960 0.27894299 0.02251783 0.27201161 
161.00000000 0.07593135 0.16184026 0.02763716 0.16294407 0.27827818 0.02255109 0.27081790 
162.00000000 0.07683227 0.16240230 0.02785011 0.16308682 0.27762349 0.02258521 0.26961980 
163.00000000 0.07773586 0.16295771 0.02806222 0.16322807 0.27697884 0.02262024 0.26841705 
164.00000000 0.07864205 0.16350668 0.02827345 0.16336802 0.27634417 0.02265623 0.26720941 
165.00000000 0.07955074 0.16404941 0.02848377 0.16350685 0.27571935 0.02269320 0.26599668 
166.00000000 0.08046186 0.16458608 0.02869317 0.16364472 0.27510426 0.02273119 0.26477872 
167.00000000 0.08137533 0.16511688 0.02890161 0.16378179 0.27449874 0.02277024 0.26355542 
168.00000000 0.08229106 0.16564198 0.02910907 0.16391820 0.27390265 0.02281035 0.26232669 
169.00000000 0.08320897 0.16616154 0.02931554 0.16405408 0.27331580 0.02285156 0.26109252 
170.00000000 0.08412899 0.16667573 0.02952100 0.16418955 0.27273798 0.02289387 0.25985288 
171.00000000 0.08505103 0.16718471 0.02972545 0.16432469 0.27216900 0.02293729 0.25860783 
172.00000000 0.08597501 0.16768862 0.02992886 0.16445961 0.27160863 0.02298184 0.25735743 
173.00000000 0.08690086 0.16818762 0.03013124 0.16459438 0.27105663 0.02302750 0.25610177 
174.00000000 0.08782849 0.16868184 0.03033258 0.16472906 0.27051277 0.02307429 0.25484098 
175.00000000 0.08875783 0.16917141 0.03053288 0.16486370 0.26997677 0.02312218 0.25357522 
176.00000000 0.08968880 0.16965647 0.03073214 0.16499836 0.26944839 0.02317118 0.25230467 
177.00000000 0.09062133 0.17013713 0.03093037 0.16513305 0.26892734 0.02322126 0.25102952 
178.00000000 0.09155533 0.17061353 0.03112757 0.16526780 0.26841335 0.02327241 0.24975001 
179.00000000 0.09249074 0.17108577 0.03132374 0.16540262 0.26790613 0.02332462 0.24846639 
180.00000000 0.09342747 0.17155396 0.03151890 0.16553751 0.26740538 0.02337784 0.24717893 
181.00000000 0.09436546 0.17201821 0.03171306 0.16567246 0.26691083 0.02343207 0.24588792 
182.00000000 0.09530462 0.17247862 0.03190624 0.16580745 0.26642216 0.02348726 0.24459365 
183.00000000 0.09624489 0.17293528 0.03209845 0.16594246 0.26593908 0.02354339 0.24329645 
184.00000000 0.09718620 0.17338829 0.03228970 0.16607746 0.26546128 0.02360042 0.24199666 
185.00000000 0.09812847 0.17383773 0.03248002 0.16621240 0.26498846 0.02365832 0.24069461 
186.00000000 0.09907163 0.17428368 0.03266942 0.16634724 0.26452031 0.02371703 0.23939068 
187.00000000 0.10001562 0.17472623 0.03285794 0.16648192 0.26405654 0.02377654 0.23808521 
188.00000000 0.10096035 0.17516546 0.03304559 0.16661638 0.26359684 0.02383678 0.23677860 
189.00000000 0.10190578 0.17560142 0.03323239 0.16675056 0.26314092 0.02389773 0.23547122 
190.00000000 0.10285182 0.17603419 0.03341838 0.16688438 0.26268846 0.02395932 0.23416346 
191.00000000 0.10379841 0.17646383 0.03360357 0.16701777 0.26223919 0.02402152 0.23285571 
192.00000000 0.10474548 0.17689041 0.03378800 0.16715066 0.26179281 0.02408427 0.23154837 
193.00000000 0.10569297 0.17731397 0.03397170 0.16728295 0.26134904 0.02414753 0.23024184 
194.00000000 0.10664082 0.17773458 0.03415468 0.16741456 0.26090760 0.02421125 0.22893651 
195.00000000 0.10758896 0.17815228 0.03433699 0.16754540 0.26046820 0.02427537 0.22763279 
196.00000000 0.10853733 0.17856713 0.03451865 0.16767538 0.26003059 0.02433985 0.22633108 
197.00000000 0.10948586 0.17897915 0.03469969 0.16780440 0.25959450 0.02440464 0.22503176 
198.00000000 0.11043450 0.17938841 0.03488014 0.16793237 0.25915967 0.02446968 0.22373524 
199.00000000 0.11138317 0.17979492 0.03506003 0.16805919 0.25872586 0.02453492 0.22244190 
200.00000000 0.11233184 0.18019874 0.03523939 0.16818477 0.25829282 0.02460031 0.22115213 
201.00000000 0.11328043 0.18059989 0.03541826 0.16830899 0.25786032 0.02466581 0.21986630 
202.00000000 0.11422888 0.18099840 0.03559665 0.16843177 0.25742814 0.02473136 0.21858479 
203.00000000 0.11517715 0.18139430 0.03577461 0.16855301 0.25699605 0.02479691 0.21730796 
204.00000000 0.11612517 0.18178762 0.03595216 0.16867260 0.25656386 0.02486241 0.21603617 
205.00000000 0.11707289 0.18217837 0.03612934 0.16879046 0.25613135 0.02492782 0.21476977 
206.00000000 0.11802025 0.18256659 0.03630616 0.16890647 0.25569834 0.02499309 0.21350910 
207.00000000 0.11896720 0.18295228 0.03648266 0.16902055 0.25526465 0.02505817 0.21225449 
208.00000000 0.11991368 0.18333547 0.03665887 0.16913261 0.25483010 0.02512301 0.21100626 
209.00000000 0.12085965 0.18371617 0.03683481 0.16924254 0.25439453 0.02518758 0.20976472 
210.00000000 0.12180506 0.18409439 0.03701051 0.16935027 0.25395778 0.02525182 0.20853017 
211.00000000 0.12274984 0.18447015 0.03718600 0.16945570 0.25351971 0.02531570 0.20730290 
212.00000000 0.12369396 0.18484346 0.03736130 0.16955875 0.25308018 0.02537918 0.20608318 
213.00000000 0.12463736 0.18521432 0.03753643 0.16965933 0.25263907 0.02544222 0.20487127 
214.00000000 0.12558000 0.18558274 0.03771143 0.16975737 0.25219626 0.02550478 0.20366743 
215.00000000 0.12652183 0.18594872 0.03788631 0.16985278 0.25175163 0.02556682 0.20247191 
216.00000000 0.12746280 0.18631228 0.03806109 0.16994550 0.25130510 0.02562831 0.20128492 
217.00000000 0.12840287 0.18667342 0.03823580 0.17003546 0.25085656 0.02568922 0.20010668 
218.00000000 0.12934199 0.18703213 0.03841045 0.17012258 0.25040594 0.02574952 0.19893739 
219.00000000 0.13028013 0.18738842 0.03858506 0.17020680 0.24995317 0.02580917 0.19777724 
220.00000000 0.13121723 0.18774230 0.03875966 0.17028806 0.24949818 0.02586816 0.19662642 
221.00000000 0.13215326 0.18809375 0.03893425 0.17036631 0.24904091 0.02592645 0.19548507 
222.00000000 0.13308817 0.18844279 0.03910886 0.17044149 0.24858132 0.02598402 0.19435336 
223.00000000 0.13402193 0.18878940 0.03928349 0.17051355 0.24811937 0.02604084 0.19323141 
224.00000000 0.13495450 0.18913360 0.03945817 0.17058244 0.24765502 0.02609690 0.19211937 
225.00000000 0.13588584 0.18947537 0.03963290 0.17064813 0.24718826 0.02615218 0.19101733 
226.00000000 0.13681591 0.18981471 0.03980770 0.17071057 0.24671906 0.02620666 0.18992540 
227.00000000 0.13774467 0.19015162 0.03998257 0.17076973 0.24624742 0.02626032 0.18884366 
228.00000000 0.13867210 0.19048611 0.04015753 0.17082557 0.24577334 0.02631315 0.18777220 
229.00000000 0.13959815 0.19081815 0.04033258 0.17087808 0.24529682 0.02636514 0.18671107 
230.00000000 0.14052280 0.19114777 0.04050773 0.17092723 0.24481787 0.02641627 0.18566034 
231.00000000 0.14144600 0.19147494 0.04068299 0.17097299 0.24433651 0.02646654 0.18462003 
232.00000000 0.14236774 0.19179967 0.04085835 0.17101534 0.24385276 0.02651594 0.18359019 
233.00000000 0.14328797 0.19212195 0.04103384 0.17105429 0.24336666 0.02656447 0.18257083 
234.00000000 0.14420666 0.19244179 0.04120944 0.17108981 0.24287823 0.02661211 0.18156195 
235.00000000 0.14512380 0.19275918 0.04138516 0.17112190 0.24238752 0.02665887 0.18056356 
236.00000000 0.14603934 0.19307412 0.04156101 0.17115055 0.24189458 0.02670475 0.17957565 
237.00000000 0.14695327 0.19338661 0.04173697 0.17117578 0.24139945 0.02674974 0.17859819 
238.00000000 0.14786555 0.19369664 0.04191306 0.17119757 0.24090218 0.02679384 0.17763116 
239.00000000 0.14877616 0.19400423 0.04208926 0.17121593 0.24040284 0.02683706 0.17667451 
240.00000000 0.14968508 0.19430936 0.04226558 0.17123089 0.23990149 0.02687941 0.17572820 
241.00000000 0.15059228 0.19461203 0.04244201 0.17124244 0.23939819 0.02692088 0.17479216 
242.00000000 0.15149773 0.19491226 0.04261856 0.17125060 0.23889302 0.02696149 0.17386635 
243.00000000 0.15240141 0.19521003 0.04279520 0.17125539 0.23838605 0.02700124 0.17295068 
244.00000000 0.15330331 0.19550536 0.04297195 0.17125682 0.23787734 0.02704014 0.17204508 
245.00000000 0.15420339 0.19579825 0.04314878 0.17125494 0.23736699 0.02707820 0.17114946 
246.00000000 0.15510165 0.19608870 0.04332570 0.17124974 0.23685507 0.02711542 0.17026372 
247.00000000 0.15599805 0.19637671 0.04350270 0.17124127 0.23634166 0.02715183 0.16938778 
248.00000000 0.15689259 0.19666229 0.04367976 0.17122956 0.23582684 0.02718744 0.16852153 
249.00000000 0.15778523 0.19694544 0.04385688 0.17121463 0.23531071 0.02722225 0.16766485 
250.00000000 0.15867597 0.19722618 0.04403406 0.17119652 0.23479336 0.02725628 0.16681764 
251.00000000 0.15956479 0.19750450 0.04421127 0.17117526 0.23427486 0.02728954 0.16597978 
252.00000000 0.16045167 0.19778043 0.04438851 0.17115089 0.23375531 0.02732206 0.16515113 
253.00000000 0.16133659 0.19805396 0.04456577 0.17112345 0.23323480 0.02735385 0.16433159 
254.00000000 0.16221954 0.19832510 0.04474303 0.17109298 0.23271343 0.02738491 0.16352101 
255.00000000 0.16310050 0.19859387 0.04492029 0.17105952 0.23219127 0.02741528 0.16271926 
256.00000000 0.16397947 0.19886027 0.04509754 0.17102311 0.23166844 0.02744497 0.16192621 
257.00000000 0.16485642 0.19912432 0.04527475 0.17098380 0.23114500 0.02747400 0.16114172 
258.00000000 0.16573134 0.19938603 0.04545192 0.17094162 0.23062107 0.02750238 0.16036564 
259.00000000 0.16660422 0.19964541 0.04562903 0.17089664 0.23009672 0.02753014 0.15959783 
260.00000000 0.16747505 0.19990248 0.04580608 0.17084889 0.22957206 0.02755728 0.15883815 
261.00000000 0.16834382 0.20015725 0.04598304 0.17079843 0.22904716 0.02758384 0.15808645 
262.00000000 0.16921051 0.20040973 0.04615991 0.17074529 0.22852213 0.02760984 0.15734259 
263.00000000 0.17007512 0.20065994 0.04633667 0.17068953 0.22799704 0.02763528 0.15660641 
264.00000000 0.17093764 0.20090789 0.04651331 0.17063121 0.22747198 0.02766020 0.15587777 
265.00000000 0.17179804 0.20115361 0.04668981 0.17057036 0.22694705 0.02768461 0.15515652 
266.00000000 0.17265634 0.20139711 0.04686616 0.17050704 0.22642233 0.02770852 0.15444250 
267.00000000 0.17351251 0.20163840 0.04704234 0.17044131 0.22589789 0.02773197 0.15373558 
268.00000000 0.17436655 0.20187750 0.04721835 0.17037320 0.22537382 0.02775497 0.15303560 
269.00000000 0.17521845 0.20211444 0.04739416 0.17030278 0.22485021 0.02777755 0.15234241 
270.00000000 0.17606820 0.20234923 0.04756977 0.17023010 0.22432713 0.02779971 0.15165587 
271.00000000 0.17691579 0.20258189 0.04774517 0.17015519 0.22380465 0.02782148 0.15097583 
272.00000000 0.17776122 0.20281243 0.04792033 0.17007813 0.22328286 0.02784288 0.15030215 
273.00000000 0.17860449 0.20304089 0.04809524 0.16999895 0.22276182 0.02786393 0.14963468 
274.00000000 0.17944557 0.20326728 0.04826989 0.16991771 0.22224161 0.02788465 0.14897329 
275.00000000 0.18028448 0.20349161 0.04844428 0.16983446 0.22172230 0.02790505 0.14831783 
276.00000000 0.18112119 0.20371392 0.04861838 0.16974925 0.22120395 0.02792516 0.14766816 
277.00000000 0.18195571 0.20393421 0.04879218 0.16966213 0.22068662 0.02794499 0.14702416 
278.00000000 0.18278803 0.20415252 0.04896568 0.16957314 0.22017039 0.02796456 0.14638567 
279.00000000 0.18361815 0.20436886 0.04913886 0.16948235 0.21965531 0.02798388 0.14575259 
280.00000000 0.18444606 0.20458326 0.04931170 0.16938979 0.21914144 0.02800299 0.14512477 
281.00000000 0.18527175 0.20479573 0.04948420 0.16929551 0.21862884 0.02802188 0.14450208 
282.00000000 0.18609523 0.20500630 0.04965635 0.16919957 0.21811756 0.02804058 0.14388442 
283.00000000 0.18691648 0.20521499 0.04982813 0.16910201 0.21760765 0.02805910 0.14327164 
284.00000000 0.18773550 0.20542182 0.04999954 0.16900287 0.21709916 0.02807746 0.14266364 
285.00000000 0.18855229 0.20562682 0.05017056 0.16890220 0.21659215 0.02809567 0.14206031 
286.00000000 0.18936685 0.20582999 0.05034119 0.16880005 0.21608664 0.02811375 0.14146152 
287.00000000 0.19017917 0.20603138 0.05051142 0.16869646 0.21558270 0.02813171 0.14086716 
288.00000000 0.19098925 0.20623099 0.05068123 0.16859147 0.21508035 0.02814957 0.14027714 
289.00000000 0.19179709 0.20642885 0.05085062 0.16848513 0.21457964 0.02816733 0.13969135 
290.00000000 0.19260267 0.20662498 0.05101958 0.16837747 0.21408059 0.02818501 0.13910968 
291.00000000 0.19340601 0.20681940 0.05118811 0.16826855 0.21358326 0.02820263 0.13853205 
292.00000000 0.19420709 0.20701214 0.05135619 0.16815839 0.21308766 0.02822019 0.13795834 
293.00000000 0.19500592 0.20720321 0.05152382 0.16804704 0.21259383 0.02823770 0.13738848 
294.00000000 0.19580249 0.20739263 0.05169100 0.16793453 0.21210180 0.02825517 0.13682238 
295.00000000 0.19659680 0.20758043 0.05185771 0.16782091 0.21161159 0.02827262 0.13625994 
296.00000000 0.19738885 0.20776663 0.05202395 0.16770621 0.21112322 0.02829005 0.13570110 
297.00000000 0.19817863 0.20795124 0.05218972 0.16759046 0.21063672 0.02830748 0.13514576 
298.00000000 0.19896615 0.20813429 0.05235501 0.16747370 0.21015210 0.02832490 0.13459385 
299.00000000 0.19975140 0.20831579 0.05251981 0.16735597 0.20966938 0.02834234 0.13404531 
300.00000000 0.20053437 0.20849577 0.05268413 0.16723730 0.20918859 0.02835978 0.13350005 
301.00000000 0.20131508 0.20867425 0.05284796 0.16711771 0.20870972 0.02837726 0.13295802 
302.00000000 0.20209352 0.20885124 0.05301129 0.16699725 0.20823281 0.02839475 0.13241915 
303.00000000 0.20286968 0.20902676 0.05317413 0.16687593 0.20775785 0.02841229 0.13188337 
304.00000000 0.20364357 0.20920083 0.05333646 0.16675379 0.20728485 0.02842986 0.13135063 
305.00000000 0.20441518 0.20937347 0.05349830 0.16663087 0.20681382 0.02844748 0.13082088 
306.00000000 0.20518452 0.20954470 0.05365963 0.16650717 0.20634478 0.02846515 0.13029406 
307.00000000 0.20595157 0.20971453 0.05382045 0.16638274 0.20587771 0.02848287 0.12977012 
308.00000000 0.20671635 0.20988299 0.05398077 0.16625760 0.20541264 0.02850064 0.12924902 
309.00000000 0.20747885 0.21005008 0.05414058 0.16613176 0.20494955 0.02851848 0.12873070 
310.00000000 0.20823907 0.21021583 0.05429988 0.16600527 0.20448844 0.02853637 0.12821513 
311.00000000 0.20899701 0.21038025 0.05445868 0.16587813 0.20402932 0.02855434 0.12770227 
312.00000000 0.20975267 0.21054336 0.05461697 0.16575037 0.20357219 0.02857236 0.12719207 
313.00000000 0.21050604 0.21070517 0.05477476 0.16562202 0.20311703 0.02859046 0.12668451 
314.00000000 0.21125714 0.21086571 0.05493203 0.16549309 0.20266385 0.02860862 0.12617956 
315.00000000 0.21200595 0.21102497 0.05508881 0.16536360 0.20221264 0.02862686 0.12567717 
316.00000000 0.21275248 0.21118299 0.05524508 0.16523357 0.20176340 0.02864516 0.12517732 
317.00000000 0.21349673 0.21133976 0.05540084 0.16510303 0.20131611 0.02866353 0.12467999 
318.00000000 0.21423870 0.21149532 0.05555611 0.16497198 0.20087076 0.02868198 0.12418515 
319.00000000 0.21497839 0.21164967 0.05571088 0.16484044 0.20042736 0.02870049 0.12369277 
320.00000000 0.21571579 0.21180282 0.05586516 0.16470844 0.19998588 0.02871907 0.12320284 
321.00000000 0.21645092 0.21195478 0.05601894 0.16457598 0.19954632 0.02873772 0.12271534 
322.00000000 0.21718376 0.21210558 0.05617224 0.16444307 0.19910867 0.02875643 0.12223025 
323.00000000 0.21791432 0.21225523 0.05632504 0.16430975 0.19867290 0.02877521 0.12174755 
324.00000000 0.21864261 0.21240372 0.05647737 0.16417600 0.19823902 0.02879405 0.12126723 
325.00000000 0.21936861 0.21255109 0.05662921 0.16404186 0.19780701 0.02881295 0.12078927 
326.00000000 0.22009234 0.21269733 0.05678058 0.16390733 0.19737685 0.02883190 0.12031367 
327.00000000 0.22081378 0.21284247 0.05693147 0.16377242 0.19694853 0.02885092 0.11984040 
328.00000000 0.22153295 0.21298651 0.05708189 0.16363715 0.19652204 0.02886998 0.11936948 
329.00000000 0.22224985 0.21312946 0.05723185 0.16350152 0.19609735 0.02888910 0.11890087 
330.00000000 0.22296447 0.21327133 0.05738135 0.16336554 0.19567446 0.02890826 0.11843458 
331.00000000 0.22367681 0.21341214 0.05753039 0.16322923 0.19525336 0.02892747 0.11797061 
332.00000000 0.22438688 0.21355189 0.05767897 0.16309259 0.19483401 0.02894672 0.11750894 
333.00000000 0.22509468 0.21369059 0.05782711 0.16295563 0.19441642 0.02896600 0.11704957 
334.00000000 0.22580021 0.21382826 0.05797480 0.16281836 0.19400055 0.02898532 0.11659250 
335.00000000 0.22650347 0.21396490 0.05812206 0.16268078 0.19358641 0.02900467 0.11613772 
336.00000000 0.22720446 0.21410052 0.05826887 0.16254290 0.19317396 0.02902405 0.11568524 
337.00000000 0.22790318 0.21423513 0.05841526 0.16240474 0.19276320 0.02904345 0.11523504 
338.00000000 0.22859964 0.21436874 0.05856122 0.16226629 0.19235410 0.02906287 0.11478714 
339.00000000 0.22929384 0.21450136 0.05870675 0.16212756 0.19194666 0.02908231 0.11434152 
340.00000000 0.22998577 0.21463299 0.05885187 0.16198857 0.19154085 0.02910176 0.11389819 
341.00000000 0.23067544 0.21476365 0.05899657 0.16184930 0.19113667 0.02912122 0.11345715 
342.00000000 0.23136285 0.21489334 0.05914087 0.16170977 0.19073409 0.02914068 0.11301840 
343.00000000 0.23204801 0.21502206 0.05928476 0.16156999 0.19033309 0.02916014 0.11258194 
344.00000000 0.23273091 0.21514984 0.05942825 0.16142995 0.18993367 0.02917961 0.11214776 
345.00000000 0.23341156 0.21527667 0.05957135 0.16128967 0.18953581 0.02919906 0.11171588 
346.00000000 0.23408995 0.21540256 0.05971405 0.16114914 0.18913949 0.02921851 0.11128629 
347.00000000 0.23476610 0.21552751 0.05985637 0.16100838 0.18874470 0.02923795 0.11085899 
348.00000000 0.23544000 0.21565155 0.05999831 0.16086737 0.18835142 0.02925736 0.11043399 
349.00000000 0.23611166 0.21577466 0.06013987 0.16072614 0.18795964 0.02927676 0.11001128 
350.00000000 0.23678107 0.21589686 0.06028105 0.16058468 0.18756934 0.02929614 0.10959086 
351.00000000 0.23744824 0.21601816 0.06042186 0.16044299 0.18718051 0.02931549 0.10917274 
352.00000000 0.23811318 0.21613856 0.06056231 0.16030108 0.18679314 0.02933480 0.10875693 
353.00000000 0.23877588 0.21625806 0.06070240 0.16015896 0.18640721 0.02935409 0.10834341 
354.00000000 0.23943635 0.21637668 0.06084212 0.16001661 0.18602272 0.02937334 0.10793218 
355.00000000 0.24009458 0.21649441 0.06098150 0.15987406 0.18563964 0.02939255 0.10752326 
356.00000000 0.24075059 0.21661127 0.06112052 0.15973130 0.18525797 0.02941172 0.10711664 
357.00000000 0.24140437 0.21672726 0.06125919 0.15958833 0.18487769 0.02943084 0.10671232 
358.00000000 0.24205593 0.21684238 0.06139752 0.15944515 0.18449880 0.02944991 0.10631029 
359.00000000 0.24270528 0.21695665 0.06153552 0.15930178 0.18412128 0.02946894 0.10591057 
360.00000000 0.24335240 0.21707006 0.06167317 0.15915821 0.18374511 0.02948791 0.10551314 
361.00000000 0.24399731 0.21718262 0.06181049 0.15901444 0.18337030 0.02950683 0.10511800 
362.00000000 0.24464001 0.21729434 0.06194748 0.15887048 0.18299683 0.02952569 0.10472516 
363.00000000 0.24528050 0.21740522 0.06208414 0.15872634 0.18262469 0.02954450 0.10433461 
364.00000000 0.24591879 0.21751526 0.06222048 0.15858201 0.18225387 0.02956324 0.10394636 
365.00000000 0.24655487 0.21762448 0.06235649 0.15843749 0.18188436 0.02958192 0.10356038 
366.00000000 0.24718876 0.21773288 0.06249218 0.15829279 0.18151616 0.02960054 0.10317669 
367.00000000 0.24782045 0.21784045 0.06262756 0.15814792 0.18114925 0.02961909 0.10279528 
368.00000000 0.24844995 0.21794722 0.06276262 0.15800287 0.18078363 0.02963757 0.10241614 
369.00000000 0.24907726 0.21805317 0.06289737 0.15785765 0.18041930 0.02965598 0.10203927 
370.00000000 0.24970238 0.21815832 0.06303181 0.15771227 0.18005623 0.02967433 0.10166467 
371.00000000 0.25032532 0.21826267 0.06316594 0.15756672 0.17969443 0.02969260 0.10129233 
372.00000000 0.25094608 0.21836623 0.06329976 0.15742100 0.17933389 0.02971080 0.10092224 
373.00000000 0.25156467 0.21846899 0.06343328 0.15727513 0.17897461 0.02972893 0.10055439 
374.00000000 0.25218109 0.21857097 0.06356649 0.15712910 0.17861657 0.02974699 0.10018879 
375.00000000 0.25279534 0.21867217 0.06369940 0.15698293 0.17825977 0.02976497 0.09982542 
376.00000000 0.25340742 0.21877259 0.06383202 0.15683660 0.17790422 0.02978288 0.09946428 
377.00000000 0.25401734 0.21887223 0.06396433 0.15669013 0.17754989 0.02980071 0.09910535 
378.00000000 0.25462511 0.21897111 0.06409635 0.15654352 0.17719680 0.02981847 0.09874863 
379.00000000 0.25523072 0.21906923 0.06422807 0.15639678 0.17684493 0.02983616 0.09839412 
380.00000000 0.25583419 0.21916659 0.06435950 0.15624990 0.17649428 0.02985377 0.09804179 
381.00000000 0.25643550 0.21926319 0.06449063 0.15610289 0.17614484 0.02987130 0.09769165 
382.00000000 0.25703468 0.21935904 0.06462147 0.15595576 0.17579662 0.02988876 0.09734368 
383.00000000 0.25763172 0.21945414 0.06475201 0.15580850 0.17544961 0.02990615 0.09699786 
384.00000000 0.25822663 0.21954851 0.06488227 0.15566113 0.17510380 0.02992346 0.09665420 
385.00000000 0.25881940 0.21964214 0.06501223 0.15551365 0.17475920 0.02994070 0.09631268 
386.00000000 0.25941005 0.21973503 0.06514191 0.15536606 0.17441581 0.02995786 0.09597329 
387.00000000 0.25999858 0.21982719 0.06527129 0.15521836 0.17407361 0.02997495 0.09563601 
388.00000000 0.26058499 0.21991864 0.06540039 0.15507057 0.17373260 0.02999198 0.09530083 
389.00000000 0.26116929 0.22000936 0.06552919 0.15492268 0.17339280 0.03000893 0.09496775 
390.00000000 0.26175148 0.22009936 0.06565771 0.15477470 0.17305418 0.03002581 0.09463675 
391.00000000 0.26233157 0.22018866 0.06578594 0.15462664 0.17271676 0.03004262 0.09430781 
392.00000000 0.26290955 0.22027724 0.06591388 0.15447850 0.17238053 0.03005937 0.09398093 
393.00000000 0.26348544 0.22036513 0.06604153 0.15433028 0.17204549 0.03007605 0.09365608 
394.00000000 0.26405923 0.22045232 0.06616890 0.15418199 0.17171164 0.03009266 0.09333326 
395.00000000 0.26463094 0.22053881 0.06629597 0.15403363 0.17137898 0.03010921 0.09301245 
396.00000000 0.26520057 0.22062462 0.06642276 0.15388521 0.17104750 0.03012570 0.09269364 
397.00000000 0.26576812 0.22070973 0.06654926 0.15373674 0.17071721 0.03014212 0.09237682 
398.00000000 0.26633359 0.22079417 0.06667548 0.15358821 0.17038810 0.03015848 0.09206196 
399.00000000 0.26689700 0.22087794 0.06680140 0.15343964 0.17006017 0.03017479 0.09174906 
400.00000000 0.26745833 0.22096103 0.06692704 0.15329103 0.16973344 0.03019104 0.09143810 
401.00000000 0.26801761 0.22104345 0.06705239 0.15314238 0.16940788 0.03020723 0.09112906 
402.00000000 0.26857483 0.22112521 0.06717744 0.15299371 0.16908351 0.03022337 0.09082193 
403.00000000 0.26913000 0.22120631 0.06730221 0.15284500 0.16876031 0.03023945 0.09051670 
404.00000000 0.26968313 0.22128676 0.06742670 0.15269628 0.16843831 0.03025548 0.09021334 
405.00000000 0.27023421 0.22136656 0.06755089 0.15254754 0.16811748 0.03027147 0.08991185 
406.00000000 0.27078325 0.22144571 0.06767479 0.15239880 0.16779783 0.03028740 0.08961221 
407.00000000 0.27133026 0.22152423 0.06779840 0.15225005 0.16747937 0.03030329 0.08931440 
408.00000000 0.27187525 0.22160210 0.06792172 0.15210130 0.16716209 0.03031913 0.08901841 
409.00000000 0.27241821 0.22167935 0.06804475 0.15195255 0.16684598 0.03033493 0.08872423 
410.00000000 0.27295915 0.22175596 0.06816749 0.15180382 0.16653106 0.03035069 0.08843183 
411.00000000 0.27349807 0.22183196 0.06828994 0.15165511 0.16621732 0.03036641 0.08814120 
412.00000000 0.27403499 0.22190733 0.06841209 0.15150642 0.16590476 0.03038208 0.08785233 
413.00000000 0.27456990 0.22198209 0.06853396 0.15135776 0.16559338 0.03039772 0.08756519 
414.00000000 0.27510281 0.22205624 0.06865553 0.15120913 0.16528317 0.03041333 0.08727979 
415.00000000 0.27563373 0.22212979 0.06877681 0.15106053 0.16497415 0.03042890 0.08699609 
416.00000000 0.27616266 0.22220273 0.06889780 0.15091199 0.16466630 0.03044444 0.08671409 
417.00000000 0.27668960 0.22227508 0.06901849 0.15076349 0.16435963 0.03045994 0.08643377 
418.00000000 0.27721456 0.22234684 0.06913889 0.15061504 0.16405414 0.03047542 0.08615511 
419.00000000 0.27773755 0.22241800 0.06925900 0.15046666 0.16374982 0.03049087 0.08587810 
420.00000000 0.27825856 0.22248859 0.06937881 0.15031833 0.16344668 0.03050629 0.08560272 
421.00000000 0.27877761 0.22255860 0.06949833 0.15017008 0.16314472 0.03052169 0.08532896 
422.00000000 0.27929470 0.22262803 0.06961756 0.15002190 0.16284393 0.03053707 0.08505681 
423.00000000 0.27980984 0.22269689 0.06973649 0.14987381 0.16254431 0.03055242 0.08478625 
424.00000000 0.28032302 0.22276518 0.06985513 0.14972579 0.16224587 0.03056775 0.08451726 
425.00000000 0.28083425 0.22283292 0.06997347 0.14957787 0.16194860 0.03058306 0.08424983 
426.00000000 0.28134355 0.22290010 0.07009152 0.14943004 0.16165249 0.03059835 0.08398395 
427.00000000 0.28185091 0.22296672 0.07020928 0.14928231 0.16135756 0.03061362 0.08371960 
428.00000000 0.28235633 0.22303280 0.07032674 0.14913468 0.16106379 0.03062888 0.08345677 
429.00000000 0.28285984 0.22309833 0.07044391 0.14898716 0.16077119 0.03064412 0.08319545 
430.00000000 0.28336142 0.22316332 0.07056078 0.14883976 0.16047976 0.03065935 0.08293561 
431.00000000 0.28386108 0.22322778 0.07067736 0.14869247 0.16018948 0.03067457 0.08267725 
432.00000000 0.28435883 0.22329171 0.07079364 0.14854531 0.15990037 0.03068978 0.08242036 
433.00000000 0.28485468 0.22335511 0.07090964 0.14839827 0.15961242 0.03070497 0.08216491 
434.00000000 0.28534862 0.22341798 0.07102533 0.14825137 0.15932563 0.03072016 0.08191091 
435.00000000 0.28584067 0.22348034 0.07114074 0.14810460 0.15903999 0.03073533 0.08165832 
436.00000000 0.28633083 0.22354219 0.07125585 0.14795797 0.15875551 0.03075050 0.08140715 
437.00000000 0.28681910 0.22360352 0.07137067 0.14781149 0.15847218 0.03076566 0.08115738 
438.00000000 0.28730549 0.22366435 0.07148519 0.14766515 0.15819000 0.03078082 0.08090900 
439.00000000 0.28779001 0.22372467 0.07159943 0.14751897 0.15790896 0.03079597 0.08066199 
440.00000000 0.28827265 0.22378450 0.07171337 0.14737295 0.15762907 0.03081112 0.08041635 
441.00000000 0.28875343 0.22384383 0.07182702 0.14722708 0.15735033 0.03082626 0.08017205 
442.00000000 0.28923234 0.22390268 0.07194038 0.14708138 0.15707272 0.03084140 0.07992910 
443.00000000 0.28970940 0.22396103 0.07205345 0.14693585 0.15679625 0.03085654 0.07968748 
444.00000000 0.29018461 0.22401891 0.07216623 0.14679049 0.15652092 0.03087167 0.07944717 
445.00000000 0.29065797 0.22407631 0.07227872 0.14664531 0.15624671 0.03088680 0.07920817 
446.00000000 0.29112950 0.22413323 0.07239092 0.14650031 0.15597364 0.03090194 0.07897046 
447.00000000 0.29159918 0.22418968 0.07250284 0.14635549 0.15570169 0.03091707 0.07873404 
448.00000000 0.29206704 0.22424567 0.07261447 0.14621086 0.15543087 0.03093220 0.07849890 
449.00000000 0.29253307 0.22430119 0.07272581 0.14606642 0.15516116 0.03094733 0.07826502 
450.00000000 0.29299728 0.22435626 0.07283686 0.14592217 0.15489258 0.03096247 0.07803239 
451.00000000 0.29345967 0.22441087 0.07294763 0.14577812 0.15462510 0.03097760 0.07780101 
452.00000000 0.29392026 0.22446503 0.07305812 0.14563426 0.15435873 0.03099274 0.07757086 
453.00000000 0.29437904 0.22451874 0.07316832 0.14549062 0.15409348 0.03100788 0.07734194 
454.00000000 0.29483602 0.22457201 0.07327823 0.14534717 0.15382932 0.03102302 0.07711423 
455.00000000 0.29529120 0.22462483 0.07338787 0.14520394 0.15356626 0.03103816 0.07688773 
456.00000000 0.29574459 0.22467723 0.07349722 0.14506092 0.15330430 0.03105330 0.07666243 
457.00000000 0.29619620 0.22472918 0.07360630 0.14491811 0.15304344 0.03106845 0.07643832 
458.00000000 0.29664603 0.22478071 0.07371509 0.14477552 0.15278366 0.03108360 0.07621539 
459.00000000 0.29709409 0.22483181 0.07382361 0.14463316 0.15252496 0.03109875 0.07599363 
460.00000000 0.29754037 0.22488249 0.07393185 0.14449101 0.15226735 0.03111390 0.07577303 
461.00000000 0.29798489 0.22493275 0.07403981 0.14434909 0.15201081 0.03112906 0.07555359 
462.00000000 0.29842765 0.22498260 0.07414750 0.14420740 0.15175535 0.03114422 0.07533529 
463.00000000 0.29886866 0.22503203 0.07425491 0.14406594 0.15150095 0.03115938 0.07511814 
464.00000000 0.29930791 0.22508105 0.07436205 0.14392471 0.15124762 0.03117455 0.07490211 
465.00000000 0.29974542 0.22512967 0.07446891 0.14378372 0.15099536 0.03118972 0.07468721 
466.00000000 0.30018120 0.22517788 0.07457550 0.14364296 0.15074414 0.03120489 0.07447343 
467.00000000 0.30061524 0.22522569 0.07468183 0.14350245 0.15049399 0.03122006 0.07426075 
468.00000000 0.30104754 0.22527311 0.07478788 0.14336217 0.15024488 0.03123523 0.07404918 
469.00000000 0.30147813 0.22532014 0.07489366 0.14322214 0.14999681 0.03125041 0.07383870 
470.00000000 0.30190700 0.22536677 0.07499918 0.14308236 0.14974979 0.03126559 0.07362932 
471.00000000 0.30233415 0.22541302 0.07510443 0.14294282 0.14950380 0.03128077 0.07342101 
472.00000000 0.30275959 0.22545889 0.07520942 0.14280354 0.14925884 0.03129595 0.07321377 
473.00000000 0.30318333 0.22550437 0.07531414 0.14266450 0.14901491 0.03131114 0.07300761 
474.00000000 0.30360538 0.22554948 0.07541860 0.14252572 0.14877200 0.03132632 0.07280250 
475.00000000 0.30402572 0.22559421 0.07552279 0.14238719 0.14853012 0.03134151 0.07259845 
476.00000000 0.30444438 0.22563857 0.07562673 0.14224892 0.14828925 0.03135670 0.07239545 
477.00000000 0.30486136 0.22568256 0.07573040 0.14211091 0.14804938 0.03137188 0.07219350 
478.00000000 0.30527666 0.22572618 0.07583382 0.14197316 0.14781053 0.03138707 0.07199257 
479.00000000 0.30569028 0.22576945 0.07593698 0.14183567 0.14757267 0.03140226 0.07179268 
480.00000000 0.30610224 0.22581235 0.07603988 0.14169845 0.14733582 0.03141745 0.07159382 
481.00000000 0.30651253 0.22585489 0.07614253 0.14156149 0.14709995 0.03143264 0.07139597 
482.00000000 0.30692117 0.22589708 0.07624492 0.14142479 0.14686508 0.03144783 0.07119914 
483.00000000 0.30732815 0.22593892 0.07634706 0.14128836 0.14663119 0.03146301 0.07100331 
484.00000000 0.30773348 0.22598040 0.07644895 0.14115220 0.14639827 0.03147820 0.07080848 
485.00000000 0.30813717 0.22602154 0.07655059 0.14101631 0.14616634 0.03149338 0.07061466 
486.00000000 0.30853923 0.22606234 0.07665198 0.14088069 0.14593538 0.03150857 0.07042182 
487.00000000 0.30893965 0.22610280 0.07675311 0.14074535 0.14570538 0.03152375 0.07022997 
488.00000000 0.30933844 0.22614291 0.07685400 0.14061028 0.14547634 0.03153893 0.07003910 
489.00000000 0.30973561 0.22618269 0.07695465 0.14047548 0.14524827 0.03155410 0.06984920 
490.00000000 0.31013116 0.22622213 0.07705505 0.14034095 0.14502115 0.03156928 0.06966027 
491.00000000 0.31052510 0.22626125 0.07715520 0.14020671 0.14479497 0.03158445 0.06947231 
492.00000000 0.31091744 0.22630003 0.07725511 0.14007274 0.14456975 0.03159962 0.06928531 
493.00000000 0.31130817 0.22633849 0.07735478 0.13993905 0.14434546 0.03161478 0.06909926 
494.00000000 0.31169730 0.22637663 0.07745421 0.13980564 0.14412211 0.03162994 0.06891416 
495.00000000 0.31208484 0.22641444 0.07755340 0.13967252 0.14389970 0.03164510 0.06873001 
496.00000000 0.31247079 0.22645193 0.07765235 0.13953967 0.14367821 0.03166025 0.06854680 
497.00000000 0.31285516 0.22648911 0.07775106 0.13940711 0.14345765 0.03167540 0.06836452 
498.00000000 0.31323795 0.22652597 0.07784953 0.13927482 0.14323801 0.03169055 0.06818317 
499.00000000 0.31361917 0.22656252 0.07794777 0.13914283 0.14301928 0.03170569 0.06800275 
500.00000000 0.31399883 0.22659875 0.07804577 0.13901112 0.14280147 0.03172082 0.06782324 
501.00000000 0.31437692 0.22663468 0.07814354 0.13887969 0.14258456 0.03173595 0.06764466 
502.00000000 0.31475345 0.22667031 0.07824107 0.13874855 0.14236856 0.03175107 0.06746698 
503.00000000 0.31512843 0.22670563 0.07833837 0.13861770 0.14215346 0.03176619 0.06729021 
504.00000000 0.31550186 0.22674065 0.07843545 0.13848714 0.14193926 0.03178130 0.06711435 
505.00000000 0.31587375 0.22677537 0.07853229 0.13835686 0.14172594 0.03179641 0.06693938 
506.00000000 0.31624411 0.22680979 0.07862890 0.13822687 0.14151352 0.03181151 0.06676530 
507.00000000 0.31661293 0.22684392 0.07872528 0.13809718 0.14130198 0.03182661 0.06659211 
508.00000000 0.31698022 0.22687776 0.07882144 0.13796777 0.14109132 0.03184169 0.06641980 
509.00000000 0.31734599 0.22691130 0.07891737 0.13783866 0.14088153 0.03185678 0.06624837 
510.00000000 0.31771025 0.22694456 0.07901307 0.13770984 0.14067262 0.03187185 0.06607782 
511.00000000 0.31807299 0.22697753 0.07910855 0.13758130 0.14046458 0.03188692 0.06590814 
512.00000000 0.31843422 0.22701022 0.07920380 0.13745307 0.14025740 0.03190198 0.06573932 
513.00000000 0.31879395 0.22704262 0.07929883 0.13732512 0.14005108 0.03191703 0.06557136 
514.00000000 0.31915219 0.22707474 0.07939364 0.13719747 0.13984562 0.03193208 0.06540426 
515.00000000 0.31950893 0.22710658 0.07948823 0.13707012 0.13964101 0.03194712 0.06523801 
516.00000000 0.31986418 0.22713815 0.07958260 0.13694306 0.13943726 0.03196215 0.06507261 
517.00000000 0.32021795 0.22716944 0.07967674 0.13681629 0.13923435 0.03197717 0.06490805 
518.00000000 0.32057024 0.22720046 0.07977067 0.13668982 0.13903228 0.03199219 0.06474433 
519.00000000 0.32092106 0.22723121 0.07986438 0.13656365 0.13883105 0.03200720 0.06458145 
520.00000000 0.32127041 0.22726169 0.07995787 0.13643777 0.13863066 0.03202220 0.06441939 
521.00000000 0.32161830 0.22729190 0.08005115 0.13631220 0.13843110 0.03203720 0.06425816 
522.00000000 0.32196473 0.22732184 0.08014421 0.13618691 0.13823237 0.03205218 0.06409775 
523.00000000 0.32230971 0.22735152 0.08023705 0.13606193 0.13803446 0.03206716 0.06393816 
524.00000000 0.32265323 0.22738095 0.08032968 0.13593725 0.13783737 0.03208213 0.06377938 
525.00000000 0.32299532 0.22741011 0.08042210 0.13581286 0.13764111 0.03209710 0.06362141 
526.00000000 0.32333597 0.22743901 0.08051430 0.13568878 0.13744565 0.03211205 0.06346424 
527.00000000 0.32367518 0.22746765 0.08060629 0.13556499 0.13725101 0.03212700 0.06330787 
528.00000000 0.32401296 0.22749605 0.08069807 0.13544150 0.13705718 0.03214194 0.06315230 
529.00000000 0.32434932 0.22752418 0.08078964 0.13531831 0.13686415 0.03215687 0.06299752 
530.00000000 0.32468426 0.22755207 0.08088100 0.13519543 0.13667192 0.03217180 0.06284352 
531.00000000 0.32501779 0.22757971 0.08097215 0.13507284 0.13648049 0.03218671 0.06269031 
532.00000000 0.32534990 0.22760710 0.08106309 0.13495056 0.13628985 0.03220162 0.06253787 
533.00000000 0.32568061 0.22763424 0.08115382 0.13482858 0.13610001 0.03221652 0.06238621 
534.00000000 0.32600993 0.22766114 0.08124435 0.13470690 0.13591095 0.03223142 0.06223532 
535.00000000 0.32633784 0.22768780 0.08133466 0.13458552 0.13572268 0.03224630 0.06208519 
536.00000000 0.32666437 0.22771422 0.08142478 0.13446444 0.13553519 0.03226118 0.06193582 
537.00000000 0.32698951 0.22774039 0.08151468 0.13434367 0.13534848 0.03227605 0.06178721 
538.00000000 0.32731327 0.22776633 0.08160438 0.13422320 0.13516255 0.03229091 0.06163935 
539.00000000 0.32763566 0.22779204 0.08169388 0.13410303 0.13497739 0.03230577 0.06149224 
540.00000000 0.32795667 0.22781750 0.08178317 0.13398317 0.13479299 0.03232062 0.06134587 
541.00000000 0.32827632 0.22784274 0.08187226 0.13386361 0.13460936 0.03233546 0.06120025 
542.00000000 0.32859460 0.22786774 0.08196115 0.13374435 0.13442650 0.03235029 0.06105536 
543.00000000 0.32891153 0.22789252 0.08204984 0.13362540 0.13424440 0.03236512 0.06091120 
544.00000000 0.32922711 0.22791707 0.08213832 0.13350675 0.13406305 0.03237994 0.06076776 
545.00000000 0.32954134 0.22794139 0.08222661 0.13338841 0.13388246 0.03239475 0.06062505 
546.00000000 0.32985423 0.22796548 0.08231469 0.13327037 0.13370261 0.03240955 0.06048306 
547.00000000 0.33016578 0.22798935 0.08240258 0.13315263 0.13352352 0.03242435 0.06034179 
548.00000000 0.33047600 0.22801300 0.08249026 0.13303521 0.13334517 0.03243914 0.06020122 
549.00000000 0.33078489 0.22803643 0.08257775 0.13291808 0.13316756 0.03245393 0.06006136 
550.00000000 0.33109245 0.22805964 0.08266504 0.13280126 0.13299069 0.03246871 0.05992221 
551.00000000 0.33139870 0.22808263 0.08275213 0.13268475 0.13281456 0.03248348 0.05978375 
552.00000000 0.33170363 0.22810541 0.08283903 0.13256854 0.13263916 0.03249824 0.05964599 
553.00000000 0.33200725 0.22812797 0.08292573 0.13245264 0.13246449 0.03251300 0.05950892 
554.00000000 0.33230957 0.22815032 0.08301224 0.13233705 0.13229055 0.03252775 0.05937253 
555.00000000 0.33261058 0.22817245 0.08309855 0.13222176 0.13211734 0.03254249 0.05923683 
556.00000000 0.33291031 0.22819438 0.08318467 0.13210677 0.13194484 0.03255723 0.05910180 
557.00000000 0.33320874 0.22821610 0.08327059 0.13199210 0.13177307 0.03257196 0.05896745 
558.00000000 0.33350588 0.22823761 0.08335632 0.13187772 0.13160201 0.03258669 0.05883377 
559.00000000 0.33380174 0.22825891 0.08344186 0.13176366 0.13143166 0.03260141 0.05870076 
560.00000000 0.33409633 0.22828001 0.08352720 0.13164990 0.13126203 0.03261612 0.05856841 
561.00000000 0.33438964 0.22830091 0.08361236 0.13153645 0.13109310 0.03263083 0.05843672 
562.00000000 0.33468168 0.22832160 0.08369732 0.13142330 0.13092487 0.03264553 0.05830568 
563.00000000 0.33497246 0.22834210 0.08378209 0.13131047 0.13075735 0.03266023 0.05817530 
564.00000000 0.33526199 0.22836239 0.08386668 0.13119793 0.13059053 0.03267492 0.05804556 
565.00000000 0.33555025 0.22838249 0.08395107 0.13108571 0.13042440 0.03268960 0.05791647 
566.00000000 0.33583727 0.22840239 0.08403528 0.13097379 0.13025897 0.03270428 0.05778802 
567.00000000 0.33612305 0.22842209 0.08411929 0.13086218 0.13009423 0.03271895 0.05766020 
568.00000000 0.33640758 0.22844161 0.08420313 0.13075087 0.12993018 0.03273362 0.05753302 
569.00000000 0.33669087 0.22846093 0.08428677 0.13063987 0.12976681 0.03274828 0.05740646 
570.00000000 0.33697294 0.22848006 0.08437023 0.13052918 0.12960413 0.03276294 0.05728053 
571.00000000 0.33725377 0.22849899 0.08445350 0.13041879 0.12944212 0.03277759 0.05715522 
572.00000000 0.33753339 0.22851775 0.08453658 0.13030871 0.12928080 0.03279224 0.05703053 
573.00000000 0.33781179 0.22853631 0.08461949 0.13019894 0.12912014 0.03280688 0.05690646 
574.00000000 0.33808897 0.22855469 0.08470220 0.13008947 0.12896016 0.03282151 0.05678299 
575.00000000 0.33836494 0.22857288 0.08478474 0.12998031 0.12880085 0.03283614 0.05666013 
576.00000000 0.33863971 0.22859089 0.08486709 0.12987146 0.12864221 0.03285077 0.05653788 
577.00000000 0.33891328 0.22860871 0.08494926 0.12976291 0.12848423 0.03286539 0.05641622 
578.00000000 0.33918565 0.22862636 0.08503124 0.12965467 0.12832691 0.03288000 0.05629516 
579.00000000 0.33945683 0.22864383 0.08511305 0.12954674 0.12817025 0.03289461 0.05617470 
580.00000000 0.33972682 0.22866112 0.08519467 0.12943911 0.12801424 0.03290922 0.05605482 
581.00000000 0.33999563 0.22867823 0.08527612 0.12933178 0.12785889 0.03292382 0.05593553 
582.00000000 0.34026326 0.22869516 0.08535738 0.12922476 0.12770419 0.03293841 0.05581683 
583.00000000 0.34052972 0.22871192 0.08543847 0.12911805 0.12755014 0.03295300 0.05569870 
584.00000000 0.34079501 0.22872851 0.08551938 0.12901164 0.12739673 0.03296758 0.05558115 
585.00000000 0.34105913 0.22874492 0.08560011 0.12890554 0.12724397 0.03298216 0.05546417 
586.00000000 0.34132209 0.22876116 0.08568066 0.12879974 0.12709184 0.03299674 0.05534777 
587.00000000 0.34158389 0.22877723 0.08576103 0.12869425 0.12694036 0.03301131 0.05523192 
588.00000000 0.34184454 0.22879314 0.08584123 0.12858906 0.12678951 0.03302587 0.05511665 
589.00000000 0.34210405 0.22880887 0.08592125 0.12848418 0.12663929 0.03304043 0.05500193 
590.00000000 0.34236241 0.22882444 0.08600110 0.12837960 0.12648970 0.03305499 0.05488777 
591.00000000 0.34261963 0.22883984 0.08608078 0.12827533 0.12634074 0.03306954 0.05477416 
592.00000000 0.34287571 0.22885508 0.08616028 0.12817136 0.12619240 0.03308408 0.05466110 
593.00000000 0.34313066 0.22887015 0.08623960 0.12806769 0.12604468 0.03309862 0.05454859 
594.00000000 0.34338449 0.22888507 0.08631875 0.12796432 0.12589759 0.03311316 0.05443662 
595.00000000 0.34363719 0.22889982 0.08639774 0.12786126 0.12575111 0.03312769 0.05432520 
596.00000000 0.34388878 0.22891441 0.08647654 0.12775850 0.12560524 0.03314221 0.05421431 
597.00000000 0.34413925 0.22892884 0.08655518 0.12765605 0.12545999 0.03315673 0.05410396 
598.00000000 0.34438861 0.22894312 0.08663365 0.12755389 0.12531535 0.03317125 0.05399414 
599.00000000 0.34463686 0.22895723 0.08671195 0.12745204 0.12517131 0.03318576 0.05388485 
600.00000000 0.34488402 0.22897119 0.08679007 0.12735049 0.12502788 0.03320026 0.05377609 
601.00000000 0.34513007 0.22898500 0.08686803 0.12724924 0.12488504 0.03321476 0.05366785 
602.00000000 0.34537503 0.22899865 0.08694582 0.12714830 0.12474281 0.03322926 0.05356013 
603.00000000 0.34561891 0.22901215 0.08702344 0.12704765 0.12460118 0.03324374 0.05345292 
604.00000000 0.34586169 0.22902550 0.08710090 0.12694730 0.12446014 0.03325823 0.05334623 
605.00000000 0.34610340 0.22903870 0.08717819 0.12684726 0.12431969 0.03327271 0.05324006 
606.00000000 0.34634403 0.22905175 0.08725531 0.12674751 0.12417983 0.03328718 0.05313439 
607.00000000 0.34658359 0.22906465 0.08733227 0.12664807 0.12404055 0.03330165 0.05302923 
608.00000000 0.34682208 0.22907740 0.08740906 0.12654892 0.12390187 0.03331612 0.05292457 
609.00000000 0.34705950 0.22909000 0.08748569 0.12645007 0.12376376 0.03333057 0.05282041 
610.00000000 0.34729586 0.22910246 0.08756215 0.12635152 0.12362623 0.03334503 0.05271675 
611.00000000 0.34753117 0.22911478 0.08763845 0.12625327 0.12348928 0.03335947 0.05261359 
612.00000000 0.34776542 0.22912695 0.08771458 0.12615531 0.12335290 0.03337392 0.05251092 
613.00000000 0.34799863 0.22913897 0.08779056 0.12605765 0.12321710 0.03338835 0.05240874 
614.00000000 0.34823079 0.22915086 0.08786637 0.12596029 0.12308186 0.03340278 0.05230704 
615.00000000 0.34846190 0.22916261 0.08794202 0.12586323 0.12294719 0.03341721 0.05220583 
616.00000000 0.34869199 0.22917421 0.08801751 0.12576646 0.12281309 0.03343163 0.05210510 
617.00000000 0.34892104 0.22918568 0.08809284 0.12566999 0.12267955 0.03344604 0.05200486 
618.00000000 0.34914906 0.22919701 0.08816801 0.12557381 0.12254657 0.03346045 0.05190509 
619.00000000 0.34937606 0.22920820 0.08824303 0.12547793 0.12241415 0.03347486 0.05180579 
620.00000000 0.34960203 0.22921925 0.08831788 0.12538234 0.12228228 0.03348925 0.05170696 
621.00000000 0.34982699 0.22923017 0.08839258 0.12528705 0.12215096 0.03350365 0.05160861 
622.00000000 0.35005094 0.22924095 0.08846711 0.12519205 0.12202020 0.03351803 0.05151072 
623.00000000 0.35027387 0.22925161 0.08854149 0.12509734 0.12188998 0.03353241 0.05141329 
624.00000000 0.35049580 0.22926212 0.08861572 0.12500293 0.12176031 0.03354679 0.05131633 
625.00000000 0.35071673 0.22927251 0.08868979 0.12490880 0.12163118 0.03356115 0.05121983 
626.00000000 0.35093667 0.22928277 0.08876370 0.12481497 0.12150259 0.03357552 0.05112378 
627.00000000 0.35115561 0.22929289 0.08883746 0.12472143 0.12137454 0.03358987 0.05102819 
628.00000000 0.35137356 0.22930289 0.08891107 0.12462818 0.12124703 0.03360422 0.05093305 
629.00000000 0.35159052 0.22931276 0.08898452 0.12453522 0.12112006 0.03361857 0.05083836 
630.00000000 0.35180650 0.22932250 0.08905781 0.12444255 0.12099361 0.03363290 0.05074412 
631.00000000 0.35202150 0.22933211 0.08913096 0.12435017 0.12086769 0.03364724 0.05065032 
632.00000000 0.35223553 0.22934160 0.08920395 0.12425808 0.12074230 0.03366156 0.05055697 
633.00000000 0.35244859 0.22935096 0.08927679 0.12416628 0.12061744 0.03367588 0.05046406 
634.00000000 0.35266068 0.22936020 0.08934948 0.12407476 0.12049310 0.03369019 0.05037158 
635.00000000 0.35287181 0.22936931 0.08942202 0.12398354 0.12036928 0.03370450 0.05027954 
636.00000000 0.35308198 0.22937831 0.08949441 0.12389259 0.12024597 0.03371880 0.05018794 
637.00000000 0.35329119 0.22938718 0.08956665 0.12380194 0.12012318 0.03373309 0.05009677 
638.00000000 0.35349945 0.22939593 0.08963874 0.12371157 0.12000091 0.03374738 0.05000602 
639.00000000 0.35370676 0.22940456 0.08971069 0.12362149 0.11987915 0.03376166 0.04991571 
640.00000000 0.35391313 0.22941307 0.08978248 0.12353169 0.11975790 0.03377593 0.04982581 
641.00000000 0.35411855 0.22942146 0.08985413 0.12344217 0.11963715 0.03379020 0.04973635 
642.00000000 0.35432304 0.22942973 0.08992562 0.12335294 0.11951691 0.03380446 0.04964730 
643.00000000 0.35452660 0.22943789 0.08999698 0.12326399 0.11939717 0.03381871 0.04955867 
644.00000000 0.35472922 0.22944593 0.09006818 0.12317532 0.11927793 0.03383296 0.04947045 
645.00000000 0.35493092 0.22945385 0.09013924 0.12308693 0.11915919 0.03384720 0.04938265 
646.00000000 0.35513170 0.22946166 0.09021016 0.12299883 0.11904095 0.03386143 0.04929527 
647.00000000 0.35533156 0.22946936 0.09028093 0.12291101 0.11892320 0.03387565 0.04920829 
648.00000000 0.35553050 0.22947694 0.09035156 0.12282346 0.11880594 0.03388987 0.04912172 
649.00000000 0.35572853 0.22948441 0.09042204 0.12273620 0.11868918 0.03390409 0.04903555 
650.00000000 0.35592565 0.22949177 0.09049238 0.12264922 0.11857290 0.03391829 0.04894979 
651.00000000 0.35612187 0.22949902 0.09056258 0.12256251 0.11845710 0.03393249 0.04886443 
652.00000000 0.35631719 0.22950615 0.09063263 0.12247608 0.11834179 0.03394668 0.04877947 
653.00000000 0.35651161 0.22951318 0.09070254 0.12238993 0.11822696 0.03396086 0.04869491 
654.00000000 0.35670513 0.22952010 0.09077232 0.12230406 0.11811261 0.03397504 0.04861075 
655.00000000 0.35689776 0.22952691 0.09084195 0.12221846 0.11799874 0.03398921 0.04852697 
656.00000000 0.35708951 0.22953361 0.09091144 0.12213314 0.11788534 0.03400337 0.04844359 
657.00000000 0.35728038 0.22954021 0.09098079 0.12204809 0.11777242 0.03401752 0.04836060 
658.00000000 0.35747036 0.22954669 0.09105000 0.12196332 0.11765996 0.03403167 0.04827800 
659.00000000 0.35765947 0.22955308 0.09111907 0.12187882 0.11754798 0.03404581 0.04819578 
660.00000000 0.35784770 0.22955936 0.09118800 0.12179459 0.11743646 0.03405994 0.04811394 
661.00000000 0.35803507 0.22956553 0.09125680 0.12171064 0.11732541 0.03407407 0.04803249 
662.00000000 0.35822156 0.22957160 0.09132545 0.12162696 0.11721482 0.03408819 0.04795141 
663.00000000 0.35840720 0.22957757 0.09139397 0.12154355 0.11710469 0.03410230 0.04787072 
664.00000000 0.35859198 0.22958344 0.09146236 0.12146041 0.11699502 0.03411640 0.04779040 
665.00000000 0.35877590 0.22958920 0.09153060 0.12137754 0.11688581 0.03413050 0.04771045 
666.00000000 0.35895897 0.22959487 0.09159871 0.12129494 0.11677705 0.03414458 0.04763088 
667.00000000 0.35914119 0.22960043 0.09166669 0.12121261 0.11666874 0.03415867 0.04755168 
668.00000000 0.35932256 0.22960589 0.09173453 0.12113055 0.11656089 0.03417274 0.04747284 
669.00000000 0.35950309 0.22961126 0.09180224 0.12104875 0.11645349 0.03418680 0.04739437 
670.00000000 0.35968278 0.22961653 0.09186981 0.12096723 0.11634653 0.03420086 0.04731627 
671.00000000 0.35986164 0.22962170 0.09193724 0.12088597 0.11624002 0.03421491 0.04723853 
672.00000000 0.36003966 0.22962677 0.09200455 0.12080497 0.11613395 0.03422895 0.04716115 
673.00000000 0.36021686 0.22963175 0.09207172 0.12072424 0.11602832 0.03424299 0.04708413 
674.00000000 0.36039323 0.22963663 0.09213876 0.12064378 0.11592313 0.03425701 0.04700746 
675.00000000 0.36056878 0.22964141 0.09220566 0.12056358 0.11581838 0.03427103 0.04693116 
676.00000000 0.36074350 0.22964610 0.09227244 0.12048364 0.11571407 0.03428505 0.04685520 
677.00000000 0.36091742 0.22965070 0.09233908 0.12040396 0.11561019 0.03429905 0.04677960 
678.00000000 0.36109052 0.22965520 0.09240559 0.12032455 0.11550674 0.03431304 0.04670435 
679.00000000 0.36126281 0.22965961 0.09247198 0.12024540 0.11540372 0.03432703 0.04662944 
680.00000000 0.36143429 0.22966393 0.09253823 0.12016651 0.11530113 0.03434101 0.04655489 
681.00000000 0.36160497 0.22966816 0.09260435 0.12008788 0.11519897 0.03435498 0.04648068 
682.00000000 0.36177486 0.22967230 0.09267035 0.12000951 0.11509723 0.03436895 0.04640681 
683.00000000 0.36194394 0.22967635 0.09273621 0.11993140 0.11499591 0.03438291 0.04633328 
684.00000000 0.36211224 0.22968030 0.09280195 0.11985355 0.11489502 0.03439685 0.04626009 
685.00000000 0.36227974 0.22968417 0.09286755 0.11977595 0.11479454 0.03441079 0.04618724 
686.00000000 0.36244646 0.22968795 0.09293303 0.11969862 0.11469448 0.03442473 0.04611473 
687.00000000 0.36261239 0.22969164 0.09299839 0.11962154 0.11459484 0.03443865 0.04604255 
688.00000000 0.36277754 0.22969524 0.09306361 0.11954471 0.11449561 0.03445257 0.04597071 
689.00000000 0.36294192 0.22969876 0.09312871 0.11946814 0.11439680 0.03446648 0.04589919 
690.00000000 0.36310552 0.22970219 0.09319369 0.11939183 0.11429839 0.03448038 0.04582801 
691.00000000 0.36326835 0.22970554 0.09325854 0.11931576 0.11420039 0.03449427 0.04575715 
692.00000000 0.36343041 0.22970880 0.09332326 0.11923996 0.11410280 0.03450815 0.04568662 
693.00000000 0.36359171 0.22971197 0.09338786 0.11916440 0.11400561 0.03452203 0.04561642 
694.00000000 0.36375224 0.22971506 0.09345233 0.11908910 0.11390883 0.03453590 0.04554654 
695.00000000 0.36391202 0.22971807 0.09351668 0.11901404 0.11381245 0.03454976 0.04547698 
696.00000000 0.36407104 0.22972099 0.09358091 0.11893924 0.11371647 0.03456361 0.04540774 
697.00000000 0.36422931 0.22972383 0.09364501 0.11886469 0.11362088 0.03457746 0.04533881 
698.00000000 0.36438683 0.22972659 0.09370899 0.11879039 0.11352570 0.03459129 0.04527021 
699.00000000 0.36454360 0.22972927 0.09377285 0.11871634 0.11343090 0.03460512 0.04520192 
700.00000000 0.36469963 0.22973187 0.09383658 0.11864253 0.11333650 0.03461894 0.04513394 
701.00000000 0.36485492 0.22973439 0.09390020 0.11856897 0.11324249 0.03463275 0.04506628 
702.00000000 0.36500947 0.22973682 0.09396369 0.11849566 0.11314888 0.03464655 0.04499892 
703.00000000 0.36516329 0.22973918 0.09402706 0.11842260 0.11305565 0.03466035 0.04493188 
704.00000000 0.36531638 0.22974146 0.09409031 0.11834978 0.11296280 0.03467413 0.04486514 
705.00000000 0.36546874 0.22974366 0.09415344 0.11827721 0.11287034 0.03468791 0.04479870 
706.00000000 0.36562037 0.22974579 0.09421645 0.11820488 0.11277826 0.03470168 0.04473258 
707.00000000 0.36577128 0.22974783 0.09427934 0.11813279 0.11268657 0.03471544 0.04466675 
708.00000000 0.36592147 0.22974980 0.09434211 0.11806095 0.11259525 0.03472920 0.04460122 
709.00000000 0.36607094 0.22975169 0.09440476 0.11798935 0.11250432 0.03474294 0.04453600 
710.00000000 0.36621970 0.22975351 0.09446729 0.11791799 0.11241375 0.03475668 0.04447107 
711.00000000 0.36636775 0.22975525 0.09452971 0.11784687 0.11232357 0.03477041 0.04440644 
712.00000000 0.36651510 0.22975692 0.09459201 0.11777599 0.11223375 0.03478413 0.04434211 
713.00000000 0.36666173 0.22975851 0.09465419 0.11770536 0.11214431 0.03479784 0.04427806 
714.00000000 0.36680767 0.22976003 0.09471625 0.11763496 0.11205524 0.03481154 0.04421432 
715.00000000 0.36695290 0.22976147 0.09477820 0.11756480 0.11196654 0.03482523 0.04415086 
716.00000000 0.36709744 0.22976284 0.09484003 0.11749487 0.11187820 0.03483892 0.04408769 
717.00000000 0.36724129 0.22976414 0.09490174 0.11742519 0.11179023 0.03485260 0.04402481 
718.00000000 0.36738445 0.22976537 0.09496334 0.11735574 0.11170262 0.03486627 0.04396221 
719.00000000 0.36752691 0.22976653 0.09502482 0.11728653 0.11161538 0.03487993 0.04389990 
720.00000000 0.36766870 0.22976761 0.09508619 0.11721755 0.11152850 0.03489358 0.04383788 
721.00000000 0.36780980 0.22976863 0.09514744 0.11714881 0.11144197 0.03490723 0.04377613 
722.00000000 0.36795022 0.22976957 0.09520858 0.11708030 0.11135580 0.03492086 0.04371467 
723.00000000 0.36808996 0.22977045 0.09526961 0.11701202 0.11126999 0.03493449 0.04365349 
724.00000000 0.36822903 0.22977125 0.09533052 0.11694398 0.11118453 0.03494811 0.04359258 
725.00000000 0.36836743 0.22977199 0.09539132 0.11687616 0.11109943 0.03496172 0.04353195 
726.00000000 0.36850516 0.22977266 0.09545200 0.11680858 0.11101468 0.03497532 0.04347160 
727.00000000 0.36864223 0.22977326 0.09551258 0.11674123 0.11093028 0.03498891 0.04341152 
728.00000000 0.36877863 0.22977379 0.09557304 0.11667411 0.11084622 0.03500249 0.04335171 
729.00000000 0.36891438 0.22977425 0.09563339 0.11660722 0.11076251 0.03501607 0.04329218 
730.00000000 0.36904946 0.22977465 0.09569362 0.11654056 0.11067915 0.03502963 0.04323291 
731.00000000 0.36918390 0.22977499 0.09575375 0.11647413 0.11059613 0.03504319 0.04317391 
732.00000000 0.36931768 0.22977525 0.09581376 0.11640792 0.11051346 0.03505674 0.04311518 
733.00000000 0.36945081 0.22977546 0.09587367 0.11634194 0.11043112 0.03507028 0.04305672 
734.00000000 0.36958329 0.22977559 0.09593346 0.11627619 0.11034913 0.03508381 0.04299852 
735.00000000 0.36971513 0.22977567 0.09599315 0.11621066 0.11026747 0.03509734 0.04294058 
736.00000000 0.36984633 0.22977568 0.09605272 0.11614536 0.11018615 0.03511085 0.04288291 
737.00000000 0.36997689 0.22977562 0.09611219 0.11608028 0.11010517 0.03512436 0.04282549 
738.00000000 0.37010681 0.22977550 0.09617155 0.11601542 0.11002452 0.03513786 0.04276834 
739.00000000 0.37023611 0.22977532 0.09623080 0.11595079 0.10994420 0.03515134 0.04271144 
740.00000000 0.37036477 0.22977508 0.09628994 0.11588638 0.10986421 0.03516482 0.04265480 
741.00000000 0.37049280 0.22977477 0.09634897 0.11582219 0.10978455 0.03517829 0.04259842 
742.00000000 0.37062021 0.22977441 0.09640789 0.11575822 0.10970522 0.03519176 0.04254229 
743.00000000 0.37074699 0.22977398 0.09646671 0.11569447 0.10962622 0.03520521 0.04248642 
744.00000000 0.37087316 0.22977349 0.09652542 0.11563094 0.10954754 0.03521865 0.04243079 
745.00000000 0.37099870 0.22977294 0.09658403 0.11556763 0.10946919 0.03523209 0.04237542 
746.00000000 0.37112364 0.22977233 0.09664252 0.11550454 0.10939116 0.03524551 0.04232030 
747.00000000 0.37124796 0.22977166 0.09670092 0.11544167 0.10931345 0.03525893 0.04226542 
748.00000000 0.37137166 0.22977093 0.09675920 0.11537901 0.10923605 0.03527234 0.04221079 
749.00000000 0.37149477 0.22977015 0.09681738 0.11531657 0.10915898 0.03528574 0.04215641 
750.00000000 0.37161726 0.22976930 0.09687546 0.11525435 0.10908223 0.03529913 0.04210227 
751.00000000 0.37173916 0.22976840 0.09693343 0.11519234 0.10900579 0.03531251 0.04204837 
752.00000000 0.37186045 0.22976744 0.09699130 0.11513054 0.10892966 0.03532589 0.04199472 
753.00000000 0.37198115 0.22976642 0.09704906 0.11506896 0.10885385 0.03533925 0.04194131 
754.00000000 0.37210125 0.22976534 0.09710672 0.11500759 0.10877835 0.03535260 0.04188814 
755.00000000 0.37222076 0.22976421 0.09716428 0.11494644 0.10870316 0.03536595 0.04183521 
756.00000000 0.37233968 0.22976302 0.09722173 0.11488549 0.10862827 0.03537929 0.04178251 
757.00000000 0.37245802 0.22976178 0.09727908 0.11482476 0.10855370 0.03539261 0.04173005 
758.00000000 0.37257576 0.22976048 0.09733632 0.11476424 0.10847943 0.03540593 0.04167783 
759.00000000 0.37269293 0.22975913 0.09739347 0.11470393 0.10840547 0.03541924 0.04162584 
760.00000000 0.37280952 0.22975772 0.09745051 0.11464382 0.10833181 0.03543254 0.04157408 
761.00000000 0.37292552 0.22975625 0.09750745 0.11458393 0.10825845 0.03544584 0.04152256 
762.00000000 0.37304096 0.22975474 0.09756429 0.11452424 0.10818539 0.03545912 0.04147126 
763.00000000 0.37315581 0.22975316 0.09762103 0.11446476 0.10811264 0.03547239 0.04142020 
764.00000000 0.37327010 0.22975154 0.09767767 0.11440549 0.10804018 0.03548565 0.04136936 
765.00000000 0.37338382 0.22974986 0.09773421 0.11434642 0.10796802 0.03549891 0.04131875 
766.00000000 0.37349698 0.22974813 0.09779064 0.11428756 0.10789615 0.03551216 0.04126837 
767.00000000 0.37360957 0.22974635 0.09784698 0.11422891 0.10782458 0.03552539 0.04121821 
768.00000000 0.37372160 0.22974452 0.09790322 0.11417046 0.10775330 0.03553862 0.04116828 
769.00000000 0.37383308 0.22974263 0.09795936 0.11411221 0.10768232 0.03555184 0.04111857 
770.00000000 0.37394399 0.22974069 0.09801540 0.11405416 0.10761162 0.03556505 0.04106908 
771.00000000 0.37405435 0.22973871 0.09807134 0.11399632 0.10754122 0.03557825 0.04101982 
772.00000000 0.37416417 0.22973667 0.09812718 0.11393868 0.10747110 0.03559144 0.04097077 
773.00000000 0.37427343 0.22973458 0.09818293 0.11388124 0.10740127 0.03560462 0.04092194 
774.00000000 0.37438214 0.22973244 0.09823857 0.11382400 0.10733173 0.03561779 0.04087333 
775.00000000 0.37449031 0.22973025 0.09829412 0.11376696 0.10726247 0.03563095 0.04082494 
776.00000000 0.37459794 0.22972801 0.09834957 0.11371012 0.10719349 0.03564410 0.04077676 
777.00000000 0.37470503 0.22972573 0.09840493 0.11365348 0.10712480 0.03565725 0.04072879 
778.00000000 0.37481158 0.22972339 0.09846019 0.11359703 0.10705639 0.03567038 0.04068104 
779.00000000 0.37491759 0.22972101 0.09851535 0.11354079 0.10698825 0.03568351 0.04063351 
780.00000000 0.37502307 0.22971858 0.09857041 0.11348473 0.10692040 0.03569662 0.04058618 
781.00000000 0.37512802 0.22971610 0.09862538 0.11342888 0.10685282 0.03570973 0.04053907 
782.00000000 0.37523244 0.22971357 0.09868026 0.11337322 0.10678552 0.03572283 0.04049216 
783.00000000 0.37533634 0.22971100 0.09873504 0.11331776 0.10671850 0.03573592 0.04044546 
784.00000000 0.37543971 0.22970838 0.09878972 0.11326249 0.10665174 0.03574899 0.04039897 
785.00000000 0.37554256 0.22970571 0.09884431 0.11320741 0.10658526 0.03576206 0.04035269 
786.00000000 0.37564488 0.22970300 0.09889880 0.11315253 0.10651905 0.03577512 0.04030661 
787.00000000 0.37574669 0.22970024 0.09895320 0.11309783 0.10645312 0.03578817 0.04026074 
788.00000000 0.37584799 0.22969743 0.09900751 0.11304333 0.10638745 0.03580121 0.04021507 
789.00000000 0.37594877 0.22969458 0.09906172 0.11298903 0.10632205 0.03581424 0.04016960 
790.00000000 0.37604904 0.22969169 0.09911584 0.11293491 0.10625691 0.03582727 0.04012434 
791.00000000 0.37614880 0.22968875 0.09916987 0.11288098 0.10619204 0.03584028 0.04007927 
792.00000000 0.37624806 0.22968577 0.09922380 0.11282724 0.10612744 0.03585328 0.04003441 
793.00000000 0.37634681 0.22968274 0.09927764 0.11277369 0.10606310 0.03586627 0.03998974 
794.00000000 0.37644506 0.22967967 0.09933139 0.11272033 0.10599902 0.03587926 0.03994528 
795.00000000 0.37654281 0.22967656 0.09938505 0.11266715 0.10593520 0.03589223 0.03990101 
796.00000000 0.37664005 0.22967340 0.09943861 0.11261416 0.10587165 0.03590520 0.03985693 
797.00000000 0.37673681 0.22967020 0.09949208 0.11256136 0.10580835 0.03591815 0.03981305 
798.00000000 0.37683307 0.22966696 0.09954547 0.11250874 0.10574531 0.03593110 0.03976937 
799.00000000 0.37692883 0.22966367 0.09959876 0.11245631 0.10568252 0.03594403 0.03972587 
800.00000000 0.37702411 0.22966034 0.09965196 0.11240407 0.10561999 0.03595696 0.03968257 
801.00000000 0.37711890 0.22965697 0.09970506 0.11235200 0.10555772 0.03596988 0.03963946 
802.00000000 0.37721320 0.22965356 0.09975808 0.11230012 0.10549570 0.03598278 0.03959655 
803.00000000 0.37730702 0.22965011 0.09981101 0.11224842 0.10543393 0.03599568 0.03955382 
804.00000000 0.37740036 0.22964662 0.09986385 0.11219691 0.10537241 0.03600857 0.03951128 
805.00000000 0.37749322 0.22964309 0.09991660 0.11214557 0.10531114 0.03602145 0.03946893 
806.00000000 0.37758560 0.22963951 0.09996926 0.11209442 0.10525013 0.03603431 0.03942676 
807.00000000 0.37767751 0.22963590 0.10002183 0.11204344 0.10518936 0.03604717 0.03938478 
808.00000000 0.37776894 0.22963225 0.10007432 0.11199265 0.10512883 0.03606002 0.03934299 
809.00000000 0.37785991 0.22962855 0.10012671 0.11194203 0.10506855 0.03607286 0.03930138 
810.00000000 0.37795040 0.22962482 0.10017902 0.11189160 0.10500852 0.03608569 0.03925995 
811.00000000 0.37804042 0.22962105 0.10023123 0.11184134 0.10494873 0.03609851 0.03921871 
812.00000000 0.37812998 0.22961724 0.10028336 0.11179126 0.10488918 0.03611132 0.03917765 
813.00000000 0.37821908 0.22961339 0.10033541 0.11174135 0.10482988 0.03612412 0.03913677 
814.00000000 0.37830771 0.22960950 0.10038736 0.11169162 0.10477082 0.03613692 0.03909607 
815.00000000 0.37839589 0.22960558 0.10043923 0.11164207 0.10471199 0.03614970 0.03905554 
816.00000000 0.37848361 0.22960162 0.10049101 0.11159269 0.10465340 0.03616247 0.03901520 
817.00000000 0.37857087 0.22959762 0.10054271 0.11154348 0.10459506 0.03617523 0.03897503 
818.00000000 0.37865768 0.22959358 0.10059432 0.11149445 0.10453694 0.03618798 0.03893504 
819.00000000 0.37874404 0.22958951 0.10064584 0.11144560 0.10447907 0.03620073 0.03889523 
820.00000000 0.37882994 0.22958540 0.10069728 0.11139691 0.10442142 0.03621346 0.03885559 
821.00000000 0.37891540 0.22958125 0.10074863 0.11134840 0.10436401 0.03622618 0.03881613 
822.00000000 0.37900042 0.22957706 0.10079989 0.11130005 0.10430684 0.03623890 0.03877684 
823.00000000 0.37908499 0.22957284 0.10085107 0.11125188 0.10424989 0.03625160 0.03873772 
824.00000000 0.37916912 0.22956859 0.10090217 0.11120388 0.10419318 0.03626429 0.03869877 
825.00000000 0.37925280 0.22956430 0.10095318 0.11115605 0.10413669 0.03627698 0.03866000 
826.00000000 0.37933605 0.22955997 0.10100411 0.11110839 0.10408044 0.03628965 0.03862139 
827.00000000 0.37941887 0.22955561 0.10105495 0.11106089 0.10402441 0.03630232 0.03858295 
828.00000000 0.37950125 0.22955122 0.10110571 0.11101357 0.10396861 0.03631497 0.03854469 
829.00000000 0.37958319 0.22954679 0.10115638 0.11096641 0.10391303 0.03632762 0.03850658 
830.00000000 0.37966471 0.22954232 0.10120698 0.11091941 0.10385768 0.03634025 0.03846865 
831.00000000 0.37974580 0.22953782 0.10125748 0.11087259 0.10380255 0.03635288 0.03843088 
832.00000000 0.37982646 0.22953329 0.10130791 0.11082593 0.10374764 0.03636549 0.03839328 
833.00000000 0.37990669 0.22952872 0.10135825 0.11077943 0.10369296 0.03637810 0.03835585 
834.00000000 0.37998650 0.22952412 0.10140851 0.11073310 0.10363849 0.03639069 0.03831857 
835.00000000 0.38006589 0.22951949 0.10145869 0.11068693 0.10358425 0.03640328 0.03828146 
836.00000000 0.38014487 0.22951482 0.10150878 0.11064093 0.10353022 0.03641586 0.03824451 
837.00000000 0.38022342 0.22951013 0.10155880 0.11059509 0.10347642 0.03642842 0.03820773 
838.00000000 0.38030155 0.22950540 0.10160873 0.11054941 0.10342283 0.03644098 0.03817110 
839.00000000 0.38037928 0.22950063 0.10165858 0.11050390 0.10336945 0.03645353 0.03813464 
840.00000000 0.38045659 0.22949584 0.10170835 0.11045854 0.10331630 0.03646606 0.03809833 
841.00000000 0.38053349 0.22949101 0.10175804 0.11041335 0.10326335 0.03647859 0.03806218 
842.00000000 0.38060998 0.22948615 0.10180764 0.11036831 0.10321062 0.03649111 0.03802619 
843.00000000 0.38068606 0.22948126 0.10185717 0.11032344 0.10315810 0.03650361 0.03799036 
844.00000000 0.38076174 0.22947634 0.10190662 0.11027872 0.10310579 0.03651611 0.03795468 
845.00000000 0.38083701 0.22947139 0.10195598 0.11023416 0.10305370 0.03652860 0.03791916 
846.00000000 0.38091188 0.22946641 0.10200527 0.11018976 0.10300181 0.03654107 0.03788380 
847.00000000 0.38098636 0.22946139 0.10205447 0.11014552 0.10295013 0.03655354 0.03784859 
848.00000000 0.38106043 0.22945635 0.10210360 0.11010143 0.10289866 0.03656600 0.03781353 
849.00000000 0.38113411 0.22945127 0.10215265 0.11005750 0.10284740 0.03657845 0.03777862 
850.00000000 0.38120739 0.22944617 0.10220162 0.11001373 0.10279634 0.03659089 0.03774387 
851.00000000 0.38128028 0.22944104 0.10225050 0.10997011 0.10274549 0.03660331 0.03770927 
852.00000000 0.38135277 0.22943587 0.10229932 0.10992664 0.10269484 0.03661573 0.03767482 
853.00000000 0.38142488 0.22943068 0.10234805 0.10988333 0.10264440 0.03662814 0.03764052 
854.00000000 0.38149660 0.22942546 0.10239670 0.10984018 0.10259416 0.03664054 0.03760636 
855.00000000 0.38156793 0.22942021 0.10244528 0.10979717 0.10254412 0.03665293 0.03757236 
856.00000000 0.38163888 0.22941493 0.10249378 0.10975432 0.10249428 0.03666530 0.03753851 
857.00000000 0.38170945 0.22940963 0.10254220 0.10971162 0.10244464 0.03667767 0.03750480 
858.00000000 0.38177963 0.22940429 0.10259054 0.10966908 0.10239520 0.03669003 0.03747124 
859.00000000 0.38184943 0.22939893 0.10263880 0.10962668 0.10234596 0.03670238 0.03743782 
860.00000000 0.38191886 0.22939354 0.10268699 0.10958443 0.10229692 0.03671472 0.03740455 
861.00000000 0.38198791 0.22938812 0.10273511 0.10954233 0.10224807 0.03672705 0.03737142 
862.00000000 0.38205658 0.22938267 0.10278314 0.10950039 0.10219942 0.03673936 0.03733844 
863.00000000 0.38212488 0.22937720 0.10283110 0.10945859 0.10215096 0.03675167 0.03730560 
864.00000000 0.38219281 0.22937170 0.10287898 0.10941694 0.10210270 0.03676397 0.03727290 
865.00000000 0.38226037 0.22936617 0.10292679 0.10937543 0.10205463 0.03677626 0.03724035 
866.00000000 0.38232756 0.22936061 0.10297452 0.10933408 0.10200676 0.03678854 0.03720793 
867.00000000 0.38239438 0.22935503 0.10302218 0.10929287 0.10195907 0.03680081 0.03717566 
868.00000000 0.38246084 0.22934943 0.10306975 0.10925181 0.10191158 0.03681307 0.03714353 
869.00000000 0.38252694 0.22934379 0.10311726 0.10921089 0.10186427 0.03682531 0.03711153 
870.00000000 0.38259267 0.22933813 0.10316469 0.10917012 0.10181716 0.03683755 0.03707968 
871.00000000 0.38265804 0.22933245 0.10321204 0.10912949 0.10177023 0.03684978 0.03704796 
872.00000000 0.38272306 0.22932674 0.10325932 0.10908901 0.10172349 0.03686200 0.03701638 
873.00000000 0.38278771 0.22932100 0.10330653 0.10904867 0.10167694 0.03687421 0.03698493 
874.00000000 0.38285202 0.22931524 0.10335366 0.10900847 0.10163058 0.03688641 0.03695363 
875.00000000 0.38291596 0.22930945 0.10340072 0.10896842 0.10158440 0.03689860 0.03692245 
876.00000000 0.38297956 0.22930364 0.10344770 0.10892851 0.10153840 0.03691078 0.03689142 
877.00000000 0.38304280 0.22929781 0.10349461 0.10888874 0.10149259 0.03692294 0.03686051 
878.00000000 0.38310569 0.22929194 0.10354145 0.10884911 0.10144696 0.03693510 0.03682974 
879.00000000 0.38316824 0.22928606 0.10358821 0.10880962 0.10140151 0.03694725 0.03679911 
880.00000000 0.38323044 0.22928015 0.10363490 0.10877027 0.10135624 0.03695939 0.03676860 
881.00000000 0.38329229 0.22927422 0.10368152 0.10873106 0.10131116 0.03697152 0.03673823 
882.00000000 0.38335381 0.22926826 0.10372806 0.10869199 0.10126625 0.03698364 0.03670799 
883.00000000 0.38341497 0.22926228 0.10377453 0.10865306 0.10122153 0.03699575 0.03667788 
884.00000000 0.38347580 0.22925628 0.10382093 0.10861427 0.10117698 0.03700785 0.03664789 
885.00000000 0.38353629 0.22925025 0.10386726 0.10857561 0.10113261 0.03701993 0.03661804 
886.00000000 0.38359645 0.22924420 0.10391352 0.10853709 0.10108841 0.03703201 0.03658832 
887.00000000 0.38365626 0.22923813 0.10395970 0.10849871 0.10104439 0.03704408 0.03655872 
888.00000000 0.38371574 0.22923203 0.10400581 0.10846047 0.10100055 0.03705614 0.03652926 
889.00000000 0.38377489 0.22922591 0.10405185 0.10842236 0.10095688 0.03706819 0.03649992 
890.00000000 0.38383371 0.22921977 0.10409782 0.10838438 0.10091338 0.03708023 0.03647070 
891.00000000 0.38389220 0.22921361 0.10414372 0.10834654 0.10087006 0.03709226 0.03644161 
892.00000000 0.38395036 0.22920742 0.10418955 0.10830884 0.10082691 0.03710427 0.03641265 
893.00000000 0.38400819 0.22920122 0.10423530 0.10827126 0.10078393 0.03711628 0.03638381 
894.00000000 0.38406569 0.22919499 0.10428099 0.10823383 0.10074113 0.03712828 0.03635510 
895.00000000 0.38412288 0.22918874 0.10432661 0.10819652 0.10069849 0.03714027 0.03632650 
896.00000000 0.38417974 0.22918246 0.10437215 0.10815935 0.10065602 0.03715225 0.03629804 
897.00000000 0.38423627 0.22917617 0.10441763 0.10812230 0.10061372 0.03716422 0.03626969 
898.00000000 0.38429249 0.22916985 0.10446303 0.10808539 0.10057159 0.03717618 0.03624147 
899.00000000 0.38434839 0.22916352 0.10450837 0.10804861 0.10052962 0.03718812 0.03621336 
900.00000000 0.38440397 0.22915716 0.10455364 0.10801196 0.10048782 0.03720006 0.03618538 
901.00000000 0.38445924 0.22915078 0.10459883 0.10797545 0.10044619 0.03721199 0.03615752 
902.00000000 0.38451419 0.22914439 0.10464396 0.10793906 0.10040472 0.03722391 0.03612978 
903.00000000 0.38456883 0.22913797 0.10468902 0.10790279 0.10036342 0.03723582 0.03610215 
904.00000000 0.38462315 0.22913153 0.10473401 0.10786666 0.10032228 0.03724771 0.03607465 
905.00000000 0.38467717 0.22912507 0.10477893 0.10783066 0.10028130 0.03725960 0.03604726 
906.00000000 0.38473088 0.22911859 0.10482379 0.10779478 0.10024049 0.03727148 0.03601999 
907.00000000 0.38478428 0.22911209 0.10486857 0.10775903 0.10019984 0.03728335 0.03599284 
908.00000000 0.38483737 0.22910558 0.10491329 0.10772341 0.10015935 0.03729521 0.03596581 
909.00000000 0.38489016 0.22909904 0.10495794 0.10768791 0.10011901 0.03730705 0.03593889 
910.00000000 0.38494264 0.22909248 0.10500252 0.10765254 0.10007884 0.03731889 0.03591208 
911.00000000 0.38499483 0.22908591 0.10504703 0.10761729 0.10003883 0.03733072 0.03588539 
912.00000000 0.38504671 0.22907931 0.10509148 0.10758217 0.09999897 0.03734254 0.03585882 
913.00000000 0.38509829 0.22907270 0.10513586 0.10754718 0.09995927 0.03735434 0.03583235 
914.00000000 0.38514958 0.22906606 0.10518017 0.10751230 0.09991973 0.03736614 0.03580600 
915.00000000 0.38520057 0.22905941 0.10522442 0.10747756 0.09988035 0.03737793 0.03577977 
916.00000000 0.38525126 0.22905274 0.10526860 0.10744293 0.09984112 0.03738971 0.03575364 
917.00000000 0.38530166 0.22904606 0.10531271 0.10740843 0.09980204 0.03740147 0.03572763 
918.00000000 0.38535176 0.22903935 0.10535676 0.10737405 0.09976312 0.03741323 0.03570173 
919.00000000 0.38540158 0.22903263 0.10540074 0.10733979 0.09972436 0.03742498 0.03567594 
920.00000000 0.38545110 0.22902588 0.10544465 0.10730565 0.09968574 0.03743672 0.03565026 
921.00000000 0.38550034 0.22901912 0.10548850 0.10727163 0.09964728 0.03744844 0.03562469 
922.00000000 0.38554928 0.22901235 0.10553228 0.10723773 0.09960897 0.03746016 0.03559923 
923.00000000 0.38559794 0.22900555 0.10557599 0.10720396 0.09957081 0.03747187 0.03557388 
924.00000000 0.38564632 0.22899874 0.10561965 0.10717030 0.09953280 0.03748356 0.03554863 
925.00000000 0.38569441 0.22899191 0.10566323 0.10713676 0.09949494 0.03749525 0.03552350 
926.00000000 0.38574222 0.22898506 0.10570675 0.10710334 0.09945723 0.03750693 0.03549847 
927.00000000 0.38578975 0.22897820 0.10575021 0.10707004 0.09941967 0.03751860 0.03547354 
928.00000000 0.38583700 0.22897132 0.10579360 0.10703685 0.09938225 0.03753025 0.03544873 
929.00000000 0.38588397 0.22896442 0.10583692 0.10700379 0.09934499 0.03754190 0.03542402 
930.00000000 0.38593066 0.22895751 0.10588019 0.10697084 0.09930787 0.03755354 0.03539941 
931.00000000 0.38597707 0.22895058 0.10592338 0.10693800 0.09927089 0.03756516 0.03537491 
932.00000000 0.38602321 0.22894363 0.10596652 0.10690528 0.09923406 0.03757678 0.03535051 
933.00000000 0.38606908 0.22893667 0.10600959 0.10687268 0.09919738 0.03758839 0.03532622 
934.00000000 0.38611467 0.22892969 0.10605259 0.10684020 0.09916083 0.03759998 0.03530203 
935.00000000 0.38616000 0.22892270 0.10609553 0.10680782 0.09912444 0.03761157 0.03527795 
936.00000000 0.38620505 0.22891569 0.10613841 0.10677557 0.09908818 0.03762315 0.03525396 
937.00000000 0.38624983 0.22890866 0.10618123 0.10674342 0.09905207 0.03763471 0.03523008 
938.00000000 0.38629435 0.22890162 0.10622398 0.10671139 0.09901610 0.03764627 0.03520630 
939.00000000 0.38633859 0.22889456 0.10626667 0.10667948 0.09898027 0.03765781 0.03518262 
940.00000000 0.38638258 0.22888749 0.10630929 0.10664767 0.09894458 0.03766935 0.03515904 
941.00000000 0.38642630 0.22888040 0.10635185 0.10661598 0.09890903 0.03768088 0.03513557 
942.00000000 0.38646975 0.22887330 0.10639435 0.10658440 0.09887362 0.03769239 0.03511219 
943.00000000 0.38651294 0.22886618 0.10643679 0.10655293 0.09883834 0.03770390 0.03508891 
944.00000000 0.38655588 0.22885905 0.10647917 0.10652157 0.09880321 0.03771540 0.03506573 
945.00000000 0.38659855 0.22885190 0.10652148 0.10649032 0.09876821 0.03772688 0.03504265 
946.00000000 0.38664097 0.22884474 0.10656373 0.10645919 0.09873335 0.03773836 0.03501966 
947.00000000 0.38668312 0.22883757 0.10660592 0.10642816 0.09869863 0.03774982 0.03499678 
948.00000000 0.38672503 0.22883038 0.10664805 0.10639724 0.09866404 0.03776128 0.03497399 
949.00000000 0.38676667 0.22882317 0.10669011 0.10636643 0.09862959 0.03777273 0.03495129 
950.00000000 0.38680807 0.22881596 0.10673212 0.10633573 0.09859527 0.03778416 0.03492870 
951.00000000 0.38684921 0.22880872 0.10677406 0.10630514 0.09856108 0.03779559 0.03490620 
952.00000000 0.38689010 0.22880148 0.10681594 0.10627465 0.09852703 0.03780701 0.03488379 
953.00000000 0.38693074 0.22879422 0.10685776 0.10624428 0.09849311 0.03781841 0.03486148 
954.00000000 0.38697112 0.22878695 0.10689952 0.10621401 0.09845933 0.03782981 0.03483926 
955.00000000 0.38701127 0.22877966 0.10694122 0.10618384 0.09842567 0.03784119 0.03481714 
956.00000000 0.38705116 0.22877236 0.10698286 0.10615378 0.09839215 0.03785257 0.03479511 
957.00000000 0.38709081 0.22876505 0.10702444 0.10612383 0.09835876 0.03786394 0.03477318 
958.00000000 0.38713021 0.22875772 0.10706596 0.10609399 0.09832550 0.03787529 0.03475133 
959.00000000 0.38716937 0.22875038 0.10710742 0.10606424 0.09829236 0.03788664 0.03472958 
960.00000000 0.38720829 0.22874303 0.10714881 0.10603461 0.09825936 0.03789797 0.03470793 
961.00000000 0.38724697 0.22873566 0.10719015 0.10600508 0.09822648 0.03790930 0.03468636 
962.00000000 0.38728540 0.22872829 0.10723143 0.10597565 0.09819374 0.03792062 0.03466488 
963.00000000 0.38732360 0.22872090 0.10727265 0.10594632 0.09816112 0.03793192 0.03464350 
964.00000000 0.38736156 0.22871349 0.10731381 0.10591710 0.09812862 0.03794322 0.03462220 
965.00000000 0.38739928 0.22870608 0.10735491 0.10588798 0.09809626 0.03795450 0.03460100 
966.00000000 0.38743676 0.22869865 0.10739595 0.10585896 0.09806401 0.03796578 0.03457988 
967.00000000 0.38747401 0.22869121 0.10743693 0.10583005 0.09803190 0.03797705 0.03455886 
968.00000000 0.38751103 0.22868376 0.10747785 0.10580123 0.09799991 0.03798830 0.03453792 
969.00000000 0.38754781 0.22867630 0.10751872 0.10577252 0.09796804 0.03799955 0.03451707 
970.00000000 0.38758436 0.22866882 0.10755952 0.10574391 0.09793629 0.03801078 0.03449631 
971.00000000 0.38762069 0.22866133 0.10760027 0.10571539 0.09790467 0.03802201 0.03447564 
972.00000000 0.38765678 0.22865383 0.10764096 0.10568698 0.09787317 0.03803323 0.03445505 
973.00000000 0.38769264 0.22864632 0.10768159 0.10565867 0.09784180 0.03804443 0.03443455 
974.00000000 0.38772827 0.22863880 0.10772216 0.10563046 0.09781054 0.03805563 0.03441414 
975.00000000 0.38776368 0.22863127 0.10776267 0.10560234 0.09777941 0.03806681 0.03439381 
976.00000000 0.38779886 0.22862372 0.10780313 0.10557433 0.09774840 0.03807799 0.03437357 
977.00000000 0.38783382 0.22861617 0.10784353 0.10554641 0.09771750 0.03808916 0.03435341 
978.00000000 0.38786855 0.22860860 0.10788387 0.10551859 0.09768673 0.03810031 0.03433334 
979.00000000 0.38790307 0.22860102 0.10792415 0.10549087 0.09765607 0.03811146 0.03431335 
980.00000000 0.38793736 0.22859344 0.10796438 0.10546324 0.09762554 0.03812260 0.03429345 
981.00000000 0.38797143 0.22858584 0.10800455 0.10543572 0.09759512 0.03813372 0.03427363 
982.00000000 0.38800528 0.22857823 0.10804466 0.10540828 0.09756482 0.03814484 0.03425389 
983.00000000 0.38803891 0.22857061 0.10808472 0.10538095 0.09753463 0.03815595 0.03423424 
984.00000000 0.38807232 0.22856298 0.10812472 0.10535371 0.09750457 0.03816704 0.03421467 
985.00000000 0.38810552 0.22855534 0.10816466 0.10532656 0.09747462 0.03817813 0.03419518 
986.00000000 0.38813850 0.22854769 0.10820455 0.10529951 0.09744478 0.03818921 0.03417577 
987.00000000 0.38817127 0.22854002 0.10824437 0.10527256 0.09741506 0.03820027 0.03415644 
988.00000000 0.38820382 0.22853235 0.10828415 0.10524569 0.09738545 0.03821133 0.03413720 
989.00000000 0.38823616 0.22852467 0.10832386 0.10521893 0.09735596 0.03822238 0.03411804 
990.00000000 0.38826829 0.22851698 0.10836353 0.10519225 0.09732658 0.03823341 0.03409895 
991.00000000 0.38830021 0.22850928 0.10840313 0.10516567 0.09729732 0.03824444 0.03407995 
992.00000000 0.38833192 0.22850157 0.10844268 0.10513918 0.09726816 0.03825546 0.03406103 
993.00000000 0.38836342 0.22849385 0.10848217 0.10511279 0.09723912 0.03826647 0.03404218 
994.00000000 0.38839471 0.22848612 0.10852161 0.10508648 0.09721019 0.03827746 0.03402342 
995.00000000 0.38842580 0.22847838 0.10856099 0.10506027 0.09718138 0.03828845 0.03400473 
996.00000000 0.38845668 0.22847063 0.10860032 0.10503415 0.09715267 0.03829943 0.03398612 
997.00000000 0.38848735 0.22846288 0.10863959 0.10500812 0.09712407 0.03831040 0.03396759 
998.00000000 0.38851782 0.22845511 0.10867881 0.10498218 0.09709558 0.03832135 0.03394914 
999.00000000 0.38854809 0.22844733 0.10871797 0.10495633 0.09706721 0.03833230 0.03393076 
