0.00000000 0.00225937 0.01191697 0.76937613 0.00190601 0.00102365 0.20810004 0.00541781 
1.00000000 0.00205809 0.01037644 0.80260266 0.00163239 0.00095907 0.17827800 0.00409333 
2.00000000 0.00180995 0.00894558 0.83397824 0.00135679 0.00085604 0.15008197 0.00297144 
3.00000000 0.00151965 0.00762262 0.86352373 0.00108440 0.00071958 0.12350208 0.00202795 
4.00000000 0.00119219 0.00640533 0.89126715 0.00081925 0.00055418 0.09852096 0.00124095 
5.00000000 0.00083270 0.00529104 0.91724282 0.00056437 0.00036385 0.07511461 0.00059062 
6.00000000 0.00044642 0.00427671 0.94149046 0.00032194 0.00015219 0.05325314 0.00005914 
7.00000000 0.00003854 0.00335897 0.96405447 0.00009344 -0.00007755 0.03290158 -0.00036945 
8.00000000 -0.00038577 0.00253415 0.98498315 -0.00012023 -0.00032244 0.01402054 -0.00070940 
9.00000000 -0.00082149 0.00179835 1.00432810 -0.00031867 -0.00057980 -0.00343312 -0.00097336 
10.00000000 -0.00126379 0.00114748 1.02214355 -0.00050185 -0.00084720 -0.01950562 -0.00117257 
11.00000000 -0.00170804 0.00057728 1.03848581 -0.00067003 -0.00112239 -0.03424572 -0.00131691 
12.00000000 -0.00214984 0.00008334 1.05341278 -0.00082370 -0.00140331 -0.04770418 -0.00141509 
13.00000000 -0.00258510 -0.00033880 1.06698348 -0.00096354 -0.00168804 -0.05993324 -0.00147474 
14.00000000 -0.00301001 -0.00069370 1.07925758 -0.00109034 -0.00197480 -0.07098623 -0.00150251 
15.00000000 -0.00342105 -0.00098591 1.09029510 -0.00120493 -0.00226194 -0.08091709 -0.00150418 
16.00000000 -0.00381502 -0.00122000 1.10015598 -0.00130823 -0.00254790 -0.08978004 -0.00148477 
17.00000000 -0.00418906 -0.00140053 1.10889984 -0.00140114 -0.00283125 -0.09762926 -0.00144861 
18.00000000 -0.00454059 -0.00153196 1.11658569 -0.00148454 -0.00311064 -0.10451855 -0.00139941 
19.00000000 -0.00486736 -0.00161873 1.12327167 -0.00155929 -0.00338482 -0.11050113 -0.00134035 
20.00000000 -0.00516743 -0.00166513 1.12901487 -0.00162620 -0.00365263 -0.11562935 -0.00127414 
21.00000000 -0.00543912 -0.00167537 1.13387114 -0.00168603 -0.00391300 -0.11995454 -0.00120308 
22.00000000 -0.00568107 -0.00165350 1.13789494 -0.00173947 -0.00416495 -0.12352683 -0.00112910 
23.00000000 -0.00589217 -0.00160345 1.14113919 -0.00178715 -0.00440760 -0.12639498 -0.00105383 
24.00000000 -0.00607157 -0.00152896 1.14365521 -0.00182964 -0.00464015 -0.12860628 -0.00097861 
25.00000000 -0.00621863 -0.00143361 1.14549256 -0.00186742 -0.00486187 -0.13020646 -0.00090456 
26.00000000 -0.00633296 -0.00132080 1.14669905 -0.00190094 -0.00507216 -0.13123961 -0.00083257 
27.00000000 -0.00641438 -0.00119374 1.14732063 -0.00193055 -0.00527047 -0.13174810 -0.00076338 
28.00000000 -0.00646286 -0.00105543 1.14740138 -0.00195658 -0.00545637 -0.13177257 -0.00069758 
29.00000000 -0.00647857 -0.00090869 1.14698348 -0.00197928 -0.00562947 -0.13135186 -0.00063560 
30.00000000 -0.00646183 -0.00075615 1.14610721 -0.00199888 -0.00578952 -0.13052305 -0.00057779 
31.00000000 -0.00641309 -0.00060020 1.14481093 -0.00201554 -0.00593630 -0.12932141 -0.00052439 
32.00000000 -0.00633293 -0.00044308 1.14313112 -0.00202939 -0.00606971 -0.12778045 -0.00047556 
33.00000000 -0.00622202 -0.00028681 1.14110235 -0.00204055 -0.00618969 -0.12593188 -0.00043140 
34.00000000 -0.00608115 -0.00013321 1.13875739 -0.00204909 -0.00629628 -0.12380571 -0.00039194 
35.00000000 -0.00591118 0.00001606 1.13612714 -0.00205507 -0.00638956 -0.12143022 -0.00035718 
36.00000000 -0.00571301 0.00015955 1.13324077 -0.00205852 -0.00646970 -0.11883203 -0.00032705 
37.00000000 -0.00548765 0.00029597 1.13012569 -0.00205948 -0.00653692 -0.11603614 -0.00030147 
38.00000000 -0.00523610 0.00042419 1.12680763 -0.00205797 -0.00659148 -0.11306596 -0.00028032 
39.00000000 -0.00495943 0.00054326 1.12331069 -0.00205398 -0.00663370 -0.10994338 -0.00026347 
40.00000000 -0.00465872 0.00065236 1.11965741 -0.00204755 -0.00666394 -0.10668882 -0.00025074 
41.00000000 -0.00433507 0.00075083 1.11586877 -0.00203867 -0.00668261 -0.10332128 -0.00024198 
42.00000000 -0.00398959 0.00083814 1.11196433 -0.00202735 -0.00669014 -0.09985841 -0.00023698 
43.00000000 -0.00362340 0.00091387 1.10796222 -0.00201361 -0.00668700 -0.09631653 -0.00023556 
44.00000000 -0.00323760 0.00097774 1.10387924 -0.00199748 -0.00667366 -0.09271074 -0.00023751 
45.00000000 -0.00283329 0.00102956 1.09973090 -0.00197897 -0.00665064 -0.08905494 -0.00024262 
46.00000000 -0.00241156 0.00106926 1.09553148 -0.00195813 -0.00661846 -0.08536191 -0.00025068 
47.00000000 -0.00197348 0.00109683 1.09129412 -0.00193498 -0.00657764 -0.08164335 -0.00026149 
48.00000000 -0.00152010 0.00111236 1.08703084 -0.00190959 -0.00652873 -0.07790995 -0.00027483 
49.00000000 -0.00105244 0.00111603 1.08275262 -0.00188201 -0.00647226 -0.07417144 -0.00029049 
50.00000000 -0.00057149 0.00110804 1.07846944 -0.00185231 -0.00640877 -0.07043665 -0.00030826 
51.00000000 -0.00007822 0.00108870 1.07419036 -0.00182055 -0.00633881 -0.06671354 -0.00032795 
52.00000000 0.00042643 0.00105835 1.06992357 -0.00178682 -0.00626288 -0.06300929 -0.00034935 
53.00000000 0.00094156 0.00101735 1.06567641 -0.00175121 -0.00618151 -0.05933032 -0.00037228 
54.00000000 0.00146630 0.00096614 1.06145548 -0.00171381 -0.00609522 -0.05568235 -0.00039655 
55.00000000 0.00199980 0.00090518 1.05726662 -0.00167471 -0.00600447 -0.05207044 -0.00042197 
56.00000000 0.00254127 0.00083493 1.05311502 -0.00163403 -0.00590976 -0.04849904 -0.00044839 
57.00000000 0.00308993 0.00075590 1.04900523 -0.00159186 -0.00581154 -0.04497203 -0.00047563 
58.00000000 0.00364506 0.00066862 1.04494121 -0.00154833 -0.00571024 -0.04149277 -0.00050354 
59.00000000 0.00420594 0.00057361 1.04092640 -0.00150355 -0.00560629 -0.03806413 -0.00053197 
60.00000000 0.00477190 0.00047142 1.03696369 -0.00145762 -0.00550009 -0.03468851 -0.00056079 
61.00000000 0.00534232 0.00036258 1.03305556 -0.00141067 -0.00539200 -0.03136792 -0.00058986 
62.00000000 0.00591658 0.00024765 1.02920403 -0.00136282 -0.00528240 -0.02810398 -0.00061906 
63.00000000 0.00649412 0.00012716 1.02541072 -0.00131419 -0.00517161 -0.02489793 -0.00064827 
64.00000000 0.00707438 0.00000166 1.02167691 -0.00126488 -0.00505994 -0.02175074 -0.00067740 
65.00000000 0.00765687 -0.00012832 1.01800355 -0.00121502 -0.00494769 -0.01866305 -0.00070634 
66.00000000 0.00824109 -0.00026225 1.01439127 -0.00116471 -0.00483513 -0.01563526 -0.00073501 
67.00000000 0.00882659 -0.00039964 1.01084045 -0.00111408 -0.00472250 -0.01266750 -0.00076333 
68.00000000 0.00941294 -0.00053996 1.00735122 -0.00106322 -0.00461004 -0.00975971 -0.00079123 
69.00000000 0.00999974 -0.00068275 1.00392347 -0.00101225 -0.00449795 -0.00691163 -0.00081863 
70.00000000 0.01058661 -0.00082752 1.00055691 -0.00096125 -0.00438643 -0.00412283 -0.00084549 
71.00000000 0.01117319 -0.00097383 0.99725108 -0.00091034 -0.00427564 -0.00139270 -0.00087176 
72.00000000 0.01175916 -0.00112123 0.99400534 -0.00085960 -0.00416575 0.00127946 -0.00089738 
73.00000000 0.01234419 -0.00126930 0.99081893 -0.00080912 -0.00405688 0.00389451 -0.00092233 
74.00000000 0.01292801 -0.00141764 0.98769096 -0.00075899 -0.00394917 0.00645340 -0.00094658 
75.00000000 0.01351035 -0.00156587 0.98462045 -0.00070928 -0.00384271 0.00895715 -0.00097009 
76.00000000 0.01409095 -0.00171362 0.98160631 -0.00066008 -0.00373760 0.01140689 -0.00099285 
77.00000000 0.01466958 -0.00186053 0.97864738 -0.00061144 -0.00363392 0.01380378 -0.00101485 
78.00000000 0.01524604 -0.00200630 0.97574245 -0.00056344 -0.00353173 0.01614906 -0.00103607 
79.00000000 0.01582011 -0.00215059 0.97289025 -0.00051614 -0.00343109 0.01844398 -0.00105652 
80.00000000 0.01639162 -0.00229312 0.97008946 -0.00046959 -0.00333205 0.02068986 -0.00107618 
81.00000000 0.01696041 -0.00243362 0.96733874 -0.00042384 -0.00323463 0.02288802 -0.00109507 
82.00000000 0.01752631 -0.00257182 0.96463672 -0.00037895 -0.00313886 0.02503979 -0.00111318 
83.00000000 0.01808919 -0.00270749 0.96198202 -0.00033494 -0.00304477 0.02714652 -0.00113053 
84.00000000 0.01864891 -0.00284041 0.95937327 -0.00029186 -0.00295234 0.02920956 -0.00114713 
85.00000000 0.01920538 -0.00297037 0.95680906 -0.00024974 -0.00286159 0.03123026 -0.00116299 
86.00000000 0.01975847 -0.00309718 0.95428802 -0.00020862 -0.00277252 0.03320996 -0.00117813 
87.00000000 0.02030810 -0.00322067 0.95180878 -0.00016851 -0.00268510 0.03514997 -0.00119256 
88.00000000 0.02085418 -0.00334068 0.94936998 -0.00012944 -0.00259933 0.03705160 -0.00120631 
89.00000000 0.02139664 -0.00345706 0.94697028 -0.00009142 -0.00251519 0.03891614 -0.00121940 
90.00000000 0.02193542 -0.00356969 0.94460837 -0.00005447 -0.00243265 0.04074485 -0.00123184 
91.00000000 0.02247045 -0.00367844 0.94228296 -0.00001860 -0.00235167 0.04253896 -0.00124366 
92.00000000 0.02300169 -0.00378322 0.93999280 0.00001619 -0.00227225 0.04429966 -0.00125488 
93.00000000 0.02352910 -0.00388392 0.93773665 0.00004988 -0.00219433 0.04602815 -0.00126553 
94.00000000 0.02405264 -0.00398048 0.93551332 0.00008248 -0.00211788 0.04772555 -0.00127563 
95.00000000 0.02457228 -0.00407282 0.93332165 0.00011399 -0.00204287 0.04939297 -0.00128520 
96.00000000 0.02508801 -0.00416088 0.93116051 0.00014441 -0.00196926 0.05103148 -0.00129427 
97.00000000 0.02559981 -0.00424462 0.92902881 0.00017375 -0.00189701 0.05264212 -0.00130286 
98.00000000 0.02610767 -0.00432400 0.92692551 0.00020201 -0.00182608 0.05422589 -0.00131099 
99.00000000 0.02661158 -0.00439899 0.92484958 0.00022920 -0.00175642 0.05578375 -0.00131869 
100.00000000 0.02711154 -0.00446956 0.92280005 0.00025534 -0.00168800 0.05731662 -0.00132598 
101.00000000 0.02760756 -0.00453571 0.92077599 0.00028044 -0.00162078 0.05882540 -0.00133288 
102.00000000 0.02809964 -0.00459743 0.91877648 0.00030451 -0.00155471 0.06031093 -0.00133941 
103.00000000 0.02858780 -0.00465472 0.91680067 0.00032757 -0.00148976 0.06177404 -0.00134560 
104.00000000 0.02907204 -0.00470759 0.91484773 0.00034963 -0.00142588 0.06321551 -0.00135145 
105.00000000 0.02955240 -0.00475605 0.91291687 0.00037072 -0.00136303 0.06463608 -0.00135699 
106.00000000 0.03002889 -0.00480013 0.91100734 0.00039085 -0.00130118 0.06603647 -0.00136224 
107.00000000 0.03050153 -0.00483984 0.90911841 0.00041005 -0.00124029 0.06741736 -0.00136722 
108.00000000 0.03097036 -0.00487523 0.90724939 0.00042832 -0.00118031 0.06877939 -0.00137193 
109.00000000 0.03143539 -0.00490632 0.90539965 0.00044570 -0.00112122 0.07012319 -0.00137640 
110.00000000 0.03189667 -0.00493315 0.90356855 0.00046221 -0.00106298 0.07144932 -0.00138063 
111.00000000 0.03235422 -0.00495577 0.90175552 0.00047787 -0.00100556 0.07275837 -0.00138465 
112.00000000 0.03280808 -0.00497422 0.89995998 0.00049269 -0.00094891 0.07405083 -0.00138846 
113.00000000 0.03325829 -0.00498855 0.89818141 0.00050671 -0.00089302 0.07532723 -0.00139207 
114.00000000 0.03370488 -0.00499881 0.89641931 0.00051995 -0.00083785 0.07658802 -0.00139550 
115.00000000 0.03414789 -0.00500507 0.89467321 0.00053243 -0.00078337 0.07783367 -0.00139876 
116.00000000 0.03458736 -0.00500737 0.89294265 0.00054417 -0.00072955 0.07906458 -0.00140184 
117.00000000 0.03502334 -0.00500577 0.89122722 0.00055519 -0.00067636 0.08028116 -0.00140477 
118.00000000 0.03545586 -0.00500034 0.88952651 0.00056552 -0.00062379 0.08148378 -0.00140754 
119.00000000 0.03588497 -0.00499113 0.88784014 0.00057519 -0.00057180 0.08267280 -0.00141017 
120.00000000 0.03631070 -0.00497822 0.88616777 0.00058421 -0.00052037 0.08384856 -0.00141266 
121.00000000 0.03673312 -0.00496165 0.88450905 0.00059261 -0.00046948 0.08501137 -0.00141501 
122.00000000 0.03715225 -0.00494151 0.88286368 0.00060040 -0.00041911 0.08616153 -0.00141724 
123.00000000 0.03756814 -0.00491786 0.88123134 0.00060762 -0.00036923 0.08729932 -0.00141933 
124.00000000 0.03798084 -0.00489076 0.87961177 0.00061428 -0.00031983 0.08842500 -0.00142130 
125.00000000 0.03839039 -0.00486028 0.87800471 0.00062041 -0.00027090 0.08953882 -0.00142314 
126.00000000 0.03879683 -0.00482649 0.87640989 0.00062602 -0.00022240 0.09064101 -0.00142487 
127.00000000 0.03920022 -0.00478945 0.87482709 0.00063114 -0.00017433 0.09173180 -0.00142647 
128.00000000 0.03960059 -0.00474924 0.87325610 0.00063578 -0.00012667 0.09281140 -0.00142796 
129.00000000 0.03999800 -0.00470592 0.87169670 0.00063998 -0.00007941 0.09387998 -0.00142933 
130.00000000 0.04039247 -0.00465955 0.87014871 0.00064373 -0.00003253 0.09493775 -0.00143058 
131.00000000 0.04078407 -0.00461021 0.86861193 0.00064708 0.00001399 0.09598487 -0.00143172 
132.00000000 0.04117284 -0.00455796 0.86708620 0.00065002 0.00006015 0.09702150 -0.00143274 
133.00000000 0.04155880 -0.00450287 0.86557135 0.00065259 0.00010596 0.09804781 -0.00143364 
134.00000000 0.04194203 -0.00444500 0.86406724 0.00065480 0.00015144 0.09906392 -0.00143443 
135.00000000 0.04232254 -0.00438442 0.86257371 0.00065667 0.00019660 0.10006999 -0.00143509 
136.00000000 0.04270039 -0.00432119 0.86109064 0.00065821 0.00024145 0.10106614 -0.00143564 
137.00000000 0.04307562 -0.00425537 0.85961789 0.00065944 0.00028599 0.10205249 -0.00143606 
138.00000000 0.04344827 -0.00418703 0.85815534 0.00066038 0.00033024 0.10302917 -0.00143637 
139.00000000 0.04381839 -0.00411623 0.85670288 0.00066104 0.00037420 0.10399627 -0.00143654 
140.00000000 0.04418600 -0.00404303 0.85526039 0.00066143 0.00041789 0.10495391 -0.00143660 
141.00000000 0.04455116 -0.00396749 0.85382777 0.00066158 0.00046131 0.10590218 -0.00143652 
142.00000000 0.04491391 -0.00388966 0.85240493 0.00066150 0.00050446 0.10684119 -0.00143632 
143.00000000 0.04527428 -0.00380962 0.85099176 0.00066119 0.00054736 0.10777102 -0.00143599 
144.00000000 0.04563231 -0.00372740 0.84958817 0.00066068 0.00059001 0.10869175 -0.00143552 
145.00000000 0.04598804 -0.00364308 0.84819409 0.00065998 0.00063241 0.10960349 -0.00143493 
146.00000000 0.04634151 -0.00355670 0.84680942 0.00065910 0.00067458 0.11050630 -0.00143420 
147.00000000 0.04669275 -0.00346832 0.84543408 0.00065805 0.00071652 0.11140026 -0.00143333 
148.00000000 0.04704181 -0.00337800 0.84406799 0.00065684 0.00075823 0.11228546 -0.00143233 
149.00000000 0.04738871 -0.00328577 0.84271109 0.00065549 0.00079972 0.11316195 -0.00143119 
150.00000000 0.04773350 -0.00319170 0.84136329 0.00065401 0.00084099 0.11402982 -0.00142991 
151.00000000 0.04807621 -0.00309584 0.84002453 0.00065240 0.00088205 0.11488914 -0.00142849 
152.00000000 0.04841687 -0.00299823 0.83869473 0.00065068 0.00092291 0.11573996 -0.00142693 
153.00000000 0.04875552 -0.00289892 0.83737383 0.00064886 0.00096357 0.11658236 -0.00142523 
154.00000000 0.04909219 -0.00279796 0.83606176 0.00064695 0.00100403 0.11741641 -0.00142338 
155.00000000 0.04942692 -0.00269539 0.83475846 0.00064496 0.00104429 0.11824216 -0.00142139 
156.00000000 0.04975972 -0.00259126 0.83346386 0.00064290 0.00108437 0.11905967 -0.00141926 
157.00000000 0.05009065 -0.00248562 0.83217790 0.00064077 0.00112427 0.11986902 -0.00141699 
158.00000000 0.05041972 -0.00237850 0.83090052 0.00063859 0.00116398 0.12067026 -0.00141457 
159.00000000 0.05074698 -0.00226995 0.82963166 0.00063636 0.00120352 0.12146345 -0.00141201 
160.00000000 0.05107244 -0.00216001 0.82837125 0.00063409 0.00124288 0.12224865 -0.00140930 
161.00000000 0.05139614 -0.00204872 0.82711923 0.00063179 0.00128208 0.12302593 -0.00140645 
162.00000000 0.05171811 -0.00193611 0.82587555 0.00062947 0.00132111 0.12379533 -0.00140346 
163.00000000 0.05203837 -0.00182224 0.82464015 0.00062714 0.00135998 0.12455692 -0.00140032 
164.00000000 0.05235696 -0.00170712 0.82341296 0.00062480 0.00139870 0.12531075 -0.00139704 
165.00000000 0.05267389 -0.00159081 0.82219393 0.00062245 0.00143725 0.12605689 -0.00139361 
166.00000000 0.05298921 -0.00147333 0.82098301 0.00062012 0.00147566 0.12679538 -0.00139005 
167.00000000 0.05330293 -0.00135473 0.81978012 0.00061779 0.00151393 0.12752630 -0.00138634 
168.00000000 0.05361508 -0.00123503 0.81858522 0.00061549 0.00155205 0.12824969 -0.00138250 
169.00000000 0.05392569 -0.00111426 0.81739824 0.00061321 0.00159003 0.12896562 -0.00137852 
170.00000000 0.05423477 -0.00099247 0.81621913 0.00061096 0.00162787 0.12967413 -0.00137439 
171.00000000 0.05454236 -0.00086968 0.81504783 0.00060875 0.00166558 0.13037529 -0.00137014 
172.00000000 0.05484848 -0.00074592 0.81388428 0.00060658 0.00170316 0.13106916 -0.00136574 
173.00000000 0.05515316 -0.00062123 0.81272842 0.00060446 0.00174062 0.13175578 -0.00136122 
174.00000000 0.05545640 -0.00049562 0.81158021 0.00060239 0.00177795 0.13243522 -0.00135656 
175.00000000 0.05575825 -0.00036914 0.81043956 0.00060038 0.00181517 0.13310754 -0.00135177 
176.00000000 0.05605872 -0.00024181 0.80930644 0.00059844 0.00185226 0.13377279 -0.00134685 
177.00000000 0.05635783 -0.00011365 0.80818079 0.00059656 0.00188925 0.13443102 -0.00134180 
178.00000000 0.05665560 0.00001530 0.80706254 0.00059476 0.00192612 0.13508230 -0.00133663 
179.00000000 0.05695206 0.00014503 0.80595163 0.00059303 0.00196289 0.13572668 -0.00133133 
180.00000000 0.05724723 0.00027550 0.80484802 0.00059139 0.00199956 0.13636422 -0.00132591 
181.00000000 0.05754112 0.00040669 0.80375164 0.00058983 0.00203612 0.13699498 -0.00132037 
182.00000000 0.05783375 0.00053858 0.80266243 0.00058836 0.00207259 0.13761900 -0.00131472 
183.00000000 0.05812515 0.00067114 0.80158034 0.00058699 0.00210897 0.13823635 -0.00130894 
184.00000000 0.05841534 0.00080435 0.80050531 0.00058571 0.00214525 0.13884708 -0.00130305 
185.00000000 0.05870432 0.00093819 0.79943729 0.00058454 0.00218145 0.13945125 -0.00129705 
186.00000000 0.05899213 0.00107264 0.79837621 0.00058347 0.00221756 0.14004892 -0.00129094 
187.00000000 0.05927878 0.00120767 0.79732202 0.00058251 0.00225359 0.14064014 -0.00128472 
188.00000000 0.05956428 0.00134327 0.79627467 0.00058167 0.00228954 0.14122496 -0.00127839 
189.00000000 0.05984866 0.00147940 0.79523409 0.00058094 0.00232542 0.14180345 -0.00127195 
190.00000000 0.06013193 0.00161607 0.79420023 0.00058032 0.00236122 0.14237565 -0.00126542 
191.00000000 0.06041411 0.00175323 0.79317303 0.00057983 0.00239695 0.14294163 -0.00125878 
192.00000000 0.06069521 0.00189089 0.79215243 0.00057947 0.00243261 0.14350144 -0.00125205 
193.00000000 0.06097525 0.00202901 0.79113839 0.00057923 0.00246821 0.14405512 -0.00124522 
194.00000000 0.06125425 0.00216758 0.79013085 0.00057913 0.00250375 0.14460275 -0.00123830 
195.00000000 0.06153222 0.00230658 0.78912974 0.00057915 0.00253923 0.14514436 -0.00123128 
196.00000000 0.06180917 0.00244599 0.78813501 0.00057932 0.00257465 0.14568003 -0.00122417 
197.00000000 0.06208513 0.00258581 0.78714662 0.00057962 0.00261001 0.14620979 -0.00121698 
198.00000000 0.06236010 0.00272600 0.78616450 0.00058006 0.00264533 0.14673370 -0.00120970 
199.00000000 0.06263410 0.00286656 0.78518860 0.00058065 0.00268059 0.14725182 -0.00120233 
200.00000000 0.06290715 0.00300748 0.78421886 0.00058138 0.00271581 0.14776420 -0.00119488 
201.00000000 0.06317925 0.00314873 0.78325524 0.00058227 0.00275098 0.14827089 -0.00118736 
202.00000000 0.06345043 0.00329030 0.78229767 0.00058330 0.00278611 0.14877194 -0.00117975 
203.00000000 0.06372069 0.00343217 0.78134611 0.00058448 0.00282120 0.14926742 -0.00117207 
204.00000000 0.06399005 0.00357434 0.78040050 0.00058582 0.00285625 0.14975736 -0.00116431 
205.00000000 0.06425851 0.00371679 0.77946078 0.00058731 0.00289127 0.15024181 -0.00115648 
206.00000000 0.06452610 0.00385950 0.77852692 0.00058897 0.00292625 0.15072084 -0.00114858 
207.00000000 0.06479283 0.00400247 0.77759885 0.00059078 0.00296120 0.15119449 -0.00114061 
208.00000000 0.06505870 0.00414567 0.77667652 0.00059275 0.00299612 0.15166281 -0.00113258 
209.00000000 0.06532373 0.00428910 0.77575988 0.00059489 0.00303102 0.15212586 -0.00112447 
210.00000000 0.06558793 0.00443275 0.77484888 0.00059719 0.00306588 0.15258367 -0.00111631 
211.00000000 0.06585131 0.00457661 0.77394347 0.00059966 0.00310073 0.15303630 -0.00110808 
212.00000000 0.06611388 0.00472065 0.77304361 0.00060229 0.00313555 0.15348381 -0.00109979 
213.00000000 0.06637566 0.00486488 0.77214923 0.00060510 0.00317035 0.15392623 -0.00109144 
214.00000000 0.06663665 0.00500928 0.77126029 0.00060807 0.00320513 0.15436361 -0.00108304 
215.00000000 0.06689687 0.00515384 0.77037674 0.00061122 0.00323989 0.15479601 -0.00107457 
216.00000000 0.06715632 0.00529855 0.76949854 0.00061454 0.00327464 0.15522347 -0.00106606 
217.00000000 0.06741502 0.00544340 0.76862563 0.00061803 0.00330937 0.15564604 -0.00105749 
218.00000000 0.06767297 0.00558837 0.76775797 0.00062170 0.00334409 0.15606376 -0.00104887 
219.00000000 0.06793018 0.00573347 0.76689551 0.00062555 0.00337880 0.15647668 -0.00104020 
220.00000000 0.06818667 0.00587868 0.76603820 0.00062957 0.00341351 0.15688485 -0.00103148 
221.00000000 0.06844244 0.00602400 0.76518599 0.00063377 0.00344820 0.15728831 -0.00102271 
222.00000000 0.06869751 0.00616940 0.76433885 0.00063815 0.00348288 0.15768711 -0.00101390 
223.00000000 0.06895188 0.00631489 0.76349672 0.00064271 0.00351756 0.15808128 -0.00100504 
224.00000000 0.06920555 0.00646046 0.76265955 0.00064744 0.00355224 0.15847089 -0.00099614 
225.00000000 0.06945855 0.00660610 0.76182731 0.00065236 0.00358691 0.15885596 -0.00098719 
226.00000000 0.06971088 0.00675180 0.76099995 0.00065747 0.00362158 0.15923654 -0.00097821 
227.00000000 0.06996254 0.00689754 0.76017742 0.00066275 0.00365625 0.15961268 -0.00096918 
228.00000000 0.07021354 0.00704334 0.75935968 0.00066822 0.00369092 0.15998442 -0.00096012 
229.00000000 0.07046390 0.00718917 0.75854669 0.00067387 0.00372559 0.16035180 -0.00095101 
230.00000000 0.07071361 0.00733504 0.75773840 0.00067971 0.00376026 0.16071485 -0.00094187 
231.00000000 0.07096270 0.00748093 0.75693477 0.00068573 0.00379493 0.16107364 -0.00093270 
232.00000000 0.07121116 0.00762683 0.75613577 0.00069194 0.00382961 0.16142818 -0.00092348 
233.00000000 0.07145900 0.00777275 0.75534133 0.00069833 0.00386429 0.16177854 -0.00091424 
234.00000000 0.07170623 0.00791867 0.75455144 0.00070491 0.00389898 0.16212473 -0.00090496 
235.00000000 0.07195286 0.00806459 0.75376604 0.00071167 0.00393367 0.16246681 -0.00089564 
236.00000000 0.07219890 0.00821050 0.75298509 0.00071862 0.00396837 0.16280482 -0.00088630 
237.00000000 0.07244434 0.00835640 0.75220855 0.00072576 0.00400308 0.16313879 -0.00087693 
238.00000000 0.07268921 0.00850228 0.75143639 0.00073308 0.00403780 0.16346877 -0.00086752 
239.00000000 0.07293349 0.00864814 0.75066856 0.00074059 0.00407252 0.16379478 -0.00085809 
240.00000000 0.07317721 0.00879396 0.74990503 0.00074829 0.00410726 0.16411688 -0.00084862 
241.00000000 0.07342037 0.00893975 0.74914575 0.00075617 0.00414200 0.16443509 -0.00083913 
242.00000000 0.07366297 0.00908550 0.74839068 0.00076425 0.00417676 0.16474945 -0.00082962 
243.00000000 0.07390502 0.00923121 0.74763980 0.00077250 0.00421153 0.16506001 -0.00082007 
244.00000000 0.07414653 0.00937687 0.74689306 0.00078095 0.00424631 0.16536679 -0.00081050 
245.00000000 0.07438750 0.00952247 0.74615042 0.00078959 0.00428110 0.16566984 -0.00080091 
246.00000000 0.07462793 0.00966801 0.74541185 0.00079841 0.00431590 0.16596919 -0.00079129 
247.00000000 0.07486784 0.00981349 0.74467731 0.00080742 0.00435072 0.16626487 -0.00078165 
248.00000000 0.07510723 0.00995890 0.74394676 0.00081661 0.00438555 0.16655692 -0.00077198 
249.00000000 0.07534611 0.01010424 0.74322017 0.00082599 0.00442040 0.16684538 -0.00076229 
250.00000000 0.07558447 0.01024950 0.74249750 0.00083556 0.00445526 0.16713028 -0.00075258 
251.00000000 0.07582233 0.01039469 0.74177872 0.00084532 0.00449013 0.16741165 -0.00074284 
252.00000000 0.07605969 0.01053979 0.74106379 0.00085526 0.00452502 0.16768953 -0.00073309 
253.00000000 0.07629656 0.01068481 0.74035268 0.00086539 0.00455992 0.16796395 -0.00072331 
254.00000000 0.07653294 0.01082974 0.73964535 0.00087570 0.00459484 0.16823495 -0.00071352 
255.00000000 0.07676883 0.01097457 0.73894177 0.00088620 0.00462978 0.16850255 -0.00070370 
256.00000000 0.07700425 0.01111930 0.73824191 0.00089688 0.00466473 0.16876680 -0.00069387 
257.00000000 0.07723919 0.01126394 0.73754572 0.00090775 0.00469969 0.16902771 -0.00068401 
258.00000000 0.07747366 0.01140847 0.73685319 0.00091881 0.00473468 0.16928533 -0.00067414 
259.00000000 0.07770766 0.01155290 0.73616427 0.00093004 0.00476968 0.16953969 -0.00066425 
260.00000000 0.07794121 0.01169722 0.73547894 0.00094146 0.00480469 0.16979082 -0.00065434 
261.00000000 0.07817429 0.01184143 0.73479716 0.00095307 0.00483972 0.17003874 -0.00064441 
262.00000000 0.07840693 0.01198552 0.73411889 0.00096486 0.00487477 0.17028349 -0.00063447 
263.00000000 0.07863912 0.01212949 0.73344412 0.00097682 0.00490984 0.17052510 -0.00062450 
264.00000000 0.07887087 0.01227335 0.73277281 0.00098898 0.00494492 0.17076360 -0.00061453 
265.00000000 0.07910217 0.01241709 0.73210492 0.00100131 0.00498002 0.17099903 -0.00060453 
266.00000000 0.07933304 0.01256070 0.73144042 0.00101382 0.00501514 0.17123140 -0.00059452 
267.00000000 0.07956348 0.01270418 0.73077930 0.00102651 0.00505028 0.17146074 -0.00058450 
268.00000000 0.07979350 0.01284754 0.73012150 0.00103939 0.00508543 0.17168710 -0.00057446 
269.00000000 0.08002309 0.01299077 0.72946702 0.00105244 0.00512060 0.17191049 -0.00056440 
270.00000000 0.08025226 0.01313386 0.72881581 0.00106567 0.00515579 0.17213095 -0.00055433 
271.00000000 0.08048101 0.01327682 0.72816785 0.00107908 0.00519099 0.17234850 -0.00054425 
272.00000000 0.08070936 0.01341964 0.72752310 0.00109267 0.00522621 0.17256317 -0.00053415 
273.00000000 0.08093729 0.01356233 0.72688155 0.00110643 0.00526145 0.17277499 -0.00052403 
274.00000000 0.08116482 0.01370487 0.72624316 0.00112037 0.00529671 0.17298398 -0.00051391 
275.00000000 0.08139195 0.01384727 0.72560790 0.00113449 0.00533198 0.17319018 -0.00050377 
276.00000000 0.08161867 0.01398954 0.72497575 0.00114878 0.00536727 0.17339361 -0.00049361 
277.00000000 0.08184501 0.01413165 0.72434667 0.00116324 0.00540258 0.17359429 -0.00048345 
278.00000000 0.08207095 0.01427362 0.72372065 0.00117788 0.00543790 0.17379226 -0.00047327 
279.00000000 0.08229651 0.01441544 0.72309765 0.00119270 0.00547324 0.17398753 -0.00046308 
280.00000000 0.08252168 0.01455712 0.72247765 0.00120768 0.00550860 0.17418014 -0.00045287 
281.00000000 0.08274647 0.01469864 0.72186062 0.00122284 0.00554398 0.17437011 -0.00044265 
282.00000000 0.08297088 0.01484002 0.72124653 0.00123816 0.00557937 0.17455747 -0.00043242 
283.00000000 0.08319491 0.01498124 0.72063536 0.00125366 0.00561478 0.17474223 -0.00042218 
284.00000000 0.08341857 0.01512230 0.72002709 0.00126933 0.00565021 0.17492444 -0.00041193 
285.00000000 0.08364186 0.01526322 0.71942168 0.00128517 0.00568565 0.17510410 -0.00040167 
286.00000000 0.08386479 0.01540397 0.71881911 0.00130117 0.00572111 0.17528124 -0.00039139 
287.00000000 0.08408735 0.01554457 0.71821936 0.00131734 0.00575658 0.17545590 -0.00038110 
288.00000000 0.08430955 0.01568501 0.71762240 0.00133368 0.00579208 0.17562809 -0.00037081 
289.00000000 0.08453139 0.01582530 0.71702821 0.00135019 0.00582758 0.17579784 -0.00036050 
290.00000000 0.08475287 0.01596542 0.71643676 0.00136686 0.00586311 0.17596516 -0.00035018 
291.00000000 0.08497400 0.01610539 0.71584803 0.00138369 0.00589865 0.17613009 -0.00033985 
292.00000000 0.08519478 0.01624519 0.71526199 0.00140069 0.00593420 0.17629265 -0.00032951 
293.00000000 0.08541522 0.01638484 0.71467863 0.00141785 0.00596977 0.17645285 -0.00031916 
294.00000000 0.08563530 0.01652432 0.71409792 0.00143517 0.00600536 0.17661073 -0.00030879 
295.00000000 0.08585505 0.01666363 0.71351982 0.00145266 0.00604096 0.17676630 -0.00029842 
296.00000000 0.08607445 0.01680279 0.71294433 0.00147030 0.00607658 0.17691959 -0.00028804 
297.00000000 0.08629352 0.01694178 0.71237142 0.00148811 0.00611221 0.17707061 -0.00027765 
298.00000000 0.08651225 0.01708060 0.71180107 0.00150607 0.00614786 0.17721940 -0.00026725 
299.00000000 0.08673065 0.01721926 0.71123325 0.00152420 0.00618352 0.17736597 -0.00025684 
300.00000000 0.08694871 0.01735776 0.71066794 0.00154248 0.00621919 0.17751034 -0.00024642 
301.00000000 0.08716645 0.01749609 0.71010512 0.00156091 0.00625488 0.17765253 -0.00023599 
302.00000000 0.08738386 0.01763425 0.70954477 0.00157951 0.00629059 0.17779258 -0.00022555 
303.00000000 0.08760095 0.01777225 0.70898686 0.00159826 0.00632631 0.17793048 -0.00021511 
304.00000000 0.08781771 0.01791008 0.70843138 0.00161716 0.00636204 0.17806628 -0.00020465 
305.00000000 0.08803416 0.01804774 0.70787830 0.00163621 0.00639779 0.17819998 -0.00019419 
306.00000000 0.08825028 0.01818524 0.70732761 0.00165542 0.00643355 0.17833161 -0.00018371 
307.00000000 0.08846610 0.01832257 0.70677928 0.00167479 0.00646932 0.17846119 -0.00017323 
308.00000000 0.08868159 0.01845973 0.70623329 0.00169430 0.00650511 0.17858873 -0.00016274 
309.00000000 0.08889678 0.01859672 0.70568962 0.00171396 0.00654091 0.17871426 -0.00015224 
310.00000000 0.08911165 0.01873354 0.70514825 0.00173377 0.00657672 0.17883780 -0.00014173 
311.00000000 0.08932622 0.01887020 0.70460917 0.00175373 0.00661254 0.17895936 -0.00013122 
312.00000000 0.08954048 0.01900668 0.70407234 0.00177384 0.00664838 0.17907897 -0.00012069 
313.00000000 0.08975444 0.01914300 0.70353776 0.00179410 0.00668423 0.17919664 -0.00011016 
314.00000000 0.08996809 0.01927915 0.70300539 0.00181450 0.00672009 0.17931239 -0.00009962 
315.00000000 0.09018145 0.01941513 0.70247523 0.00183505 0.00675597 0.17942624 -0.00008908 
316.00000000 0.09039450 0.01955095 0.70194726 0.00185574 0.00679186 0.17953821 -0.00007852 
317.00000000 0.09060726 0.01968659 0.70142145 0.00187658 0.00682776 0.17964832 -0.00006796 
318.00000000 0.09081973 0.01982206 0.70089778 0.00189756 0.00686367 0.17975659 -0.00005739 
319.00000000 0.09103190 0.01995737 0.70037625 0.00191868 0.00689959 0.17986303 -0.00004681 
320.00000000 0.09124378 0.02009251 0.69985682 0.00193995 0.00693552 0.17996766 -0.00003623 
321.00000000 0.09145536 0.02022747 0.69933948 0.00196135 0.00697146 0.18007049 -0.00002563 
322.00000000 0.09166667 0.02036227 0.69882422 0.00198290 0.00700742 0.18017156 -0.00001503 
323.00000000 0.09187768 0.02049691 0.69831101 0.00200458 0.00704338 0.18027086 -0.00000443 
324.00000000 0.09208841 0.02063137 0.69779984 0.00202640 0.00707936 0.18036843 0.00000619 
325.00000000 0.09229885 0.02076566 0.69729069 0.00204836 0.00711535 0.18046427 0.00001681 
326.00000000 0.09250902 0.02089979 0.69678354 0.00207046 0.00715134 0.18055841 0.00002744 
327.00000000 0.09271890 0.02103375 0.69627838 0.00209269 0.00718735 0.18065086 0.00003807 
328.00000000 0.09292851 0.02116754 0.69577519 0.00211506 0.00722336 0.18074163 0.00004871 
329.00000000 0.09313783 0.02130117 0.69527394 0.00213756 0.00725939 0.18083075 0.00005936 
330.00000000 0.09334688 0.02143462 0.69477463 0.00216020 0.00729543 0.18091822 0.00007001 
331.00000000 0.09355566 0.02156791 0.69427724 0.00218297 0.00733147 0.18100407 0.00008067 
332.00000000 0.09376416 0.02170104 0.69378176 0.00220587 0.00736753 0.18108831 0.00009134 
333.00000000 0.09397240 0.02183399 0.69328815 0.00222890 0.00740359 0.18117096 0.00010201 
334.00000000 0.09418036 0.02196678 0.69279642 0.00225206 0.00743966 0.18125203 0.00011269 
335.00000000 0.09438805 0.02209940 0.69230654 0.00227535 0.00747574 0.18133153 0.00012338 
336.00000000 0.09459548 0.02223186 0.69181849 0.00229878 0.00751183 0.18140949 0.00013407 
337.00000000 0.09480264 0.02236415 0.69133227 0.00232232 0.00754793 0.18148591 0.00014477 
338.00000000 0.09500953 0.02249628 0.69084786 0.00234600 0.00758403 0.18156082 0.00015547 
339.00000000 0.09521617 0.02262824 0.69036523 0.00236980 0.00762015 0.18163423 0.00016618 
340.00000000 0.09542254 0.02276004 0.68988439 0.00239373 0.00765627 0.18170614 0.00017690 
341.00000000 0.09562864 0.02289167 0.68940530 0.00241779 0.00769240 0.18177658 0.00018762 
342.00000000 0.09583449 0.02302314 0.68892796 0.00244196 0.00772853 0.18184557 0.00019834 
343.00000000 0.09604009 0.02315445 0.68845234 0.00246627 0.00776468 0.18191310 0.00020908 
344.00000000 0.09624542 0.02328559 0.68797845 0.00249069 0.00780083 0.18197921 0.00021982 
345.00000000 0.09645050 0.02341657 0.68750626 0.00251524 0.00783699 0.18204390 0.00023056 
346.00000000 0.09665532 0.02354738 0.68703575 0.00253990 0.00787315 0.18210718 0.00024131 
347.00000000 0.09685989 0.02367804 0.68656692 0.00256469 0.00790933 0.18216908 0.00025206 
348.00000000 0.09706421 0.02380853 0.68609974 0.00258960 0.00794550 0.18222960 0.00026282 
349.00000000 0.09726827 0.02393886 0.68563421 0.00261463 0.00798169 0.18228875 0.00027359 
350.00000000 0.09747209 0.02406903 0.68517031 0.00263977 0.00801788 0.18234656 0.00028436 
351.00000000 0.09767566 0.02419904 0.68470803 0.00266503 0.00805408 0.18240303 0.00029513 
352.00000000 0.09787898 0.02432888 0.68424735 0.00269041 0.00809028 0.18245818 0.00030591 
353.00000000 0.09808205 0.02445857 0.68378827 0.00271591 0.00812649 0.18251202 0.00031670 
354.00000000 0.09828488 0.02458810 0.68333076 0.00274152 0.00816271 0.18256456 0.00032749 
355.00000000 0.09848746 0.02471747 0.68287481 0.00276724 0.00819893 0.18261581 0.00033828 
356.00000000 0.09868980 0.02484668 0.68242041 0.00279308 0.00823515 0.18266579 0.00034908 
357.00000000 0.09889190 0.02497573 0.68196755 0.00281903 0.00827138 0.18271452 0.00035988 
358.00000000 0.09909375 0.02510463 0.68151622 0.00284510 0.00830762 0.18276199 0.00037069 
359.00000000 0.09929537 0.02523336 0.68106639 0.00287127 0.00834386 0.18280824 0.00038151 
360.00000000 0.09949674 0.02536194 0.68061807 0.00289756 0.00838011 0.18285325 0.00039232 
361.00000000 0.09969788 0.02549036 0.68017123 0.00292396 0.00841636 0.18289706 0.00040315 
362.00000000 0.09989878 0.02561863 0.67972587 0.00295047 0.00845261 0.18293967 0.00041397 
363.00000000 0.10009944 0.02574674 0.67928197 0.00297708 0.00848887 0.18298109 0.00042480 
364.00000000 0.10029987 0.02587470 0.67883952 0.00300381 0.00852514 0.18302133 0.00043564 
365.00000000 0.10050006 0.02600250 0.67839850 0.00303064 0.00856140 0.18306041 0.00044648 
366.00000000 0.10070002 0.02613015 0.67795892 0.00305758 0.00859768 0.18309834 0.00045732 
367.00000000 0.10089975 0.02625764 0.67752074 0.00308462 0.00863395 0.18313513 0.00046817 
368.00000000 0.10109925 0.02638498 0.67708397 0.00311177 0.00867023 0.18317078 0.00047902 
369.00000000 0.10129851 0.02651216 0.67664859 0.00313902 0.00870651 0.18320532 0.00048988 
370.00000000 0.10149754 0.02663920 0.67621459 0.00316638 0.00874280 0.18323875 0.00050074 
371.00000000 0.10169635 0.02676608 0.67578196 0.00319384 0.00877909 0.18327108 0.00051160 
372.00000000 0.10189493 0.02689281 0.67535068 0.00322141 0.00881538 0.18330233 0.00052247 
373.00000000 0.10209328 0.02701939 0.67492075 0.00324907 0.00885168 0.18333250 0.00053334 
374.00000000 0.10229140 0.02714581 0.67449215 0.00327684 0.00888798 0.18336160 0.00054422 
375.00000000 0.10248930 0.02727209 0.67406488 0.00330471 0.00892428 0.18338965 0.00055509 
376.00000000 0.10268697 0.02739822 0.67363892 0.00333268 0.00896058 0.18341666 0.00056598 
377.00000000 0.10288442 0.02752420 0.67321426 0.00336074 0.00899689 0.18344263 0.00057686 
378.00000000 0.10308165 0.02765003 0.67279089 0.00338891 0.00903320 0.18346758 0.00058775 
379.00000000 0.10327865 0.02777571 0.67236880 0.00341717 0.00906951 0.18349151 0.00059864 
380.00000000 0.10347543 0.02790124 0.67194798 0.00344553 0.00910583 0.18351444 0.00060954 
381.00000000 0.10367199 0.02802663 0.67152842 0.00347399 0.00914214 0.18353638 0.00062044 
382.00000000 0.10386834 0.02815187 0.67111011 0.00350255 0.00917846 0.18355733 0.00063134 
383.00000000 0.10406446 0.02827696 0.67069304 0.00353120 0.00921478 0.18357731 0.00064225 
384.00000000 0.10426036 0.02840191 0.67027720 0.00355994 0.00925110 0.18359633 0.00065316 
385.00000000 0.10445605 0.02852671 0.66986258 0.00358878 0.00928743 0.18361439 0.00066407 
386.00000000 0.10465152 0.02865137 0.66944916 0.00361771 0.00932375 0.18363150 0.00067499 
387.00000000 0.10484677 0.02877588 0.66903695 0.00364674 0.00936008 0.18364768 0.00068591 
388.00000000 0.10504181 0.02890025 0.66862592 0.00367585 0.00939640 0.18366294 0.00069683 
389.00000000 0.10523663 0.02902447 0.66821608 0.00370506 0.00943273 0.18367727 0.00070775 
390.00000000 0.10543124 0.02914855 0.66780740 0.00373436 0.00946906 0.18369070 0.00071868 
391.00000000 0.10562564 0.02927249 0.66739989 0.00376375 0.00950539 0.18370322 0.00072961 
392.00000000 0.10581983 0.02939629 0.66699353 0.00379323 0.00954172 0.18371486 0.00074055 
393.00000000 0.10601380 0.02951994 0.66658831 0.00382280 0.00957806 0.18372561 0.00075148 
394.00000000 0.10620756 0.02964345 0.66618423 0.00385246 0.00961439 0.18373549 0.00076242 
395.00000000 0.10640111 0.02976683 0.66578126 0.00388220 0.00965072 0.18374451 0.00077336 
396.00000000 0.10659445 0.02989006 0.66537942 0.00391204 0.00968705 0.18375267 0.00078431 
397.00000000 0.10678758 0.03001315 0.66497868 0.00394196 0.00972339 0.18375999 0.00079525 
398.00000000 0.10698051 0.03013611 0.66457903 0.00397196 0.00975972 0.18376646 0.00080620 
399.00000000 0.10717322 0.03025892 0.66418048 0.00400206 0.00979606 0.18377211 0.00081715 
400.00000000 0.10736573 0.03038160 0.66378300 0.00403223 0.00983239 0.18377693 0.00082811 
401.00000000 0.10755804 0.03050413 0.66338660 0.00406249 0.00986873 0.18378094 0.00083906 
402.00000000 0.10775013 0.03062654 0.66299126 0.00409284 0.00990506 0.18378415 0.00085002 
403.00000000 0.10794203 0.03074880 0.66259697 0.00412327 0.00994139 0.18378655 0.00086098 
404.00000000 0.10813371 0.03087093 0.66220373 0.00415378 0.00997773 0.18378817 0.00087195 
405.00000000 0.10832520 0.03099292 0.66181153 0.00418437 0.01001406 0.18378901 0.00088291 
406.00000000 0.10851648 0.03111478 0.66142036 0.00421505 0.01005039 0.18378907 0.00089388 
407.00000000 0.10870756 0.03123650 0.66103021 0.00424580 0.01008672 0.18378836 0.00090485 
408.00000000 0.10889843 0.03135808 0.66064107 0.00427664 0.01012306 0.18378690 0.00091582 
409.00000000 0.10908911 0.03147954 0.66025293 0.00430756 0.01015939 0.18378468 0.00092680 
410.00000000 0.10927958 0.03160085 0.65986580 0.00433855 0.01019571 0.18378173 0.00093777 
411.00000000 0.10946986 0.03172204 0.65947965 0.00436963 0.01023204 0.18377803 0.00094875 
412.00000000 0.10965993 0.03184309 0.65909449 0.00440078 0.01026837 0.18377361 0.00095973 
413.00000000 0.10984981 0.03196401 0.65871029 0.00443201 0.01030470 0.18376847 0.00097071 
414.00000000 0.11003948 0.03208480 0.65832707 0.00446332 0.01034102 0.18376261 0.00098169 
415.00000000 0.11022896 0.03220546 0.65794481 0.00449470 0.01037734 0.18375604 0.00099268 
416.00000000 0.11041824 0.03232599 0.65756349 0.00452616 0.01041367 0.18374878 0.00100367 
417.00000000 0.11060733 0.03244638 0.65718312 0.00455770 0.01044999 0.18374082 0.00101465 
418.00000000 0.11079622 0.03256665 0.65680369 0.00458931 0.01048631 0.18373218 0.00102564 
419.00000000 0.11098491 0.03268679 0.65642518 0.00462100 0.01052262 0.18372286 0.00103664 
420.00000000 0.11117341 0.03280679 0.65604760 0.00465276 0.01055894 0.18371287 0.00104763 
421.00000000 0.11136172 0.03292667 0.65567094 0.00468459 0.01059525 0.18370221 0.00105862 
422.00000000 0.11154983 0.03304642 0.65529518 0.00471650 0.01063156 0.18369089 0.00106962 
423.00000000 0.11173774 0.03316605 0.65492032 0.00474847 0.01066787 0.18367892 0.00108062 
424.00000000 0.11192547 0.03328554 0.65454636 0.00478052 0.01070418 0.18366631 0.00109162 
425.00000000 0.11211300 0.03340491 0.65417328 0.00481265 0.01074049 0.18365306 0.00110262 
426.00000000 0.11230034 0.03352415 0.65380109 0.00484484 0.01077679 0.18363917 0.00111362 
427.00000000 0.11248749 0.03364327 0.65342976 0.00487710 0.01081309 0.18362466 0.00112462 
428.00000000 0.11267444 0.03376226 0.65305931 0.00490944 0.01084939 0.18360953 0.00113563 
429.00000000 0.11286121 0.03388113 0.65268971 0.00494184 0.01088569 0.18359379 0.00114663 
430.00000000 0.11304779 0.03399987 0.65232097 0.00497431 0.01092198 0.18357744 0.00115764 
431.00000000 0.11323418 0.03411849 0.65195308 0.00500685 0.01095827 0.18356049 0.00116865 
432.00000000 0.11342037 0.03423698 0.65158603 0.00503946 0.01099456 0.18354294 0.00117966 
433.00000000 0.11360639 0.03435535 0.65121981 0.00507213 0.01103085 0.18352481 0.00119067 
434.00000000 0.11379221 0.03447360 0.65085442 0.00510488 0.01106713 0.18350609 0.00120168 
435.00000000 0.11397784 0.03459172 0.65048985 0.00513768 0.01110341 0.18348680 0.00121269 
436.00000000 0.11416329 0.03470972 0.65012610 0.00517056 0.01113969 0.18346694 0.00122370 
437.00000000 0.11434856 0.03482760 0.64976315 0.00520350 0.01117596 0.18344651 0.00123472 
438.00000000 0.11453363 0.03494536 0.64940101 0.00523650 0.01121223 0.18342552 0.00124573 
439.00000000 0.11471852 0.03506300 0.64903967 0.00526957 0.01124850 0.18340398 0.00125675 
440.00000000 0.11490323 0.03518052 0.64867912 0.00530271 0.01128477 0.18338189 0.00126776 
441.00000000 0.11508775 0.03529792 0.64831936 0.00533591 0.01132103 0.18335926 0.00127878 
442.00000000 0.11527209 0.03541519 0.64796037 0.00536917 0.01135729 0.18333609 0.00128980 
443.00000000 0.11545625 0.03553235 0.64760216 0.00540249 0.01139354 0.18331239 0.00130082 
444.00000000 0.11564022 0.03564939 0.64724472 0.00543588 0.01142979 0.18328817 0.00131184 
445.00000000 0.11582401 0.03576632 0.64688803 0.00546933 0.01146604 0.18326342 0.00132286 
446.00000000 0.11600761 0.03588312 0.64653211 0.00550283 0.01150228 0.18323816 0.00133388 
447.00000000 0.11619104 0.03599981 0.64617694 0.00553640 0.01153853 0.18321239 0.00134490 
448.00000000 0.11637428 0.03611638 0.64582251 0.00557004 0.01157476 0.18318612 0.00135592 
449.00000000 0.11655734 0.03623283 0.64546882 0.00560373 0.01161100 0.18315934 0.00136694 
450.00000000 0.11674023 0.03634916 0.64511587 0.00563748 0.01164723 0.18313208 0.00137796 
451.00000000 0.11692293 0.03646538 0.64476364 0.00567129 0.01168345 0.18310432 0.00138898 
452.00000000 0.11710545 0.03658149 0.64441214 0.00570515 0.01171967 0.18307608 0.00140001 
453.00000000 0.11728779 0.03669748 0.64406136 0.00573908 0.01175589 0.18304736 0.00141103 
454.00000000 0.11746996 0.03681335 0.64371130 0.00577307 0.01179211 0.18301817 0.00142205 
455.00000000 0.11765195 0.03692911 0.64336194 0.00580711 0.01182832 0.18298850 0.00143308 
456.00000000 0.11783375 0.03704476 0.64301328 0.00584121 0.01186452 0.18295838 0.00144410 
457.00000000 0.11801538 0.03716029 0.64266532 0.00587536 0.01190072 0.18292779 0.00145513 
458.00000000 0.11819684 0.03727571 0.64231805 0.00590957 0.01193692 0.18289675 0.00146615 
459.00000000 0.11837812 0.03739102 0.64197148 0.00594384 0.01197311 0.18286526 0.00147718 
460.00000000 0.11855922 0.03750621 0.64162558 0.00597817 0.01200930 0.18283332 0.00148820 
461.00000000 0.11874014 0.03762129 0.64128036 0.00601254 0.01204549 0.18280095 0.00149923 
462.00000000 0.11892089 0.03773626 0.64093582 0.00604698 0.01208167 0.18276814 0.00151025 
463.00000000 0.11910147 0.03785112 0.64059194 0.00608146 0.01211784 0.18273489 0.00152128 
464.00000000 0.11928187 0.03796587 0.64024873 0.00611600 0.01215401 0.18270122 0.00153230 
465.00000000 0.11946209 0.03808050 0.63990618 0.00615060 0.01219018 0.18266713 0.00154332 
466.00000000 0.11964215 0.03819503 0.63956428 0.00618524 0.01222634 0.18263262 0.00155435 
467.00000000 0.11982202 0.03830944 0.63922303 0.00621994 0.01226250 0.18259769 0.00156537 
468.00000000 0.12000173 0.03842375 0.63888242 0.00625469 0.01229865 0.18256236 0.00157640 
469.00000000 0.12018126 0.03853795 0.63854246 0.00628950 0.01233480 0.18252662 0.00158742 
470.00000000 0.12036062 0.03865204 0.63820313 0.00632435 0.01237094 0.18249048 0.00159845 
471.00000000 0.12053981 0.03876601 0.63786443 0.00635926 0.01240708 0.18245394 0.00160947 
472.00000000 0.12071883 0.03887989 0.63752636 0.00639421 0.01244321 0.18241701 0.00162050 
473.00000000 0.12089767 0.03899365 0.63718891 0.00642922 0.01247934 0.18237969 0.00163152 
474.00000000 0.12107635 0.03910731 0.63685208 0.00646427 0.01251546 0.18234199 0.00164254 
475.00000000 0.12125485 0.03922085 0.63651586 0.00649938 0.01255158 0.18230391 0.00165357 
476.00000000 0.12143319 0.03933430 0.63618025 0.00653453 0.01258769 0.18226545 0.00166459 
477.00000000 0.12161135 0.03944763 0.63584525 0.00656974 0.01262380 0.18222662 0.00167561 
478.00000000 0.12178935 0.03956086 0.63551085 0.00660499 0.01265990 0.18218742 0.00168663 
479.00000000 0.12196717 0.03967399 0.63517705 0.00664029 0.01269599 0.18214786 0.00169765 
480.00000000 0.12214483 0.03978700 0.63484383 0.00667563 0.01273209 0.18210794 0.00170867 
481.00000000 0.12232232 0.03989992 0.63451121 0.00671103 0.01276817 0.18206766 0.00171969 
482.00000000 0.12249964 0.04001273 0.63417917 0.00674647 0.01280425 0.18202702 0.00173071 
483.00000000 0.12267680 0.04012543 0.63384771 0.00678196 0.01284033 0.18198604 0.00174173 
484.00000000 0.12285378 0.04023803 0.63351683 0.00681749 0.01287640 0.18194472 0.00175275 
485.00000000 0.12303060 0.04035053 0.63318652 0.00685307 0.01291246 0.18190305 0.00176377 
486.00000000 0.12320725 0.04046292 0.63285678 0.00688869 0.01294852 0.18186104 0.00177479 
487.00000000 0.12338374 0.04057521 0.63252761 0.00692436 0.01298458 0.18181870 0.00178580 
488.00000000 0.12356006 0.04068739 0.63219900 0.00696008 0.01302062 0.18177603 0.00179682 
489.00000000 0.12373622 0.04079948 0.63187094 0.00699583 0.01305666 0.18173303 0.00180784 
490.00000000 0.12391221 0.04091146 0.63154344 0.00703164 0.01309270 0.18168971 0.00181885 
491.00000000 0.12408803 0.04102334 0.63121648 0.00706748 0.01312873 0.18164606 0.00182986 
492.00000000 0.12426370 0.04113512 0.63089008 0.00710337 0.01316476 0.18160210 0.00184088 
493.00000000 0.12443919 0.04124680 0.63056421 0.00713930 0.01320078 0.18155783 0.00185189 
494.00000000 0.12461453 0.04135837 0.63023889 0.00717528 0.01323679 0.18151325 0.00186290 
495.00000000 0.12478969 0.04146985 0.62991410 0.00721130 0.01327280 0.18146836 0.00187391 
496.00000000 0.12496470 0.04158122 0.62958984 0.00724736 0.01330880 0.18142316 0.00188492 
497.00000000 0.12513954 0.04169250 0.62926611 0.00728346 0.01334479 0.18137767 0.00189593 
498.00000000 0.12531423 0.04180367 0.62894290 0.00731960 0.01338078 0.18133188 0.00190694 
499.00000000 0.12548874 0.04191475 0.62862022 0.00735578 0.01341677 0.18128580 0.00191795 
500.00000000 0.12566310 0.04202573 0.62829805 0.00739201 0.01345274 0.18123942 0.00192895 
501.00000000 0.12583730 0.04213661 0.62797640 0.00742827 0.01348871 0.18119276 0.00193996 
502.00000000 0.12601133 0.04224739 0.62765526 0.00746457 0.01352468 0.18114581 0.00195096 
503.00000000 0.12618520 0.04235807 0.62733463 0.00750092 0.01356064 0.18109859 0.00196196 
504.00000000 0.12635891 0.04246865 0.62701450 0.00753730 0.01359659 0.18105108 0.00197297 
505.00000000 0.12653247 0.04257914 0.62669487 0.00757372 0.01363254 0.18100330 0.00198397 
506.00000000 0.12670586 0.04268952 0.62637574 0.00761018 0.01366848 0.18095525 0.00199497 
507.00000000 0.12687909 0.04279982 0.62605710 0.00764668 0.01370441 0.18090693 0.00200597 
508.00000000 0.12705216 0.04291001 0.62573896 0.00768322 0.01374034 0.18085835 0.00201696 
509.00000000 0.12722508 0.04302011 0.62542131 0.00771979 0.01377626 0.18080950 0.00202796 
510.00000000 0.12739783 0.04313011 0.62510414 0.00775640 0.01381217 0.18076039 0.00203895 
511.00000000 0.12757043 0.04324002 0.62478745 0.00779305 0.01384808 0.18071102 0.00204995 
512.00000000 0.12774287 0.04334983 0.62447124 0.00782974 0.01388398 0.18066140 0.00206094 
513.00000000 0.12791515 0.04345954 0.62415551 0.00786646 0.01391988 0.18061153 0.00207193 
514.00000000 0.12808727 0.04356916 0.62384025 0.00790322 0.01395577 0.18056141 0.00208292 
515.00000000 0.12825924 0.04367869 0.62352546 0.00794002 0.01399165 0.18051104 0.00209391 
516.00000000 0.12843104 0.04378812 0.62321114 0.00797685 0.01402753 0.18046043 0.00210490 
517.00000000 0.12860270 0.04389745 0.62289728 0.00801371 0.01406339 0.18040958 0.00211589 
518.00000000 0.12877419 0.04400669 0.62258388 0.00805061 0.01409926 0.18035850 0.00212687 
519.00000000 0.12894553 0.04411584 0.62227094 0.00808755 0.01413511 0.18030717 0.00213785 
520.00000000 0.12911671 0.04422490 0.62195846 0.00812452 0.01417096 0.18025562 0.00214884 
521.00000000 0.12928774 0.04433386 0.62164643 0.00816152 0.01420680 0.18020383 0.00215982 
522.00000000 0.12945861 0.04444273 0.62133485 0.00819856 0.01424264 0.18015182 0.00217080 
523.00000000 0.12962933 0.04455150 0.62102371 0.00823563 0.01427847 0.18009958 0.00218178 
524.00000000 0.12979990 0.04466018 0.62071303 0.00827273 0.01431429 0.18004712 0.00219275 
525.00000000 0.12997030 0.04476878 0.62040278 0.00830987 0.01435010 0.17999444 0.00220373 
526.00000000 0.13014056 0.04487727 0.62009297 0.00834704 0.01438591 0.17994154 0.00221470 
527.00000000 0.13031066 0.04498568 0.61978360 0.00838425 0.01442171 0.17988843 0.00222567 
528.00000000 0.13048061 0.04509400 0.61947466 0.00842148 0.01445751 0.17983511 0.00223664 
529.00000000 0.13065040 0.04520222 0.61916615 0.00845875 0.01449329 0.17978157 0.00224761 
530.00000000 0.13082004 0.04531036 0.61885807 0.00849605 0.01452907 0.17972783 0.00225858 
531.00000000 0.13098953 0.04541840 0.61855042 0.00853338 0.01456484 0.17967389 0.00226955 
532.00000000 0.13115886 0.04552635 0.61824319 0.00857074 0.01460061 0.17961974 0.00228051 
533.00000000 0.13132805 0.04563421 0.61793638 0.00860813 0.01463637 0.17956539 0.00229147 
534.00000000 0.13149708 0.04574199 0.61762999 0.00864555 0.01467212 0.17951084 0.00230243 
535.00000000 0.13166596 0.04584967 0.61732401 0.00868300 0.01470787 0.17945610 0.00231339 
536.00000000 0.13183469 0.04595726 0.61701845 0.00872049 0.01474360 0.17940116 0.00232435 
537.00000000 0.13200326 0.04606477 0.61671330 0.00875800 0.01477933 0.17934603 0.00233531 
538.00000000 0.13217169 0.04617218 0.61640856 0.00879554 0.01481506 0.17929071 0.00234626 
539.00000000 0.13233997 0.04627951 0.61610422 0.00883311 0.01485077 0.17923521 0.00235721 
540.00000000 0.13250809 0.04638674 0.61580029 0.00887071 0.01488648 0.17917952 0.00236817 
541.00000000 0.13267607 0.04649389 0.61549676 0.00890834 0.01492218 0.17912365 0.00237911 
542.00000000 0.13284389 0.04660095 0.61519363 0.00894600 0.01495787 0.17906760 0.00239006 
543.00000000 0.13301157 0.04670793 0.61489089 0.00898368 0.01499356 0.17901137 0.00240101 
544.00000000 0.13317910 0.04681481 0.61458855 0.00902139 0.01502924 0.17895496 0.00241195 
545.00000000 0.13334647 0.04692161 0.61428660 0.00905913 0.01506491 0.17889838 0.00242289 
546.00000000 0.13351370 0.04702832 0.61398504 0.00909690 0.01510057 0.17884163 0.00243383 
547.00000000 0.13368078 0.04713495 0.61368387 0.00913470 0.01513623 0.17878470 0.00244477 
548.00000000 0.13384772 0.04724148 0.61338308 0.00917252 0.01517188 0.17872761 0.00245571 
549.00000000 0.13401450 0.04734793 0.61308268 0.00921037 0.01520752 0.17867035 0.00246664 
550.00000000 0.13418114 0.04745430 0.61278266 0.00924824 0.01524316 0.17861293 0.00247758 
551.00000000 0.13434763 0.04756058 0.61248301 0.00928614 0.01527878 0.17855535 0.00248851 
552.00000000 0.13451397 0.04766677 0.61218375 0.00932407 0.01531440 0.17849761 0.00249944 
553.00000000 0.13468016 0.04777288 0.61188486 0.00936202 0.01535001 0.17843971 0.00251036 
554.00000000 0.13484621 0.04787890 0.61158634 0.00940000 0.01538562 0.17838165 0.00252129 
555.00000000 0.13501211 0.04798483 0.61128819 0.00943801 0.01542121 0.17832344 0.00253221 
556.00000000 0.13517787 0.04809069 0.61099041 0.00947603 0.01545680 0.17826507 0.00254313 
557.00000000 0.13534348 0.04819645 0.61069299 0.00951409 0.01549238 0.17820655 0.00255405 
558.00000000 0.13550894 0.04830213 0.61039595 0.00955217 0.01552795 0.17814789 0.00256497 
559.00000000 0.13567426 0.04840773 0.61009926 0.00959027 0.01556352 0.17808908 0.00257589 
560.00000000 0.13583943 0.04851324 0.60980293 0.00962839 0.01559908 0.17803012 0.00258680 
561.00000000 0.13600446 0.04861867 0.60950696 0.00966654 0.01563463 0.17797102 0.00259771 
562.00000000 0.13616934 0.04872402 0.60921135 0.00970472 0.01567017 0.17791178 0.00260862 
563.00000000 0.13633408 0.04882928 0.60891610 0.00974291 0.01570570 0.17785240 0.00261953 
564.00000000 0.13649868 0.04893446 0.60862119 0.00978113 0.01574123 0.17779288 0.00263043 
565.00000000 0.13666313 0.04903956 0.60832664 0.00981938 0.01577675 0.17773322 0.00264133 
566.00000000 0.13682743 0.04914457 0.60803244 0.00985764 0.01581226 0.17767343 0.00265224 
567.00000000 0.13699160 0.04924950 0.60773858 0.00989593 0.01584776 0.17761350 0.00266314 
568.00000000 0.13715562 0.04935435 0.60744507 0.00993424 0.01588325 0.17755345 0.00267403 
569.00000000 0.13731949 0.04945911 0.60715190 0.00997257 0.01591874 0.17749326 0.00268493 
570.00000000 0.13748323 0.04956379 0.60685907 0.01001093 0.01595422 0.17743295 0.00269582 
571.00000000 0.13764682 0.04966839 0.60656658 0.01004930 0.01598969 0.17737251 0.00270671 
572.00000000 0.13781027 0.04977291 0.60627443 0.01008770 0.01602515 0.17731194 0.00271760 
573.00000000 0.13797357 0.04987735 0.60598262 0.01012612 0.01606060 0.17725125 0.00272848 
574.00000000 0.13813674 0.04998171 0.60569114 0.01016455 0.01609605 0.17719044 0.00273937 
575.00000000 0.13829976 0.05008598 0.60540000 0.01020301 0.01613149 0.17712951 0.00275025 
576.00000000 0.13846264 0.05019017 0.60510918 0.01024149 0.01616692 0.17706846 0.00276113 
577.00000000 0.13862538 0.05029429 0.60481870 0.01027999 0.01620234 0.17700729 0.00277201 
578.00000000 0.13878798 0.05039832 0.60452854 0.01031851 0.01623775 0.17694601 0.00278288 
579.00000000 0.13895044 0.05050227 0.60423871 0.01035706 0.01627316 0.17688461 0.00279376 
580.00000000 0.13911276 0.05060614 0.60394920 0.01039562 0.01630856 0.17682310 0.00280463 
581.00000000 0.13927493 0.05070993 0.60366002 0.01043419 0.01634395 0.17676148 0.00281549 
582.00000000 0.13943697 0.05081365 0.60337116 0.01047279 0.01637933 0.17669975 0.00282636 
583.00000000 0.13959887 0.05091728 0.60308261 0.01051141 0.01641470 0.17663791 0.00283722 
584.00000000 0.13976063 0.05102083 0.60279439 0.01055005 0.01645006 0.17657596 0.00284809 
585.00000000 0.13992224 0.05112430 0.60250648 0.01058870 0.01648542 0.17651391 0.00285895 
586.00000000 0.14008372 0.05122769 0.60221888 0.01062738 0.01652077 0.17645175 0.00286980 
587.00000000 0.14024506 0.05133101 0.60193160 0.01066607 0.01655611 0.17638949 0.00288066 
588.00000000 0.14040626 0.05143424 0.60164463 0.01070478 0.01659144 0.17632713 0.00289151 
589.00000000 0.14056733 0.05153740 0.60135797 0.01074351 0.01662676 0.17626467 0.00290236 
590.00000000 0.14072825 0.05164048 0.60107162 0.01078225 0.01666207 0.17620211 0.00291321 
591.00000000 0.14088904 0.05174348 0.60078558 0.01082101 0.01669738 0.17613946 0.00292405 
592.00000000 0.14104969 0.05184640 0.60049984 0.01085979 0.01673268 0.17607671 0.00293490 
593.00000000 0.14121020 0.05194924 0.60021441 0.01089859 0.01676796 0.17601386 0.00294574 
594.00000000 0.14137057 0.05205201 0.59992928 0.01093740 0.01680324 0.17595092 0.00295658 
595.00000000 0.14153081 0.05215470 0.59964445 0.01097623 0.01683852 0.17588789 0.00296741 
596.00000000 0.14169090 0.05225731 0.59935992 0.01101508 0.01687378 0.17582476 0.00297825 
597.00000000 0.14185087 0.05235984 0.59907569 0.01105395 0.01690903 0.17576155 0.00298908 
598.00000000 0.14201069 0.05246230 0.59879175 0.01109282 0.01694428 0.17569825 0.00299991 
599.00000000 0.14217038 0.05256468 0.59850811 0.01113172 0.01697952 0.17563486 0.00301073 
600.00000000 0.14232993 0.05266698 0.59822477 0.01117063 0.01701475 0.17557139 0.00302156 
601.00000000 0.14248935 0.05276920 0.59794172 0.01120956 0.01704997 0.17550783 0.00303238 
602.00000000 0.14264863 0.05287135 0.59765896 0.01124850 0.01708518 0.17544418 0.00304320 
603.00000000 0.14280778 0.05297343 0.59737649 0.01128746 0.01712038 0.17538046 0.00305401 
604.00000000 0.14296679 0.05307542 0.59709431 0.01132643 0.01715557 0.17531665 0.00306483 
605.00000000 0.14312566 0.05317734 0.59681241 0.01136542 0.01719076 0.17525277 0.00307564 
606.00000000 0.14328440 0.05327919 0.59653080 0.01140442 0.01722594 0.17518880 0.00308645 
607.00000000 0.14344301 0.05338095 0.59624948 0.01144344 0.01726110 0.17512476 0.00309726 
608.00000000 0.14360148 0.05348265 0.59596844 0.01148247 0.01729626 0.17506064 0.00310806 
609.00000000 0.14375981 0.05358426 0.59568769 0.01152151 0.01733141 0.17499645 0.00311886 
610.00000000 0.14391802 0.05368581 0.59540721 0.01156057 0.01736656 0.17493218 0.00312966 
611.00000000 0.14407608 0.05378727 0.59512701 0.01159964 0.01740169 0.17486784 0.00314046 
612.00000000 0.14423402 0.05388866 0.59484710 0.01163873 0.01743681 0.17480342 0.00315125 
613.00000000 0.14439182 0.05398998 0.59456746 0.01167783 0.01747193 0.17473894 0.00316205 
614.00000000 0.14454949 0.05409122 0.59428809 0.01171694 0.01750703 0.17467439 0.00317284 
615.00000000 0.14470702 0.05419239 0.59400900 0.01175607 0.01754213 0.17460976 0.00318362 
616.00000000 0.14486442 0.05429348 0.59373019 0.01179520 0.01757722 0.17454507 0.00319441 
617.00000000 0.14502169 0.05439450 0.59345165 0.01183436 0.01761230 0.17448031 0.00320519 
618.00000000 0.14517883 0.05449545 0.59317337 0.01187352 0.01764737 0.17441549 0.00321597 
619.00000000 0.14533584 0.05459632 0.59289537 0.01191270 0.01768243 0.17435060 0.00322674 
620.00000000 0.14549271 0.05469712 0.59261764 0.01195188 0.01771749 0.17428565 0.00323752 
621.00000000 0.14564945 0.05479784 0.59234018 0.01199108 0.01775253 0.17422063 0.00324829 
622.00000000 0.14580606 0.05489849 0.59206298 0.01203030 0.01778756 0.17415555 0.00325906 
623.00000000 0.14596253 0.05499907 0.59178605 0.01206952 0.01782259 0.17409042 0.00326983 
624.00000000 0.14611888 0.05509957 0.59150938 0.01210876 0.01785761 0.17402522 0.00328059 
625.00000000 0.14627509 0.05520000 0.59123298 0.01214801 0.01789261 0.17395996 0.00329135 
626.00000000 0.14643118 0.05530036 0.59095683 0.01218726 0.01792761 0.17389465 0.00330211 
627.00000000 0.14658713 0.05540064 0.59068095 0.01222653 0.01796260 0.17382928 0.00331287 
628.00000000 0.14674295 0.05550085 0.59040533 0.01226581 0.01799758 0.17376385 0.00332362 
629.00000000 0.14689865 0.05560099 0.59012997 0.01230511 0.01803255 0.17369837 0.00333437 
630.00000000 0.14705421 0.05570106 0.58985487 0.01234441 0.01806752 0.17363283 0.00334512 
631.00000000 0.14720964 0.05580105 0.58958002 0.01238372 0.01810247 0.17356724 0.00335586 
632.00000000 0.14736494 0.05590097 0.58930543 0.01242304 0.01813741 0.17350160 0.00336661 
633.00000000 0.14752011 0.05600082 0.58903109 0.01246238 0.01817235 0.17343590 0.00337735 
634.00000000 0.14767516 0.05610060 0.58875701 0.01250172 0.01820727 0.17337016 0.00338808 
635.00000000 0.14783007 0.05620031 0.58848318 0.01254107 0.01824219 0.17330436 0.00339882 
636.00000000 0.14798486 0.05629994 0.58820960 0.01258044 0.01827709 0.17323852 0.00340955 
637.00000000 0.14813951 0.05639950 0.58793628 0.01261981 0.01831199 0.17317263 0.00342028 
638.00000000 0.14829404 0.05649899 0.58766320 0.01265919 0.01834688 0.17310669 0.00343101 
639.00000000 0.14844844 0.05659841 0.58739037 0.01269858 0.01838176 0.17304070 0.00344173 
640.00000000 0.14860271 0.05669776 0.58711779 0.01273798 0.01841663 0.17297467 0.00345246 
641.00000000 0.14875685 0.05679704 0.58684545 0.01277739 0.01845149 0.17290860 0.00346317 
642.00000000 0.14891087 0.05689625 0.58657337 0.01281681 0.01848634 0.17284248 0.00347389 
643.00000000 0.14906476 0.05699539 0.58630152 0.01285623 0.01852118 0.17277632 0.00348460 
644.00000000 0.14921852 0.05709445 0.58602993 0.01289567 0.01855601 0.17271011 0.00349532 
645.00000000 0.14937215 0.05719345 0.58575857 0.01293511 0.01859084 0.17264387 0.00350602 
646.00000000 0.14952565 0.05729237 0.58548746 0.01297456 0.01862565 0.17257758 0.00351673 
647.00000000 0.14967903 0.05739123 0.58521658 0.01301402 0.01866045 0.17251125 0.00352743 
648.00000000 0.14983228 0.05749001 0.58494595 0.01305349 0.01869525 0.17244489 0.00353813 
649.00000000 0.14998541 0.05758872 0.58467556 0.01309296 0.01873003 0.17237848 0.00354883 
650.00000000 0.15013841 0.05768737 0.58440540 0.01313245 0.01876481 0.17231204 0.00355952 
651.00000000 0.15029128 0.05778594 0.58413549 0.01317194 0.01879957 0.17224556 0.00357022 
652.00000000 0.15044403 0.05788445 0.58386581 0.01321144 0.01883433 0.17217904 0.00358091 
653.00000000 0.15059665 0.05798288 0.58359636 0.01325094 0.01886908 0.17211249 0.00359159 
654.00000000 0.15074914 0.05808125 0.58332715 0.01329045 0.01890382 0.17204591 0.00360228 
655.00000000 0.15090151 0.05817955 0.58305818 0.01332997 0.01893854 0.17197929 0.00361296 
656.00000000 0.15105376 0.05827778 0.58278944 0.01336950 0.01897326 0.17191264 0.00362364 
657.00000000 0.15120587 0.05837593 0.58252093 0.01340903 0.01900797 0.17184595 0.00363431 
658.00000000 0.15135787 0.05847402 0.58225265 0.01344857 0.01904267 0.17177923 0.00364498 
659.00000000 0.15150974 0.05857204 0.58198461 0.01348812 0.01907736 0.17171248 0.00365565 
660.00000000 0.15166148 0.05867000 0.58171679 0.01352767 0.01911204 0.17164570 0.00366632 
661.00000000 0.15181310 0.05876788 0.58144920 0.01356723 0.01914671 0.17157890 0.00367699 
662.00000000 0.15196460 0.05886569 0.58118184 0.01360679 0.01918137 0.17151206 0.00368765 
663.00000000 0.15211597 0.05896344 0.58091471 0.01364636 0.01921602 0.17144519 0.00369831 
664.00000000 0.15226722 0.05906112 0.58064781 0.01368594 0.01925066 0.17137829 0.00370896 
665.00000000 0.15241834 0.05915873 0.58038113 0.01372552 0.01928529 0.17131137 0.00371962 
666.00000000 0.15256934 0.05925627 0.58011468 0.01376511 0.01931991 0.17124442 0.00373027 
667.00000000 0.15272022 0.05935375 0.57984845 0.01380470 0.01935453 0.17117745 0.00374091 
668.00000000 0.15287097 0.05945115 0.57958244 0.01384430 0.01938913 0.17111045 0.00375156 
669.00000000 0.15302160 0.05954849 0.57931666 0.01388390 0.01942372 0.17104342 0.00376220 
670.00000000 0.15317211 0.05964576 0.57905110 0.01392351 0.01945830 0.17097638 0.00377284 
671.00000000 0.15332250 0.05974296 0.57878576 0.01396312 0.01949288 0.17090930 0.00378348 
672.00000000 0.15347276 0.05984010 0.57852064 0.01400274 0.01952744 0.17084221 0.00379411 
673.00000000 0.15362290 0.05993717 0.57825575 0.01404236 0.01956199 0.17077509 0.00380474 
674.00000000 0.15377292 0.06003417 0.57799107 0.01408198 0.01959654 0.17070795 0.00381537 
675.00000000 0.15392282 0.06013110 0.57772661 0.01412162 0.01963107 0.17064079 0.00382600 
676.00000000 0.15407259 0.06022797 0.57746237 0.01416125 0.01966559 0.17057361 0.00383662 
677.00000000 0.15422224 0.06032477 0.57719834 0.01420089 0.01970011 0.17050641 0.00384724 
678.00000000 0.15437177 0.06042151 0.57693453 0.01424053 0.01973461 0.17043919 0.00385786 
679.00000000 0.15452118 0.06051817 0.57667094 0.01428018 0.01976910 0.17037195 0.00386847 
680.00000000 0.15467047 0.06061477 0.57640756 0.01431983 0.01980359 0.17030469 0.00387908 
681.00000000 0.15481964 0.06071131 0.57614440 0.01435949 0.01983806 0.17023742 0.00388969 
682.00000000 0.15496869 0.06080778 0.57588145 0.01439914 0.01987252 0.17017013 0.00390029 
683.00000000 0.15511762 0.06090418 0.57561871 0.01443881 0.01990698 0.17010282 0.00391090 
684.00000000 0.15526642 0.06100051 0.57535618 0.01447847 0.01994142 0.17003549 0.00392150 
685.00000000 0.15541511 0.06109678 0.57509387 0.01451814 0.01997586 0.16996815 0.00393209 
686.00000000 0.15556367 0.06119298 0.57483177 0.01455781 0.02001028 0.16990080 0.00394269 
687.00000000 0.15571212 0.06128912 0.57456987 0.01459748 0.02004469 0.16983343 0.00395328 
688.00000000 0.15586044 0.06138519 0.57430819 0.01463716 0.02007910 0.16976605 0.00396387 
689.00000000 0.15600865 0.06148120 0.57404672 0.01467684 0.02011349 0.16969865 0.00397445 
690.00000000 0.15615674 0.06157714 0.57378545 0.01471652 0.02014787 0.16963124 0.00398504 
691.00000000 0.15630470 0.06167301 0.57352439 0.01475621 0.02018225 0.16956382 0.00399562 
692.00000000 0.15645255 0.06176882 0.57326354 0.01479589 0.02021661 0.16949638 0.00400619 
693.00000000 0.15660028 0.06186457 0.57300290 0.01483558 0.02025096 0.16942894 0.00401677 
694.00000000 0.15674789 0.06196025 0.57274246 0.01487528 0.02028531 0.16936148 0.00402734 
695.00000000 0.15689538 0.06205586 0.57248223 0.01491497 0.02031964 0.16929401 0.00403791 
696.00000000 0.15704276 0.06215141 0.57222220 0.01495466 0.02035396 0.16922654 0.00404847 
697.00000000 0.15719001 0.06224689 0.57196238 0.01499436 0.02038827 0.16915905 0.00405904 
698.00000000 0.15733715 0.06234231 0.57170276 0.01503406 0.02042257 0.16909155 0.00406960 
699.00000000 0.15748417 0.06243767 0.57144334 0.01507376 0.02045687 0.16902405 0.00408015 
700.00000000 0.15763107 0.06253296 0.57118412 0.01511346 0.02049115 0.16895654 0.00409071 
701.00000000 0.15777785 0.06262818 0.57092511 0.01515317 0.02052542 0.16888902 0.00410126 
702.00000000 0.15792451 0.06272334 0.57066629 0.01519287 0.02055968 0.16882149 0.00411181 
703.00000000 0.15807106 0.06281844 0.57040768 0.01523258 0.02059393 0.16875396 0.00412235 
704.00000000 0.15821749 0.06291347 0.57014927 0.01527229 0.02062817 0.16868641 0.00413289 
705.00000000 0.15836381 0.06300844 0.56989106 0.01531199 0.02066240 0.16861887 0.00414343 
706.00000000 0.15851000 0.06310334 0.56963304 0.01535170 0.02069662 0.16855132 0.00415397 
707.00000000 0.15865608 0.06319818 0.56937523 0.01539141 0.02073083 0.16848376 0.00416450 
708.00000000 0.15880205 0.06329296 0.56911761 0.01543112 0.02076503 0.16841620 0.00417504 
709.00000000 0.15894789 0.06338767 0.56886019 0.01547083 0.02079922 0.16834863 0.00418556 
710.00000000 0.15909362 0.06348232 0.56860296 0.01551055 0.02083340 0.16828106 0.00419609 
711.00000000 0.15923924 0.06357690 0.56834593 0.01555026 0.02086757 0.16821349 0.00420661 
712.00000000 0.15938474 0.06367143 0.56808910 0.01558997 0.02090172 0.16814591 0.00421713 
713.00000000 0.15953012 0.06376588 0.56783246 0.01562968 0.02093587 0.16807834 0.00422765 
714.00000000 0.15967539 0.06386028 0.56757602 0.01566939 0.02097001 0.16801076 0.00423816 
715.00000000 0.15982054 0.06395461 0.56731977 0.01570911 0.02100413 0.16794317 0.00424867 
716.00000000 0.15996557 0.06404888 0.56706371 0.01574882 0.02103825 0.16787559 0.00425918 
717.00000000 0.16011050 0.06414308 0.56680785 0.01578853 0.02107235 0.16780800 0.00426968 
718.00000000 0.16025530 0.06423722 0.56655218 0.01582824 0.02110645 0.16774042 0.00428018 
719.00000000 0.16039999 0.06433130 0.56629670 0.01586795 0.02114053 0.16767283 0.00429068 
720.00000000 0.16054457 0.06442532 0.56604142 0.01590766 0.02117461 0.16760525 0.00430118 
721.00000000 0.16068903 0.06451927 0.56578632 0.01594737 0.02120867 0.16753766 0.00431167 
722.00000000 0.16083338 0.06461316 0.56553141 0.01598708 0.02124272 0.16747008 0.00432216 
723.00000000 0.16097761 0.06470699 0.56527670 0.01602679 0.02127676 0.16740250 0.00433265 
724.00000000 0.16112173 0.06480076 0.56502217 0.01606650 0.02131080 0.16733492 0.00434313 
725.00000000 0.16126573 0.06489446 0.56476783 0.01610621 0.02134482 0.16726734 0.00435361 
726.00000000 0.16140962 0.06498810 0.56451369 0.01614591 0.02137883 0.16719976 0.00436409 
727.00000000 0.16155340 0.06508168 0.56425973 0.01618562 0.02141283 0.16713219 0.00437457 
728.00000000 0.16169707 0.06517519 0.56400595 0.01622532 0.02144682 0.16706462 0.00438504 
729.00000000 0.16184062 0.06526865 0.56375237 0.01626502 0.02148079 0.16699705 0.00439551 
730.00000000 0.16198405 0.06536204 0.56349897 0.01630472 0.02151476 0.16692948 0.00440598 
731.00000000 0.16212738 0.06545537 0.56324575 0.01634442 0.02154872 0.16686192 0.00441644 
732.00000000 0.16227059 0.06554864 0.56299273 0.01638412 0.02158267 0.16679437 0.00442690 
733.00000000 0.16241369 0.06564184 0.56273988 0.01642381 0.02161660 0.16672682 0.00443736 
734.00000000 0.16255667 0.06573499 0.56248723 0.01646350 0.02165053 0.16665927 0.00444781 
735.00000000 0.16269955 0.06582807 0.56223475 0.01650320 0.02168444 0.16659173 0.00445826 
736.00000000 0.16284231 0.06592109 0.56198247 0.01654288 0.02171834 0.16652420 0.00446871 
737.00000000 0.16298495 0.06601405 0.56173036 0.01658257 0.02175224 0.16645667 0.00447916 
738.00000000 0.16312749 0.06610695 0.56147844 0.01662226 0.02178612 0.16638915 0.00448960 
739.00000000 0.16326992 0.06619979 0.56122670 0.01666194 0.02181999 0.16632163 0.00450004 
740.00000000 0.16341223 0.06629256 0.56097514 0.01670162 0.02185385 0.16625412 0.00451048 
741.00000000 0.16355443 0.06638528 0.56072377 0.01674130 0.02188770 0.16618662 0.00452091 
742.00000000 0.16369652 0.06647793 0.56047257 0.01678097 0.02192154 0.16611913 0.00453134 
743.00000000 0.16383850 0.06657052 0.56022156 0.01682065 0.02195537 0.16605164 0.00454177 
744.00000000 0.16398037 0.06666305 0.55997073 0.01686032 0.02198918 0.16598416 0.00455220 
745.00000000 0.16412212 0.06675552 0.55972007 0.01689998 0.02202299 0.16591669 0.00456262 
746.00000000 0.16426377 0.06684793 0.55946960 0.01693965 0.02205678 0.16584923 0.00457304 
747.00000000 0.16440530 0.06694028 0.55921931 0.01697931 0.02209057 0.16578178 0.00458345 
748.00000000 0.16454673 0.06703257 0.55896919 0.01701897 0.02212434 0.16571434 0.00459387 
749.00000000 0.16468804 0.06712480 0.55871926 0.01705862 0.02215810 0.16564690 0.00460428 
750.00000000 0.16482924 0.06721696 0.55846950 0.01709828 0.02219186 0.16557948 0.00461468 
751.00000000 0.16497034 0.06730907 0.55821992 0.01713793 0.02222560 0.16551207 0.00462509 
752.00000000 0.16511132 0.06740112 0.55797051 0.01717757 0.02225933 0.16544466 0.00463549 
753.00000000 0.16525219 0.06749310 0.55772129 0.01721721 0.02229305 0.16537727 0.00464589 
754.00000000 0.16539296 0.06758503 0.55747224 0.01725685 0.02232675 0.16530989 0.00465628 
755.00000000 0.16553361 0.06767689 0.55722337 0.01729649 0.02236045 0.16524252 0.00466667 
756.00000000 0.16567415 0.06776870 0.55697467 0.01733612 0.02239414 0.16517516 0.00467706 
757.00000000 0.16581459 0.06786045 0.55672615 0.01737575 0.02242781 0.16510781 0.00468745 
758.00000000 0.16595492 0.06795213 0.55647780 0.01741537 0.02246148 0.16504048 0.00469783 
759.00000000 0.16609513 0.06804376 0.55622963 0.01745499 0.02249513 0.16497316 0.00470821 
760.00000000 0.16623524 0.06813532 0.55598163 0.01749460 0.02252877 0.16490585 0.00471859 
761.00000000 0.16637524 0.06822683 0.55573380 0.01753422 0.02256240 0.16483855 0.00472896 
762.00000000 0.16651513 0.06831828 0.55548615 0.01757382 0.02259602 0.16477126 0.00473933 
763.00000000 0.16665491 0.06840966 0.55523868 0.01761343 0.02262963 0.16470399 0.00474970 
764.00000000 0.16679459 0.06850099 0.55499137 0.01765303 0.02266323 0.16463673 0.00476007 
765.00000000 0.16693415 0.06859226 0.55474424 0.01769262 0.02269681 0.16456949 0.00477043 
766.00000000 0.16707361 0.06868347 0.55449728 0.01773221 0.02273039 0.16450226 0.00478079 
767.00000000 0.16721296 0.06877461 0.55425049 0.01777180 0.02276395 0.16443504 0.00479115 
768.00000000 0.16735220 0.06886570 0.55400388 0.01781138 0.02279750 0.16436784 0.00480150 
769.00000000 0.16749133 0.06895674 0.55375743 0.01785095 0.02283105 0.16430065 0.00481185 
770.00000000 0.16763036 0.06904771 0.55351116 0.01789052 0.02286458 0.16423348 0.00482220 
771.00000000 0.16776928 0.06913862 0.55326505 0.01793009 0.02289810 0.16416632 0.00483254 
772.00000000 0.16790809 0.06922947 0.55301912 0.01796965 0.02293160 0.16409918 0.00484288 
773.00000000 0.16804680 0.06932027 0.55277335 0.01800921 0.02296510 0.16403205 0.00485322 
774.00000000 0.16818539 0.06941100 0.55252776 0.01804876 0.02299859 0.16396494 0.00486355 
775.00000000 0.16832388 0.06950168 0.55228233 0.01808831 0.02303206 0.16389785 0.00487389 
776.00000000 0.16846227 0.06959230 0.55203708 0.01812785 0.02306553 0.16383077 0.00488421 
777.00000000 0.16860055 0.06968286 0.55179199 0.01816739 0.02309898 0.16376370 0.00489454 
778.00000000 0.16873872 0.06977336 0.55154707 0.01820692 0.02313242 0.16369666 0.00490486 
779.00000000 0.16887678 0.06986380 0.55130232 0.01824644 0.02316585 0.16362963 0.00491518 
780.00000000 0.16901474 0.06995419 0.55105773 0.01828596 0.02319927 0.16356262 0.00492550 
781.00000000 0.16915259 0.07004451 0.55081331 0.01832548 0.02323267 0.16349562 0.00493581 
782.00000000 0.16929034 0.07013478 0.55056906 0.01836499 0.02326607 0.16342864 0.00494613 
783.00000000 0.16942798 0.07022499 0.55032498 0.01840449 0.02329945 0.16336168 0.00495643 
784.00000000 0.16956552 0.07031514 0.55008106 0.01844399 0.02333282 0.16329474 0.00496674 
785.00000000 0.16970294 0.07040523 0.54983731 0.01848348 0.02336619 0.16322781 0.00497704 
786.00000000 0.16984027 0.07049527 0.54959372 0.01852296 0.02339954 0.16316091 0.00498734 
787.00000000 0.16997749 0.07058524 0.54935030 0.01856244 0.02343288 0.16309402 0.00499763 
788.00000000 0.17011460 0.07067516 0.54910704 0.01860192 0.02346620 0.16302715 0.00500793 
789.00000000 0.17025161 0.07076502 0.54886395 0.01864138 0.02349952 0.16296030 0.00501822 
790.00000000 0.17038852 0.07085482 0.54862102 0.01868084 0.02353282 0.16289347 0.00502850 
791.00000000 0.17052531 0.07094457 0.54837826 0.01872030 0.02356612 0.16282665 0.00503879 
792.00000000 0.17066201 0.07103426 0.54813566 0.01875975 0.02359940 0.16275986 0.00504907 
793.00000000 0.17079860 0.07112389 0.54789323 0.01879919 0.02363267 0.16269308 0.00505934 
794.00000000 0.17093509 0.07121346 0.54765096 0.01883863 0.02366593 0.16262633 0.00506962 
795.00000000 0.17107147 0.07130297 0.54740885 0.01887806 0.02369917 0.16255959 0.00507989 
796.00000000 0.17120775 0.07139243 0.54716690 0.01891748 0.02373241 0.16249288 0.00509016 
797.00000000 0.17134392 0.07148183 0.54692512 0.01895690 0.02376563 0.16242618 0.00510042 
798.00000000 0.17147999 0.07157117 0.54668349 0.01899631 0.02379885 0.16235951 0.00511069 
799.00000000 0.17161596 0.07166046 0.54644203 0.01903571 0.02383205 0.16229285 0.00512095 
800.00000000 0.17175182 0.07174969 0.54620073 0.01907510 0.02386524 0.16222622 0.00513120 
801.00000000 0.17188758 0.07183886 0.54595960 0.01911449 0.02389842 0.16215960 0.00514145 
802.00000000 0.17202323 0.07192797 0.54571862 0.01915388 0.02393158 0.16209301 0.00515170 
803.00000000 0.17215879 0.07201703 0.54547781 0.01919325 0.02396474 0.16202644 0.00516195 
804.00000000 0.17229424 0.07210603 0.54523715 0.01923262 0.02399788 0.16195989 0.00517220 
805.00000000 0.17242958 0.07219497 0.54499666 0.01927198 0.02403101 0.16189336 0.00518244 
806.00000000 0.17256483 0.07228385 0.54475632 0.01931133 0.02406413 0.16182685 0.00519267 
807.00000000 0.17269997 0.07237268 0.54451615 0.01935068 0.02409724 0.16176037 0.00520291 
808.00000000 0.17283501 0.07246146 0.54427613 0.01939002 0.02413034 0.16169391 0.00521314 
809.00000000 0.17296994 0.07255017 0.54403627 0.01942935 0.02416343 0.16162746 0.00522337 
810.00000000 0.17310478 0.07263883 0.54379658 0.01946868 0.02419650 0.16156104 0.00523359 
811.00000000 0.17323951 0.07272743 0.54355704 0.01950799 0.02422956 0.16149465 0.00524382 
812.00000000 0.17337414 0.07281598 0.54331766 0.01954730 0.02426261 0.16142827 0.00525404 
813.00000000 0.17350867 0.07290447 0.54307843 0.01958661 0.02429565 0.16136192 0.00526425 
814.00000000 0.17364309 0.07299290 0.54283937 0.01962590 0.02432868 0.16129559 0.00527447 
815.00000000 0.17377742 0.07308128 0.54260046 0.01966519 0.02436170 0.16122928 0.00528468 
816.00000000 0.17391164 0.07316960 0.54236171 0.01970447 0.02439470 0.16116300 0.00529488 
817.00000000 0.17404576 0.07325786 0.54212312 0.01974374 0.02442769 0.16109674 0.00530509 
818.00000000 0.17417978 0.07334607 0.54188469 0.01978300 0.02446067 0.16103050 0.00531529 
819.00000000 0.17431370 0.07343422 0.54164641 0.01982225 0.02449364 0.16096429 0.00532549 
820.00000000 0.17444752 0.07352232 0.54140829 0.01986150 0.02452660 0.16089810 0.00533568 
821.00000000 0.17458124 0.07361036 0.54117032 0.01990074 0.02455954 0.16083193 0.00534587 
822.00000000 0.17471485 0.07369834 0.54093251 0.01993997 0.02459248 0.16076579 0.00535606 
823.00000000 0.17484837 0.07378627 0.54069485 0.01997919 0.02462540 0.16069967 0.00536625 
824.00000000 0.17498178 0.07387414 0.54045736 0.02001841 0.02465831 0.16063357 0.00537643 
825.00000000 0.17511510 0.07396196 0.54022001 0.02005762 0.02469121 0.16056750 0.00538661 
826.00000000 0.17524831 0.07404972 0.53998282 0.02009681 0.02472409 0.16050146 0.00539678 
827.00000000 0.17538143 0.07413742 0.53974579 0.02013600 0.02475697 0.16043543 0.00540696 
828.00000000 0.17551444 0.07422507 0.53950891 0.02017518 0.02478983 0.16036944 0.00541713 
829.00000000 0.17564735 0.07431267 0.53927219 0.02021436 0.02482268 0.16030346 0.00542729 
830.00000000 0.17578017 0.07440020 0.53903561 0.02025352 0.02485552 0.16023752 0.00543746 
831.00000000 0.17591288 0.07448769 0.53879920 0.02029268 0.02488835 0.16017159 0.00544762 
832.00000000 0.17604550 0.07457511 0.53856293 0.02033182 0.02492116 0.16010569 0.00545778 
833.00000000 0.17617801 0.07466249 0.53832682 0.02037096 0.02495396 0.16003982 0.00546793 
834.00000000 0.17631043 0.07474980 0.53809087 0.02041009 0.02498676 0.15997397 0.00547808 
835.00000000 0.17644275 0.07483706 0.53785506 0.02044921 0.02501954 0.15990815 0.00548823 
836.00000000 0.17657496 0.07492427 0.53761941 0.02048832 0.02505230 0.15984235 0.00549838 
837.00000000 0.17670708 0.07501142 0.53738391 0.02052743 0.02508506 0.15977658 0.00550852 
838.00000000 0.17683910 0.07509852 0.53714857 0.02056652 0.02511780 0.15971084 0.00551866 
839.00000000 0.17697102 0.07518556 0.53691337 0.02060560 0.02515053 0.15964512 0.00552879 
840.00000000 0.17710284 0.07527254 0.53667833 0.02064468 0.02518325 0.15957942 0.00553893 
841.00000000 0.17723457 0.07535947 0.53644344 0.02068375 0.02521596 0.15951375 0.00554906 
842.00000000 0.17736619 0.07544635 0.53620870 0.02072280 0.02524866 0.15944811 0.00555918 
843.00000000 0.17749772 0.07553317 0.53597411 0.02076185 0.02528134 0.15938250 0.00556931 
844.00000000 0.17762915 0.07561994 0.53573967 0.02080089 0.02531401 0.15931691 0.00557943 
845.00000000 0.17776048 0.07570665 0.53550539 0.02083992 0.02534667 0.15925134 0.00558955 
846.00000000 0.17789171 0.07579331 0.53527125 0.02087894 0.02537932 0.15918581 0.00559966 
847.00000000 0.17802285 0.07587991 0.53503727 0.02091795 0.02541196 0.15912030 0.00560977 
848.00000000 0.17815389 0.07596646 0.53480343 0.02095695 0.02544458 0.15905481 0.00561988 
849.00000000 0.17828483 0.07605295 0.53456975 0.02099594 0.02547719 0.15898936 0.00562998 
850.00000000 0.17841567 0.07613939 0.53433621 0.02103493 0.02550979 0.15892393 0.00564009 
851.00000000 0.17854641 0.07622577 0.53410283 0.02107390 0.02554238 0.15885852 0.00565018 
852.00000000 0.17867706 0.07631210 0.53386959 0.02111286 0.02557496 0.15879315 0.00566028 
853.00000000 0.17880761 0.07639838 0.53363651 0.02115181 0.02560752 0.15872780 0.00567037 
854.00000000 0.17893806 0.07648460 0.53340357 0.02119076 0.02564007 0.15866248 0.00568046 
855.00000000 0.17906842 0.07657077 0.53317078 0.02122969 0.02567261 0.15859718 0.00569055 
856.00000000 0.17919868 0.07665688 0.53293814 0.02126861 0.02570514 0.15853192 0.00570063 
857.00000000 0.17932884 0.07674294 0.53270565 0.02130753 0.02573765 0.15846668 0.00571071 
858.00000000 0.17945891 0.07682895 0.53247330 0.02134643 0.02577016 0.15840147 0.00572079 
859.00000000 0.17958888 0.07691490 0.53224111 0.02138533 0.02580265 0.15833628 0.00573086 
860.00000000 0.17971875 0.07700079 0.53200906 0.02142421 0.02583513 0.15827113 0.00574093 
861.00000000 0.17984853 0.07708664 0.53177716 0.02146308 0.02586759 0.15820600 0.00575100 
862.00000000 0.17997821 0.07717243 0.53154541 0.02150195 0.02590005 0.15814090 0.00576106 
863.00000000 0.18010780 0.07725816 0.53131380 0.02154080 0.02593249 0.15807582 0.00577112 
864.00000000 0.18023729 0.07734384 0.53108234 0.02157964 0.02596492 0.15801078 0.00578118 
865.00000000 0.18036668 0.07742947 0.53085103 0.02161848 0.02599734 0.15794576 0.00579124 
866.00000000 0.18049598 0.07751504 0.53061987 0.02165730 0.02602974 0.15788078 0.00580129 
867.00000000 0.18062518 0.07760056 0.53038885 0.02169611 0.02606214 0.15781582 0.00581134 
868.00000000 0.18075429 0.07768603 0.53015798 0.02173491 0.02609452 0.15775089 0.00582138 
869.00000000 0.18088330 0.07777144 0.52992726 0.02177371 0.02612689 0.15768598 0.00583142 
870.00000000 0.18101222 0.07785680 0.52969668 0.02181249 0.02615924 0.15762111 0.00584146 
871.00000000 0.18114104 0.07794211 0.52946624 0.02185126 0.02619159 0.15755626 0.00585150 
872.00000000 0.18126977 0.07802736 0.52923596 0.02189002 0.02622392 0.15749145 0.00586153 
873.00000000 0.18139840 0.07811256 0.52900581 0.02192877 0.02625624 0.15742666 0.00587156 
874.00000000 0.18152693 0.07819771 0.52877582 0.02196751 0.02628855 0.15736190 0.00588159 
875.00000000 0.18165538 0.07828280 0.52854596 0.02200623 0.02632084 0.15729717 0.00589161 
876.00000000 0.18178372 0.07836784 0.52831626 0.02204495 0.02635313 0.15723247 0.00590163 
877.00000000 0.18191198 0.07845283 0.52808670 0.02208366 0.02638540 0.15716780 0.00591165 
878.00000000 0.18204013 0.07853776 0.52785728 0.02212235 0.02641766 0.15710315 0.00592166 
879.00000000 0.18216820 0.07862264 0.52762801 0.02216104 0.02644990 0.15703854 0.00593167 
880.00000000 0.18229617 0.07870747 0.52739888 0.02219971 0.02648214 0.15697395 0.00594168 
881.00000000 0.18242405 0.07879224 0.52716989 0.02223837 0.02651436 0.15690940 0.00595169 
882.00000000 0.18255183 0.07887697 0.52694105 0.02227703 0.02654657 0.15684487 0.00596169 
883.00000000 0.18267952 0.07896163 0.52671236 0.02231567 0.02657876 0.15678038 0.00597168 
884.00000000 0.18280711 0.07904625 0.52648380 0.02235430 0.02661095 0.15671591 0.00598168 
885.00000000 0.18293461 0.07913081 0.52625539 0.02239292 0.02664312 0.15665147 0.00599167 
886.00000000 0.18306202 0.07921532 0.52602713 0.02243152 0.02667528 0.15658706 0.00600166 
887.00000000 0.18318934 0.07929978 0.52579901 0.02247012 0.02670743 0.15652268 0.00601164 
888.00000000 0.18331656 0.07938419 0.52557103 0.02250871 0.02673956 0.15645834 0.00602163 
889.00000000 0.18344369 0.07946854 0.52534319 0.02254728 0.02677169 0.15639402 0.00603161 
890.00000000 0.18357072 0.07955284 0.52511549 0.02258584 0.02680380 0.15632973 0.00604158 
891.00000000 0.18369766 0.07963708 0.52488794 0.02262439 0.02683589 0.15626547 0.00605155 
892.00000000 0.18382451 0.07972128 0.52466053 0.02266293 0.02686798 0.15620124 0.00606152 
893.00000000 0.18395127 0.07980542 0.52443326 0.02270146 0.02690005 0.15613704 0.00607149 
894.00000000 0.18407793 0.07988951 0.52420614 0.02273998 0.02693211 0.15607287 0.00608145 
895.00000000 0.18420451 0.07997355 0.52397915 0.02277849 0.02696416 0.15600873 0.00609141 
896.00000000 0.18433098 0.08005753 0.52375231 0.02281698 0.02699620 0.15594462 0.00610137 
897.00000000 0.18445737 0.08014147 0.52352561 0.02285546 0.02702822 0.15588055 0.00611132 
898.00000000 0.18458367 0.08022535 0.52329905 0.02289393 0.02706023 0.15581650 0.00612127 
899.00000000 0.18470987 0.08030918 0.52307263 0.02293239 0.02709223 0.15575248 0.00613122 
900.00000000 0.18483598 0.08039295 0.52284636 0.02297084 0.02712421 0.15568849 0.00614117 
901.00000000 0.18496200 0.08047668 0.52262022 0.02300928 0.02715619 0.15562454 0.00615111 
902.00000000 0.18508792 0.08056035 0.52239423 0.02304770 0.02718815 0.15556061 0.00616104 
903.00000000 0.18521376 0.08064397 0.52216837 0.02308611 0.02722010 0.15549671 0.00617098 
904.00000000 0.18533950 0.08072754 0.52194266 0.02312451 0.02725203 0.15543285 0.00618091 
905.00000000 0.18546516 0.08081105 0.52171708 0.02316290 0.02728395 0.15536901 0.00619084 
906.00000000 0.18559072 0.08089452 0.52149165 0.02320128 0.02731586 0.15530521 0.00620076 
907.00000000 0.18571619 0.08097793 0.52126636 0.02323964 0.02734776 0.15524144 0.00621068 
908.00000000 0.18584156 0.08106129 0.52104120 0.02327800 0.02737965 0.15517769 0.00622060 
909.00000000 0.18596685 0.08114460 0.52081619 0.02331634 0.02741152 0.15511398 0.00623052 
910.00000000 0.18609205 0.08122786 0.52059131 0.02335467 0.02744338 0.15505030 0.00624043 
911.00000000 0.18621715 0.08131107 0.52036658 0.02339298 0.02747523 0.15498665 0.00625034 
912.00000000 0.18634217 0.08139422 0.52014198 0.02343129 0.02750706 0.15492303 0.00626024 
913.00000000 0.18646709 0.08147732 0.51991753 0.02346958 0.02753889 0.15485944 0.00627015 
914.00000000 0.18659193 0.08156037 0.51969321 0.02350786 0.02757070 0.15479589 0.00628005 
915.00000000 0.18671667 0.08164337 0.51946903 0.02354613 0.02760249 0.15473236 0.00628994 
916.00000000 0.18684132 0.08172632 0.51924499 0.02358439 0.02763428 0.15466887 0.00629983 
917.00000000 0.18696589 0.08180922 0.51902109 0.02362263 0.02766605 0.15460540 0.00630972 
918.00000000 0.18709036 0.08189207 0.51879732 0.02366086 0.02769781 0.15454197 0.00631961 
919.00000000 0.18721474 0.08197486 0.51857370 0.02369908 0.02772956 0.15447857 0.00632949 
920.00000000 0.18733903 0.08205760 0.51835021 0.02373729 0.02776129 0.15441520 0.00633937 
921.00000000 0.18746324 0.08214030 0.51812686 0.02377548 0.02779301 0.15435186 0.00634925 
922.00000000 0.18758735 0.08222294 0.51790365 0.02381367 0.02782472 0.15428855 0.00635912 
923.00000000 0.18771137 0.08230553 0.51768058 0.02385184 0.02785642 0.15422528 0.00636899 
924.00000000 0.18783531 0.08238806 0.51745765 0.02388999 0.02788810 0.15416203 0.00637886 
925.00000000 0.18795915 0.08247055 0.51723485 0.02392814 0.02791977 0.15409882 0.00638872 
926.00000000 0.18808291 0.08255299 0.51701219 0.02396627 0.02795143 0.15403564 0.00639858 
927.00000000 0.18820657 0.08263537 0.51678966 0.02400439 0.02798307 0.15397249 0.00640844 
928.00000000 0.18833015 0.08271771 0.51656728 0.02404250 0.02801471 0.15390937 0.00641830 
929.00000000 0.18845364 0.08279999 0.51634503 0.02408059 0.02804633 0.15384628 0.00642815 
930.00000000 0.18857703 0.08288222 0.51612292 0.02411867 0.02807793 0.15378323 0.00643799 
931.00000000 0.18870034 0.08296441 0.51590094 0.02415674 0.02810953 0.15372020 0.00644784 
932.00000000 0.18882356 0.08304654 0.51567910 0.02419480 0.02814111 0.15365721 0.00645768 
933.00000000 0.18894670 0.08312862 0.51545740 0.02423284 0.02817268 0.15359425 0.00646752 
934.00000000 0.18906974 0.08321065 0.51523583 0.02427087 0.02820423 0.15353132 0.00647735 
935.00000000 0.18919270 0.08329263 0.51501440 0.02430889 0.02823578 0.15346843 0.00648718 
936.00000000 0.18931556 0.08337456 0.51479310 0.02434689 0.02826731 0.15340556 0.00649701 
937.00000000 0.18943834 0.08345643 0.51457195 0.02438489 0.02829883 0.15334273 0.00650684 
938.00000000 0.18956103 0.08353826 0.51435092 0.02442286 0.02833033 0.15327993 0.00651666 
939.00000000 0.18968364 0.08362004 0.51413004 0.02446083 0.02836182 0.15321716 0.00652648 
940.00000000 0.18980615 0.08370176 0.51390928 0.02449878 0.02839330 0.15315442 0.00653629 
941.00000000 0.18992858 0.08378344 0.51368867 0.02453672 0.02842477 0.15309172 0.00654610 
942.00000000 0.19005092 0.08386507 0.51346819 0.02457465 0.02845622 0.15302904 0.00655591 
943.00000000 0.19017317 0.08394664 0.51324784 0.02461257 0.02848766 0.15296640 0.00656572 
944.00000000 0.19029533 0.08402817 0.51302763 0.02465047 0.02851909 0.15290379 0.00657552 
945.00000000 0.19041741 0.08410964 0.51280755 0.02468835 0.02855051 0.15284122 0.00658532 
946.00000000 0.19053940 0.08419107 0.51258761 0.02472623 0.02858191 0.15277867 0.00659511 
947.00000000 0.19066130 0.08427244 0.51236780 0.02476409 0.02861330 0.15271616 0.00660491 
948.00000000 0.19078311 0.08435377 0.51214813 0.02480194 0.02864468 0.15265368 0.00661469 
949.00000000 0.19090484 0.08443504 0.51192859 0.02483977 0.02867604 0.15259123 0.00662448 
950.00000000 0.19102648 0.08451626 0.51170919 0.02487760 0.02870739 0.15252881 0.00663426 
951.00000000 0.19114804 0.08459744 0.51148992 0.02491540 0.02873873 0.15246643 0.00664404 
952.00000000 0.19126950 0.08467856 0.51127078 0.02495320 0.02877006 0.15240408 0.00665382 
953.00000000 0.19139088 0.08475964 0.51105178 0.02499098 0.02880137 0.15234176 0.00666359 
954.00000000 0.19151218 0.08484066 0.51083291 0.02502875 0.02883267 0.15227947 0.00667336 
955.00000000 0.19163338 0.08492164 0.51061418 0.02506651 0.02886396 0.15221721 0.00668313 
956.00000000 0.19175450 0.08500256 0.51039558 0.02510425 0.02889523 0.15215499 0.00669289 
957.00000000 0.19187554 0.08508344 0.51017711 0.02514198 0.02892649 0.15209280 0.00670265 
958.00000000 0.19199649 0.08516426 0.50995878 0.02517969 0.02895774 0.15203064 0.00671240 
959.00000000 0.19211735 0.08524504 0.50974057 0.02521739 0.02898897 0.15196852 0.00672216 
960.00000000 0.19223812 0.08532576 0.50952251 0.02525508 0.02902020 0.15190642 0.00673191 
961.00000000 0.19235881 0.08540644 0.50930457 0.02529275 0.02905141 0.15184436 0.00674165 
962.00000000 0.19247942 0.08548707 0.50908677 0.02533041 0.02908260 0.15178234 0.00675140 
963.00000000 0.19259993 0.08556764 0.50886910 0.02536806 0.02911379 0.15172034 0.00676114 
964.00000000 0.19272037 0.08564817 0.50865156 0.02540570 0.02914496 0.15165838 0.00677087 
965.00000000 0.19284071 0.08572865 0.50843416 0.02544332 0.02917611 0.15159645 0.00678061 
966.00000000 0.19296097 0.08580908 0.50821688 0.02548092 0.02920726 0.15153455 0.00679034 
967.00000000 0.19308115 0.08588946 0.50799974 0.02551851 0.02923839 0.15147268 0.00680006 
968.00000000 0.19320124 0.08596979 0.50778274 0.02555609 0.02926951 0.15141085 0.00680979 
969.00000000 0.19332125 0.08605007 0.50756586 0.02559366 0.02930061 0.15134905 0.00681951 
970.00000000 0.19344117 0.08613030 0.50734912 0.02563121 0.02933171 0.15128728 0.00682922 
971.00000000 0.19356100 0.08621048 0.50713250 0.02566875 0.02936279 0.15122554 0.00683894 
972.00000000 0.19368075 0.08629061 0.50691602 0.02570627 0.02939385 0.15116384 0.00684865 
973.00000000 0.19380042 0.08637070 0.50669967 0.02574378 0.02942491 0.15110217 0.00685835 
974.00000000 0.19392000 0.08645073 0.50648346 0.02578128 0.02945595 0.15104053 0.00686806 
975.00000000 0.19403949 0.08653072 0.50626737 0.02581876 0.02948698 0.15097893 0.00687776 
976.00000000 0.19415891 0.08661066 0.50605141 0.02585623 0.02951799 0.15091736 0.00688745 
977.00000000 0.19427823 0.08669054 0.50583559 0.02589368 0.02954899 0.15085582 0.00689715 
978.00000000 0.19439747 0.08677038 0.50561990 0.02593112 0.02957998 0.15079431 0.00690684 
979.00000000 0.19451663 0.08685017 0.50540433 0.02596855 0.02961096 0.15073283 0.00691652 
980.00000000 0.19463571 0.08692991 0.50518890 0.02600596 0.02964192 0.15067139 0.00692621 
981.00000000 0.19475470 0.08700960 0.50497360 0.02604336 0.02967287 0.15060998 0.00693589 
982.00000000 0.19487360 0.08708925 0.50475843 0.02608074 0.02970380 0.15054861 0.00694557 
983.00000000 0.19499242 0.08716884 0.50454339 0.02611811 0.02973473 0.15048727 0.00695524 
984.00000000 0.19511116 0.08724839 0.50432848 0.02615547 0.02976564 0.15042595 0.00696491 
985.00000000 0.19522982 0.08732788 0.50411370 0.02619281 0.02979654 0.15036468 0.00697458 
986.00000000 0.19534839 0.08740733 0.50389905 0.02623014 0.02982742 0.15030343 0.00698424 
987.00000000 0.19546687 0.08748673 0.50368453 0.02626745 0.02985829 0.15024222 0.00699390 
988.00000000 0.19558528 0.08756608 0.50347015 0.02630475 0.02988915 0.15018104 0.00700356 
989.00000000 0.19570360 0.08764538 0.50325589 0.02634204 0.02991999 0.15011990 0.00701321 
990.00000000 0.19582183 0.08772464 0.50304176 0.02637931 0.02995082 0.15005878 0.00702286 
991.00000000 0.19593999 0.08780384 0.50282776 0.02641656 0.02998164 0.14999770 0.00703251 
992.00000000 0.19605806 0.08788300 0.50261388 0.02645381 0.03001245 0.14993665 0.00704215 
993.00000000 0.19617604 0.08796211 0.50240014 0.02649103 0.03004324 0.14987564 0.00705179 
994.00000000 0.19629395 0.08804117 0.50218653 0.02652825 0.03007402 0.14981466 0.00706143 
995.00000000 0.19641177 0.08812018 0.50197305 0.02656545 0.03010479 0.14975371 0.00707106 
996.00000000 0.19652951 0.08819914 0.50175969 0.02660263 0.03013554 0.14969279 0.00708069 
997.00000000 0.19664716 0.08827806 0.50154647 0.02663980 0.03016628 0.14963191 0.00709032 
998.00000000 0.19676474 0.08835692 0.50133337 0.02667696 0.03019701 0.14957106 0.00709994 
999.00000000 0.19688223 0.08843574 0.50112041 0.02671410 0.03022772 0.14951024 0.00710956 
