0.00000000 1.00000000 -0.00000000 -0.00000000 -0.00000000 0.00000000 0.00000000 -0.00000000 
1.00000000 0.99971313 0.00027283 0.00000108 0.00000124 0.00000159 0.00000666 0.00000348 
2.00000000 0.99885337 0.00109048 0.00000433 0.00000495 0.00000638 0.00002660 0.00001389 
3.00000000 0.99742324 0.00245043 0.00000987 0.00001115 0.00001439 0.00005975 0.00003118 
4.00000000 0.99542696 0.00434849 0.00001783 0.00001985 0.00002564 0.00010596 0.00005527 
5.00000000 0.99287036 0.00677883 0.00002843 0.00003110 0.00004021 0.00016503 0.00008604 
6.00000000 0.98976090 0.00973402 0.00004194 0.00004493 0.00005814 0.00023673 0.00012333 
7.00000000 0.98610759 0.01320510 0.00005868 0.00006138 0.00007953 0.00032075 0.00016697 
8.00000000 0.98192094 0.01718159 0.00007903 0.00008052 0.00010446 0.00041673 0.00021673 
9.00000000 0.97721292 0.02165158 0.00010341 0.00010239 0.00013303 0.00052429 0.00027239 
10.00000000 0.97199685 0.02660180 0.00013229 0.00012707 0.00016536 0.00064297 0.00033367 
11.00000000 0.96628738 0.03201769 0.00016617 0.00015463 0.00020157 0.00077229 0.00040028 
12.00000000 0.96010035 0.03788349 0.00020559 0.00018515 0.00024179 0.00091171 0.00047191 
13.00000000 0.95345277 0.04418229 0.00025113 0.00021872 0.00028616 0.00106069 0.00054824 
14.00000000 0.94636273 0.05089614 0.00030337 0.00025542 0.00033482 0.00121861 0.00062891 
15.00000000 0.93884931 0.05800608 0.00036292 0.00029535 0.00038792 0.00138486 0.00071356 
16.00000000 0.93093253 0.06549227 0.00043040 0.00033860 0.00044560 0.00155877 0.00080182 
17.00000000 0.92263326 0.07333402 0.00050645 0.00038527 0.00050802 0.00173968 0.00089330 
18.00000000 0.91397320 0.08150987 0.00059168 0.00043544 0.00057531 0.00192688 0.00098762 
19.00000000 0.90497473 0.08999768 0.00068671 0.00048923 0.00064763 0.00211966 0.00108436 
20.00000000 0.89566094 0.09877466 0.00079217 0.00054671 0.00072510 0.00231729 0.00118314 
21.00000000 0.88605546 0.10781750 0.00090862 0.00060797 0.00080787 0.00251903 0.00128355 
22.00000000 0.87618246 0.11710239 0.00103666 0.00067311 0.00089605 0.00272413 0.00138519 
23.00000000 0.86606652 0.12660518 0.00117682 0.00074220 0.00098976 0.00293185 0.00148768 
24.00000000 0.85573254 0.13630138 0.00132962 0.00081531 0.00108910 0.00314143 0.00159063 
25.00000000 0.84520568 0.14616634 0.00149552 0.00089251 0.00119416 0.00335213 0.00169365 
26.00000000 0.83451123 0.15617530 0.00167497 0.00097385 0.00130502 0.00356322 0.00179640 
27.00000000 0.82367454 0.16630348 0.00186836 0.00105939 0.00142175 0.00377398 0.00189851 
28.00000000 0.81272090 0.17652619 0.00207602 0.00114914 0.00154438 0.00398370 0.00199966 
29.00000000 0.80167549 0.18681892 0.00229826 0.00124315 0.00167295 0.00419171 0.00209952 
30.00000000 0.79056324 0.19715740 0.00253531 0.00134141 0.00180747 0.00439735 0.00219782 
31.00000000 0.77940882 0.20751769 0.00278737 0.00144393 0.00194794 0.00459999 0.00229426 
32.00000000 0.76823655 0.21787625 0.00305455 0.00155068 0.00209433 0.00479903 0.00238860 
33.00000000 0.75707032 0.22820997 0.00333694 0.00166162 0.00224660 0.00499392 0.00248063 
34.00000000 0.74593355 0.23849624 0.00363455 0.00177673 0.00240467 0.00518413 0.00257012 
35.00000000 0.73484916 0.24871301 0.00394735 0.00189591 0.00256848 0.00536918 0.00265691 
36.00000000 0.72383948 0.25883880 0.00427523 0.00201910 0.00273792 0.00554860 0.00274085 
37.00000000 0.71292625 0.26885281 0.00461806 0.00214619 0.00291286 0.00572201 0.00282182 
38.00000000 0.70213050 0.27873488 0.00497564 0.00227707 0.00309317 0.00588903 0.00289972 
39.00000000 0.69147257 0.28846563 0.00534771 0.00241160 0.00327867 0.00604934 0.00297448 
40.00000000 0.68097199 0.29802647 0.00573398 0.00254963 0.00346919 0.00620268 0.00304607 
41.00000000 0.67064748 0.30739962 0.00613410 0.00269101 0.00366452 0.00634881 0.00311445 
42.00000000 0.66051683 0.31656824 0.00654770 0.00283554 0.00386445 0.00648757 0.00317966 
43.00000000 0.65059691 0.32551640 0.00697434 0.00298305 0.00406874 0.00661883 0.00324173 
44.00000000 0.64090361 0.33422916 0.00741358 0.00313331 0.00427713 0.00674251 0.00330072 
45.00000000 0.63145177 0.34269258 0.00786491 0.00328610 0.00448935 0.00685858 0.00335671 
46.00000000 0.62225521 0.35089375 0.00832782 0.00344120 0.00470513 0.00696707 0.00340983 
47.00000000 0.61332668 0.35882079 0.00880176 0.00359837 0.00492415 0.00706805 0.00346019 
48.00000000 0.60467787 0.36646288 0.00928617 0.00375736 0.00514612 0.00716163 0.00350797 
49.00000000 0.59631943 0.37381020 0.00978048 0.00391790 0.00537070 0.00724797 0.00355332 
50.00000000 0.58826092 0.38085397 0.01028408 0.00407975 0.00559755 0.00732729 0.00359644 
51.00000000 0.58051090 0.38758641 0.01079638 0.00424263 0.00582634 0.00739980 0.00363753 
52.00000000 0.57307687 0.39400073 0.01131678 0.00440629 0.00605671 0.00746581 0.00367681 
53.00000000 0.56596533 0.40009112 0.01184468 0.00457045 0.00628830 0.00752561 0.00371451 
54.00000000 0.55918175 0.40585274 0.01237948 0.00473487 0.00652074 0.00757956 0.00375086 
55.00000000 0.55273062 0.41128171 0.01292060 0.00489927 0.00675366 0.00762802 0.00378612 
56.00000000 0.54661539 0.41637512 0.01346746 0.00506342 0.00698667 0.00767139 0.00382054 
57.00000000 0.54083852 0.42113101 0.01401951 0.00522707 0.00721941 0.00771011 0.00385437 
58.00000000 0.53540146 0.42554839 0.01457618 0.00538999 0.00745150 0.00774460 0.00388787 
59.00000000 0.53030468 0.42962719 0.01513697 0.00555197 0.00768254 0.00777533 0.00392131 
60.00000000 0.52554768 0.43336826 0.01570136 0.00571280 0.00791218 0.00780278 0.00395495 
61.00000000 0.52112898 0.43677336 0.01626888 0.00587229 0.00814004 0.00782742 0.00398903 
62.00000000 0.51704623 0.43984511 0.01683906 0.00603028 0.00836575 0.00784974 0.00402382 
63.00000000 0.51329617 0.44258698 0.01741148 0.00618660 0.00858896 0.00787024 0.00405956 
64.00000000 0.50987473 0.44500319 0.01798573 0.00634115 0.00880932 0.00788941 0.00409648 
65.00000000 0.50677706 0.44709869 0.01856144 0.00649379 0.00902648 0.00790772 0.00413481 
66.00000000 0.50399759 0.44887914 0.01913825 0.00664445 0.00924012 0.00792566 0.00417478 
67.00000000 0.50153008 0.45035082 0.01971585 0.00679305 0.00944993 0.00794369 0.00421658 
68.00000000 0.49936766 0.45152057 0.02029393 0.00693957 0.00965560 0.00796225 0.00426041 
69.00000000 0.49750289 0.45239582 0.02087224 0.00708396 0.00985685 0.00798178 0.00430645 
70.00000000 0.49592778 0.45298448 0.02145054 0.00722625 0.01005341 0.00800267 0.00435487 
71.00000000 0.49463386 0.45329495 0.02202860 0.00736644 0.01024503 0.00802532 0.00440581 
72.00000000 0.49361214 0.45333607 0.02260623 0.00750460 0.01043147 0.00805008 0.00445941 
73.00000000 0.49285323 0.45311713 0.02318328 0.00764078 0.01061254 0.00807727 0.00451578 
74.00000000 0.49234729 0.45264779 0.02375958 0.00777508 0.01078803 0.00810720 0.00457504 
75.00000000 0.49208412 0.45193810 0.02433499 0.00790760 0.01095780 0.00814012 0.00463726 
76.00000000 0.49205317 0.45099844 0.02490942 0.00803847 0.01112169 0.00817628 0.00470252 
77.00000000 0.49224360 0.44983947 0.02548273 0.00816784 0.01127961 0.00821588 0.00477088 
78.00000000 0.49264429 0.44847211 0.02605486 0.00829586 0.01143145 0.00825906 0.00484237 
79.00000000 0.49324396 0.44690747 0.02662570 0.00842271 0.01157718 0.00830597 0.00491702 
80.00000000 0.49403116 0.44515683 0.02719518 0.00854856 0.01171675 0.00835668 0.00499484 
81.00000000 0.49499435 0.44323155 0.02776323 0.00867361 0.01185016 0.00841126 0.00507584 
82.00000000 0.49612197 0.44114305 0.02832977 0.00879806 0.01197745 0.00846972 0.00515999 
83.00000000 0.49740244 0.43890276 0.02889473 0.00892211 0.01209866 0.00853203 0.00524727 
84.00000000 0.49882425 0.43652206 0.02945805 0.00904596 0.01221388 0.00859815 0.00533764 
85.00000000 0.50037597 0.43401228 0.03001965 0.00916983 0.01232323 0.00866798 0.00543105 
86.00000000 0.50204628 0.43138466 0.03057945 0.00929391 0.01242684 0.00874141 0.00552745 
87.00000000 0.50382400 0.42865030 0.03113736 0.00941841 0.01252488 0.00881827 0.00562677 
88.00000000 0.50569811 0.42582019 0.03169329 0.00954353 0.01261756 0.00889838 0.00572894 
89.00000000 0.50765778 0.42290515 0.03224714 0.00966943 0.01270508 0.00898154 0.00583387 
90.00000000 0.50969237 0.41991582 0.03279879 0.00979631 0.01278771 0.00906751 0.00594149 
91.00000000 0.51179144 0.41686266 0.03334812 0.00992433 0.01286571 0.00915602 0.00605171 
92.00000000 0.51394483 0.41375592 0.03389499 0.01005364 0.01293938 0.00924680 0.00616443 
93.00000000 0.51614262 0.41060558 0.03443925 0.01018437 0.01300905 0.00933955 0.00627958 
94.00000000 0.51837519 0.40742137 0.03498073 0.01031666 0.01307505 0.00943396 0.00639704 
95.00000000 0.52063324 0.40421273 0.03551927 0.01045059 0.01313775 0.00952969 0.00651674 
96.00000000 0.52290784 0.40098874 0.03605467 0.01058626 0.01319751 0.00962641 0.00663858 
97.00000000 0.52519040 0.39775814 0.03658673 0.01072374 0.01325473 0.00972378 0.00676247 
98.00000000 0.52747276 0.39452931 0.03711526 0.01086308 0.01330982 0.00982144 0.00688832 
99.00000000 0.52974717 0.39131020 0.03764003 0.01100431 0.01336318 0.00991905 0.00701606 
100.00000000 0.53200630 0.38810837 0.03816081 0.01114744 0.01341523 0.01001626 0.00714559 
101.00000000 0.53424325 0.38493095 0.03867738 0.01129247 0.01346640 0.01011271 0.00727684 
102.00000000 0.53645156 0.38178465 0.03918950 0.01143936 0.01351710 0.01020808 0.00740975 
103.00000000 0.53862521 0.37867575 0.03969691 0.01158809 0.01356777 0.01030203 0.00754423 
104.00000000 0.54075862 0.37561009 0.04019939 0.01173860 0.01361882 0.01039425 0.00768023 
105.00000000 0.54284660 0.37259312 0.04069667 0.01189081 0.01367066 0.01048443 0.00781770 
106.00000000 0.54488442 0.36962985 0.04118852 0.01204465 0.01372371 0.01057228 0.00795657 
107.00000000 0.54686774 0.36672487 0.04167468 0.01220001 0.01377836 0.01065754 0.00809680 
108.00000000 0.54879264 0.36388235 0.04215493 0.01235679 0.01383499 0.01073995 0.00823834 
109.00000000 0.55065561 0.36110606 0.04262902 0.01251488 0.01389396 0.01081929 0.00838117 
110.00000000 0.55245357 0.35839931 0.04309674 0.01267417 0.01395561 0.01089536 0.00852525 
111.00000000 0.55418382 0.35576501 0.04355786 0.01283452 0.01402028 0.01096797 0.00867054 
112.00000000 0.55584408 0.35320566 0.04401218 0.01299581 0.01408827 0.01103697 0.00881703 
113.00000000 0.55743249 0.35072331 0.04445952 0.01315792 0.01415984 0.01110224 0.00896468 
114.00000000 0.55894757 0.34831960 0.04489971 0.01332072 0.01423524 0.01116367 0.00911349 
115.00000000 0.56038823 0.34599577 0.04533257 0.01348409 0.01431469 0.01122121 0.00926343 
116.00000000 0.56175376 0.34375266 0.04575799 0.01364793 0.01439838 0.01127480 0.00941449 
117.00000000 0.56304381 0.34159070 0.04617585 0.01381211 0.01448644 0.01132443 0.00956665 
118.00000000 0.56425838 0.33951000 0.04658604 0.01397655 0.01457901 0.01137011 0.00971991 
119.00000000 0.56539778 0.33751027 0.04698850 0.01414116 0.01467616 0.01141189 0.00987424 
120.00000000 0.56646261 0.33559093 0.04738318 0.01430587 0.01477793 0.01144984 0.01002963 
121.00000000 0.56745379 0.33375107 0.04777005 0.01447062 0.01488435 0.01148405 0.01018607 
122.00000000 0.56837246 0.33198949 0.04814911 0.01463537 0.01499539 0.01151464 0.01034353 
123.00000000 0.56922004 0.33030473 0.04852038 0.01480008 0.01511099 0.01154176 0.01050201 
124.00000000 0.56999815 0.32869506 0.04888391 0.01496476 0.01523105 0.01156558 0.01066148 
125.00000000 0.57070865 0.32715851 0.04923977 0.01512941 0.01535546 0.01158629 0.01082192 
126.00000000 0.57135355 0.32569289 0.04958805 0.01529406 0.01548404 0.01160412 0.01098329 
127.00000000 0.57193510 0.32429582 0.04992887 0.01545874 0.01561661 0.01161928 0.01114558 
128.00000000 0.57245568 0.32296469 0.05026238 0.01562353 0.01575294 0.01163205 0.01130874 
129.00000000 0.57291781 0.32169676 0.05058875 0.01578850 0.01589277 0.01164268 0.01147273 
130.00000000 0.57332418 0.32048911 0.05090816 0.01595374 0.01603584 0.01165145 0.01163751 
131.00000000 0.57367755 0.31933870 0.05122083 0.01611938 0.01618184 0.01165867 0.01180304 
132.00000000 0.57398083 0.31824235 0.05152698 0.01628553 0.01633043 0.01166462 0.01196926 
133.00000000 0.57423694 0.31719683 0.05182686 0.01645235 0.01648127 0.01166963 0.01213611 
134.00000000 0.57444892 0.31619882 0.05212075 0.01661998 0.01663400 0.01167401 0.01230354 
135.00000000 0.57461980 0.31524494 0.05240891 0.01678859 0.01678822 0.01167807 0.01247147 
136.00000000 0.57475265 0.31433179 0.05269166 0.01695835 0.01694356 0.01168215 0.01263984 
137.00000000 0.57485053 0.31345599 0.05296929 0.01712946 0.01709961 0.01168656 0.01280857 
138.00000000 0.57491649 0.31261413 0.05324213 0.01730209 0.01725595 0.01169162 0.01297759 
139.00000000 0.57495355 0.31180285 0.05351050 0.01747643 0.01741219 0.01169765 0.01314682 
140.00000000 0.57496468 0.31101884 0.05377475 0.01765269 0.01756791 0.01170496 0.01331618 
141.00000000 0.57495278 0.31025883 0.05403520 0.01783104 0.01772270 0.01171387 0.01348557 
142.00000000 0.57492069 0.30951966 0.05429221 0.01801168 0.01787617 0.01172466 0.01365492 
143.00000000 0.57487118 0.30879822 0.05454612 0.01819479 0.01802792 0.01173763 0.01382415 
144.00000000 0.57480689 0.30809152 0.05479727 0.01838055 0.01817758 0.01175304 0.01399315 
145.00000000 0.57473040 0.30739670 0.05504602 0.01856911 0.01832477 0.01177117 0.01416184 
146.00000000 0.57464414 0.30671099 0.05529271 0.01876063 0.01846915 0.01179224 0.01433014 
147.00000000 0.57455044 0.30603180 0.05553767 0.01895526 0.01861038 0.01181650 0.01449795 
148.00000000 0.57445149 0.30535664 0.05578124 0.01915311 0.01874817 0.01184415 0.01466520 
149.00000000 0.57434933 0.30468323 0.05602375 0.01935430 0.01888221 0.01187538 0.01483180 
150.00000000 0.57424586 0.30400942 0.05626550 0.01955891 0.01901227 0.01191037 0.01499766 
151.00000000 0.57414284 0.30333326 0.05650683 0.01976702 0.01913809 0.01194926 0.01516271 
152.00000000 0.57404182 0.30265295 0.05674800 0.01997868 0.01925949 0.01199218 0.01532688 
153.00000000 0.57394420 0.30196692 0.05698933 0.02019391 0.01937628 0.01203927 0.01549010 
154.00000000 0.57385118 0.30127381 0.05723106 0.02041271 0.01948832 0.01209062 0.01565230 
155.00000000 0.57376376 0.30057246 0.05747347 0.02063506 0.01959551 0.01214632 0.01581342 
156.00000000 0.57368276 0.29986194 0.05771680 0.02086091 0.01969777 0.01220641 0.01597341 
157.00000000 0.57360879 0.29914151 0.05796129 0.02109019 0.01979505 0.01227094 0.01613222 
158.00000000 0.57354229 0.29841068 0.05820716 0.02132281 0.01988734 0.01233991 0.01628981 
159.00000000 0.57348349 0.29766914 0.05845460 0.02155866 0.01997465 0.01241332 0.01644614 
160.00000000 0.57343244 0.29691680 0.05870382 0.02179759 0.02005703 0.01249113 0.01660118 
161.00000000 0.57338901 0.29615377 0.05895499 0.02203945 0.02013456 0.01257330 0.01675491 
162.00000000 0.57335288 0.29538038 0.05920828 0.02228405 0.02020735 0.01265976 0.01690731 
163.00000000 0.57332356 0.29459711 0.05946384 0.02253119 0.02027553 0.01275040 0.01705837 
164.00000000 0.57330040 0.29380467 0.05972180 0.02278065 0.02033926 0.01284513 0.01720809 
165.00000000 0.57328257 0.29300392 0.05998229 0.02303220 0.02039874 0.01294382 0.01735647 
166.00000000 0.57326910 0.29219588 0.06024543 0.02328560 0.02045416 0.01304631 0.01750351 
167.00000000 0.57325888 0.29138176 0.06051131 0.02354057 0.02050577 0.01315246 0.01764925 
168.00000000 0.57325065 0.29056289 0.06078004 0.02379685 0.02055381 0.01326209 0.01779369 
169.00000000 0.57324303 0.28974074 0.06105167 0.02405415 0.02059854 0.01337501 0.01793686 
170.00000000 0.57323451 0.28891692 0.06132630 0.02431220 0.02064025 0.01349102 0.01807881 
171.00000000 0.57322349 0.28809313 0.06160398 0.02457070 0.02067923 0.01360991 0.01821957 
172.00000000 0.57320827 0.28727119 0.06188476 0.02482935 0.02071578 0.01373146 0.01835918 
173.00000000 0.57318705 0.28645301 0.06216869 0.02508787 0.02075021 0.01385545 0.01849770 
174.00000000 0.57315799 0.28564055 0.06245582 0.02534597 0.02078285 0.01398165 0.01863518 
175.00000000 0.57311914 0.28483585 0.06274617 0.02560337 0.02081399 0.01410980 0.01877167 
176.00000000 0.57306853 0.28404101 0.06303978 0.02585978 0.02084398 0.01423968 0.01890724 
177.00000000 0.57300415 0.28325813 0.06333668 0.02611495 0.02087312 0.01437102 0.01904196 
178.00000000 0.57292396 0.28248937 0.06363688 0.02636860 0.02090172 0.01450360 0.01917588 
179.00000000 0.57282591 0.28173688 0.06394040 0.02662051 0.02093009 0.01463715 0.01930907 
180.00000000 0.57270792 0.28100280 0.06424727 0.02687043 0.02095853 0.01477143 0.01944162 
181.00000000 0.57256796 0.28028927 0.06455749 0.02711817 0.02098733 0.01490620 0.01957359 
182.00000000 0.57240399 0.27959839 0.06487107 0.02736351 0.02101676 0.01504123 0.01970505 
183.00000000 0.57221402 0.27893222 0.06518804 0.02760629 0.02104710 0.01517626 0.01983607 
184.00000000 0.57199609 0.27829277 0.06550840 0.02784634 0.02107858 0.01531107 0.01996673 
185.00000000 0.57174830 0.27768200 0.06583216 0.02808354 0.02111145 0.01544545 0.02009710 
186.00000000 0.57146882 0.27710176 0.06615933 0.02831775 0.02114592 0.01557917 0.02022725 
187.00000000 0.57115588 0.27655385 0.06648992 0.02854889 0.02118219 0.01571201 0.02035725 
188.00000000 0.57080781 0.27603995 0.06682393 0.02877689 0.02122044 0.01584380 0.02048717 
189.00000000 0.57042302 0.27556167 0.06716138 0.02900169 0.02126083 0.01597432 0.02061708 
190.00000000 0.57000004 0.27512046 0.06750227 0.02922327 0.02130351 0.01610341 0.02074703 
191.00000000 0.56953748 0.27471771 0.06784661 0.02944161 0.02134861 0.01623090 0.02087709 
192.00000000 0.56903411 0.27435463 0.06819440 0.02965673 0.02139621 0.01635661 0.02100731 
193.00000000 0.56848878 0.27403233 0.06854564 0.02986866 0.02144642 0.01648042 0.02113775 
194.00000000 0.56790051 0.27375176 0.06890033 0.03007746 0.02149930 0.01660217 0.02126847 
195.00000000 0.56726843 0.27351377 0.06925848 0.03028319 0.02155489 0.01672174 0.02139950 
196.00000000 0.56659183 0.27331900 0.06962007 0.03048595 0.02161323 0.01683902 0.02153089 
197.00000000 0.56587014 0.27316800 0.06998510 0.03068584 0.02167434 0.01695391 0.02166268 
198.00000000 0.56510293 0.27306113 0.07035355 0.03088297 0.02173819 0.01706631 0.02179491 
199.00000000 0.56428993 0.27299861 0.07072542 0.03107749 0.02180479 0.01717615 0.02192761 
200.00000000 0.56343105 0.27298050 0.07110067 0.03126954 0.02187410 0.01728334 0.02206080 
201.00000000 0.56252631 0.27300672 0.07147928 0.03145928 0.02194607 0.01738784 0.02219451 
202.00000000 0.56157592 0.27307701 0.07186123 0.03164686 0.02202064 0.01748959 0.02232876 
203.00000000 0.56058024 0.27319098 0.07224646 0.03183247 0.02209774 0.01758855 0.02246356 
204.00000000 0.55953978 0.27334808 0.07263493 0.03201629 0.02217731 0.01768469 0.02259892 
205.00000000 0.55845523 0.27354760 0.07302660 0.03219849 0.02225924 0.01777798 0.02273486 
206.00000000 0.55732740 0.27378869 0.07342139 0.03237928 0.02234346 0.01786842 0.02287136 
207.00000000 0.55615728 0.27407038 0.07381925 0.03255882 0.02242985 0.01795598 0.02300844 
208.00000000 0.55494599 0.27439152 0.07422010 0.03273732 0.02251831 0.01804068 0.02314609 
209.00000000 0.55369479 0.27475085 0.07462385 0.03291496 0.02260873 0.01812251 0.02328430 
210.00000000 0.55240511 0.27514699 0.07503041 0.03309193 0.02270102 0.01820149 0.02342305 
211.00000000 0.55107848 0.27557842 0.07543968 0.03326840 0.02279504 0.01827764 0.02356234 
212.00000000 0.54971659 0.27604351 0.07585155 0.03344455 0.02289069 0.01835096 0.02370214 
213.00000000 0.54832121 0.27654052 0.07626591 0.03362056 0.02298787 0.01842149 0.02384244 
214.00000000 0.54689428 0.27706761 0.07668262 0.03379658 0.02308645 0.01848925 0.02398320 
215.00000000 0.54543780 0.27762284 0.07710156 0.03397277 0.02318634 0.01855428 0.02412441 
216.00000000 0.54395390 0.27820419 0.07752259 0.03414927 0.02328742 0.01861659 0.02426603 
217.00000000 0.54244480 0.27880954 0.07794555 0.03432623 0.02338961 0.01867623 0.02440803 
218.00000000 0.54091280 0.27943672 0.07837030 0.03450378 0.02349279 0.01873323 0.02455038 
219.00000000 0.53936028 0.28008349 0.07879667 0.03468202 0.02359689 0.01878762 0.02469304 
220.00000000 0.53778968 0.28074755 0.07922449 0.03486106 0.02370181 0.01883944 0.02483597 
221.00000000 0.53620351 0.28142655 0.07965360 0.03504101 0.02380748 0.01888872 0.02497913 
222.00000000 0.53460432 0.28211812 0.08008381 0.03522195 0.02391382 0.01893549 0.02512249 
223.00000000 0.53299471 0.28281983 0.08051496 0.03540394 0.02402075 0.01897980 0.02526600 
224.00000000 0.53137730 0.28352925 0.08094685 0.03558707 0.02412823 0.01902167 0.02540962 
225.00000000 0.52975475 0.28424395 0.08137930 0.03577138 0.02423619 0.01906114 0.02555330 
226.00000000 0.52812970 0.28496145 0.08181213 0.03595691 0.02434457 0.01909823 0.02569700 
227.00000000 0.52650481 0.28567933 0.08224515 0.03614370 0.02445334 0.01913298 0.02584068 
228.00000000 0.52488275 0.28639514 0.08267818 0.03633178 0.02456245 0.01916542 0.02598428 
229.00000000 0.52326613 0.28710647 0.08311103 0.03652116 0.02467187 0.01919557 0.02612776 
230.00000000 0.52165758 0.28781094 0.08354352 0.03671185 0.02478156 0.01922346 0.02627108 
231.00000000 0.52005967 0.28850620 0.08397546 0.03690385 0.02489150 0.01924913 0.02641419 
232.00000000 0.51847492 0.28918994 0.08440670 0.03709715 0.02500166 0.01927259 0.02655705 
233.00000000 0.51690580 0.28985992 0.08483704 0.03729174 0.02511203 0.01929387 0.02669960 
234.00000000 0.51535474 0.29051393 0.08526634 0.03748759 0.02522258 0.01931300 0.02684181 
235.00000000 0.51382408 0.29114985 0.08569442 0.03768469 0.02533331 0.01933002 0.02698363 
236.00000000 0.51231608 0.29176563 0.08612114 0.03788300 0.02544419 0.01934493 0.02712502 
237.00000000 0.51083293 0.29235928 0.08654635 0.03808249 0.02555522 0.01935778 0.02726594 
238.00000000 0.50937672 0.29292890 0.08696992 0.03828312 0.02566639 0.01936860 0.02740634 
239.00000000 0.50794944 0.29347270 0.08739172 0.03848486 0.02577769 0.01937741 0.02754619 
240.00000000 0.50655298 0.29398895 0.08781163 0.03868764 0.02588910 0.01938426 0.02768545 
241.00000000 0.50518912 0.29447604 0.08822954 0.03889144 0.02600061 0.01938917 0.02782408 
242.00000000 0.50385952 0.29493246 0.08864534 0.03909621 0.02611222 0.01939220 0.02796205 
243.00000000 0.50256573 0.29535681 0.08905896 0.03930189 0.02622390 0.01939338 0.02809933 
244.00000000 0.50130917 0.29574779 0.08947031 0.03950845 0.02633565 0.01939275 0.02823588 
245.00000000 0.50009112 0.29610421 0.08987932 0.03971583 0.02644744 0.01939038 0.02837169 
246.00000000 0.49891277 0.29642502 0.09028593 0.03992399 0.02655927 0.01938632 0.02850671 
247.00000000 0.49777513 0.29670926 0.09069010 0.04013287 0.02667109 0.01938062 0.02864094 
248.00000000 0.49667910 0.29695609 0.09109178 0.04034244 0.02678290 0.01937334 0.02877434 
249.00000000 0.49562543 0.29716483 0.09149096 0.04055265 0.02689466 0.01936457 0.02890689 
250.00000000 0.49461476 0.29733486 0.09188760 0.04076346 0.02700635 0.01935437 0.02903859 
251.00000000 0.49364756 0.29746575 0.09228170 0.04097482 0.02711793 0.01934282 0.02916942 
252.00000000 0.49272419 0.29755713 0.09267327 0.04118670 0.02722936 0.01933000 0.02929936 
253.00000000 0.49184484 0.29760879 0.09306231 0.04139905 0.02734060 0.01931601 0.02942840 
254.00000000 0.49100960 0.29762062 0.09344883 0.04161185 0.02745162 0.01930093 0.02955655 
255.00000000 0.49021840 0.29759266 0.09383287 0.04182505 0.02756237 0.01928486 0.02968379 
256.00000000 0.48947106 0.29752503 0.09421445 0.04203862 0.02767280 0.01926792 0.02981012 
257.00000000 0.48876725 0.29741800 0.09459361 0.04225254 0.02778285 0.01925020 0.02993555 
258.00000000 0.48810653 0.29727192 0.09497041 0.04246676 0.02789249 0.01923182 0.03006007 
259.00000000 0.48748834 0.29708727 0.09534488 0.04268127 0.02800165 0.01921289 0.03018370 
260.00000000 0.48691198 0.29686465 0.09571708 0.04289604 0.02811028 0.01919354 0.03030644 
261.00000000 0.48637665 0.29660473 0.09608706 0.04311104 0.02821833 0.01917388 0.03042830 
262.00000000 0.48588146 0.29630832 0.09645490 0.04332625 0.02832573 0.01915404 0.03054930 
263.00000000 0.48542538 0.29597629 0.09682065 0.04354165 0.02843243 0.01913414 0.03066945 
264.00000000 0.48500732 0.29560963 0.09718438 0.04375721 0.02853837 0.01911433 0.03078877 
265.00000000 0.48462605 0.29520940 0.09754616 0.04397292 0.02864348 0.01909471 0.03090727 
266.00000000 0.48428031 0.29477674 0.09790605 0.04418875 0.02874773 0.01907544 0.03102499 
267.00000000 0.48396872 0.29431288 0.09826411 0.04440469 0.02885103 0.01905663 0.03114193 
268.00000000 0.48368983 0.29381912 0.09862043 0.04462072 0.02895335 0.01903843 0.03125813 
269.00000000 0.48344214 0.29329682 0.09897505 0.04483682 0.02905463 0.01902094 0.03137360 
270.00000000 0.48322408 0.29274740 0.09932805 0.04505296 0.02915481 0.01900431 0.03148839 
271.00000000 0.48303403 0.29217233 0.09967948 0.04526915 0.02925385 0.01898866 0.03160250 
272.00000000 0.48287032 0.29157313 0.10002941 0.04548535 0.02935170 0.01897411 0.03171598 
273.00000000 0.48273123 0.29095138 0.10037789 0.04570155 0.02944831 0.01896077 0.03182886 
274.00000000 0.48261504 0.29030867 0.10072498 0.04591773 0.02954366 0.01894876 0.03194116 
275.00000000 0.48251997 0.28964664 0.10107071 0.04613388 0.02963770 0.01893819 0.03205291 
276.00000000 0.48244424 0.28896693 0.10141515 0.04634998 0.02973040 0.01892915 0.03216415 
277.00000000 0.48238607 0.28827122 0.10175833 0.04656600 0.02982173 0.01892176 0.03227491 
278.00000000 0.48234364 0.28756118 0.10210028 0.04678193 0.02991167 0.01891609 0.03238521 
279.00000000 0.48231516 0.28683850 0.10244104 0.04699776 0.03000021 0.01891223 0.03249510 
280.00000000 0.48229885 0.28610485 0.10278065 0.04721345 0.03008734 0.01891026 0.03260459 
281.00000000 0.48229294 0.28536192 0.10311913 0.04742900 0.03017303 0.01891024 0.03271373 
282.00000000 0.48229568 0.28461136 0.10345649 0.04764438 0.03025730 0.01891224 0.03282255 
283.00000000 0.48230534 0.28385481 0.10379277 0.04785957 0.03034015 0.01891630 0.03293106 
284.00000000 0.48232024 0.28309388 0.10412796 0.04807455 0.03042158 0.01892247 0.03303931 
285.00000000 0.48233873 0.28233016 0.10446210 0.04828929 0.03050162 0.01893078 0.03314732 
286.00000000 0.48235921 0.28156517 0.10479518 0.04850379 0.03058027 0.01894127 0.03325511 
287.00000000 0.48238012 0.28080044 0.10512721 0.04871801 0.03065757 0.01895393 0.03336272 
288.00000000 0.48239996 0.28003741 0.10545820 0.04893193 0.03073355 0.01896879 0.03347016 
289.00000000 0.48241729 0.27927749 0.10578815 0.04914552 0.03080824 0.01898584 0.03357747 
290.00000000 0.48243072 0.27852203 0.10611706 0.04935878 0.03088169 0.01900508 0.03368465 
291.00000000 0.48243896 0.27777232 0.10644492 0.04957166 0.03095393 0.01902647 0.03379175 
292.00000000 0.48244073 0.27702958 0.10677174 0.04978415 0.03102503 0.01905000 0.03389876 
293.00000000 0.48243489 0.27629498 0.10709752 0.04999623 0.03109503 0.01907562 0.03400572 
294.00000000 0.48242032 0.27556961 0.10742226 0.05020787 0.03116400 0.01910330 0.03411264 
295.00000000 0.48239600 0.27485449 0.10774594 0.05041904 0.03123200 0.01913299 0.03421954 
296.00000000 0.48236100 0.27415057 0.10806858 0.05062972 0.03129909 0.01916462 0.03432642 
297.00000000 0.48231443 0.27345872 0.10839017 0.05083990 0.03136535 0.01919814 0.03443330 
298.00000000 0.48225553 0.27277972 0.10871071 0.05104953 0.03143085 0.01923346 0.03454019 
299.00000000 0.48218359 0.27211431 0.10903021 0.05125861 0.03149567 0.01927051 0.03464709 
300.00000000 0.48209798 0.27146310 0.10934868 0.05146711 0.03155988 0.01930922 0.03475403 
301.00000000 0.48199818 0.27082666 0.10966611 0.05167501 0.03162356 0.01934949 0.03486100 
302.00000000 0.48188371 0.27020547 0.10998252 0.05188228 0.03168679 0.01939123 0.03496800 
303.00000000 0.48175421 0.26959991 0.11029792 0.05208890 0.03174966 0.01943435 0.03507505 
304.00000000 0.48160937 0.26901031 0.11061233 0.05229486 0.03181224 0.01947876 0.03518213 
305.00000000 0.48144898 0.26843691 0.11092577 0.05250013 0.03187462 0.01952434 0.03528926 
306.00000000 0.48127289 0.26787987 0.11123825 0.05270469 0.03193687 0.01957100 0.03539643 
307.00000000 0.48108103 0.26733928 0.11154980 0.05290853 0.03199909 0.01961864 0.03550364 
308.00000000 0.48087340 0.26681515 0.11186044 0.05311164 0.03206134 0.01966716 0.03561088 
309.00000000 0.48065007 0.26630743 0.11217021 0.05331399 0.03212370 0.01971645 0.03571815 
310.00000000 0.48041118 0.26581601 0.11247914 0.05351557 0.03218625 0.01976640 0.03582545 
311.00000000 0.48015694 0.26534068 0.11278726 0.05371637 0.03224906 0.01981693 0.03593276 
312.00000000 0.47988761 0.26488120 0.11309460 0.05391639 0.03231220 0.01986792 0.03604008 
313.00000000 0.47960350 0.26443726 0.11340122 0.05411560 0.03237573 0.01991928 0.03614741 
314.00000000 0.47930499 0.26400850 0.11370715 0.05431401 0.03243971 0.01997093 0.03625473 
315.00000000 0.47899249 0.26359449 0.11401243 0.05451161 0.03250420 0.02002276 0.03636202 
316.00000000 0.47866649 0.26319478 0.11431711 0.05470839 0.03256925 0.02007469 0.03646929 
317.00000000 0.47832750 0.26280884 0.11462124 0.05490436 0.03263491 0.02012663 0.03657652 
318.00000000 0.47797605 0.26243615 0.11492486 0.05509951 0.03270122 0.02017852 0.03668369 
319.00000000 0.47761274 0.26207610 0.11522802 0.05529386 0.03276822 0.02023027 0.03679080 
320.00000000 0.47723818 0.26172808 0.11553077 0.05548740 0.03283594 0.02028181 0.03689783 
321.00000000 0.47685301 0.26139144 0.11583315 0.05568014 0.03290441 0.02033308 0.03700477 
322.00000000 0.47645790 0.26106553 0.11613522 0.05587209 0.03297364 0.02038403 0.03711160 
323.00000000 0.47605353 0.26074964 0.11643702 0.05606327 0.03304365 0.02043459 0.03721831 
324.00000000 0.47564058 0.26044307 0.11673859 0.05625369 0.03311445 0.02048473 0.03732488 
325.00000000 0.47521978 0.26014512 0.11703999 0.05644337 0.03318604 0.02053440 0.03743130 
326.00000000 0.47479183 0.25985506 0.11734124 0.05663233 0.03325842 0.02058356 0.03753756 
327.00000000 0.47435744 0.25957216 0.11764240 0.05682059 0.03333157 0.02063219 0.03764365 
328.00000000 0.47391733 0.25929571 0.11794350 0.05700816 0.03340550 0.02068026 0.03774954 
329.00000000 0.47347221 0.25902499 0.11824457 0.05719509 0.03348016 0.02072776 0.03785522 
330.00000000 0.47302278 0.25875929 0.11854565 0.05738140 0.03355555 0.02077466 0.03796068 
331.00000000 0.47256973 0.25849791 0.11884676 0.05756711 0.03363162 0.02082097 0.03806590 
332.00000000 0.47211374 0.25824017 0.11914793 0.05775226 0.03370835 0.02086667 0.03817088 
333.00000000 0.47165546 0.25798541 0.11944918 0.05793688 0.03378570 0.02091178 0.03827559 
334.00000000 0.47119552 0.25773299 0.11975054 0.05812101 0.03386361 0.02095630 0.03838003 
335.00000000 0.47073456 0.25748228 0.12005200 0.05830468 0.03394205 0.02100025 0.03848418 
336.00000000 0.47027315 0.25723270 0.12035359 0.05848794 0.03402096 0.02104363 0.03858802 
337.00000000 0.46981187 0.25698369 0.12065531 0.05867081 0.03410029 0.02108646 0.03869156 
338.00000000 0.46935123 0.25673472 0.12095716 0.05885334 0.03417999 0.02112878 0.03879478 
339.00000000 0.46889175 0.25648529 0.12125915 0.05903556 0.03425998 0.02117061 0.03889765 
340.00000000 0.46843390 0.25623493 0.12156126 0.05921753 0.03434022 0.02121197 0.03900019 
341.00000000 0.46797811 0.25598321 0.12186348 0.05939927 0.03442065 0.02125290 0.03910237 
342.00000000 0.46752478 0.25572976 0.12216582 0.05958082 0.03450119 0.02129344 0.03920420 
343.00000000 0.46707428 0.25547420 0.12246824 0.05976223 0.03458178 0.02133361 0.03930565 
344.00000000 0.46662694 0.25521624 0.12277073 0.05994354 0.03466237 0.02137345 0.03940673 
345.00000000 0.46618304 0.25495559 0.12307327 0.06012478 0.03474289 0.02141301 0.03950742 
346.00000000 0.46574283 0.25469202 0.12337583 0.06030599 0.03482328 0.02145232 0.03960773 
347.00000000 0.46530654 0.25442533 0.12367839 0.06048721 0.03490348 0.02149141 0.03970764 
348.00000000 0.46487434 0.25415535 0.12398092 0.06066846 0.03498343 0.02153033 0.03980716 
349.00000000 0.46444637 0.25388198 0.12428338 0.06084979 0.03506308 0.02156912 0.03990627 
350.00000000 0.46402274 0.25360513 0.12458574 0.06103123 0.03514237 0.02160780 0.04000499 
351.00000000 0.46360350 0.25332476 0.12488797 0.06121280 0.03522125 0.02164642 0.04010330 
352.00000000 0.46318869 0.25304085 0.12519004 0.06139453 0.03529968 0.02168501 0.04020120 
353.00000000 0.46277830 0.25275343 0.12549190 0.06157645 0.03537761 0.02172361 0.04029870 
354.00000000 0.46237230 0.25246256 0.12579353 0.06175857 0.03545501 0.02176223 0.04039580 
355.00000000 0.46197061 0.25216834 0.12609489 0.06194093 0.03553183 0.02180091 0.04049249 
356.00000000 0.46157313 0.25187089 0.12639593 0.06212354 0.03560805 0.02183968 0.04058879 
357.00000000 0.46117973 0.25157035 0.12669663 0.06230641 0.03568364 0.02187855 0.04068469 
358.00000000 0.46079025 0.25126692 0.12699695 0.06248956 0.03575858 0.02191754 0.04078019 
359.00000000 0.46040450 0.25096079 0.12729687 0.06267299 0.03583285 0.02195668 0.04087531 
360.00000000 0.46002227 0.25065220 0.12759634 0.06285672 0.03590645 0.02199597 0.04097005 
361.00000000 0.45964332 0.25034139 0.12789534 0.06304076 0.03597936 0.02203543 0.04106441 
362.00000000 0.45926739 0.25002864 0.12819384 0.06322510 0.03605158 0.02207505 0.04115839 
363.00000000 0.45889422 0.24971424 0.12849182 0.06340974 0.03612312 0.02211485 0.04125202 
364.00000000 0.45852349 0.24939848 0.12878926 0.06359469 0.03619398 0.02215481 0.04134529 
365.00000000 0.45815491 0.24908170 0.12908613 0.06377994 0.03626418 0.02219494 0.04143821 
366.00000000 0.45778815 0.24876421 0.12938241 0.06396548 0.03633373 0.02223523 0.04153078 
367.00000000 0.45742288 0.24844636 0.12967810 0.06415131 0.03640266 0.02227566 0.04162303 
368.00000000 0.45705875 0.24812849 0.12997318 0.06433742 0.03647099 0.02231622 0.04171496 
369.00000000 0.45669541 0.24781096 0.13026763 0.06452380 0.03653874 0.02235689 0.04180657 
370.00000000 0.45633250 0.24749412 0.13056146 0.06471043 0.03660596 0.02239766 0.04189787 
371.00000000 0.45596966 0.24717832 0.13085467 0.06489731 0.03667268 0.02243848 0.04198889 
372.00000000 0.45560653 0.24686393 0.13114724 0.06508440 0.03673894 0.02247935 0.04207961 
373.00000000 0.45524274 0.24655130 0.13143918 0.06527171 0.03680478 0.02252022 0.04217006 
374.00000000 0.45487794 0.24624078 0.13173049 0.06545921 0.03687025 0.02256107 0.04226025 
375.00000000 0.45451177 0.24593272 0.13202119 0.06564689 0.03693540 0.02260185 0.04235018 
376.00000000 0.45414388 0.24562744 0.13231129 0.06583473 0.03700027 0.02264254 0.04243986 
377.00000000 0.45377392 0.24532529 0.13260078 0.06602270 0.03706492 0.02268309 0.04252930 
378.00000000 0.45340157 0.24502658 0.13288969 0.06621079 0.03712939 0.02272346 0.04261852 
379.00000000 0.45302649 0.24473161 0.13317803 0.06639899 0.03719375 0.02276361 0.04270752 
380.00000000 0.45264838 0.24444068 0.13346582 0.06658727 0.03725805 0.02280350 0.04279631 
381.00000000 0.45226693 0.24415407 0.13375307 0.06677562 0.03732233 0.02284308 0.04288489 
382.00000000 0.45188186 0.24387205 0.13403981 0.06696402 0.03738666 0.02288231 0.04297329 
383.00000000 0.45149291 0.24359486 0.13432605 0.06715245 0.03745108 0.02292114 0.04306150 
384.00000000 0.45109983 0.24332274 0.13461182 0.06734089 0.03751566 0.02295953 0.04314953 
385.00000000 0.45070237 0.24305590 0.13489713 0.06752933 0.03758043 0.02299744 0.04323740 
386.00000000 0.45030032 0.24279453 0.13518201 0.06771776 0.03764545 0.02303482 0.04332510 
387.00000000 0.44989350 0.24253881 0.13546648 0.06790616 0.03771077 0.02307164 0.04341265 
388.00000000 0.44948172 0.24228890 0.13575055 0.06809451 0.03777643 0.02310783 0.04350005 
389.00000000 0.44906483 0.24204494 0.13603426 0.06828281 0.03784248 0.02314338 0.04358731 
390.00000000 0.44864270 0.24180703 0.13631761 0.06847104 0.03790895 0.02317824 0.04367444 
391.00000000 0.44821521 0.24157527 0.13660062 0.06865919 0.03797590 0.02321238 0.04376143 
392.00000000 0.44778229 0.24134974 0.13688332 0.06884726 0.03804334 0.02324575 0.04384830 
393.00000000 0.44734385 0.24113049 0.13716572 0.06903522 0.03811133 0.02327833 0.04393506 
394.00000000 0.44689987 0.24091755 0.13744783 0.06922309 0.03817988 0.02331010 0.04402169 
395.00000000 0.44645031 0.24071093 0.13772966 0.06941084 0.03824902 0.02334101 0.04410822 
396.00000000 0.44599519 0.24051062 0.13801123 0.06959847 0.03831878 0.02337106 0.04419464 
397.00000000 0.44553452 0.24031659 0.13829255 0.06978598 0.03838918 0.02340022 0.04428096 
398.00000000 0.44506835 0.24012879 0.13857362 0.06997336 0.03846023 0.02342848 0.04436719 
399.00000000 0.44459674 0.23994713 0.13885445 0.07016060 0.03853195 0.02345581 0.04445331 
400.00000000 0.44411980 0.23977154 0.13913504 0.07034771 0.03860435 0.02348221 0.04453935 
401.00000000 0.44363762 0.23960190 0.13941539 0.07053468 0.03867743 0.02350768 0.04462530 
402.00000000 0.44315035 0.23943808 0.13969550 0.07072150 0.03875119 0.02353221 0.04471116 
403.00000000 0.44265812 0.23927992 0.13997538 0.07090818 0.03882565 0.02355580 0.04479695 
404.00000000 0.44216112 0.23912727 0.14025501 0.07109471 0.03890079 0.02357845 0.04488265 
405.00000000 0.44165952 0.23897994 0.14053439 0.07128109 0.03897661 0.02360018 0.04496827 
406.00000000 0.44115354 0.23883773 0.14081350 0.07146732 0.03905310 0.02362098 0.04505382 
407.00000000 0.44064341 0.23870042 0.14109235 0.07165339 0.03913024 0.02364089 0.04513930 
408.00000000 0.44012935 0.23856778 0.14137092 0.07183931 0.03920802 0.02365991 0.04522470 
409.00000000 0.43961162 0.23843958 0.14164920 0.07202508 0.03928643 0.02367807 0.04531004 
410.00000000 0.43909049 0.23831554 0.14192717 0.07221068 0.03936544 0.02369538 0.04539530 
411.00000000 0.43856624 0.23819540 0.14220481 0.07239613 0.03944503 0.02371188 0.04548050 
412.00000000 0.43803917 0.23807888 0.14248212 0.07258141 0.03952517 0.02372760 0.04556564 
413.00000000 0.43750958 0.23796569 0.14275907 0.07276653 0.03960584 0.02374257 0.04565071 
414.00000000 0.43697778 0.23785553 0.14303565 0.07295149 0.03968701 0.02375682 0.04573572 
415.00000000 0.43644409 0.23774808 0.14331184 0.07313628 0.03976864 0.02377040 0.04582067 
416.00000000 0.43590884 0.23764304 0.14358761 0.07332091 0.03985071 0.02378333 0.04590555 
417.00000000 0.43537237 0.23754007 0.14386296 0.07350537 0.03993318 0.02379567 0.04599038 
418.00000000 0.43483502 0.23743886 0.14413786 0.07368966 0.04001601 0.02380745 0.04607514 
419.00000000 0.43429712 0.23733907 0.14441230 0.07387378 0.04009916 0.02381872 0.04615984 
420.00000000 0.43375904 0.23724036 0.14468626 0.07405773 0.04018261 0.02382952 0.04624448 
421.00000000 0.43322110 0.23714240 0.14495971 0.07424151 0.04026631 0.02383990 0.04632906 
422.00000000 0.43268367 0.23704486 0.14523265 0.07442512 0.04035022 0.02384991 0.04641358 
423.00000000 0.43214709 0.23694738 0.14550506 0.07460855 0.04043430 0.02385959 0.04649804 
424.00000000 0.43161169 0.23684965 0.14577691 0.07479180 0.04051852 0.02386899 0.04658243 
425.00000000 0.43107783 0.23675132 0.14604821 0.07497489 0.04060283 0.02387817 0.04666675 
426.00000000 0.43054584 0.23665207 0.14631894 0.07515779 0.04068719 0.02388716 0.04675101 
427.00000000 0.43001605 0.23655157 0.14658907 0.07534053 0.04077157 0.02389601 0.04683520 
428.00000000 0.42948878 0.23644950 0.14685862 0.07552309 0.04085592 0.02390477 0.04691932 
429.00000000 0.42896435 0.23634556 0.14712755 0.07570548 0.04094021 0.02391349 0.04700336 
430.00000000 0.42844307 0.23623943 0.14739588 0.07588771 0.04102439 0.02392221 0.04708732 
431.00000000 0.42792522 0.23613082 0.14766359 0.07606976 0.04110844 0.02393097 0.04717121 
432.00000000 0.42741111 0.23601944 0.14793067 0.07625165 0.04119231 0.02393981 0.04725501 
433.00000000 0.42690100 0.23590503 0.14819713 0.07643338 0.04127596 0.02394878 0.04733872 
434.00000000 0.42639516 0.23578731 0.14846296 0.07661496 0.04135937 0.02395791 0.04742233 
435.00000000 0.42589383 0.23566604 0.14872816 0.07679637 0.04144250 0.02396723 0.04750586 
436.00000000 0.42539726 0.23554097 0.14899273 0.07697764 0.04152532 0.02397679 0.04758927 
437.00000000 0.42490565 0.23541189 0.14925668 0.07715877 0.04160780 0.02398662 0.04767259 
438.00000000 0.42441923 0.23527858 0.14952001 0.07733975 0.04168990 0.02399674 0.04775579 
439.00000000 0.42393816 0.23514085 0.14978272 0.07752060 0.04177161 0.02400718 0.04783887 
440.00000000 0.42346264 0.23499852 0.15004481 0.07770133 0.04185289 0.02401797 0.04792184 
441.00000000 0.42299281 0.23485143 0.15030631 0.07788193 0.04193372 0.02402914 0.04800467 
442.00000000 0.42252881 0.23469944 0.15056720 0.07806241 0.04201408 0.02404069 0.04808737 
443.00000000 0.42207077 0.23454241 0.15082750 0.07824278 0.04209395 0.02405266 0.04816993 
444.00000000 0.42161878 0.23438024 0.15108722 0.07842304 0.04217331 0.02406505 0.04825235 
445.00000000 0.42117294 0.23421283 0.15134637 0.07860321 0.04225214 0.02407788 0.04833462 
446.00000000 0.42073331 0.23404012 0.15160496 0.07878328 0.04233043 0.02409117 0.04841673 
447.00000000 0.42029993 0.23386204 0.15186300 0.07896326 0.04240817 0.02410492 0.04849868 
448.00000000 0.41987285 0.23367856 0.15212049 0.07914316 0.04248534 0.02411914 0.04858046 
449.00000000 0.41945206 0.23348967 0.15237746 0.07932298 0.04256194 0.02413383 0.04866207 
450.00000000 0.41903758 0.23329535 0.15263390 0.07950272 0.04263796 0.02414899 0.04874351 
451.00000000 0.41862937 0.23309563 0.15288983 0.07968239 0.04271340 0.02416464 0.04882476 
452.00000000 0.41822739 0.23289054 0.15314526 0.07986198 0.04278825 0.02418076 0.04890583 
453.00000000 0.41783158 0.23268015 0.15340020 0.08004151 0.04286251 0.02419735 0.04898670 
454.00000000 0.41744188 0.23246451 0.15365465 0.08022098 0.04293618 0.02421441 0.04906739 
455.00000000 0.41705819 0.23224372 0.15390864 0.08040037 0.04300927 0.02423194 0.04914787 
456.00000000 0.41668040 0.23201789 0.15416215 0.08057970 0.04308178 0.02424992 0.04922816 
457.00000000 0.41630839 0.23178712 0.15441521 0.08075895 0.04315372 0.02426836 0.04930825 
458.00000000 0.41594202 0.23155157 0.15466783 0.08093814 0.04322509 0.02428723 0.04938813 
459.00000000 0.41558114 0.23131137 0.15491999 0.08111725 0.04329591 0.02430652 0.04946781 
460.00000000 0.41522560 0.23106670 0.15517172 0.08129628 0.04336619 0.02432623 0.04954728 
461.00000000 0.41487520 0.23081773 0.15542301 0.08147522 0.04343594 0.02434635 0.04962655 
462.00000000 0.41452977 0.23056465 0.15567388 0.08165407 0.04350517 0.02436685 0.04970561 
463.00000000 0.41418909 0.23030767 0.15592432 0.08183282 0.04357391 0.02438774 0.04978446 
464.00000000 0.41385297 0.23004699 0.15617433 0.08201146 0.04364215 0.02440898 0.04986311 
465.00000000 0.41352118 0.22978284 0.15642392 0.08218998 0.04370993 0.02443057 0.04994157 
466.00000000 0.41319349 0.22951545 0.15667309 0.08236838 0.04377726 0.02445250 0.05001982 
467.00000000 0.41286967 0.22924506 0.15692185 0.08254663 0.04384417 0.02447475 0.05009788 
468.00000000 0.41254948 0.22897191 0.15717018 0.08272474 0.04391066 0.02449730 0.05017574 
469.00000000 0.41223266 0.22869626 0.15741809 0.08290268 0.04397676 0.02452013 0.05025342 
470.00000000 0.41191897 0.22841836 0.15766557 0.08308044 0.04404249 0.02454325 0.05033091 
471.00000000 0.41160815 0.22813847 0.15791264 0.08325802 0.04410788 0.02456662 0.05040823 
472.00000000 0.41129994 0.22785685 0.15815927 0.08343539 0.04417293 0.02459024 0.05048537 
473.00000000 0.41099408 0.22757376 0.15840548 0.08361255 0.04423768 0.02461410 0.05056235 
474.00000000 0.41069031 0.22728948 0.15865126 0.08378947 0.04430214 0.02463817 0.05063917 
475.00000000 0.41038837 0.22700426 0.15889660 0.08396615 0.04436634 0.02466245 0.05071583 
476.00000000 0.41008800 0.22671836 0.15914150 0.08414257 0.04443029 0.02468693 0.05079235 
477.00000000 0.40978893 0.22643205 0.15938597 0.08431872 0.04449402 0.02471159 0.05086872 
478.00000000 0.40949093 0.22614558 0.15962999 0.08449459 0.04455753 0.02473642 0.05094497 
479.00000000 0.40919372 0.22585919 0.15987356 0.08467016 0.04462087 0.02476141 0.05102109 
480.00000000 0.40889708 0.22557315 0.16011669 0.08484541 0.04468403 0.02478655 0.05109709 
481.00000000 0.40860076 0.22528768 0.16035936 0.08502035 0.04474703 0.02481184 0.05117298 
482.00000000 0.40830452 0.22500302 0.16060159 0.08519495 0.04480990 0.02483725 0.05124877 
483.00000000 0.40800814 0.22471939 0.16084335 0.08536920 0.04487265 0.02486279 0.05132447 
484.00000000 0.40771140 0.22443701 0.16108466 0.08554311 0.04493529 0.02488844 0.05140008 
485.00000000 0.40741409 0.22415608 0.16132551 0.08571665 0.04499784 0.02491420 0.05147562 
486.00000000 0.40711601 0.22387681 0.16156591 0.08588983 0.04506031 0.02494006 0.05155108 
487.00000000 0.40681696 0.22359937 0.16180584 0.08606263 0.04512271 0.02496601 0.05162648 
488.00000000 0.40651676 0.22332394 0.16204532 0.08623505 0.04518504 0.02499205 0.05170182 
489.00000000 0.40621525 0.22305069 0.16228434 0.08640709 0.04524733 0.02501818 0.05177711 
490.00000000 0.40591227 0.22277977 0.16252291 0.08657875 0.04530957 0.02504437 0.05185236 
491.00000000 0.40560766 0.22251131 0.16276103 0.08675001 0.04537178 0.02507064 0.05192757 
492.00000000 0.40530129 0.22224544 0.16299870 0.08692089 0.04543396 0.02509698 0.05200275 
493.00000000 0.40499303 0.22198228 0.16323593 0.08709139 0.04549611 0.02512337 0.05207790 
494.00000000 0.40468279 0.22172192 0.16347271 0.08726149 0.04555824 0.02514982 0.05215303 
495.00000000 0.40437045 0.22146446 0.16370906 0.08743122 0.04562035 0.02517632 0.05222815 
496.00000000 0.40405593 0.22120997 0.16394498 0.08760057 0.04568245 0.02520287 0.05230325 
497.00000000 0.40373915 0.22095850 0.16418047 0.08776954 0.04574453 0.02522946 0.05237834 
498.00000000 0.40342007 0.22071012 0.16441554 0.08793815 0.04580659 0.02525609 0.05245343 
499.00000000 0.40309862 0.22046486 0.16465020 0.08810640 0.04586864 0.02528276 0.05252852 
500.00000000 0.40277477 0.22022273 0.16488446 0.08827430 0.04593068 0.02530945 0.05260360 
501.00000000 0.40244850 0.21998376 0.16511832 0.08844185 0.04599269 0.02533617 0.05267869 
502.00000000 0.40211980 0.21974794 0.16535179 0.08860908 0.04605469 0.02536292 0.05275378 
503.00000000 0.40178867 0.21951525 0.16558488 0.08877598 0.04611667 0.02538968 0.05282887 
504.00000000 0.40145512 0.21928568 0.16581759 0.08894256 0.04617862 0.02541646 0.05290397 
505.00000000 0.40111917 0.21905919 0.16604993 0.08910884 0.04624055 0.02544324 0.05297907 
506.00000000 0.40078086 0.21883574 0.16628192 0.08927483 0.04630244 0.02547003 0.05305418 
507.00000000 0.40044023 0.21861527 0.16651355 0.08944054 0.04636431 0.02549682 0.05312929 
508.00000000 0.40009734 0.21839771 0.16674484 0.08960598 0.04642613 0.02552360 0.05320440 
509.00000000 0.39975226 0.21818299 0.16697579 0.08977116 0.04648792 0.02555037 0.05327951 
510.00000000 0.39940505 0.21797104 0.16720641 0.08993610 0.04654966 0.02557713 0.05335462 
511.00000000 0.39905579 0.21776176 0.16743671 0.09010079 0.04661136 0.02560386 0.05342973 
512.00000000 0.39870458 0.21755506 0.16766669 0.09026527 0.04667300 0.02563057 0.05350483 
513.00000000 0.39835152 0.21735084 0.16789636 0.09042952 0.04673460 0.02565725 0.05357992 
514.00000000 0.39799669 0.21714899 0.16812573 0.09059357 0.04679614 0.02568389 0.05365499 
515.00000000 0.39764022 0.21694939 0.16835479 0.09075743 0.04685762 0.02571049 0.05373006 
516.00000000 0.39728222 0.21675194 0.16858356 0.09092110 0.04691904 0.02573704 0.05380510 
517.00000000 0.39692281 0.21655650 0.16881204 0.09108459 0.04698041 0.02576353 0.05388012 
518.00000000 0.39656210 0.21636297 0.16904024 0.09124791 0.04704171 0.02578997 0.05395511 
519.00000000 0.39620023 0.21617120 0.16926814 0.09141106 0.04710295 0.02581634 0.05403008 
520.00000000 0.39583732 0.21598109 0.16949577 0.09157406 0.04716413 0.02584263 0.05410501 
521.00000000 0.39547350 0.21579249 0.16972311 0.09173691 0.04722525 0.02586885 0.05417990 
522.00000000 0.39510891 0.21560528 0.16995017 0.09189961 0.04728630 0.02589498 0.05425475 
523.00000000 0.39474368 0.21541933 0.17017696 0.09206216 0.04734729 0.02592103 0.05432955 
524.00000000 0.39437793 0.21523452 0.17040346 0.09222458 0.04740823 0.02594698 0.05440430 
525.00000000 0.39401180 0.21505072 0.17062968 0.09238687 0.04746910 0.02597283 0.05447899 
526.00000000 0.39364543 0.21486780 0.17085562 0.09254902 0.04752992 0.02599858 0.05455363 
527.00000000 0.39327893 0.21468565 0.17108128 0.09271104 0.04759068 0.02602422 0.05462820 
528.00000000 0.39291244 0.21450415 0.17130665 0.09287292 0.04765139 0.02604974 0.05470271 
529.00000000 0.39254607 0.21432317 0.17153174 0.09303468 0.04771204 0.02607515 0.05477714 
530.00000000 0.39217995 0.21414262 0.17175653 0.09319631 0.04777265 0.02610043 0.05485150 
531.00000000 0.39181419 0.21396238 0.17198103 0.09335781 0.04783322 0.02612559 0.05492579 
532.00000000 0.39144891 0.21378235 0.17220523 0.09351917 0.04789373 0.02615061 0.05499999 
533.00000000 0.39108420 0.21360244 0.17242913 0.09368041 0.04795421 0.02617550 0.05507410 
534.00000000 0.39072018 0.21342255 0.17265272 0.09384151 0.04801465 0.02620026 0.05514813 
535.00000000 0.39035693 0.21324259 0.17287601 0.09400247 0.04807506 0.02622488 0.05522207 
536.00000000 0.38999455 0.21306249 0.17309897 0.09416329 0.04813543 0.02624936 0.05529591 
537.00000000 0.38963311 0.21288216 0.17332162 0.09432397 0.04819578 0.02627369 0.05536966 
538.00000000 0.38927271 0.21270155 0.17354394 0.09448451 0.04825609 0.02629788 0.05544331 
539.00000000 0.38891340 0.21252059 0.17376594 0.09464490 0.04831638 0.02632193 0.05551686 
540.00000000 0.38855526 0.21233922 0.17398760 0.09480514 0.04837664 0.02634584 0.05559031 
541.00000000 0.38819833 0.21215739 0.17420893 0.09496523 0.04843688 0.02636960 0.05566365 
542.00000000 0.38784267 0.21197506 0.17442992 0.09512516 0.04849710 0.02639321 0.05573689 
543.00000000 0.38748832 0.21179219 0.17465056 0.09528494 0.04855730 0.02641669 0.05581001 
544.00000000 0.38713532 0.21160875 0.17487085 0.09544456 0.04861747 0.02644002 0.05588304 
545.00000000 0.38678369 0.21142471 0.17509080 0.09560401 0.04867763 0.02646321 0.05595595 
546.00000000 0.38643346 0.21124006 0.17531039 0.09576330 0.04873777 0.02648626 0.05602875 
547.00000000 0.38608465 0.21105479 0.17552962 0.09592243 0.04879789 0.02650918 0.05610144 
548.00000000 0.38573725 0.21086888 0.17574850 0.09608139 0.04885799 0.02653197 0.05617402 
549.00000000 0.38539128 0.21068235 0.17596702 0.09624018 0.04891807 0.02655462 0.05624649 
550.00000000 0.38504672 0.21049518 0.17618518 0.09639880 0.04897812 0.02657715 0.05631884 
551.00000000 0.38470357 0.21030740 0.17640297 0.09655725 0.04903816 0.02659956 0.05639109 
552.00000000 0.38436181 0.21011902 0.17662041 0.09671553 0.04909817 0.02662185 0.05646322 
553.00000000 0.38402141 0.20993006 0.17683748 0.09687363 0.04915815 0.02664402 0.05653525 
554.00000000 0.38368234 0.20974055 0.17705420 0.09703157 0.04921810 0.02666609 0.05660716 
555.00000000 0.38334458 0.20955051 0.17727055 0.09718933 0.04927802 0.02668805 0.05667896 
556.00000000 0.38300807 0.20935998 0.17748655 0.09734692 0.04933791 0.02670991 0.05675066 
557.00000000 0.38267278 0.20916900 0.17770219 0.09750434 0.04939777 0.02673167 0.05682224 
558.00000000 0.38233867 0.20897761 0.17791748 0.09766159 0.04945758 0.02675334 0.05689372 
559.00000000 0.38200567 0.20878585 0.17813242 0.09781867 0.04951736 0.02677493 0.05696510 
560.00000000 0.38167373 0.20859378 0.17834701 0.09797558 0.04957709 0.02679643 0.05703637 
561.00000000 0.38134279 0.20840144 0.17856126 0.09813233 0.04963678 0.02681786 0.05710753 
562.00000000 0.38101280 0.20820889 0.17877516 0.09828891 0.04969642 0.02683922 0.05717859 
563.00000000 0.38068368 0.20801619 0.17898873 0.09844532 0.04975601 0.02686051 0.05724955 
564.00000000 0.38035537 0.20782338 0.17920197 0.09860157 0.04981555 0.02688174 0.05732042 
565.00000000 0.38002781 0.20763054 0.17941487 0.09875766 0.04987504 0.02690291 0.05739118 
566.00000000 0.37970092 0.20743771 0.17962745 0.09891358 0.04993447 0.02692402 0.05746185 
567.00000000 0.37937463 0.20724496 0.17983971 0.09906935 0.04999384 0.02694509 0.05753242 
568.00000000 0.37904888 0.20705235 0.18005166 0.09922496 0.05005315 0.02696611 0.05760289 
569.00000000 0.37872359 0.20685994 0.18026329 0.09938041 0.05011240 0.02698709 0.05767327 
570.00000000 0.37839870 0.20666779 0.18047461 0.09953571 0.05017160 0.02700802 0.05774357 
571.00000000 0.37807413 0.20647597 0.18068563 0.09969085 0.05023073 0.02702892 0.05781377 
572.00000000 0.37774982 0.20628452 0.18089635 0.09984584 0.05028980 0.02704979 0.05788388 
573.00000000 0.37742570 0.20609352 0.18110678 0.10000067 0.05034881 0.02707062 0.05795390 
574.00000000 0.37710170 0.20590302 0.18131691 0.10015535 0.05040776 0.02709142 0.05802384 
575.00000000 0.37677777 0.20571308 0.18152675 0.10030988 0.05046665 0.02711218 0.05809370 
576.00000000 0.37645383 0.20552375 0.18173631 0.10046425 0.05052548 0.02713292 0.05816347 
577.00000000 0.37612983 0.20533508 0.18194558 0.10061847 0.05058425 0.02715363 0.05823315 
578.00000000 0.37580573 0.20514712 0.18215458 0.10077254 0.05064297 0.02717431 0.05830276 
579.00000000 0.37548145 0.20495992 0.18236329 0.10092646 0.05070164 0.02719495 0.05837228 
580.00000000 0.37515696 0.20477354 0.18257174 0.10108022 0.05076025 0.02721557 0.05844172 
581.00000000 0.37483221 0.20458800 0.18277990 0.10123383 0.05081882 0.02723615 0.05851108 
582.00000000 0.37450715 0.20440335 0.18298780 0.10138729 0.05087734 0.02725670 0.05858037 
583.00000000 0.37418176 0.20421963 0.18319542 0.10154059 0.05093582 0.02727721 0.05864957 
584.00000000 0.37385598 0.20403687 0.18340277 0.10169374 0.05099426 0.02729768 0.05871870 
585.00000000 0.37352980 0.20385510 0.18360985 0.10184672 0.05105267 0.02731811 0.05878775 
586.00000000 0.37320319 0.20367434 0.18381666 0.10199955 0.05111104 0.02733850 0.05885672 
587.00000000 0.37287612 0.20349463 0.18402320 0.10215222 0.05116939 0.02735883 0.05892561 
588.00000000 0.37254857 0.20331597 0.18422947 0.10230473 0.05122771 0.02737912 0.05899443 
589.00000000 0.37222054 0.20313840 0.18443546 0.10245707 0.05128602 0.02739934 0.05906317 
590.00000000 0.37189202 0.20296191 0.18464118 0.10260925 0.05134430 0.02741951 0.05913184 
591.00000000 0.37156299 0.20278651 0.18484663 0.10276126 0.05140258 0.02743961 0.05920042 
592.00000000 0.37123346 0.20261222 0.18505180 0.10291311 0.05146084 0.02745964 0.05926893 
593.00000000 0.37090343 0.20243902 0.18525669 0.10306479 0.05151911 0.02747960 0.05933736 
594.00000000 0.37057292 0.20226693 0.18546130 0.10321629 0.05157737 0.02749948 0.05940572 
595.00000000 0.37024192 0.20209593 0.18566562 0.10336763 0.05163563 0.02751928 0.05947399 
596.00000000 0.36991046 0.20192601 0.18586966 0.10351879 0.05169389 0.02753899 0.05954219 
597.00000000 0.36957856 0.20175716 0.18607342 0.10366978 0.05175217 0.02755860 0.05961031 
598.00000000 0.36924624 0.20158936 0.18627689 0.10382059 0.05181045 0.02757813 0.05967835 
599.00000000 0.36891352 0.20142259 0.18648006 0.10397122 0.05186875 0.02759755 0.05974631 
600.00000000 0.36858043 0.20125683 0.18668294 0.10412168 0.05192707 0.02761687 0.05981418 
601.00000000 0.36824702 0.20109204 0.18688552 0.10427196 0.05198540 0.02763609 0.05988198 
602.00000000 0.36791331 0.20092820 0.18708781 0.10442205 0.05204374 0.02765519 0.05994969 
603.00000000 0.36757934 0.20076528 0.18728979 0.10457197 0.05210211 0.02767418 0.06001733 
604.00000000 0.36724516 0.20060324 0.18749147 0.10472170 0.05216050 0.02769306 0.06008488 
605.00000000 0.36691080 0.20044204 0.18769284 0.10487125 0.05221890 0.02771182 0.06015234 
606.00000000 0.36657632 0.20028163 0.18789391 0.10502062 0.05227733 0.02773046 0.06021972 
607.00000000 0.36624177 0.20012199 0.18809467 0.10516980 0.05233577 0.02774898 0.06028702 
608.00000000 0.36590718 0.19996305 0.18829512 0.10531880 0.05239423 0.02776738 0.06035423 
609.00000000 0.36557262 0.19980477 0.18849526 0.10546762 0.05245271 0.02778566 0.06042135 
610.00000000 0.36523813 0.19964711 0.18869509 0.10561625 0.05251120 0.02780382 0.06048839 
611.00000000 0.36490377 0.19949002 0.18889460 0.10576470 0.05256970 0.02782185 0.06055534 
612.00000000 0.36456960 0.19933344 0.18909380 0.10591297 0.05262821 0.02783977 0.06062221 
613.00000000 0.36423566 0.19917731 0.18929269 0.10606106 0.05268673 0.02785758 0.06068898 
614.00000000 0.36390201 0.19902160 0.18949126 0.10620896 0.05274524 0.02787526 0.06075567 
615.00000000 0.36356871 0.19886623 0.18968952 0.10635668 0.05280376 0.02789284 0.06082227 
616.00000000 0.36323580 0.19871117 0.18988747 0.10650421 0.05286226 0.02791031 0.06088877 
617.00000000 0.36290336 0.19855635 0.19008511 0.10665157 0.05292075 0.02792767 0.06095519 
618.00000000 0.36257142 0.19840171 0.19028243 0.10679875 0.05297923 0.02794494 0.06102152 
619.00000000 0.36224004 0.19824722 0.19047944 0.10694575 0.05303768 0.02796211 0.06108776 
620.00000000 0.36190928 0.19809281 0.19067614 0.10709257 0.05309610 0.02797919 0.06115391 
621.00000000 0.36157918 0.19793843 0.19087254 0.10723921 0.05315448 0.02799619 0.06121997 
622.00000000 0.36124979 0.19778403 0.19106863 0.10738568 0.05321282 0.02801311 0.06128594 
623.00000000 0.36092116 0.19762956 0.19126441 0.10753198 0.05327112 0.02802996 0.06135182 
624.00000000 0.36059334 0.19747497 0.19145989 0.10767809 0.05332935 0.02804674 0.06141761 
625.00000000 0.36026636 0.19732022 0.19165506 0.10782404 0.05338753 0.02806347 0.06148331 
626.00000000 0.35994028 0.19716526 0.19184994 0.10796982 0.05344563 0.02808016 0.06154891 
627.00000000 0.35961513 0.19701004 0.19204452 0.10811542 0.05350366 0.02809680 0.06161443 
628.00000000 0.35929095 0.19685452 0.19223881 0.10826086 0.05356161 0.02811340 0.06167986 
629.00000000 0.35896776 0.19669867 0.19243280 0.10840613 0.05361946 0.02812999 0.06174519 
630.00000000 0.35864562 0.19654245 0.19262650 0.10855123 0.05367721 0.02814655 0.06181044 
631.00000000 0.35832454 0.19638582 0.19281990 0.10869617 0.05373486 0.02816311 0.06187560 
632.00000000 0.35800455 0.19622876 0.19301302 0.10884094 0.05379239 0.02817967 0.06194066 
633.00000000 0.35768567 0.19607123 0.19320586 0.10898555 0.05384981 0.02819624 0.06200564 
634.00000000 0.35736794 0.19591322 0.19339841 0.10913000 0.05390710 0.02821282 0.06207052 
635.00000000 0.35705136 0.19575468 0.19359067 0.10927429 0.05396425 0.02822943 0.06213532 
636.00000000 0.35673595 0.19559562 0.19378266 0.10941842 0.05402127 0.02824606 0.06220003 
637.00000000 0.35642173 0.19543600 0.19397436 0.10956239 0.05407814 0.02826274 0.06226464 
638.00000000 0.35610870 0.19527582 0.19416578 0.10970620 0.05413486 0.02827947 0.06232917 
639.00000000 0.35579687 0.19511507 0.19435693 0.10984985 0.05419142 0.02829625 0.06239361 
640.00000000 0.35548625 0.19495373 0.19454780 0.10999335 0.05424782 0.02831309 0.06245796 
641.00000000 0.35517684 0.19479180 0.19473839 0.11013670 0.05430405 0.02832999 0.06252222 
642.00000000 0.35486864 0.19462929 0.19492870 0.11027989 0.05436011 0.02834697 0.06258640 
643.00000000 0.35456164 0.19446619 0.19511874 0.11042293 0.05441599 0.02836403 0.06265048 
644.00000000 0.35425584 0.19430250 0.19530851 0.11056581 0.05447170 0.02838117 0.06271448 
645.00000000 0.35395122 0.19413824 0.19549799 0.11070854 0.05452723 0.02839840 0.06277838 
646.00000000 0.35364778 0.19397340 0.19568720 0.11085112 0.05458257 0.02841572 0.06284220 
647.00000000 0.35334551 0.19380802 0.19587614 0.11099354 0.05463772 0.02843314 0.06290594 
648.00000000 0.35304438 0.19364209 0.19606479 0.11113581 0.05469268 0.02845066 0.06296958 
649.00000000 0.35274437 0.19347565 0.19625317 0.11127793 0.05474746 0.02846828 0.06303313 
650.00000000 0.35244548 0.19330870 0.19644127 0.11141990 0.05480204 0.02848600 0.06309660 
651.00000000 0.35214767 0.19314127 0.19662910 0.11156172 0.05485644 0.02850383 0.06315998 
652.00000000 0.35185091 0.19297339 0.19681664 0.11170338 0.05491064 0.02852176 0.06322327 
653.00000000 0.35155520 0.19280508 0.19700390 0.11184488 0.05496466 0.02853980 0.06328648 
654.00000000 0.35126048 0.19263636 0.19719088 0.11198624 0.05501849 0.02855795 0.06334960 
655.00000000 0.35096675 0.19246728 0.19737758 0.11212743 0.05507213 0.02857620 0.06341263 
656.00000000 0.35067396 0.19229786 0.19756399 0.11226847 0.05512559 0.02859456 0.06347558 
657.00000000 0.35038208 0.19212813 0.19775011 0.11240936 0.05517887 0.02861301 0.06353843 
658.00000000 0.35009109 0.19195812 0.19793596 0.11255008 0.05523197 0.02863157 0.06360121 
659.00000000 0.34980094 0.19178788 0.19812151 0.11269064 0.05528490 0.02865023 0.06366389 
660.00000000 0.34951160 0.19161744 0.19830678 0.11283104 0.05533766 0.02866898 0.06372650 
661.00000000 0.34922304 0.19144683 0.19849175 0.11297128 0.05539026 0.02868782 0.06378901 
662.00000000 0.34893523 0.19127609 0.19867644 0.11311136 0.05544269 0.02870675 0.06385145 
663.00000000 0.34864811 0.19110526 0.19886083 0.11325126 0.05549497 0.02872576 0.06391380 
664.00000000 0.34836166 0.19093438 0.19904494 0.11339100 0.05554710 0.02874485 0.06397606 
665.00000000 0.34807585 0.19076348 0.19922875 0.11353057 0.05559909 0.02876402 0.06403825 
666.00000000 0.34779062 0.19059260 0.19941228 0.11366996 0.05565094 0.02878325 0.06410035 
667.00000000 0.34750596 0.19042178 0.19959551 0.11380918 0.05570266 0.02880254 0.06416237 
668.00000000 0.34722181 0.19025106 0.19977844 0.11394822 0.05575426 0.02882190 0.06422430 
669.00000000 0.34693815 0.19008047 0.19996109 0.11408709 0.05580573 0.02884131 0.06428616 
670.00000000 0.34665494 0.18991005 0.20014344 0.11422577 0.05585710 0.02886076 0.06434794 
671.00000000 0.34637214 0.18973983 0.20032551 0.11436427 0.05590836 0.02888025 0.06440964 
672.00000000 0.34608972 0.18956985 0.20050728 0.11450258 0.05595952 0.02889978 0.06447126 
673.00000000 0.34580765 0.18940014 0.20068877 0.11464070 0.05601060 0.02891934 0.06453281 
674.00000000 0.34552589 0.18923074 0.20086996 0.11477864 0.05606159 0.02893891 0.06459428 
675.00000000 0.34524441 0.18906166 0.20105087 0.11491638 0.05611250 0.02895851 0.06465567 
676.00000000 0.34496318 0.18889296 0.20123150 0.11505393 0.05616334 0.02897812 0.06471699 
677.00000000 0.34468217 0.18872464 0.20141184 0.11519128 0.05621411 0.02899773 0.06477823 
678.00000000 0.34440136 0.18855674 0.20159190 0.11532843 0.05626483 0.02901734 0.06483941 
679.00000000 0.34412071 0.18838929 0.20177167 0.11546538 0.05631549 0.02903695 0.06490051 
680.00000000 0.34384019 0.18822231 0.20195117 0.11560213 0.05636611 0.02905654 0.06496154 
681.00000000 0.34355980 0.18805581 0.20213040 0.11573868 0.05641669 0.02907612 0.06502250 
682.00000000 0.34327950 0.18788983 0.20230935 0.11587503 0.05646723 0.02909568 0.06508339 
683.00000000 0.34299927 0.18772438 0.20248802 0.11601117 0.05651774 0.02911521 0.06514421 
684.00000000 0.34271909 0.18755947 0.20266643 0.11614710 0.05656823 0.02913472 0.06520497 
685.00000000 0.34243894 0.18739513 0.20284457 0.11628283 0.05661869 0.02915419 0.06526566 
686.00000000 0.34215881 0.18723136 0.20302245 0.11641834 0.05666914 0.02917362 0.06532628 
687.00000000 0.34187868 0.18706819 0.20320006 0.11655365 0.05671957 0.02919301 0.06538684 
688.00000000 0.34159854 0.18690561 0.20337742 0.11668875 0.05676999 0.02921235 0.06544733 
689.00000000 0.34131837 0.18674365 0.20355452 0.11682364 0.05682041 0.02923165 0.06550776 
690.00000000 0.34103817 0.18658229 0.20373136 0.11695833 0.05687082 0.02925090 0.06556813 
691.00000000 0.34075793 0.18642156 0.20390795 0.11709280 0.05692122 0.02927010 0.06562843 
692.00000000 0.34047764 0.18626146 0.20408429 0.11722707 0.05697162 0.02928924 0.06568868 
693.00000000 0.34019729 0.18610198 0.20426039 0.11736113 0.05702203 0.02930832 0.06574886 
694.00000000 0.33991688 0.18594314 0.20443624 0.11749498 0.05707243 0.02932735 0.06580898 
695.00000000 0.33963642 0.18578492 0.20461184 0.11762863 0.05712283 0.02934632 0.06586904 
696.00000000 0.33935589 0.18562732 0.20478720 0.11776207 0.05717324 0.02936523 0.06592904 
697.00000000 0.33907530 0.18547035 0.20496233 0.11789532 0.05722364 0.02938409 0.06598898 
698.00000000 0.33879465 0.18531399 0.20513721 0.11802835 0.05727405 0.02940288 0.06604886 
699.00000000 0.33851395 0.18515825 0.20531186 0.11816120 0.05732445 0.02942161 0.06610868 
700.00000000 0.33823320 0.18500311 0.20548628 0.11829384 0.05737485 0.02944029 0.06616844 
701.00000000 0.33795240 0.18484857 0.20566046 0.11842628 0.05742525 0.02945890 0.06622814 
702.00000000 0.33767157 0.18469461 0.20583440 0.11855854 0.05747564 0.02947746 0.06628778 
703.00000000 0.33739072 0.18454123 0.20600812 0.11869060 0.05752602 0.02949595 0.06634736 
704.00000000 0.33710984 0.18438841 0.20618160 0.11882247 0.05757640 0.02951440 0.06640688 
705.00000000 0.33682896 0.18423615 0.20635485 0.11895415 0.05762676 0.02953278 0.06646634 
706.00000000 0.33654809 0.18408442 0.20652788 0.11908564 0.05767711 0.02955112 0.06652574 
707.00000000 0.33626724 0.18393321 0.20670067 0.11921696 0.05772744 0.02956940 0.06658508 
708.00000000 0.33598642 0.18378252 0.20687323 0.11934809 0.05777775 0.02958763 0.06664436 
709.00000000 0.33570565 0.18363231 0.20704557 0.11947904 0.05782804 0.02960582 0.06670358 
710.00000000 0.33542494 0.18348259 0.20721767 0.11960982 0.05787830 0.02962395 0.06676273 
711.00000000 0.33514432 0.18333333 0.20738954 0.11974042 0.05792853 0.02964205 0.06682182 
712.00000000 0.33486379 0.18318451 0.20756119 0.11987085 0.05797873 0.02966010 0.06688085 
713.00000000 0.33458337 0.18303611 0.20773260 0.12000110 0.05802889 0.02967810 0.06693982 
714.00000000 0.33430309 0.18288813 0.20790378 0.12013119 0.05807901 0.02969607 0.06699872 
715.00000000 0.33402296 0.18274054 0.20807473 0.12026111 0.05812910 0.02971401 0.06705755 
716.00000000 0.33374300 0.18259332 0.20824544 0.12039087 0.05817914 0.02973190 0.06711632 
717.00000000 0.33346323 0.18244646 0.20841592 0.12052046 0.05822913 0.02974977 0.06717503 
718.00000000 0.33318366 0.18229993 0.20858617 0.12064990 0.05827907 0.02976760 0.06723367 
719.00000000 0.33290432 0.18215373 0.20875618 0.12077917 0.05832896 0.02978540 0.06729224 
720.00000000 0.33262522 0.18200783 0.20892595 0.12090828 0.05837880 0.02980318 0.06735074 
721.00000000 0.33234638 0.18186221 0.20909549 0.12103723 0.05842858 0.02982093 0.06740918 
722.00000000 0.33206783 0.18171685 0.20926479 0.12116603 0.05847830 0.02983865 0.06746755 
723.00000000 0.33178958 0.18157175 0.20943385 0.12129467 0.05852796 0.02985635 0.06752584 
724.00000000 0.33151164 0.18142688 0.20960267 0.12142315 0.05857755 0.02987403 0.06758407 
725.00000000 0.33123404 0.18128222 0.20977126 0.12155149 0.05862709 0.02989169 0.06764222 
726.00000000 0.33095679 0.18113776 0.20993960 0.12167966 0.05867655 0.02990932 0.06770031 
727.00000000 0.33067992 0.18099349 0.21010769 0.12180769 0.05872595 0.02992694 0.06775832 
728.00000000 0.33040342 0.18084938 0.21027555 0.12193556 0.05877528 0.02994454 0.06781626 
729.00000000 0.33012733 0.18070543 0.21044317 0.12206328 0.05882454 0.02996212 0.06787413 
730.00000000 0.32985166 0.18056161 0.21061054 0.12219085 0.05887374 0.02997968 0.06793192 
731.00000000 0.32957641 0.18041792 0.21077767 0.12231827 0.05892286 0.02999723 0.06798964 
732.00000000 0.32930161 0.18027435 0.21094455 0.12244553 0.05897191 0.03001476 0.06804729 
733.00000000 0.32902726 0.18013087 0.21111119 0.12257265 0.05902089 0.03003227 0.06810486 
734.00000000 0.32875339 0.17998749 0.21127759 0.12269961 0.05906980 0.03004976 0.06816236 
735.00000000 0.32847999 0.17984418 0.21144375 0.12282642 0.05911864 0.03006724 0.06821978 
736.00000000 0.32820708 0.17970095 0.21160966 0.12295308 0.05916741 0.03008470 0.06827712 
737.00000000 0.32793467 0.17955777 0.21177533 0.12307958 0.05921611 0.03010214 0.06833439 
738.00000000 0.32766276 0.17941465 0.21194076 0.12320594 0.05926474 0.03011956 0.06839159 
739.00000000 0.32739137 0.17927157 0.21210595 0.12333214 0.05931330 0.03013696 0.06844870 
740.00000000 0.32712050 0.17912853 0.21227090 0.12345819 0.05936180 0.03015434 0.06850574 
741.00000000 0.32685015 0.17898553 0.21243560 0.12358408 0.05941022 0.03017171 0.06856271 
742.00000000 0.32658033 0.17884255 0.21260007 0.12370983 0.05945858 0.03018904 0.06861959 
743.00000000 0.32631104 0.17869960 0.21276430 0.12383542 0.05950688 0.03020636 0.06867640 
744.00000000 0.32604228 0.17855667 0.21292829 0.12396086 0.05955511 0.03022365 0.06873313 
745.00000000 0.32577406 0.17841376 0.21309205 0.12408614 0.05960327 0.03024092 0.06878979 
746.00000000 0.32550638 0.17827087 0.21325557 0.12421128 0.05965138 0.03025816 0.06884637 
747.00000000 0.32523922 0.17812800 0.21341886 0.12433625 0.05969942 0.03027537 0.06890287 
748.00000000 0.32497260 0.17798515 0.21358191 0.12446108 0.05974740 0.03029256 0.06895929 
749.00000000 0.32470651 0.17784233 0.21374473 0.12458575 0.05979532 0.03030972 0.06901564 
750.00000000 0.32444094 0.17769953 0.21390732 0.12471027 0.05984319 0.03032684 0.06907191 
751.00000000 0.32417590 0.17755675 0.21406968 0.12483464 0.05989099 0.03034394 0.06912810 
752.00000000 0.32391137 0.17741401 0.21423182 0.12495885 0.05993874 0.03036100 0.06918421 
753.00000000 0.32364735 0.17727131 0.21439372 0.12508291 0.05998644 0.03037802 0.06924025 
754.00000000 0.32338383 0.17712865 0.21455540 0.12520681 0.06003408 0.03039502 0.06929621 
755.00000000 0.32312080 0.17698604 0.21471685 0.12533057 0.06008167 0.03041198 0.06935210 
756.00000000 0.32285826 0.17684348 0.21487808 0.12545417 0.06012920 0.03042890 0.06940791 
757.00000000 0.32259620 0.17670099 0.21503909 0.12557762 0.06017668 0.03044578 0.06946364 
758.00000000 0.32233460 0.17655857 0.21519987 0.12570091 0.06022411 0.03046263 0.06951930 
759.00000000 0.32207346 0.17641623 0.21536043 0.12582406 0.06027149 0.03047944 0.06957488 
760.00000000 0.32181277 0.17627398 0.21552077 0.12594705 0.06031882 0.03049621 0.06963039 
761.00000000 0.32155251 0.17613184 0.21568090 0.12606989 0.06036610 0.03051294 0.06968582 
762.00000000 0.32129268 0.17598980 0.21584080 0.12619258 0.06041334 0.03052963 0.06974118 
763.00000000 0.32103326 0.17584788 0.21600048 0.12631512 0.06046052 0.03054628 0.06979647 
764.00000000 0.32077423 0.17570609 0.21615994 0.12643751 0.06050765 0.03056289 0.06985168 
765.00000000 0.32051560 0.17556445 0.21631919 0.12655975 0.06055474 0.03057946 0.06990681 
766.00000000 0.32025734 0.17542295 0.21647822 0.12668184 0.06060178 0.03059599 0.06996188 
767.00000000 0.31999945 0.17528162 0.21663703 0.12680377 0.06064878 0.03061248 0.07001687 
768.00000000 0.31974191 0.17514047 0.21679562 0.12692556 0.06069572 0.03062894 0.07007179 
769.00000000 0.31948470 0.17499950 0.21695400 0.12704719 0.06074262 0.03064535 0.07012664 
770.00000000 0.31922782 0.17485873 0.21711216 0.12716868 0.06078948 0.03066172 0.07018141 
771.00000000 0.31897126 0.17471817 0.21727010 0.12729001 0.06083628 0.03067806 0.07023612 
772.00000000 0.31871500 0.17457782 0.21742782 0.12741120 0.06088304 0.03069436 0.07029075 
773.00000000 0.31845903 0.17443771 0.21758533 0.12753223 0.06092976 0.03071062 0.07034532 
774.00000000 0.31820335 0.17429783 0.21774262 0.12765312 0.06097642 0.03072685 0.07039981 
775.00000000 0.31794793 0.17415821 0.21789969 0.12777385 0.06102304 0.03074304 0.07045424 
776.00000000 0.31769277 0.17401884 0.21805654 0.12789444 0.06106962 0.03075919 0.07050859 
777.00000000 0.31743787 0.17387974 0.21821318 0.12801487 0.06111615 0.03077532 0.07056288 
778.00000000 0.31718320 0.17374092 0.21836959 0.12813515 0.06116263 0.03079141 0.07061710 
779.00000000 0.31692876 0.17360239 0.21852579 0.12825528 0.06120906 0.03080746 0.07067126 
780.00000000 0.31667455 0.17346414 0.21868177 0.12837526 0.06125545 0.03082349 0.07072534 
781.00000000 0.31642056 0.17332620 0.21883752 0.12849509 0.06130178 0.03083949 0.07077936 
782.00000000 0.31616677 0.17318856 0.21899306 0.12861476 0.06134808 0.03085546 0.07083331 
783.00000000 0.31591319 0.17305123 0.21914838 0.12873429 0.06139432 0.03087140 0.07088720 
784.00000000 0.31565981 0.17291421 0.21930347 0.12885366 0.06144052 0.03088731 0.07094102 
785.00000000 0.31540661 0.17277752 0.21945835 0.12897287 0.06148667 0.03090320 0.07099478 
786.00000000 0.31515361 0.17264115 0.21961300 0.12909194 0.06153277 0.03091907 0.07104847 
787.00000000 0.31490079 0.17250511 0.21976743 0.12921085 0.06157882 0.03093491 0.07110209 
788.00000000 0.31464816 0.17236939 0.21992164 0.12932961 0.06162482 0.03095073 0.07115566 
789.00000000 0.31439571 0.17223400 0.22007563 0.12944821 0.06167077 0.03096652 0.07120915 
790.00000000 0.31414344 0.17209895 0.22022940 0.12956666 0.06171668 0.03098230 0.07126259 
791.00000000 0.31389134 0.17196422 0.22038294 0.12968495 0.06176253 0.03099805 0.07131596 
792.00000000 0.31363943 0.17182982 0.22053627 0.12980309 0.06180834 0.03101379 0.07136926 
793.00000000 0.31338770 0.17169575 0.22068937 0.12992108 0.06185410 0.03102950 0.07142250 
794.00000000 0.31313616 0.17156200 0.22084225 0.13003891 0.06189980 0.03104520 0.07147568 
795.00000000 0.31288479 0.17142857 0.22099491 0.13015659 0.06194546 0.03106088 0.07152880 
796.00000000 0.31263362 0.17129546 0.22114734 0.13027411 0.06199106 0.03107655 0.07158185 
797.00000000 0.31238264 0.17116267 0.22129956 0.13039147 0.06203661 0.03109220 0.07163484 
798.00000000 0.31213186 0.17103018 0.22145156 0.13050869 0.06208212 0.03110783 0.07168777 
799.00000000 0.31188128 0.17089799 0.22160334 0.13062574 0.06212757 0.03112345 0.07174063 
800.00000000 0.31163091 0.17076610 0.22175490 0.13074265 0.06217297 0.03113905 0.07179343 
801.00000000 0.31138076 0.17063449 0.22190624 0.13085939 0.06221831 0.03115464 0.07184617 
802.00000000 0.31113082 0.17050317 0.22205736 0.13097599 0.06226361 0.03117021 0.07189884 
803.00000000 0.31088112 0.17037212 0.22220826 0.13109243 0.06230885 0.03118577 0.07195146 
804.00000000 0.31063165 0.17024133 0.22235895 0.13120872 0.06235404 0.03120131 0.07200400 
805.00000000 0.31038242 0.17011080 0.22250943 0.13132485 0.06239918 0.03121684 0.07205649 
806.00000000 0.31013344 0.16998052 0.22265968 0.13144083 0.06244426 0.03123235 0.07210891 
807.00000000 0.30988472 0.16985048 0.22280973 0.13155666 0.06248928 0.03124786 0.07216127 
808.00000000 0.30963628 0.16972066 0.22295956 0.13167234 0.06253426 0.03126334 0.07221357 
809.00000000 0.30938811 0.16959107 0.22310918 0.13178786 0.06257918 0.03127882 0.07226580 
810.00000000 0.30914022 0.16946168 0.22325858 0.13190324 0.06262404 0.03129427 0.07231796 
811.00000000 0.30889263 0.16933249 0.22340778 0.13201846 0.06266885 0.03130972 0.07237007 
812.00000000 0.30864535 0.16920350 0.22355676 0.13213354 0.06271360 0.03132515 0.07242210 
813.00000000 0.30839837 0.16907468 0.22370554 0.13224846 0.06275830 0.03134056 0.07247408 
814.00000000 0.30815172 0.16894604 0.22385411 0.13236324 0.06280294 0.03135596 0.07252599 
815.00000000 0.30790541 0.16881755 0.22400247 0.13247787 0.06284752 0.03137135 0.07257783 
816.00000000 0.30765943 0.16868922 0.22415062 0.13259235 0.06289205 0.03138672 0.07262961 
817.00000000 0.30741380 0.16856103 0.22429857 0.13270668 0.06293652 0.03140207 0.07268133 
818.00000000 0.30716852 0.16843297 0.22444632 0.13282087 0.06298093 0.03141741 0.07273298 
819.00000000 0.30692362 0.16830504 0.22459385 0.13293491 0.06302529 0.03143274 0.07278456 
820.00000000 0.30667908 0.16817722 0.22474119 0.13304880 0.06306958 0.03144805 0.07283608 
821.00000000 0.30643493 0.16804951 0.22488832 0.13316255 0.06311382 0.03146334 0.07288753 
822.00000000 0.30619116 0.16792190 0.22503525 0.13327615 0.06315800 0.03147862 0.07293892 
823.00000000 0.30594779 0.16779438 0.22518197 0.13338961 0.06320211 0.03149389 0.07299024 
824.00000000 0.30570482 0.16766695 0.22532849 0.13350293 0.06324617 0.03150914 0.07304149 
825.00000000 0.30546226 0.16753960 0.22547482 0.13361610 0.06329017 0.03152438 0.07309268 
826.00000000 0.30522011 0.16741232 0.22562094 0.13372912 0.06333411 0.03153960 0.07314380 
827.00000000 0.30497837 0.16728511 0.22576686 0.13384201 0.06337799 0.03155480 0.07319486 
828.00000000 0.30473706 0.16715797 0.22591257 0.13395475 0.06342180 0.03156999 0.07324585 
829.00000000 0.30449618 0.16703088 0.22605809 0.13406734 0.06346556 0.03158517 0.07329678 
830.00000000 0.30425572 0.16690385 0.22620341 0.13417980 0.06350925 0.03160034 0.07334763 
831.00000000 0.30401569 0.16677687 0.22634853 0.13429211 0.06355289 0.03161549 0.07339842 
832.00000000 0.30377611 0.16664994 0.22649345 0.13440428 0.06359646 0.03163063 0.07344915 
833.00000000 0.30353695 0.16652306 0.22663816 0.13451630 0.06363997 0.03164575 0.07349981 
834.00000000 0.30329824 0.16639622 0.22678268 0.13462818 0.06368341 0.03166087 0.07355040 
835.00000000 0.30305996 0.16626943 0.22692699 0.13473993 0.06372679 0.03167597 0.07360093 
836.00000000 0.30282213 0.16614268 0.22707111 0.13485152 0.06377011 0.03169106 0.07365139 
837.00000000 0.30258473 0.16601597 0.22721503 0.13496298 0.06381337 0.03170614 0.07370178 
838.00000000 0.30234777 0.16588931 0.22735874 0.13507429 0.06385657 0.03172121 0.07375211 
839.00000000 0.30211124 0.16576270 0.22750226 0.13518546 0.06389970 0.03173627 0.07380238 
840.00000000 0.30187516 0.16563613 0.22764557 0.13529649 0.06394276 0.03175132 0.07385257 
841.00000000 0.30163950 0.16550961 0.22778868 0.13540738 0.06398576 0.03176636 0.07390271 
842.00000000 0.30140427 0.16538314 0.22793159 0.13551812 0.06402870 0.03178140 0.07395277 
843.00000000 0.30116947 0.16525672 0.22807430 0.13562872 0.06407158 0.03179643 0.07400278 
844.00000000 0.30093510 0.16513037 0.22821681 0.13573918 0.06411439 0.03181145 0.07405271 
845.00000000 0.30070114 0.16500407 0.22835912 0.13584949 0.06415713 0.03182646 0.07410259 
846.00000000 0.30046760 0.16487783 0.22850122 0.13595966 0.06419982 0.03184147 0.07415240 
847.00000000 0.30023447 0.16475167 0.22864313 0.13606969 0.06424243 0.03185647 0.07420214 
848.00000000 0.30000174 0.16462558 0.22878483 0.13617958 0.06428499 0.03187147 0.07425182 
849.00000000 0.29976941 0.16449957 0.22892633 0.13628932 0.06432748 0.03188646 0.07430144 
850.00000000 0.29953748 0.16437364 0.22906763 0.13639892 0.06436990 0.03190145 0.07435099 
851.00000000 0.29930593 0.16424780 0.22920872 0.13650838 0.06441226 0.03191643 0.07440048 
852.00000000 0.29907477 0.16412205 0.22934962 0.13661769 0.06445456 0.03193141 0.07444991 
853.00000000 0.29884398 0.16399640 0.22949031 0.13672686 0.06449679 0.03194639 0.07449927 
854.00000000 0.29861356 0.16387086 0.22963080 0.13683589 0.06453896 0.03196136 0.07454858 
855.00000000 0.29838350 0.16374543 0.22977109 0.13694477 0.06458106 0.03197633 0.07459781 
856.00000000 0.29815380 0.16362011 0.22991118 0.13705352 0.06462310 0.03199130 0.07464699 
857.00000000 0.29792445 0.16349492 0.23005107 0.13716212 0.06466508 0.03200626 0.07469610 
858.00000000 0.29769544 0.16336985 0.23019076 0.13727058 0.06470699 0.03202122 0.07474516 
859.00000000 0.29746677 0.16324492 0.23033025 0.13737889 0.06474884 0.03203618 0.07479415 
860.00000000 0.29723843 0.16312013 0.23046954 0.13748707 0.06479063 0.03205113 0.07484308 
861.00000000 0.29701041 0.16299549 0.23060863 0.13759510 0.06483236 0.03206608 0.07489195 
862.00000000 0.29678270 0.16287099 0.23074752 0.13770299 0.06487402 0.03208102 0.07494075 
863.00000000 0.29655531 0.16274666 0.23088621 0.13781073 0.06491563 0.03209597 0.07498950 
864.00000000 0.29632821 0.16262248 0.23102471 0.13791834 0.06495717 0.03211090 0.07503818 
865.00000000 0.29610142 0.16249848 0.23116301 0.13802581 0.06499865 0.03212583 0.07508681 
866.00000000 0.29587491 0.16237464 0.23130111 0.13813313 0.06504008 0.03214076 0.07513537 
867.00000000 0.29564869 0.16225099 0.23143901 0.13824031 0.06508144 0.03215568 0.07518388 
868.00000000 0.29542275 0.16212751 0.23157672 0.13834735 0.06512275 0.03217059 0.07523232 
869.00000000 0.29519708 0.16200423 0.23171424 0.13845426 0.06516399 0.03218550 0.07528070 
870.00000000 0.29497168 0.16188113 0.23185156 0.13856102 0.06520518 0.03220040 0.07532903 
871.00000000 0.29474654 0.16175823 0.23198869 0.13866764 0.06524632 0.03221529 0.07537729 
872.00000000 0.29452166 0.16163553 0.23212563 0.13877412 0.06528739 0.03223017 0.07542550 
873.00000000 0.29429704 0.16151303 0.23226237 0.13888045 0.06532842 0.03224504 0.07547364 
874.00000000 0.29407266 0.16139074 0.23239893 0.13898665 0.06536939 0.03225991 0.07552173 
875.00000000 0.29384853 0.16126866 0.23253529 0.13909271 0.06541030 0.03227476 0.07556976 
876.00000000 0.29362464 0.16114679 0.23267146 0.13919863 0.06545116 0.03228959 0.07561772 
877.00000000 0.29340098 0.16102513 0.23280745 0.13930441 0.06549197 0.03230442 0.07566563 
878.00000000 0.29317757 0.16090369 0.23294325 0.13941005 0.06553273 0.03231923 0.07571348 
879.00000000 0.29295438 0.16078247 0.23307885 0.13951556 0.06557344 0.03233402 0.07576127 
880.00000000 0.29273143 0.16066148 0.23321428 0.13962092 0.06561410 0.03234880 0.07580900 
881.00000000 0.29250870 0.16054070 0.23334951 0.13972614 0.06565471 0.03236357 0.07585668 
882.00000000 0.29228620 0.16042014 0.23348456 0.13983122 0.06569527 0.03237831 0.07590429 
883.00000000 0.29206392 0.16029981 0.23361942 0.13993617 0.06573578 0.03239304 0.07595185 
884.00000000 0.29184187 0.16017971 0.23375410 0.14004097 0.06577625 0.03240775 0.07599935 
885.00000000 0.29162004 0.16005983 0.23388860 0.14014564 0.06581667 0.03242244 0.07604679 
886.00000000 0.29139843 0.15994018 0.23402291 0.14025017 0.06585705 0.03243711 0.07609417 
887.00000000 0.29117703 0.15982075 0.23415704 0.14035455 0.06589738 0.03245176 0.07614149 
888.00000000 0.29095587 0.15970155 0.23429098 0.14045880 0.06593767 0.03246638 0.07618876 
889.00000000 0.29073492 0.15958257 0.23442474 0.14056291 0.06597791 0.03248098 0.07623597 
890.00000000 0.29051419 0.15946381 0.23455832 0.14066689 0.06601811 0.03249556 0.07628311 
891.00000000 0.29029368 0.15934528 0.23469172 0.14077072 0.06605827 0.03251012 0.07633021 
892.00000000 0.29007340 0.15922697 0.23482493 0.14087441 0.06609839 0.03252465 0.07637724 
893.00000000 0.28985334 0.15910888 0.23495797 0.14097797 0.06613847 0.03253916 0.07642421 
894.00000000 0.28963350 0.15899101 0.23509082 0.14108139 0.06617850 0.03255364 0.07647113 
895.00000000 0.28941389 0.15887336 0.23522349 0.14118466 0.06621850 0.03256810 0.07651799 
896.00000000 0.28919451 0.15875593 0.23535598 0.14128781 0.06625845 0.03258253 0.07656479 
897.00000000 0.28897536 0.15863870 0.23548830 0.14139081 0.06629837 0.03259693 0.07661154 
898.00000000 0.28875643 0.15852169 0.23562042 0.14149367 0.06633824 0.03261131 0.07665822 
899.00000000 0.28853775 0.15840489 0.23575237 0.14159640 0.06637808 0.03262566 0.07670485 
900.00000000 0.28831929 0.15828829 0.23588414 0.14169899 0.06641788 0.03263998 0.07675142 
901.00000000 0.28810108 0.15817190 0.23601573 0.14180144 0.06645763 0.03265428 0.07679794 
902.00000000 0.28788310 0.15805571 0.23614714 0.14190376 0.06649735 0.03266855 0.07684439 
903.00000000 0.28766537 0.15793972 0.23627837 0.14200593 0.06653703 0.03268279 0.07689079 
904.00000000 0.28744788 0.15782392 0.23640942 0.14210798 0.06657667 0.03269700 0.07693713 
905.00000000 0.28723064 0.15770832 0.23654028 0.14220988 0.06661626 0.03271119 0.07698342 
906.00000000 0.28701365 0.15759291 0.23667097 0.14231165 0.06665582 0.03272535 0.07702964 
907.00000000 0.28679692 0.15747769 0.23680148 0.14241328 0.06669534 0.03273948 0.07707581 
908.00000000 0.28658044 0.15736265 0.23693181 0.14251478 0.06673482 0.03275359 0.07712192 
909.00000000 0.28636421 0.15724779 0.23706195 0.14261614 0.06677425 0.03276767 0.07716798 
910.00000000 0.28614825 0.15713311 0.23719192 0.14271737 0.06681365 0.03278172 0.07721398 
911.00000000 0.28593256 0.15701860 0.23732171 0.14281846 0.06685300 0.03279575 0.07725991 
912.00000000 0.28571712 0.15690427 0.23745132 0.14291942 0.06689231 0.03280976 0.07730580 
913.00000000 0.28550196 0.15679010 0.23758075 0.14302025 0.06693158 0.03282374 0.07735162 
914.00000000 0.28528707 0.15667611 0.23770999 0.14312094 0.06697080 0.03283769 0.07739739 
915.00000000 0.28507245 0.15656227 0.23783906 0.14322150 0.06700999 0.03285162 0.07744310 
916.00000000 0.28485811 0.15644859 0.23796796 0.14332193 0.06704912 0.03286553 0.07748875 
917.00000000 0.28464405 0.15633508 0.23809667 0.14342222 0.06708822 0.03287942 0.07753435 
918.00000000 0.28443027 0.15622171 0.23822520 0.14352239 0.06712726 0.03289328 0.07757989 
919.00000000 0.28421677 0.15610850 0.23835355 0.14362242 0.06716626 0.03290712 0.07762537 
920.00000000 0.28400356 0.15599543 0.23848173 0.14372232 0.06720522 0.03292094 0.07767080 
921.00000000 0.28379064 0.15588251 0.23860972 0.14382209 0.06724413 0.03293474 0.07771617 
922.00000000 0.28357800 0.15576973 0.23873754 0.14392173 0.06728299 0.03294852 0.07776148 
923.00000000 0.28336565 0.15565710 0.23886518 0.14402124 0.06732180 0.03296228 0.07780673 
924.00000000 0.28315360 0.15554460 0.23899265 0.14412063 0.06736057 0.03297603 0.07785193 
925.00000000 0.28294184 0.15543224 0.23911993 0.14421988 0.06739929 0.03298975 0.07789707 
926.00000000 0.28273038 0.15532001 0.23924704 0.14431900 0.06743796 0.03300345 0.07794215 
927.00000000 0.28251921 0.15520791 0.23937398 0.14441800 0.06747657 0.03301714 0.07798718 
928.00000000 0.28230834 0.15509595 0.23950073 0.14451687 0.06751514 0.03303081 0.07803215 
929.00000000 0.28209777 0.15498411 0.23962732 0.14461561 0.06755366 0.03304447 0.07807707 
930.00000000 0.28188750 0.15487239 0.23975372 0.14471423 0.06759213 0.03305811 0.07812192 
931.00000000 0.28167753 0.15476080 0.23987995 0.14481271 0.06763055 0.03307173 0.07816672 
932.00000000 0.28146786 0.15464934 0.24000601 0.14491107 0.06766891 0.03308534 0.07821147 
933.00000000 0.28125849 0.15453799 0.24013189 0.14500931 0.06770723 0.03309894 0.07825616 
934.00000000 0.28104942 0.15442677 0.24025760 0.14510742 0.06774549 0.03311252 0.07830079 
935.00000000 0.28084066 0.15431567 0.24038313 0.14520540 0.06778370 0.03312608 0.07834536 
936.00000000 0.28063219 0.15420468 0.24050849 0.14530326 0.06782186 0.03313963 0.07838988 
937.00000000 0.28042403 0.15409382 0.24063368 0.14540099 0.06785997 0.03315317 0.07843435 
938.00000000 0.28021617 0.15398307 0.24075869 0.14549859 0.06789803 0.03316670 0.07847875 
939.00000000 0.28000861 0.15387244 0.24088354 0.14559607 0.06793603 0.03318021 0.07852310 
940.00000000 0.27980135 0.15376192 0.24100821 0.14569343 0.06797398 0.03319371 0.07856740 
941.00000000 0.27959439 0.15365152 0.24113271 0.14579066 0.06801188 0.03320720 0.07861163 
942.00000000 0.27938773 0.15354124 0.24125704 0.14588777 0.06804973 0.03322067 0.07865581 
943.00000000 0.27918137 0.15343108 0.24138119 0.14598475 0.06808753 0.03323413 0.07869994 
944.00000000 0.27897531 0.15332103 0.24150518 0.14608161 0.06812528 0.03324758 0.07874401 
945.00000000 0.27876954 0.15321110 0.24162900 0.14617834 0.06816297 0.03326102 0.07878802 
946.00000000 0.27856407 0.15310129 0.24175265 0.14627495 0.06820062 0.03327444 0.07883198 
947.00000000 0.27835889 0.15299160 0.24187613 0.14637143 0.06823821 0.03328785 0.07887588 
948.00000000 0.27815401 0.15288203 0.24199944 0.14646779 0.06827575 0.03330125 0.07891973 
949.00000000 0.27794941 0.15277258 0.24212258 0.14656403 0.06831324 0.03331463 0.07896352 
950.00000000 0.27774511 0.15266325 0.24224555 0.14666014 0.06835069 0.03332800 0.07900725 
951.00000000 0.27754110 0.15255404 0.24236836 0.14675613 0.06838808 0.03334136 0.07905093 
952.00000000 0.27733737 0.15244496 0.24249099 0.14685199 0.06842543 0.03335471 0.07909455 
953.00000000 0.27713393 0.15233600 0.24261346 0.14694773 0.06846272 0.03336803 0.07913812 
954.00000000 0.27693077 0.15222717 0.24273576 0.14704335 0.06849997 0.03338135 0.07918163 
955.00000000 0.27672789 0.15211847 0.24285789 0.14713884 0.06853717 0.03339465 0.07922509 
956.00000000 0.27652529 0.15200990 0.24297986 0.14723421 0.06857432 0.03340794 0.07926848 
957.00000000 0.27632297 0.15190145 0.24310165 0.14732946 0.06861143 0.03342121 0.07931183 
958.00000000 0.27612093 0.15179314 0.24322329 0.14742458 0.06864848 0.03343446 0.07935512 
959.00000000 0.27591916 0.15168497 0.24334475 0.14751957 0.06868550 0.03344770 0.07939835 
960.00000000 0.27571766 0.15157693 0.24346605 0.14761445 0.06872246 0.03346092 0.07944153 
961.00000000 0.27551644 0.15146902 0.24358718 0.14770920 0.06875938 0.03347413 0.07948465 
962.00000000 0.27531548 0.15136126 0.24370814 0.14780382 0.06879626 0.03348732 0.07952772 
963.00000000 0.27511479 0.15125364 0.24382894 0.14789832 0.06883309 0.03350049 0.07957073 
964.00000000 0.27491436 0.15114615 0.24394957 0.14799270 0.06886987 0.03351364 0.07961369 
965.00000000 0.27471420 0.15103882 0.24407004 0.14808696 0.06890661 0.03352678 0.07965659 
966.00000000 0.27451430 0.15093162 0.24419034 0.14818109 0.06894331 0.03353990 0.07969944 
967.00000000 0.27431466 0.15082457 0.24431048 0.14827510 0.06897996 0.03355300 0.07974223 
968.00000000 0.27411527 0.15071768 0.24443045 0.14836898 0.06901658 0.03356608 0.07978497 
969.00000000 0.27391614 0.15061093 0.24455025 0.14846274 0.06905314 0.03357915 0.07982765 
970.00000000 0.27371727 0.15050433 0.24466989 0.14855638 0.06908967 0.03359219 0.07987028 
971.00000000 0.27351864 0.15039788 0.24478936 0.14864989 0.06912615 0.03360522 0.07991285 
972.00000000 0.27332027 0.15029158 0.24490867 0.14874328 0.06916259 0.03361823 0.07995537 
973.00000000 0.27312215 0.15018544 0.24502782 0.14883655 0.06919899 0.03363121 0.07999784 
974.00000000 0.27292428 0.15007946 0.24514680 0.14892970 0.06923535 0.03364418 0.08004025 
975.00000000 0.27272665 0.14997363 0.24526561 0.14902272 0.06927166 0.03365713 0.08008260 
976.00000000 0.27252926 0.14986796 0.24538426 0.14911562 0.06930793 0.03367006 0.08012490 
977.00000000 0.27233213 0.14976244 0.24550275 0.14920839 0.06934416 0.03368297 0.08016715 
978.00000000 0.27213523 0.14965709 0.24562107 0.14930105 0.06938035 0.03369586 0.08020935 
979.00000000 0.27193858 0.14955189 0.24573923 0.14939358 0.06941650 0.03370873 0.08025149 
980.00000000 0.27174216 0.14944685 0.24585723 0.14948599 0.06945261 0.03372158 0.08029357 
981.00000000 0.27154599 0.14934197 0.24597507 0.14957828 0.06948867 0.03373441 0.08033561 
982.00000000 0.27135005 0.14923725 0.24609274 0.14967044 0.06952470 0.03374723 0.08037759 
983.00000000 0.27115436 0.14913269 0.24621025 0.14976249 0.06956068 0.03376002 0.08041951 
984.00000000 0.27095890 0.14902829 0.24632759 0.14985441 0.06959662 0.03377280 0.08046139 
985.00000000 0.27076368 0.14892405 0.24644478 0.14994621 0.06963252 0.03378555 0.08050321 
986.00000000 0.27056869 0.14881997 0.24656180 0.15003789 0.06966838 0.03379829 0.08054497 
987.00000000 0.27037395 0.14871605 0.24667867 0.15012944 0.06970420 0.03381101 0.08058669 
988.00000000 0.27017943 0.14861229 0.24679537 0.15022088 0.06973997 0.03382371 0.08062835 
989.00000000 0.26998516 0.14850868 0.24691191 0.15031220 0.06977570 0.03383639 0.08066996 
990.00000000 0.26979112 0.14840524 0.24702829 0.15040339 0.06981139 0.03384906 0.08071151 
991.00000000 0.26959731 0.14830195 0.24714451 0.15049446 0.06984704 0.03386171 0.08075302 
992.00000000 0.26940374 0.14819881 0.24726057 0.15058542 0.06988265 0.03387434 0.08079447 
993.00000000 0.26921041 0.14809583 0.24737647 0.15067625 0.06991821 0.03388695 0.08083587 
994.00000000 0.26901731 0.14799301 0.24749222 0.15076697 0.06995373 0.03389955 0.08087722 
995.00000000 0.26882445 0.14789034 0.24760780 0.15085756 0.06998920 0.03391213 0.08091851 
996.00000000 0.26863183 0.14778782 0.24772323 0.15094804 0.07002463 0.03392470 0.08095975 
997.00000000 0.26843945 0.14768545 0.24783850 0.15103839 0.07006002 0.03393725 0.08100094 
998.00000000 0.26824730 0.14758323 0.24795361 0.15112863 0.07009537 0.03394978 0.08104208 
999.00000000 0.26805539 0.14748116 0.24806856 0.15121875 0.07013067 0.03396230 0.08108317 
