0.00000000 0.00009100 0.00824756 0.00398765 0.00044719 0.21730518 0.00593771 0.76398371 
1.00000000 0.00009100 0.00824756 0.00398765 0.00044719 0.21730518 0.00593771 0.76398371 
2.00000000 0.00009101 0.00824762 0.00398767 0.00044728 0.21730566 0.00593772 0.76398304 
3.00000000 0.00009105 0.00824798 0.00398779 0.00044772 0.21730849 0.00593778 0.76397919 
4.00000000 0.00009116 0.00824904 0.00398815 0.00044893 0.21731709 0.00593794 0.76396770 
5.00000000 0.00009139 0.00825134 0.00398892 0.00045146 0.21733609 0.00593829 0.76394250 
6.00000000 0.00009181 0.00825552 0.00399032 0.00045603 0.21737080 0.00593894 0.76389658 
7.00000000 0.00009249 0.00826227 0.00399258 0.00046341 0.21742670 0.00593997 0.76382257 
8.00000000 0.00009353 0.00827227 0.00399592 0.00047451 0.21750896 0.00594151 0.76371331 
9.00000000 0.00009500 0.00828618 0.00400054 0.00049027 0.21762198 0.00594366 0.76356237 
10.00000000 0.00009700 0.00830460 0.00400661 0.00051167 0.21776923 0.00594653 0.76336435 
11.00000000 0.00009964 0.00832808 0.00401427 0.00053977 0.21795306 0.00595022 0.76311496 
12.00000000 0.00010302 0.00835709 0.00402365 0.00057560 0.21817488 0.00595481 0.76281095 
13.00000000 0.00010725 0.00839209 0.00403483 0.00062024 0.21843533 0.00596038 0.76244987 
14.00000000 0.00011245 0.00843348 0.00404790 0.00067479 0.21873466 0.00596703 0.76202969 
15.00000000 0.00011873 0.00848172 0.00406294 0.00074034 0.21907303 0.00597483 0.76154841 
16.00000000 0.00012621 0.00853728 0.00408003 0.00081803 0.21945086 0.00598388 0.76100372 
17.00000000 0.00013504 0.00860068 0.00409927 0.00090898 0.21986909 0.00599426 0.76039268 
18.00000000 0.00014534 0.00867251 0.00412079 0.00101435 0.22032928 0.00600608 0.75971163 
19.00000000 0.00015726 0.00875341 0.00414472 0.00113530 0.22083363 0.00601945 0.75895622 
20.00000000 0.00017095 0.00884406 0.00417120 0.00127297 0.22138478 0.00603448 0.75812156 
21.00000000 0.00018655 0.00894517 0.00420039 0.00142852 0.22198556 0.00605128 0.75720253 
22.00000000 0.00020423 0.00905743 0.00423242 0.00160306 0.22263874 0.00606997 0.75619414 
23.00000000 0.00022416 0.00918154 0.00426742 0.00179770 0.22334664 0.00609065 0.75509190 
24.00000000 0.00024649 0.00931814 0.00430548 0.00201348 0.22411086 0.00611342 0.75389212 
25.00000000 0.00027140 0.00946783 0.00434669 0.00225141 0.22493217 0.00613838 0.75259212 
26.00000000 0.00029906 0.00963115 0.00439108 0.00251244 0.22581035 0.00616558 0.75119033 
27.00000000 0.00032965 0.00980861 0.00443866 0.00279745 0.22674431 0.00619511 0.74968621 
28.00000000 0.00036335 0.01000067 0.00448944 0.00310726 0.22773225 0.00622700 0.74808003 
29.00000000 0.00040034 0.01020776 0.00454337 0.00344264 0.22877190 0.00626130 0.74637268 
30.00000000 0.00044080 0.01043031 0.00460044 0.00380429 0.22986083 0.00629806 0.74456527 
31.00000000 0.00048491 0.01066877 0.00466060 0.00419284 0.23099670 0.00633731 0.74265885 
32.00000000 0.00053287 0.01092359 0.00472383 0.00460888 0.23217755 0.00637910 0.74065417 
33.00000000 0.00058484 0.01119525 0.00479011 0.00505292 0.23340188 0.00642346 0.73855154 
34.00000000 0.00064103 0.01148423 0.00485941 0.00552543 0.23466871 0.00647044 0.73635075 
35.00000000 0.00070163 0.01179105 0.00493173 0.00602679 0.23597753 0.00652008 0.73405120 
36.00000000 0.00076681 0.01211621 0.00500705 0.00655734 0.23732810 0.00657244 0.73165204 
37.00000000 0.00083679 0.01246024 0.00508538 0.00711735 0.23872027 0.00662754 0.72915245 
38.00000000 0.00091174 0.01282361 0.00516667 0.00770700 0.24015371 0.00668543 0.72655184 
39.00000000 0.00099187 0.01320679 0.00525091 0.00832643 0.24162770 0.00674614 0.72385017 
40.00000000 0.00107736 0.01361021 0.00533803 0.00897569 0.24314098 0.00680967 0.72104806 
41.00000000 0.00116841 0.01403425 0.00542798 0.00965475 0.24469164 0.00687606 0.71814692 
42.00000000 0.00126520 0.01447926 0.00552066 0.01036355 0.24627716 0.00694528 0.71514890 
43.00000000 0.00136791 0.01494555 0.00561597 0.01110192 0.24789447 0.00701733 0.71205684 
44.00000000 0.00147672 0.01543341 0.00571382 0.01186965 0.24954016 0.00709220 0.70887404 
45.00000000 0.00159180 0.01594309 0.00581408 0.01266646 0.25121064 0.00716987 0.70560407 
46.00000000 0.00171330 0.01647481 0.00591664 0.01349200 0.25290239 0.00725030 0.70225056 
47.00000000 0.00184139 0.01702880 0.00602138 0.01434586 0.25461211 0.00733347 0.69881698 
48.00000000 0.00197621 0.01760525 0.00612821 0.01522759 0.25633686 0.00741935 0.69530652 
49.00000000 0.00211791 0.01820435 0.00623701 0.01613666 0.25807412 0.00750793 0.69172203 
50.00000000 0.00226662 0.01882625 0.00634768 0.01707247 0.25982177 0.00759917 0.68806604 
51.00000000 0.00242247 0.01947110 0.00646012 0.01803438 0.26157802 0.00769306 0.68434085 
52.00000000 0.00258559 0.02013900 0.00657424 0.01902170 0.26334125 0.00778956 0.68054866 
53.00000000 0.00275610 0.02083004 0.00668994 0.02003367 0.26510988 0.00788865 0.67669172 
54.00000000 0.00293411 0.02154425 0.00680711 0.02106949 0.26688223 0.00799029 0.67277251 
55.00000000 0.00311971 0.02228164 0.00692566 0.02212835 0.26865636 0.00809445 0.66879382 
56.00000000 0.00331300 0.02304216 0.00704547 0.02320938 0.27043009 0.00820109 0.66475882 
57.00000000 0.00351404 0.02382570 0.00716643 0.02431169 0.27220089 0.00831016 0.66067108 
58.00000000 0.00372291 0.02463214 0.00728843 0.02543438 0.27396600 0.00842161 0.65653452 
59.00000000 0.00393964 0.02546128 0.00741135 0.02657655 0.27572249 0.00853538 0.65235331 
60.00000000 0.00416427 0.02631290 0.00753508 0.02773726 0.27746737 0.00865141 0.64813171 
61.00000000 0.00439681 0.02718673 0.00765951 0.02891556 0.27919772 0.00876964 0.64387403 
62.00000000 0.00463725 0.02808246 0.00778454 0.03011052 0.28091082 0.00888999 0.63958443 
63.00000000 0.00488559 0.02899975 0.00791007 0.03132114 0.28260416 0.00901240 0.63526689 
64.00000000 0.00514180 0.02993823 0.00803600 0.03254643 0.28427556 0.00913681 0.63092517 
65.00000000 0.00540584 0.03089748 0.00816224 0.03378537 0.28592311 0.00926314 0.62656281 
66.00000000 0.00567769 0.03187707 0.00828871 0.03503691 0.28754511 0.00939132 0.62218319 
67.00000000 0.00595728 0.03287652 0.00841531 0.03629998 0.28914007 0.00952129 0.61778956 
68.00000000 0.00624456 0.03389531 0.00854197 0.03757349 0.29070657 0.00965298 0.61338513 
69.00000000 0.00653945 0.03493291 0.00866861 0.03885636 0.29224321 0.00978631 0.60897316 
70.00000000 0.00684190 0.03598871 0.00879515 0.04014748 0.29374858 0.00992122 0.60455696 
71.00000000 0.00715180 0.03706209 0.00892154 0.04144579 0.29522119 0.01005762 0.60013997 
72.00000000 0.00746905 0.03815239 0.00904770 0.04275022 0.29665952 0.01019544 0.59572568 
73.00000000 0.00779353 0.03925888 0.00917358 0.04405976 0.29806200 0.01033461 0.59131763 
74.00000000 0.00812513 0.04038083 0.00929914 0.04537340 0.29942711 0.01047503 0.58691937 
75.00000000 0.00846368 0.04151743 0.00942431 0.04669021 0.30075339 0.01061662 0.58253437 
76.00000000 0.00880902 0.04266788 0.00954908 0.04800926 0.30203949 0.01075928 0.57816598 
77.00000000 0.00916099 0.04383132 0.00967341 0.04932965 0.30328426 0.01090293 0.57381743 
78.00000000 0.00951941 0.04500688 0.00979727 0.05065053 0.30448668 0.01104748 0.56949176 
79.00000000 0.00988409 0.04619366 0.00992064 0.05197103 0.30564592 0.01119281 0.56519186 
80.00000000 0.01025483 0.04739076 0.01004350 0.05329030 0.30676130 0.01133883 0.56092049 
81.00000000 0.01063144 0.04859724 0.01016585 0.05460749 0.30783223 0.01148545 0.55668030 
82.00000000 0.01101374 0.04981217 0.01028768 0.05592174 0.30885823 0.01163256 0.55247388 
83.00000000 0.01140152 0.05103462 0.01040898 0.05723221 0.30983883 0.01178006 0.54830378 
84.00000000 0.01179460 0.05226362 0.01052976 0.05853805 0.31077359 0.01192786 0.54417253 
85.00000000 0.01219279 0.05349822 0.01065002 0.05983842 0.31166210 0.01207586 0.54008260 
86.00000000 0.01259589 0.05473744 0.01076978 0.06113252 0.31250398 0.01222397 0.53603641 
87.00000000 0.01300370 0.05598033 0.01088908 0.06241957 0.31329894 0.01237208 0.53203631 
88.00000000 0.01341603 0.05722589 0.01100793 0.06369885 0.31404674 0.01252009 0.52808447 
89.00000000 0.01383266 0.05847315 0.01112639 0.06496967 0.31474731 0.01266791 0.52418292 
90.00000000 0.01425339 0.05972111 0.01124449 0.06623140 0.31540071 0.01281543 0.52033347 
91.00000000 0.01467801 0.06096881 0.01136228 0.06748345 0.31600716 0.01296254 0.51653775 
92.00000000 0.01510629 0.06221525 0.01147982 0.06872528 0.31656704 0.01310914 0.51279717 
93.00000000 0.01553803 0.06345947 0.01159717 0.06995639 0.31708083 0.01325511 0.50911301 
94.00000000 0.01597300 0.06470050 0.01171439 0.07117628 0.31754911 0.01340034 0.50548639 
95.00000000 0.01641102 0.06593739 0.01183152 0.07238449 0.31797248 0.01354472 0.50191838 
96.00000000 0.01685187 0.06716922 0.01194865 0.07358057 0.31835156 0.01368813 0.49841000 
97.00000000 0.01729538 0.06839506 0.01206582 0.07476406 0.31868693 0.01383047 0.49496229 
98.00000000 0.01774137 0.06961402 0.01218312 0.07593449 0.31897912 0.01397162 0.49157626 
99.00000000 0.01818967 0.07082522 0.01230061 0.07709143 0.31922865 0.01411150 0.48825292 
100.00000000 0.01864015 0.07202782 0.01241837 0.07823442 0.31943602 0.01425000 0.48499323 
101.00000000 0.01909265 0.07322099 0.01253648 0.07936303 0.31960175 0.01438703 0.48179807 
102.00000000 0.01954703 0.07440397 0.01265502 0.08047685 0.31972645 0.01452250 0.47866818 
103.00000000 0.02000318 0.07557599 0.01277409 0.08157549 0.31981084 0.01465631 0.47560410 
104.00000000 0.02046095 0.07673637 0.01289379 0.08265859 0.31985577 0.01478838 0.47260617 
105.00000000 0.02092023 0.07788443 0.01301419 0.08372583 0.31986225 0.01491861 0.46967446 
106.00000000 0.02138088 0.07901957 0.01313540 0.08477693 0.31983145 0.01504693 0.46680885 
107.00000000 0.02184281 0.08014120 0.01325750 0.08581163 0.31976465 0.01517322 0.46400899 
108.00000000 0.02230587 0.08124881 0.01338059 0.08682970 0.31966321 0.01529741 0.46127440 
109.00000000 0.02276998 0.08234189 0.01350475 0.08783095 0.31952852 0.01541940 0.45860451 
110.00000000 0.02323503 0.08341998 0.01363006 0.08881519 0.31936194 0.01553909 0.45599871 
111.00000000 0.02370094 0.08448264 0.01375660 0.08978225 0.31916478 0.01565641 0.45345639 
112.00000000 0.02416765 0.08552945 0.01388444 0.09073197 0.31893824 0.01577126 0.45097699 
113.00000000 0.02463509 0.08656002 0.01401367 0.09166418 0.31868345 0.01588356 0.44856002 
114.00000000 0.02510323 0.08757398 0.01414435 0.09257875 0.31840143 0.01599327 0.44620499 
115.00000000 0.02557205 0.08857099 0.01427657 0.09347550 0.31809316 0.01610030 0.44391143 
116.00000000 0.02604155 0.08955072 0.01441039 0.09435429 0.31775960 0.01620462 0.44167882 
117.00000000 0.02651172 0.09051293 0.01454590 0.09521499 0.31740175 0.01630618 0.43950652 
118.00000000 0.02698259 0.09145740 0.01468317 0.09605746 0.31702068 0.01640493 0.43739378 
119.00000000 0.02745416 0.09238398 0.01482228 0.09688157 0.31661754 0.01650085 0.43533963 
120.00000000 0.02792645 0.09329258 0.01496328 0.09768723 0.31619363 0.01659390 0.43334293 
121.00000000 0.02839947 0.09418321 0.01510625 0.09847435 0.31575032 0.01668405 0.43140236 
122.00000000 0.02887324 0.09505590 0.01525124 0.09924285 0.31528908 0.01677127 0.42951642 
123.00000000 0.02934777 0.09591077 0.01539830 0.09999270 0.31481142 0.01685552 0.42768352 
124.00000000 0.02982307 0.09674798 0.01554747 0.10072387 0.31431883 0.01693677 0.42590202 
125.00000000 0.03029914 0.09756770 0.01569878 0.10143636 0.31381278 0.01701499 0.42417025 
126.00000000 0.03077600 0.09837014 0.01585227 0.10213019 0.31329465 0.01709015 0.42248660 
127.00000000 0.03125368 0.09915549 0.01600796 0.10280539 0.31276572 0.01716224 0.42084953 
128.00000000 0.03173221 0.09992397 0.01616585 0.10346203 0.31222716 0.01723123 0.41925755 
129.00000000 0.03221163 0.10067575 0.01632597 0.10410019 0.31168005 0.01729713 0.41770928 
130.00000000 0.03269202 0.10141102 0.01648833 0.10471995 0.31112539 0.01735994 0.41620335 
131.00000000 0.03317345 0.10212996 0.01665293 0.10532143 0.31056414 0.01741967 0.41473841 
132.00000000 0.03365601 0.10283279 0.01681979 0.10590473 0.30999725 0.01747637 0.41331307 
133.00000000 0.03413978 0.10351973 0.01698890 0.10646997 0.30942569 0.01753005 0.41192587 
134.00000000 0.03462488 0.10419105 0.01716026 0.10701728 0.30885049 0.01758078 0.41057526 
135.00000000 0.03511140 0.10484709 0.01733388 0.10754679 0.30827269 0.01762858 0.40925956 
136.00000000 0.03559943 0.10548824 0.01750973 0.10805863 0.30769342 0.01767352 0.40797703 
137.00000000 0.03608905 0.10611494 0.01768781 0.10855295 0.30711382 0.01771563 0.40672581 
138.00000000 0.03658032 0.10672769 0.01786807 0.10902989 0.30653503 0.01775498 0.40550402 
139.00000000 0.03707331 0.10732701 0.01805050 0.10948965 0.30595821 0.01779160 0.40430973 
140.00000000 0.03756804 0.10791347 0.01823504 0.10993240 0.30538442 0.01782554 0.40314108 
141.00000000 0.03806457 0.10848762 0.01842164 0.11035840 0.30481469 0.01785686 0.40199623 
142.00000000 0.03856290 0.10904999 0.01861026 0.11076789 0.30424996 0.01788559 0.40087341 
143.00000000 0.03906307 0.10960109 0.01880083 0.11116117 0.30369109 0.01791180 0.39977095 
144.00000000 0.03956512 0.11014138 0.01899329 0.11153857 0.30313887 0.01793555 0.39868723 
145.00000000 0.04006908 0.11067128 0.01918757 0.11190045 0.30259401 0.01795691 0.39762070 
146.00000000 0.04057501 0.11119119 0.01938362 0.11224719 0.30205722 0.01797596 0.39656981 
147.00000000 0.04108298 0.11170147 0.01958135 0.11257920 0.30152914 0.01799279 0.39553308 
148.00000000 0.04159305 0.11220248 0.01978071 0.11289689 0.30101041 0.01800750 0.39450896 
149.00000000 0.04210531 0.11269458 0.01998162 0.11320066 0.30050170 0.01802020 0.39349593 
150.00000000 0.04261985 0.11317815 0.02018401 0.11349094 0.30000363 0.01803099 0.39249242 
151.00000000 0.04313674 0.11365360 0.02038782 0.11376812 0.29951684 0.01804000 0.39149688 
152.00000000 0.04365620 0.11412245 0.02059296 0.11403167 0.29904253 0.01804737 0.39050681 
153.00000000 0.04417826 0.11458509 0.02079936 0.11428204 0.29858115 0.01805322 0.38952088 
154.00000000 0.04470299 0.11504189 0.02100693 0.11451971 0.29813310 0.01805765 0.38853774 
155.00000000 0.04523041 0.11549320 0.02121556 0.11474517 0.29769877 0.01806077 0.38755611 
156.00000000 0.04576058 0.11593938 0.02142517 0.11495891 0.29727853 0.01806271 0.38657472 
157.00000000 0.04629353 0.11638077 0.02163567 0.11516144 0.29687268 0.01806357 0.38559233 
158.00000000 0.04682929 0.11681769 0.02184695 0.11535330 0.29648154 0.01806347 0.38460776 
159.00000000 0.04736789 0.11725047 0.02205892 0.11553500 0.29610536 0.01806252 0.38361984 
160.00000000 0.04790936 0.11767940 0.02227149 0.11570710 0.29574437 0.01806085 0.38262743 
161.00000000 0.04845372 0.11810478 0.02248455 0.11587014 0.29539879 0.01805856 0.38162946 
162.00000000 0.04900098 0.11852689 0.02269801 0.11602468 0.29506879 0.01805578 0.38062486 
163.00000000 0.04955116 0.11894601 0.02291178 0.11617129 0.29475451 0.01805263 0.37961262 
164.00000000 0.05010427 0.11936237 0.02312576 0.11631053 0.29445607 0.01804923 0.37859177 
165.00000000 0.05066032 0.11977623 0.02333986 0.11644297 0.29417357 0.01804568 0.37756137 
166.00000000 0.05121933 0.12018782 0.02355398 0.11656920 0.29390705 0.01804211 0.37652052 
167.00000000 0.05178128 0.12059735 0.02376804 0.11668978 0.29365654 0.01803863 0.37546838 
168.00000000 0.05234619 0.12100504 0.02398194 0.11680531 0.29342205 0.01803535 0.37440413 
169.00000000 0.05291406 0.12141106 0.02419559 0.11691636 0.29320354 0.01803239 0.37332700 
170.00000000 0.05348487 0.12181562 0.02440891 0.11702350 0.29300097 0.01802985 0.37223627 
171.00000000 0.05405864 0.12221887 0.02462183 0.11712732 0.29281425 0.01802785 0.37113125 
172.00000000 0.05463534 0.12262098 0.02483425 0.11722838 0.29264326 0.01802648 0.37001130 
173.00000000 0.05521498 0.12302210 0.02504610 0.11732726 0.29248787 0.01802586 0.36887583 
174.00000000 0.05579756 0.12342237 0.02525730 0.11742451 0.29234792 0.01802607 0.36772428 
175.00000000 0.05638305 0.12382191 0.02546779 0.11752068 0.29222321 0.01802722 0.36655614 
176.00000000 0.05697145 0.12422085 0.02567750 0.11761632 0.29211354 0.01802940 0.36537095 
177.00000000 0.05756275 0.12461930 0.02588635 0.11771198 0.29201864 0.01803270 0.36416828 
178.00000000 0.05815695 0.12501737 0.02609430 0.11780816 0.29193827 0.01803720 0.36294775 
179.00000000 0.05875402 0.12541515 0.02630128 0.11790539 0.29187214 0.01804298 0.36170904 
180.00000000 0.05935396 0.12581273 0.02650724 0.11800417 0.29181992 0.01805014 0.36045185 
181.00000000 0.05995677 0.12621020 0.02671213 0.11810498 0.29178129 0.01805872 0.35917592 
182.00000000 0.06056242 0.12660763 0.02691590 0.11820829 0.29175588 0.01806882 0.35788107 
183.00000000 0.06117091 0.12700510 0.02711851 0.11831457 0.29174332 0.01808048 0.35656711 
184.00000000 0.06178223 0.12740266 0.02731993 0.11842425 0.29174321 0.01809377 0.35523394 
185.00000000 0.06239637 0.12780040 0.02752011 0.11853776 0.29175513 0.01810875 0.35388147 
186.00000000 0.06301333 0.12819836 0.02771904 0.11865550 0.29177864 0.01812546 0.35250968 
187.00000000 0.06363309 0.12859659 0.02791668 0.11877786 0.29181329 0.01814394 0.35111855 
188.00000000 0.06425564 0.12899516 0.02811301 0.11890520 0.29185860 0.01816425 0.34970815 
189.00000000 0.06488099 0.12939410 0.02830802 0.11903787 0.29191408 0.01818640 0.34827854 
190.00000000 0.06550912 0.12979347 0.02850169 0.11917619 0.29197923 0.01821043 0.34682987 
191.00000000 0.06614003 0.13019332 0.02869402 0.11932047 0.29205352 0.01823636 0.34536228 
192.00000000 0.06677372 0.13059367 0.02888499 0.11947100 0.29213643 0.01826421 0.34387598 
193.00000000 0.06741019 0.13099457 0.02907461 0.11962802 0.29222740 0.01829399 0.34237121 
194.00000000 0.06804942 0.13139607 0.02926289 0.11979178 0.29232588 0.01832571 0.34084824 
195.00000000 0.06869143 0.13179820 0.02944982 0.11996250 0.29243130 0.01835937 0.33930738 
196.00000000 0.06933620 0.13220100 0.02963542 0.12014036 0.29254308 0.01839496 0.33774898 
197.00000000 0.06998375 0.13260450 0.02981970 0.12032553 0.29266063 0.01843248 0.33617341 
198.00000000 0.07063406 0.13300874 0.03000269 0.12051816 0.29278336 0.01847191 0.33458109 
199.00000000 0.07128714 0.13341375 0.03018439 0.12071837 0.29291067 0.01851322 0.33297245 
200.00000000 0.07194300 0.13381957 0.03036485 0.12092626 0.29304195 0.01855641 0.33134797 
201.00000000 0.07260163 0.13422622 0.03054407 0.12114191 0.29317659 0.01860142 0.32970815 
202.00000000 0.07326304 0.13463375 0.03072210 0.12136536 0.29331398 0.01864824 0.32805353 
203.00000000 0.07392723 0.13504218 0.03089897 0.12159665 0.29345349 0.01869682 0.32638466 
204.00000000 0.07459420 0.13545154 0.03107471 0.12183579 0.29359452 0.01874711 0.32470212 
205.00000000 0.07526395 0.13586186 0.03124937 0.12208276 0.29373645 0.01879906 0.32300654 
206.00000000 0.07593650 0.13627317 0.03142298 0.12233753 0.29387866 0.01885263 0.32129854 
207.00000000 0.07661183 0.13668548 0.03159559 0.12260003 0.29402054 0.01890775 0.31957877 
208.00000000 0.07728996 0.13709884 0.03176725 0.12287019 0.29416148 0.01896436 0.31784793 
209.00000000 0.07797089 0.13751325 0.03193799 0.12314792 0.29430087 0.01902239 0.31610669 
210.00000000 0.07865461 0.13792873 0.03210788 0.12343309 0.29443811 0.01908178 0.31435579 
211.00000000 0.07934113 0.13834532 0.03227696 0.12372557 0.29457262 0.01914246 0.31259595 
212.00000000 0.08003045 0.13876301 0.03244528 0.12402520 0.29470380 0.01920434 0.31082793 
213.00000000 0.08072257 0.13918182 0.03261289 0.12433182 0.29483108 0.01926734 0.30905248 
214.00000000 0.08141748 0.13960176 0.03277986 0.12464522 0.29495389 0.01933140 0.30727039 
215.00000000 0.08211519 0.14002284 0.03294623 0.12496521 0.29507167 0.01939641 0.30548245 
216.00000000 0.08281569 0.14044505 0.03311207 0.12529157 0.29518389 0.01946229 0.30368945 
217.00000000 0.08351897 0.14086840 0.03327742 0.12562405 0.29529000 0.01952896 0.30189221 
218.00000000 0.08422504 0.14129287 0.03344235 0.12596241 0.29538949 0.01959631 0.30009153 
219.00000000 0.08493388 0.14171846 0.03360690 0.12630639 0.29548185 0.01966427 0.29828825 
220.00000000 0.08564548 0.14214515 0.03377115 0.12665571 0.29556659 0.01973274 0.29648318 
221.00000000 0.08635983 0.14257293 0.03393514 0.12701009 0.29564324 0.01980161 0.29467716 
222.00000000 0.08707693 0.14300176 0.03409892 0.12736923 0.29571134 0.01987080 0.29287102 
223.00000000 0.08779675 0.14343162 0.03426256 0.12773283 0.29577045 0.01994020 0.29106558 
224.00000000 0.08851929 0.14386248 0.03442611 0.12810058 0.29582014 0.02000972 0.28926169 
225.00000000 0.08924451 0.14429428 0.03458962 0.12847215 0.29586001 0.02007927 0.28746016 
226.00000000 0.08997241 0.14472699 0.03475315 0.12884722 0.29588968 0.02014873 0.28566182 
227.00000000 0.09070297 0.14516056 0.03491674 0.12922545 0.29590877 0.02021803 0.28386749 
228.00000000 0.09143615 0.14559492 0.03508045 0.12960650 0.29591694 0.02028705 0.28207798 
229.00000000 0.09217194 0.14603001 0.03524433 0.12999004 0.29591387 0.02035570 0.28029410 
230.00000000 0.09291030 0.14646578 0.03540843 0.13037572 0.29589925 0.02042389 0.27851663 
231.00000000 0.09365121 0.14690213 0.03557278 0.13076320 0.29587279 0.02049153 0.27674636 
232.00000000 0.09439464 0.14733900 0.03573743 0.13115211 0.29583424 0.02055851 0.27498407 
233.00000000 0.09514055 0.14777629 0.03590244 0.13154212 0.29578334 0.02062476 0.27323051 
234.00000000 0.09588890 0.14821392 0.03606783 0.13193287 0.29571988 0.02069017 0.27148643 
235.00000000 0.09663967 0.14865178 0.03623365 0.13232402 0.29564367 0.02075466 0.26975255 
236.00000000 0.09739281 0.14908979 0.03639993 0.13271522 0.29555453 0.02081814 0.26802958 
237.00000000 0.09814827 0.14952783 0.03656671 0.13310612 0.29545230 0.02088053 0.26631823 
238.00000000 0.09890603 0.14996579 0.03673402 0.13349639 0.29533685 0.02094176 0.26461917 
239.00000000 0.09966602 0.15040355 0.03690190 0.13388568 0.29520808 0.02100173 0.26293305 
240.00000000 0.10042821 0.15084100 0.03707036 0.13427366 0.29506589 0.02106037 0.26126051 
241.00000000 0.10119255 0.15127800 0.03723944 0.13466001 0.29491022 0.02111761 0.25960216 
242.00000000 0.10195899 0.15171444 0.03740916 0.13504440 0.29474103 0.02117337 0.25795860 
243.00000000 0.10272747 0.15215018 0.03757955 0.13542651 0.29455830 0.02122759 0.25633039 
244.00000000 0.10349795 0.15258508 0.03775061 0.13580603 0.29436203 0.02128021 0.25471808 
245.00000000 0.10427037 0.15301901 0.03792238 0.13618267 0.29415222 0.02133115 0.25312219 
246.00000000 0.10504468 0.15345183 0.03809486 0.13655611 0.29392894 0.02138037 0.25154322 
247.00000000 0.10582081 0.15388339 0.03826806 0.13692608 0.29369223 0.02142780 0.24998162 
248.00000000 0.10659872 0.15431355 0.03844201 0.13729230 0.29344217 0.02147339 0.24843786 
249.00000000 0.10737835 0.15474216 0.03861670 0.13765449 0.29317888 0.02151709 0.24691233 
250.00000000 0.10815962 0.15516908 0.03879215 0.13801239 0.29290246 0.02155886 0.24540543 
251.00000000 0.10894250 0.15559417 0.03896835 0.13836575 0.29261306 0.02159865 0.24391753 
252.00000000 0.10972691 0.15601726 0.03914531 0.13871432 0.29231083 0.02163643 0.24244894 
253.00000000 0.11051280 0.15643822 0.03932304 0.13905786 0.29199594 0.02167215 0.24099999 
254.00000000 0.11130011 0.15685690 0.03950152 0.13939617 0.29166858 0.02170578 0.23957094 
255.00000000 0.11208877 0.15727316 0.03968076 0.13972901 0.29132896 0.02173730 0.23816204 
256.00000000 0.11287872 0.15768684 0.03986075 0.14005618 0.29097731 0.02176668 0.23677351 
257.00000000 0.11366991 0.15809782 0.04004149 0.14037750 0.29061385 0.02179389 0.23540554 
258.00000000 0.11446228 0.15850594 0.04022296 0.14069277 0.29023884 0.02181892 0.23405829 
259.00000000 0.11525576 0.15891108 0.04040515 0.14100183 0.28985254 0.02184175 0.23273190 
260.00000000 0.11605029 0.15931309 0.04058806 0.14130450 0.28945523 0.02186237 0.23142646 
261.00000000 0.11684581 0.15971186 0.04077167 0.14160064 0.28904720 0.02188077 0.23014206 
262.00000000 0.11764228 0.16010724 0.04095596 0.14189011 0.28862875 0.02189693 0.22887873 
263.00000000 0.11843962 0.16049913 0.04114092 0.14217276 0.28820019 0.02191087 0.22763651 
264.00000000 0.11923779 0.16088741 0.04132654 0.14244849 0.28776184 0.02192257 0.22641537 
265.00000000 0.12003672 0.16127195 0.04151279 0.14271718 0.28731403 0.02193204 0.22521529 
266.00000000 0.12083637 0.16165266 0.04169965 0.14297872 0.28685711 0.02193929 0.22403619 
267.00000000 0.12163668 0.16202944 0.04188711 0.14323302 0.28639142 0.02194433 0.22287800 
268.00000000 0.12243759 0.16240218 0.04207513 0.14348002 0.28591732 0.02194716 0.22174060 
269.00000000 0.12323907 0.16277080 0.04226371 0.14371962 0.28543516 0.02194780 0.22062384 
270.00000000 0.12404105 0.16313522 0.04245282 0.14395178 0.28494531 0.02194626 0.21952756 
271.00000000 0.12484350 0.16349535 0.04264243 0.14417643 0.28444815 0.02194258 0.21845157 
272.00000000 0.12564636 0.16385114 0.04283252 0.14439354 0.28394404 0.02193676 0.21739565 
273.00000000 0.12644960 0.16420251 0.04302306 0.14460307 0.28343337 0.02192883 0.21635957 
274.00000000 0.12725317 0.16454941 0.04321403 0.14480499 0.28291652 0.02191882 0.21534307 
275.00000000 0.12805703 0.16489179 0.04340540 0.14499930 0.28239387 0.02190675 0.21434586 
276.00000000 0.12886114 0.16522961 0.04359715 0.14518598 0.28186581 0.02189267 0.21336765 
277.00000000 0.12966546 0.16556284 0.04378924 0.14536503 0.28133272 0.02187659 0.21240811 
278.00000000 0.13046997 0.16589145 0.04398166 0.14553646 0.28079499 0.02185857 0.21146690 
279.00000000 0.13127463 0.16621542 0.04417437 0.14570030 0.28025300 0.02183862 0.21054367 
280.00000000 0.13207941 0.16653473 0.04436735 0.14585655 0.27970713 0.02181679 0.20963802 
281.00000000 0.13288428 0.16684939 0.04456057 0.14600527 0.27915778 0.02179313 0.20874958 
282.00000000 0.13368921 0.16715940 0.04475401 0.14614648 0.27860531 0.02176767 0.20787792 
283.00000000 0.13449418 0.16746476 0.04494762 0.14628024 0.27805011 0.02174046 0.20702262 
284.00000000 0.13529917 0.16776550 0.04514140 0.14640660 0.27749254 0.02171154 0.20618325 
285.00000000 0.13610415 0.16806164 0.04533530 0.14652561 0.27693298 0.02168096 0.20535935 
286.00000000 0.13690911 0.16835320 0.04552930 0.14663736 0.27637179 0.02164877 0.20455046 
287.00000000 0.13771403 0.16864024 0.04572338 0.14674190 0.27580932 0.02161502 0.20375610 
288.00000000 0.13851890 0.16892280 0.04591750 0.14683932 0.27524594 0.02157975 0.20297579 
289.00000000 0.13932370 0.16920092 0.04611165 0.14692971 0.27468198 0.02154302 0.20220902 
290.00000000 0.14012842 0.16947466 0.04630578 0.14701316 0.27411779 0.02150488 0.20145530 
291.00000000 0.14093305 0.16974409 0.04649989 0.14708976 0.27355370 0.02146539 0.20071412 
292.00000000 0.14173759 0.17000928 0.04669393 0.14715962 0.27299004 0.02142459 0.19998495 
293.00000000 0.14254202 0.17027031 0.04688788 0.14722285 0.27242712 0.02138255 0.19926727 
294.00000000 0.14334634 0.17052725 0.04708172 0.14727955 0.27186526 0.02133931 0.19856056 
295.00000000 0.14415055 0.17078019 0.04727542 0.14732985 0.27130476 0.02129494 0.19786429 
296.00000000 0.14495465 0.17102922 0.04746896 0.14737387 0.27074590 0.02124949 0.19717791 
297.00000000 0.14575863 0.17127443 0.04766231 0.14741173 0.27018899 0.02120302 0.19650090 
298.00000000 0.14656250 0.17151593 0.04785544 0.14744356 0.26963428 0.02115559 0.19583271 
299.00000000 0.14736626 0.17175381 0.04804832 0.14746950 0.26908204 0.02110725 0.19517281 
300.00000000 0.14816991 0.17198819 0.04824095 0.14748969 0.26853254 0.02105806 0.19452066 
301.00000000 0.14897344 0.17221917 0.04843328 0.14750427 0.26798601 0.02100808 0.19387574 
302.00000000 0.14977688 0.17244686 0.04862530 0.14751339 0.26744269 0.02095737 0.19323750 
303.00000000 0.15058022 0.17267138 0.04881699 0.14751719 0.26690281 0.02090599 0.19260542 
304.00000000 0.15138347 0.17289285 0.04900831 0.14751582 0.26636658 0.02085399 0.19197898 
305.00000000 0.15218663 0.17311138 0.04919925 0.14750945 0.26583420 0.02080144 0.19135765 
306.00000000 0.15298972 0.17332709 0.04938979 0.14749823 0.26530587 0.02074839 0.19074093 
307.00000000 0.15379273 0.17354010 0.04957989 0.14748231 0.26478178 0.02069489 0.19012830 
308.00000000 0.15459568 0.17375054 0.04976954 0.14746187 0.26426208 0.02064101 0.18951927 
309.00000000 0.15539858 0.17395852 0.04995872 0.14743707 0.26374695 0.02058680 0.18891335 
310.00000000 0.15620143 0.17416417 0.05014740 0.14740808 0.26323653 0.02053233 0.18831006 
311.00000000 0.15700425 0.17436761 0.05033557 0.14737506 0.26273096 0.02047763 0.18770892 
312.00000000 0.15780703 0.17456896 0.05052320 0.14733819 0.26223038 0.02042278 0.18710948 
313.00000000 0.15860980 0.17476833 0.05071026 0.14729763 0.26173489 0.02036782 0.18651127 
314.00000000 0.15941255 0.17496586 0.05089675 0.14725357 0.26124460 0.02031281 0.18591386 
315.00000000 0.16021530 0.17516165 0.05108264 0.14720618 0.26075961 0.02025780 0.18531682 
316.00000000 0.16101805 0.17535582 0.05126791 0.14715563 0.26028001 0.02020284 0.18471974 
317.00000000 0.16182082 0.17554849 0.05145254 0.14710211 0.25980586 0.02014798 0.18412220 
318.00000000 0.16262361 0.17573976 0.05163651 0.14704578 0.25933723 0.02009328 0.18352383 
319.00000000 0.16342642 0.17592974 0.05181980 0.14698683 0.25887418 0.02003878 0.18292424 
320.00000000 0.16422927 0.17611855 0.05200239 0.14692544 0.25841674 0.01998454 0.18232307 
321.00000000 0.16503217 0.17630627 0.05218427 0.14686178 0.25796495 0.01993059 0.18171998 
322.00000000 0.16583511 0.17649302 0.05236542 0.14679604 0.25751882 0.01987698 0.18111462 
323.00000000 0.16663810 0.17667888 0.05254581 0.14672838 0.25707838 0.01982376 0.18050669 
324.00000000 0.16744116 0.17686396 0.05272544 0.14665898 0.25664362 0.01977097 0.17989588 
325.00000000 0.16824427 0.17704833 0.05290428 0.14658803 0.25621453 0.01971865 0.17928190 
326.00000000 0.16904746 0.17723209 0.05308232 0.14651570 0.25579110 0.01966684 0.17866448 
327.00000000 0.16985072 0.17741532 0.05325954 0.14644216 0.25537330 0.01961559 0.17804338 
328.00000000 0.17065405 0.17759808 0.05343593 0.14636758 0.25496110 0.01956492 0.17741834 
329.00000000 0.17145747 0.17778047 0.05361147 0.14629213 0.25455445 0.01951487 0.17678915 
330.00000000 0.17226096 0.17796254 0.05378615 0.14621599 0.25415329 0.01946548 0.17615560 
331.00000000 0.17306454 0.17814436 0.05395996 0.14613931 0.25375757 0.01941678 0.17551750 
332.00000000 0.17386820 0.17832598 0.05413287 0.14606226 0.25336721 0.01936879 0.17487468 
333.00000000 0.17467195 0.17850748 0.05430488 0.14598501 0.25298214 0.01932156 0.17422699 
334.00000000 0.17547579 0.17868889 0.05447598 0.14590770 0.25260226 0.01927510 0.17357428 
335.00000000 0.17627971 0.17887027 0.05464615 0.14583050 0.25222750 0.01922944 0.17291644 
336.00000000 0.17708372 0.17905165 0.05481538 0.14575356 0.25185774 0.01918460 0.17225335 
337.00000000 0.17788782 0.17923308 0.05498367 0.14567702 0.25149288 0.01914062 0.17158492 
338.00000000 0.17869200 0.17941459 0.05515100 0.14560103 0.25113281 0.01909749 0.17091108 
339.00000000 0.17949626 0.17959622 0.05531737 0.14552573 0.25077739 0.01905525 0.17023178 
340.00000000 0.18030061 0.17977798 0.05548276 0.14545125 0.25042651 0.01901391 0.16954697 
341.00000000 0.18110505 0.17995990 0.05564717 0.14537773 0.25008004 0.01897349 0.16885663 
342.00000000 0.18190956 0.18014200 0.05581060 0.14530530 0.24973782 0.01893399 0.16816074 
343.00000000 0.18271415 0.18032429 0.05597303 0.14523407 0.24939973 0.01889543 0.16745930 
344.00000000 0.18351882 0.18050679 0.05613446 0.14516416 0.24906560 0.01885782 0.16675235 
345.00000000 0.18432356 0.18068950 0.05629490 0.14509569 0.24873529 0.01882115 0.16603990 
346.00000000 0.18512837 0.18087243 0.05645433 0.14502876 0.24840864 0.01878545 0.16532202 
347.00000000 0.18593325 0.18105557 0.05661276 0.14496347 0.24808548 0.01875071 0.16459876 
348.00000000 0.18673821 0.18123893 0.05677017 0.14489992 0.24776565 0.01871693 0.16387019 
349.00000000 0.18754322 0.18142250 0.05692659 0.14483820 0.24744897 0.01868411 0.16313641 
350.00000000 0.18834830 0.18160626 0.05708199 0.14477839 0.24713528 0.01865225 0.16239752 
351.00000000 0.18915345 0.18179022 0.05723639 0.14472056 0.24682439 0.01862135 0.16165364 
352.00000000 0.18995865 0.18197435 0.05738979 0.14466480 0.24651614 0.01859139 0.16090488 
353.00000000 0.19076391 0.18215864 0.05754220 0.14461116 0.24621032 0.01856238 0.16015139 
354.00000000 0.19156923 0.18234307 0.05769361 0.14455970 0.24590677 0.01853430 0.15939331 
355.00000000 0.19237461 0.18252763 0.05784403 0.14451048 0.24560530 0.01850714 0.15863082 
356.00000000 0.19318004 0.18271228 0.05799348 0.14446353 0.24530572 0.01848088 0.15786407 
357.00000000 0.19398553 0.18289701 0.05814195 0.14441891 0.24500784 0.01845552 0.15709324 
358.00000000 0.19479107 0.18308179 0.05828946 0.14437663 0.24471147 0.01843104 0.15631854 
359.00000000 0.19559666 0.18326660 0.05843601 0.14433674 0.24441642 0.01840741 0.15554015 
360.00000000 0.19640231 0.18345140 0.05858163 0.14429923 0.24412251 0.01838463 0.15475828 
361.00000000 0.19720802 0.18363616 0.05872631 0.14426414 0.24382955 0.01836267 0.15397316 
362.00000000 0.19801378 0.18382087 0.05887008 0.14423146 0.24353733 0.01834150 0.15318499 
363.00000000 0.19881959 0.18400547 0.05901294 0.14420119 0.24324569 0.01832111 0.15239400 
364.00000000 0.19962547 0.18418996 0.05915492 0.14417332 0.24295442 0.01830147 0.15160045 
365.00000000 0.20043140 0.18437428 0.05929602 0.14414785 0.24266335 0.01828255 0.15080456 
366.00000000 0.20123739 0.18455841 0.05943627 0.14412474 0.24237228 0.01826433 0.15000658 
367.00000000 0.20204345 0.18474231 0.05957567 0.14410398 0.24208104 0.01824678 0.14920676 
368.00000000 0.20284957 0.18492596 0.05971426 0.14408553 0.24178944 0.01822987 0.14840537 
369.00000000 0.20365576 0.18510932 0.05985205 0.14406934 0.24149730 0.01821357 0.14760265 
370.00000000 0.20446203 0.18529235 0.05998906 0.14405539 0.24120446 0.01819785 0.14679888 
371.00000000 0.20526836 0.18547502 0.06012531 0.14404360 0.24091073 0.01818267 0.14599431 
372.00000000 0.20607477 0.18565729 0.06026082 0.14403394 0.24061595 0.01816801 0.14518922 
373.00000000 0.20688127 0.18583915 0.06039561 0.14402633 0.24031994 0.01815382 0.14438388 
374.00000000 0.20768785 0.18602054 0.06052972 0.14402071 0.24002256 0.01814009 0.14357855 
375.00000000 0.20849451 0.18620143 0.06066315 0.14401700 0.23972363 0.01812676 0.14277352 
376.00000000 0.20930127 0.18638181 0.06079594 0.14401513 0.23942300 0.01811381 0.14196905 
377.00000000 0.21010812 0.18656162 0.06092811 0.14401502 0.23912052 0.01810120 0.14116541 
378.00000000 0.21091508 0.18674084 0.06105969 0.14401657 0.23881605 0.01808889 0.14036287 
379.00000000 0.21172214 0.18691944 0.06119069 0.14401971 0.23850945 0.01807685 0.13956172 
380.00000000 0.21252930 0.18709739 0.06132116 0.14402433 0.23820057 0.01806504 0.13876221 
381.00000000 0.21333658 0.18727466 0.06145111 0.14403033 0.23788929 0.01805342 0.13796462 
382.00000000 0.21414397 0.18745121 0.06158057 0.14403762 0.23757547 0.01804196 0.13716921 
383.00000000 0.21495148 0.18762701 0.06170957 0.14404608 0.23725901 0.01803061 0.13637624 
384.00000000 0.21575912 0.18780204 0.06183813 0.14405561 0.23693978 0.01801935 0.13558596 
385.00000000 0.21656688 0.18797627 0.06196628 0.14406611 0.23661768 0.01800813 0.13479865 
386.00000000 0.21737477 0.18814966 0.06209406 0.14407744 0.23629260 0.01799692 0.13401455 
387.00000000 0.21818280 0.18832220 0.06222148 0.14408951 0.23596445 0.01798567 0.13323390 
388.00000000 0.21899096 0.18849384 0.06234858 0.14410218 0.23563312 0.01797436 0.13245695 
389.00000000 0.21979927 0.18866457 0.06247538 0.14411536 0.23529855 0.01796295 0.13168393 
390.00000000 0.22060772 0.18883435 0.06260191 0.14412890 0.23496065 0.01795140 0.13091509 
391.00000000 0.22141631 0.18900316 0.06272819 0.14414269 0.23461934 0.01793967 0.13015064 
392.00000000 0.22222505 0.18917097 0.06285426 0.14415662 0.23427456 0.01792774 0.12939080 
393.00000000 0.22303394 0.18933775 0.06298014 0.14417055 0.23392626 0.01791556 0.12863580 
394.00000000 0.22384298 0.18950348 0.06310585 0.14418436 0.23357437 0.01790311 0.12788584 
395.00000000 0.22465218 0.18966813 0.06323143 0.14419794 0.23321886 0.01789035 0.12714111 
396.00000000 0.22546153 0.18983167 0.06335689 0.14421115 0.23285968 0.01787724 0.12640182 
397.00000000 0.22627104 0.18999409 0.06348226 0.14422389 0.23249681 0.01786377 0.12566815 
398.00000000 0.22708071 0.19015534 0.06360757 0.14423602 0.23213020 0.01784989 0.12494028 
399.00000000 0.22789053 0.19031541 0.06373284 0.14424742 0.23175985 0.01783557 0.12421838 
400.00000000 0.22870051 0.19047427 0.06385809 0.14425798 0.23138574 0.01782080 0.12350261 
401.00000000 0.22951064 0.19063189 0.06398334 0.14426759 0.23100787 0.01780554 0.12279313 
402.00000000 0.23032094 0.19078824 0.06410862 0.14427612 0.23062622 0.01778976 0.12209009 
403.00000000 0.23113139 0.19094331 0.06423395 0.14428346 0.23024082 0.01777344 0.12139363 
404.00000000 0.23194199 0.19109706 0.06435934 0.14428951 0.22985167 0.01775655 0.12070387 
405.00000000 0.23275275 0.19124947 0.06448482 0.14429415 0.22945880 0.01773908 0.12002094 
406.00000000 0.23356366 0.19140050 0.06461040 0.14429727 0.22906221 0.01772100 0.11934495 
407.00000000 0.23437473 0.19155015 0.06473611 0.14429878 0.22866196 0.01770228 0.11867600 
408.00000000 0.23518594 0.19169837 0.06486195 0.14429858 0.22825806 0.01768291 0.11801419 
409.00000000 0.23599730 0.19184514 0.06498794 0.14429656 0.22785058 0.01766288 0.11735960 
410.00000000 0.23680881 0.19199044 0.06511410 0.14429263 0.22743955 0.01764216 0.11671232 
411.00000000 0.23762046 0.19213424 0.06524043 0.14428671 0.22702502 0.01762073 0.11607240 
412.00000000 0.23843225 0.19227652 0.06536696 0.14427870 0.22660706 0.01759859 0.11543992 
413.00000000 0.23924418 0.19241724 0.06549369 0.14426852 0.22618574 0.01757572 0.11481491 
414.00000000 0.24005625 0.19255638 0.06562063 0.14425610 0.22576111 0.01755211 0.11419742 
415.00000000 0.24086844 0.19269392 0.06574780 0.14424135 0.22533326 0.01752774 0.11358748 
416.00000000 0.24168077 0.19282983 0.06587519 0.14422421 0.22490226 0.01750262 0.11298512 
417.00000000 0.24249323 0.19296409 0.06600282 0.14420460 0.22446819 0.01747673 0.11239034 
418.00000000 0.24330581 0.19309666 0.06613069 0.14418247 0.22403115 0.01745006 0.11180316 
419.00000000 0.24411851 0.19322753 0.06625880 0.14415775 0.22359123 0.01742262 0.11122356 
420.00000000 0.24493134 0.19335667 0.06638716 0.14413039 0.22314851 0.01739439 0.11065155 
421.00000000 0.24574427 0.19348406 0.06651576 0.14410033 0.22270310 0.01736538 0.11008709 
422.00000000 0.24655733 0.19360968 0.06664462 0.14406753 0.22225510 0.01733558 0.10953016 
423.00000000 0.24737049 0.19373350 0.06677373 0.14403195 0.22180461 0.01730499 0.10898073 
424.00000000 0.24818377 0.19385550 0.06690308 0.14399354 0.22135175 0.01727363 0.10843874 
425.00000000 0.24899715 0.19397565 0.06703268 0.14395227 0.22089662 0.01724148 0.10790414 
426.00000000 0.24981063 0.19409395 0.06716252 0.14390812 0.22043934 0.01720856 0.10737688 
427.00000000 0.25062422 0.19421037 0.06729259 0.14386104 0.21998003 0.01717486 0.10685689 
428.00000000 0.25143791 0.19432488 0.06742290 0.14381103 0.21951879 0.01714041 0.10634408 
429.00000000 0.25225170 0.19443749 0.06755342 0.14375806 0.21905575 0.01710520 0.10583838 
430.00000000 0.25306559 0.19454816 0.06768416 0.14370211 0.21859103 0.01706925 0.10533970 
431.00000000 0.25387958 0.19465688 0.06781511 0.14364318 0.21812476 0.01703256 0.10484794 
432.00000000 0.25469366 0.19476363 0.06794625 0.14358127 0.21765704 0.01699515 0.10436300 
433.00000000 0.25550784 0.19486842 0.06807757 0.14351636 0.21718802 0.01695702 0.10388477 
434.00000000 0.25632211 0.19497121 0.06820906 0.14344845 0.21671781 0.01691821 0.10341314 
435.00000000 0.25713648 0.19507201 0.06834072 0.14337756 0.21624653 0.01687871 0.10294799 
436.00000000 0.25795095 0.19517080 0.06847251 0.14330369 0.21577432 0.01683855 0.10248918 
437.00000000 0.25876550 0.19526758 0.06860444 0.14322685 0.21530130 0.01679773 0.10203660 
438.00000000 0.25958016 0.19536234 0.06873648 0.14314705 0.21482759 0.01675629 0.10159009 
439.00000000 0.26039491 0.19545507 0.06886862 0.14306432 0.21435331 0.01671424 0.10114954 
440.00000000 0.26120976 0.19554577 0.06900083 0.14297867 0.21387859 0.01667160 0.10071478 
441.00000000 0.26202471 0.19563444 0.06913311 0.14289013 0.21340355 0.01662838 0.10028568 
442.00000000 0.26283975 0.19572108 0.06926544 0.14279873 0.21292831 0.01658461 0.09986207 
443.00000000 0.26365490 0.19580570 0.06939779 0.14270449 0.21245299 0.01654032 0.09944381 
444.00000000 0.26447016 0.19588829 0.06953014 0.14260746 0.21197771 0.01649552 0.09903073 
445.00000000 0.26528552 0.19596886 0.06966249 0.14250765 0.21150259 0.01645023 0.09862267 
446.00000000 0.26610098 0.19604741 0.06979479 0.14240512 0.21102774 0.01640449 0.09821948 
447.00000000 0.26691656 0.19612395 0.06992704 0.14229990 0.21055327 0.01635831 0.09782097 
448.00000000 0.26773225 0.19619850 0.07005922 0.14219203 0.21007929 0.01631172 0.09742700 
449.00000000 0.26854805 0.19627107 0.07019129 0.14208156 0.20960591 0.01626474 0.09703737 
450.00000000 0.26936397 0.19634166 0.07032324 0.14196854 0.20913324 0.01621741 0.09665194 
451.00000000 0.27018001 0.19641029 0.07045506 0.14185302 0.20866138 0.01616974 0.09627051 
452.00000000 0.27099618 0.19647698 0.07058670 0.14173504 0.20819042 0.01612176 0.09589292 
453.00000000 0.27181247 0.19654174 0.07071816 0.14161466 0.20772048 0.01607350 0.09551900 
454.00000000 0.27262889 0.19660459 0.07084941 0.14149193 0.20725163 0.01602498 0.09514857 
455.00000000 0.27344544 0.19666556 0.07098042 0.14136691 0.20678398 0.01597623 0.09478146 
456.00000000 0.27426213 0.19672466 0.07111118 0.14123965 0.20631760 0.01592728 0.09441750 
457.00000000 0.27507895 0.19678191 0.07124166 0.14111021 0.20585259 0.01587816 0.09405651 
458.00000000 0.27589591 0.19683735 0.07137184 0.14097866 0.20538903 0.01582888 0.09369832 
459.00000000 0.27671302 0.19689099 0.07150170 0.14084505 0.20492698 0.01577949 0.09334277 
460.00000000 0.27753027 0.19694286 0.07163121 0.14070945 0.20446654 0.01572999 0.09298968 
461.00000000 0.27834767 0.19699299 0.07176035 0.14057191 0.20400776 0.01568043 0.09263888 
462.00000000 0.27916522 0.19704141 0.07188911 0.14043250 0.20355072 0.01563082 0.09229022 
463.00000000 0.27998292 0.19708814 0.07201745 0.14029129 0.20309548 0.01558120 0.09194353 
464.00000000 0.28080077 0.19713322 0.07214536 0.14014833 0.20264209 0.01553158 0.09159864 
465.00000000 0.28161878 0.19717667 0.07227281 0.14000370 0.20219062 0.01548200 0.09125541 
466.00000000 0.28243694 0.19721853 0.07239980 0.13985746 0.20174111 0.01543248 0.09091367 
467.00000000 0.28325526 0.19725883 0.07252629 0.13970968 0.20129362 0.01538304 0.09057328 
468.00000000 0.28407374 0.19729760 0.07265226 0.13956041 0.20084819 0.01533370 0.09023408 
469.00000000 0.28489238 0.19733487 0.07277770 0.13940974 0.20040487 0.01528450 0.08989594 
470.00000000 0.28571117 0.19737068 0.07290259 0.13925772 0.19996367 0.01523546 0.08955870 
471.00000000 0.28653013 0.19740506 0.07302692 0.13910442 0.19952466 0.01518659 0.08922224 
472.00000000 0.28734923 0.19743805 0.07315065 0.13894991 0.19908784 0.01513792 0.08888641 
473.00000000 0.28816850 0.19746967 0.07327378 0.13879425 0.19865325 0.01508947 0.08855109 
474.00000000 0.28898792 0.19749996 0.07339629 0.13863751 0.19822091 0.01504126 0.08821615 
475.00000000 0.28980749 0.19752896 0.07351817 0.13847976 0.19779084 0.01499332 0.08788147 
476.00000000 0.29062722 0.19755669 0.07363940 0.13832105 0.19736305 0.01494565 0.08754694 
477.00000000 0.29144709 0.19758319 0.07375996 0.13816147 0.19693756 0.01489829 0.08721244 
478.00000000 0.29226711 0.19760850 0.07387984 0.13800107 0.19651437 0.01485125 0.08687786 
479.00000000 0.29308726 0.19763264 0.07399903 0.13783991 0.19609349 0.01480455 0.08654311 
480.00000000 0.29390756 0.19765565 0.07411752 0.13767805 0.19567492 0.01475820 0.08620808 
481.00000000 0.29472798 0.19767756 0.07423530 0.13751557 0.19525867 0.01471222 0.08587269 
482.00000000 0.29554854 0.19769840 0.07435235 0.13735253 0.19484471 0.01466663 0.08553684 
483.00000000 0.29636922 0.19771821 0.07446867 0.13718897 0.19443305 0.01462143 0.08520045 
484.00000000 0.29719001 0.19773700 0.07458425 0.13702498 0.19402368 0.01457665 0.08486345 
485.00000000 0.29801091 0.19775481 0.07469907 0.13686059 0.19361657 0.01453229 0.08452575 
486.00000000 0.29883192 0.19777167 0.07481314 0.13669588 0.19321172 0.01448837 0.08418731 
487.00000000 0.29965302 0.19778760 0.07492644 0.13653090 0.19280910 0.01444490 0.08384804 
488.00000000 0.30047421 0.19780263 0.07503897 0.13636570 0.19240870 0.01440189 0.08350790 
489.00000000 0.30129549 0.19781679 0.07515072 0.13620034 0.19201048 0.01435935 0.08316684 
490.00000000 0.30211683 0.19783010 0.07526170 0.13603488 0.19161441 0.01431728 0.08282480 
491.00000000 0.30293823 0.19784259 0.07537189 0.13586937 0.19122047 0.01427570 0.08248175 
492.00000000 0.30375969 0.19785427 0.07548130 0.13570385 0.19082863 0.01423460 0.08213765 
493.00000000 0.30458120 0.19786517 0.07558992 0.13553839 0.19043885 0.01419401 0.08179247 
494.00000000 0.30540273 0.19787531 0.07569775 0.13537302 0.19005109 0.01415391 0.08144618 
495.00000000 0.30622429 0.19788471 0.07580479 0.13520780 0.18966532 0.01411432 0.08109877 
496.00000000 0.30704586 0.19789339 0.07591105 0.13504277 0.18928148 0.01407524 0.08075021 
497.00000000 0.30786743 0.19790136 0.07601652 0.13487798 0.18889955 0.01403666 0.08040050 
498.00000000 0.30868899 0.19790864 0.07612120 0.13471346 0.18851948 0.01399860 0.08004962 
499.00000000 0.30951052 0.19791525 0.07622511 0.13454927 0.18814121 0.01396105 0.07969759 
500.00000000 0.31033202 0.19792120 0.07632824 0.13438543 0.18776470 0.01392401 0.07934440 
501.00000000 0.31115347 0.19792650 0.07643059 0.13422200 0.18738991 0.01388748 0.07899005 
502.00000000 0.31197486 0.19793116 0.07653218 0.13405899 0.18701678 0.01385146 0.07863457 
503.00000000 0.31279618 0.19793520 0.07663300 0.13389645 0.18664525 0.01381594 0.07827796 
504.00000000 0.31361741 0.19793863 0.07673307 0.13373442 0.18627529 0.01378092 0.07792026 
505.00000000 0.31443854 0.19794145 0.07683239 0.13357292 0.18590683 0.01374640 0.07756147 
506.00000000 0.31525955 0.19794367 0.07693097 0.13341198 0.18553982 0.01371237 0.07720164 
507.00000000 0.31608043 0.19794531 0.07702881 0.13325162 0.18517420 0.01367883 0.07684080 
508.00000000 0.31690117 0.19794635 0.07712593 0.13309189 0.18480992 0.01364576 0.07647898 
509.00000000 0.31772176 0.19794682 0.07722233 0.13293279 0.18444691 0.01361316 0.07611623 
510.00000000 0.31854217 0.19794671 0.07731803 0.13277435 0.18408513 0.01358102 0.07575258 
511.00000000 0.31936239 0.19794603 0.07741304 0.13261659 0.18372452 0.01354934 0.07538809 
512.00000000 0.32018242 0.19794478 0.07750736 0.13245953 0.18336501 0.01351809 0.07502280 
513.00000000 0.32100223 0.19794296 0.07760100 0.13230319 0.18300656 0.01348728 0.07465678 
514.00000000 0.32182181 0.19794058 0.07769399 0.13214758 0.18264909 0.01345689 0.07429007 
515.00000000 0.32264114 0.19793762 0.07778632 0.13199270 0.18229255 0.01342691 0.07392274 
516.00000000 0.32346022 0.19793410 0.07787802 0.13183858 0.18193689 0.01339733 0.07355485 
517.00000000 0.32427902 0.19793001 0.07796909 0.13168522 0.18158205 0.01336813 0.07318647 
518.00000000 0.32509754 0.19792535 0.07805956 0.13153263 0.18122796 0.01333931 0.07281766 
519.00000000 0.32591575 0.19792012 0.07814943 0.13138081 0.18087457 0.01331084 0.07244849 
520.00000000 0.32673364 0.19791431 0.07823871 0.13122976 0.18052183 0.01328271 0.07207904 
521.00000000 0.32755120 0.19790793 0.07832742 0.13107949 0.18016967 0.01325491 0.07170937 
522.00000000 0.32836842 0.19790096 0.07841558 0.13093000 0.17981804 0.01322743 0.07133957 
523.00000000 0.32918527 0.19789340 0.07850320 0.13078128 0.17946690 0.01320024 0.07096971 
524.00000000 0.33000175 0.19788526 0.07859029 0.13063333 0.17911617 0.01317334 0.07059986 
525.00000000 0.33081784 0.19787652 0.07867688 0.13048614 0.17876581 0.01314670 0.07023012 
526.00000000 0.33163353 0.19786718 0.07876296 0.13033970 0.17841576 0.01312032 0.06986055 
527.00000000 0.33244881 0.19785723 0.07884856 0.13019401 0.17806598 0.01309416 0.06949125 
528.00000000 0.33326365 0.19784667 0.07893370 0.13004905 0.17771641 0.01306823 0.06912229 
529.00000000 0.33407806 0.19783549 0.07901839 0.12990482 0.17736700 0.01304249 0.06875376 
530.00000000 0.33489201 0.19782369 0.07910264 0.12976128 0.17701771 0.01301694 0.06838574 
531.00000000 0.33570549 0.19781126 0.07918647 0.12961844 0.17666848 0.01299155 0.06801831 
532.00000000 0.33651849 0.19779820 0.07926989 0.12947626 0.17631928 0.01296631 0.06765157 
533.00000000 0.33733100 0.19778449 0.07935292 0.12933474 0.17597005 0.01294120 0.06728559 
534.00000000 0.33814300 0.19777013 0.07943558 0.12919385 0.17562076 0.01291620 0.06692046 
535.00000000 0.33895449 0.19775512 0.07951787 0.12905357 0.17527136 0.01289130 0.06655627 
536.00000000 0.33976545 0.19773945 0.07959982 0.12891388 0.17492182 0.01286648 0.06619309 
537.00000000 0.34057588 0.19772312 0.07968144 0.12877474 0.17457209 0.01284172 0.06583101 
538.00000000 0.34138575 0.19770611 0.07976274 0.12863614 0.17422213 0.01281701 0.06547012 
539.00000000 0.34219507 0.19768842 0.07984374 0.12849805 0.17387192 0.01279232 0.06511049 
540.00000000 0.34300381 0.19767004 0.07992444 0.12836044 0.17352141 0.01276764 0.06475221 
541.00000000 0.34381197 0.19765098 0.08000488 0.12822327 0.17317059 0.01274295 0.06439536 
542.00000000 0.34461955 0.19763122 0.08008504 0.12808653 0.17281941 0.01271824 0.06404001 
543.00000000 0.34542652 0.19761076 0.08016496 0.12795018 0.17246784 0.01269349 0.06368624 
544.00000000 0.34623289 0.19758959 0.08024465 0.12781418 0.17211587 0.01266869 0.06333413 
545.00000000 0.34703863 0.19756771 0.08032411 0.12767851 0.17176347 0.01264382 0.06298375 
546.00000000 0.34784376 0.19754511 0.08040336 0.12754312 0.17141061 0.01261886 0.06263518 
547.00000000 0.34864824 0.19752179 0.08048241 0.12740800 0.17105728 0.01259380 0.06228849 
548.00000000 0.34945209 0.19749774 0.08056127 0.12727310 0.17070344 0.01256862 0.06194374 
549.00000000 0.35025528 0.19747297 0.08063995 0.12713838 0.17034910 0.01254331 0.06160100 
550.00000000 0.35105782 0.19744746 0.08071847 0.12700381 0.16999423 0.01251786 0.06126035 
551.00000000 0.35185969 0.19742121 0.08079684 0.12686937 0.16963881 0.01249226 0.06092183 
552.00000000 0.35266090 0.19739422 0.08087505 0.12673500 0.16928285 0.01246648 0.06058551 
553.00000000 0.35346142 0.19736648 0.08095313 0.12660067 0.16892632 0.01244052 0.06025146 
554.00000000 0.35426126 0.19733799 0.08103109 0.12646635 0.16856922 0.01241437 0.05991972 
555.00000000 0.35506041 0.19730876 0.08110892 0.12633201 0.16821154 0.01238801 0.05959035 
556.00000000 0.35585886 0.19727877 0.08118665 0.12619759 0.16785328 0.01236144 0.05926341 
557.00000000 0.35665661 0.19724803 0.08126427 0.12606308 0.16749444 0.01233464 0.05893893 
558.00000000 0.35745365 0.19721653 0.08134180 0.12592842 0.16713502 0.01230761 0.05861697 
559.00000000 0.35824999 0.19718427 0.08141923 0.12579360 0.16677502 0.01228033 0.05829757 
560.00000000 0.35904560 0.19715125 0.08149659 0.12565856 0.16641444 0.01225279 0.05798077 
561.00000000 0.35984050 0.19711747 0.08157387 0.12552328 0.16605328 0.01222500 0.05766660 
562.00000000 0.36063466 0.19708293 0.08165108 0.12538772 0.16569156 0.01219694 0.05735511 
563.00000000 0.36142810 0.19704762 0.08172822 0.12525185 0.16532929 0.01216860 0.05704632 
564.00000000 0.36222081 0.19701155 0.08180529 0.12511563 0.16496646 0.01213998 0.05674027 
565.00000000 0.36301278 0.19697472 0.08188231 0.12497903 0.16460311 0.01211107 0.05643698 
566.00000000 0.36380401 0.19693713 0.08195928 0.12484202 0.16423923 0.01208187 0.05613647 
567.00000000 0.36459449 0.19689877 0.08203619 0.12470456 0.16387484 0.01205238 0.05583877 
568.00000000 0.36538423 0.19685966 0.08211305 0.12456663 0.16350996 0.01202258 0.05554389 
569.00000000 0.36617322 0.19681978 0.08218986 0.12442820 0.16314461 0.01199249 0.05525184 
570.00000000 0.36696145 0.19677914 0.08226663 0.12428923 0.16277881 0.01196209 0.05496265 
571.00000000 0.36774893 0.19673775 0.08234335 0.12414970 0.16241258 0.01193138 0.05467631 
572.00000000 0.36853566 0.19669560 0.08242002 0.12400958 0.16204594 0.01190036 0.05439284 
573.00000000 0.36932163 0.19665269 0.08249665 0.12386885 0.16167891 0.01186904 0.05411223 
574.00000000 0.37010683 0.19660903 0.08257323 0.12372748 0.16131153 0.01183741 0.05383449 
575.00000000 0.37089127 0.19656463 0.08264976 0.12358544 0.16094380 0.01180547 0.05355962 
576.00000000 0.37167495 0.19651948 0.08272624 0.12344272 0.16057577 0.01177323 0.05328761 
577.00000000 0.37245787 0.19647358 0.08280267 0.12329929 0.16020746 0.01174068 0.05301845 
578.00000000 0.37324001 0.19642694 0.08287905 0.12315513 0.15983890 0.01170783 0.05275213 
579.00000000 0.37402139 0.19637957 0.08295538 0.12301023 0.15947012 0.01167468 0.05248864 
580.00000000 0.37480200 0.19633146 0.08303164 0.12286456 0.15910115 0.01164123 0.05222796 
581.00000000 0.37558184 0.19628262 0.08310784 0.12271811 0.15873202 0.01160750 0.05197008 
582.00000000 0.37636091 0.19623305 0.08318397 0.12257086 0.15836276 0.01157348 0.05171497 
583.00000000 0.37713921 0.19618277 0.08326003 0.12242280 0.15799341 0.01153917 0.05146261 
584.00000000 0.37791674 0.19613176 0.08333601 0.12227392 0.15762400 0.01150460 0.05121297 
585.00000000 0.37869350 0.19608004 0.08341191 0.12212420 0.15725457 0.01146975 0.05096603 
586.00000000 0.37946948 0.19602762 0.08348772 0.12197364 0.15688514 0.01143464 0.05072175 
587.00000000 0.38024470 0.19597449 0.08356345 0.12182222 0.15651576 0.01139927 0.05048011 
588.00000000 0.38101914 0.19592066 0.08363907 0.12166995 0.15614646 0.01136366 0.05024107 
589.00000000 0.38179281 0.19586614 0.08371458 0.12151680 0.15577728 0.01132780 0.05000459 
590.00000000 0.38256571 0.19581093 0.08378999 0.12136278 0.15540825 0.01129171 0.04977063 
591.00000000 0.38333784 0.19575504 0.08386527 0.12120789 0.15503941 0.01125540 0.04953916 
592.00000000 0.38410920 0.19569847 0.08394043 0.12105212 0.15467079 0.01121888 0.04931012 
593.00000000 0.38487979 0.19564123 0.08401545 0.12089547 0.15430243 0.01118214 0.04908349 
594.00000000 0.38564961 0.19558333 0.08409033 0.12073794 0.15393437 0.01114522 0.04885920 
595.00000000 0.38641866 0.19552478 0.08416507 0.12057953 0.15356664 0.01110810 0.04863722 
596.00000000 0.38718695 0.19546557 0.08423964 0.12042025 0.15319928 0.01107081 0.04841750 
597.00000000 0.38795447 0.19540572 0.08431405 0.12026010 0.15283232 0.01103335 0.04819998 
598.00000000 0.38872123 0.19534523 0.08438829 0.12009908 0.15246581 0.01099574 0.04798462 
599.00000000 0.38948723 0.19528412 0.08446234 0.11993721 0.15209977 0.01095798 0.04777136 
600.00000000 0.39025246 0.19522238 0.08453620 0.11977448 0.15173424 0.01092009 0.04756015 
601.00000000 0.39101693 0.19516003 0.08460986 0.11961091 0.15136925 0.01088208 0.04735094 
602.00000000 0.39178065 0.19509707 0.08468331 0.11944650 0.15100484 0.01084396 0.04714367 
603.00000000 0.39254361 0.19503351 0.08475654 0.11928127 0.15064104 0.01080574 0.04693829 
604.00000000 0.39330581 0.19496936 0.08482955 0.11911523 0.15027788 0.01076742 0.04673474 
605.00000000 0.39406726 0.19490463 0.08490232 0.11894839 0.14991540 0.01072904 0.04653296 
606.00000000 0.39482796 0.19483933 0.08497484 0.11878077 0.14955363 0.01069058 0.04633289 
607.00000000 0.39558791 0.19477346 0.08504711 0.11861237 0.14919259 0.01065208 0.04613449 
608.00000000 0.39634712 0.19470703 0.08511912 0.11844321 0.14883232 0.01061353 0.04593768 
609.00000000 0.39710558 0.19464005 0.08519085 0.11827331 0.14847284 0.01057495 0.04574242 
610.00000000 0.39786330 0.19457254 0.08526230 0.11810269 0.14811418 0.01053635 0.04554864 
611.00000000 0.39862028 0.19450449 0.08533347 0.11793136 0.14775638 0.01049775 0.04535628 
612.00000000 0.39937652 0.19443592 0.08540433 0.11775934 0.14739944 0.01045915 0.04516529 
613.00000000 0.40013203 0.19436685 0.08547489 0.11758665 0.14704341 0.01042056 0.04497561 
614.00000000 0.40088680 0.19429726 0.08554513 0.11741331 0.14668831 0.01038201 0.04478718 
615.00000000 0.40164084 0.19422719 0.08561504 0.11723934 0.14633415 0.01034349 0.04459995 
616.00000000 0.40239416 0.19415663 0.08568462 0.11706475 0.14598096 0.01030502 0.04441386 
617.00000000 0.40314675 0.19408560 0.08575386 0.11688957 0.14562876 0.01026661 0.04422884 
618.00000000 0.40389862 0.19401410 0.08582275 0.11671383 0.14527757 0.01022828 0.04404485 
619.00000000 0.40464978 0.19394215 0.08589128 0.11653753 0.14492741 0.01019002 0.04386183 
620.00000000 0.40540021 0.19386975 0.08595945 0.11636071 0.14457829 0.01015186 0.04367973 
621.00000000 0.40614993 0.19379692 0.08602724 0.11618338 0.14423023 0.01011380 0.04349849 
622.00000000 0.40689894 0.19372366 0.08609465 0.11600557 0.14388326 0.01007586 0.04331806 
623.00000000 0.40764724 0.19364998 0.08616168 0.11582730 0.14353737 0.01003803 0.04313839 
624.00000000 0.40839484 0.19357590 0.08622831 0.11564860 0.14319258 0.01000034 0.04295943 
625.00000000 0.40914174 0.19350143 0.08629453 0.11546948 0.14284891 0.00996279 0.04278113 
626.00000000 0.40988793 0.19342656 0.08636035 0.11528996 0.14250637 0.00992539 0.04260343 
627.00000000 0.41063343 0.19335132 0.08642576 0.11511008 0.14216496 0.00988814 0.04242630 
628.00000000 0.41137823 0.19327572 0.08649075 0.11492986 0.14182469 0.00985107 0.04224969 
629.00000000 0.41212234 0.19319975 0.08655531 0.11474931 0.14148557 0.00981416 0.04207355 
630.00000000 0.41286577 0.19312344 0.08661943 0.11456846 0.14114761 0.00977745 0.04189785 
631.00000000 0.41360850 0.19304679 0.08668313 0.11438734 0.14081080 0.00974092 0.04172253 
632.00000000 0.41435055 0.19296981 0.08674638 0.11420596 0.14047516 0.00970459 0.04154756 
633.00000000 0.41509193 0.19289250 0.08680918 0.11402435 0.14014068 0.00966846 0.04137290 
634.00000000 0.41583262 0.19281489 0.08687154 0.11384253 0.13980737 0.00963254 0.04119851 
635.00000000 0.41657263 0.19273697 0.08693344 0.11366053 0.13947522 0.00959684 0.04102437 
636.00000000 0.41731198 0.19265876 0.08699488 0.11347836 0.13914424 0.00956136 0.04085042 
637.00000000 0.41805065 0.19258027 0.08705586 0.11329604 0.13881442 0.00952611 0.04067665 
638.00000000 0.41878865 0.19250149 0.08711638 0.11311361 0.13848575 0.00949109 0.04050302 
639.00000000 0.41952598 0.19242245 0.08717643 0.11293108 0.13815824 0.00945631 0.04032951 
640.00000000 0.42026265 0.19234315 0.08723601 0.11274847 0.13783188 0.00942177 0.04015608 
641.00000000 0.42099865 0.19226359 0.08729512 0.11256579 0.13750666 0.00938747 0.03998271 
642.00000000 0.42173400 0.19218378 0.08735375 0.11238308 0.13718258 0.00935343 0.03980938 
643.00000000 0.42246868 0.19210374 0.08741192 0.11220036 0.13685962 0.00931963 0.03963606 
644.00000000 0.42320270 0.19202346 0.08746960 0.11201763 0.13653779 0.00928609 0.03946274 
645.00000000 0.42393607 0.19194295 0.08752681 0.11183492 0.13621706 0.00925280 0.03928939 
646.00000000 0.42466878 0.19186222 0.08758354 0.11165225 0.13589742 0.00921978 0.03911601 
647.00000000 0.42540084 0.19178128 0.08763980 0.11146963 0.13557887 0.00918701 0.03894257 
648.00000000 0.42613225 0.19170013 0.08769557 0.11128709 0.13526140 0.00915450 0.03876906 
649.00000000 0.42686300 0.19161877 0.08775087 0.11110463 0.13494498 0.00912226 0.03859547 
650.00000000 0.42759310 0.19153722 0.08780570 0.11092228 0.13462962 0.00909028 0.03842180 
651.00000000 0.42832256 0.19145547 0.08786005 0.11074006 0.13431528 0.00905856 0.03824802 
652.00000000 0.42905136 0.19137352 0.08791393 0.11055797 0.13400196 0.00902711 0.03807415 
653.00000000 0.42977951 0.19129139 0.08796733 0.11037604 0.13368965 0.00899591 0.03790017 
654.00000000 0.43050702 0.19120908 0.08802026 0.11019427 0.13337832 0.00896498 0.03772608 
655.00000000 0.43123388 0.19112658 0.08807273 0.11001268 0.13306795 0.00893431 0.03755187 
656.00000000 0.43196009 0.19104390 0.08812473 0.10983128 0.13275854 0.00890390 0.03737755 
657.00000000 0.43268565 0.19096105 0.08817627 0.10965009 0.13245007 0.00887374 0.03720313 
658.00000000 0.43341057 0.19087802 0.08822735 0.10946912 0.13214251 0.00884383 0.03702860 
659.00000000 0.43413483 0.19079482 0.08827798 0.10928838 0.13183585 0.00881418 0.03685396 
660.00000000 0.43485845 0.19071144 0.08832815 0.10910788 0.13153007 0.00878478 0.03667924 
661.00000000 0.43558142 0.19062790 0.08837788 0.10892762 0.13122515 0.00875562 0.03650442 
662.00000000 0.43630374 0.19054418 0.08842716 0.10874763 0.13092107 0.00872670 0.03632953 
663.00000000 0.43702541 0.19046028 0.08847600 0.10856791 0.13061782 0.00869802 0.03615456 
664.00000000 0.43774643 0.19037622 0.08852440 0.10838846 0.13031536 0.00866957 0.03597955 
665.00000000 0.43846680 0.19029198 0.08857238 0.10820930 0.13001370 0.00864136 0.03580448 
666.00000000 0.43918652 0.19020757 0.08861992 0.10803044 0.12971279 0.00861337 0.03562939 
667.00000000 0.43990558 0.19012298 0.08866705 0.10785187 0.12941264 0.00858560 0.03545429 
668.00000000 0.44062399 0.19003821 0.08871377 0.10767360 0.12911320 0.00855804 0.03527918 
669.00000000 0.44134174 0.18995326 0.08876007 0.10749565 0.12881447 0.00853069 0.03510410 
670.00000000 0.44205884 0.18986813 0.08880597 0.10731802 0.12851643 0.00850355 0.03492906 
671.00000000 0.44277528 0.18978281 0.08885147 0.10714070 0.12821906 0.00847661 0.03475407 
672.00000000 0.44349106 0.18969730 0.08889658 0.10696371 0.12792233 0.00844986 0.03457916 
673.00000000 0.44420617 0.18961160 0.08894131 0.10678704 0.12762623 0.00842330 0.03440435 
674.00000000 0.44492063 0.18952571 0.08898566 0.10661070 0.12733073 0.00839692 0.03422966 
675.00000000 0.44563441 0.18943961 0.08902963 0.10643470 0.12703583 0.00837071 0.03405511 
676.00000000 0.44634753 0.18935330 0.08907324 0.10625902 0.12674150 0.00834468 0.03388073 
677.00000000 0.44705999 0.18926679 0.08911648 0.10608368 0.12644772 0.00831880 0.03370654 
678.00000000 0.44777177 0.18918006 0.08915938 0.10590868 0.12615447 0.00829308 0.03353257 
679.00000000 0.44848288 0.18909311 0.08920193 0.10573401 0.12586174 0.00826750 0.03335883 
680.00000000 0.44919331 0.18900594 0.08924413 0.10555967 0.12556951 0.00824207 0.03318536 
681.00000000 0.44990307 0.18891854 0.08928601 0.10538566 0.12527776 0.00821677 0.03301218 
682.00000000 0.45061215 0.18883090 0.08932756 0.10521199 0.12498648 0.00819160 0.03283932 
683.00000000 0.45132055 0.18874302 0.08936880 0.10503864 0.12469564 0.00816655 0.03266679 
684.00000000 0.45202827 0.18865489 0.08940972 0.10486562 0.12440524 0.00814162 0.03249464 
685.00000000 0.45273530 0.18856651 0.08945033 0.10469292 0.12411526 0.00811679 0.03232289 
686.00000000 0.45344164 0.18847787 0.08949065 0.10452054 0.12382568 0.00809205 0.03215156 
687.00000000 0.45414730 0.18838897 0.08953068 0.10434848 0.12353648 0.00806741 0.03198068 
688.00000000 0.45485226 0.18829979 0.08957043 0.10417672 0.12324766 0.00804286 0.03181027 
689.00000000 0.45555653 0.18821034 0.08960990 0.10400528 0.12295920 0.00801838 0.03164037 
690.00000000 0.45626010 0.18812060 0.08964910 0.10383413 0.12267109 0.00799397 0.03147100 
691.00000000 0.45696298 0.18803058 0.08968804 0.10366328 0.12238332 0.00796963 0.03130219 
692.00000000 0.45766515 0.18794025 0.08972672 0.10349271 0.12209586 0.00794534 0.03113396 
693.00000000 0.45836662 0.18784963 0.08976516 0.10332243 0.12180872 0.00792110 0.03096634 
694.00000000 0.45906739 0.18775870 0.08980335 0.10315243 0.12152188 0.00789691 0.03079936 
695.00000000 0.45976745 0.18766745 0.08984130 0.10298269 0.12123533 0.00787275 0.03063304 
696.00000000 0.46046680 0.18757588 0.08987903 0.10281321 0.12094906 0.00784862 0.03046741 
697.00000000 0.46116544 0.18748399 0.08991653 0.10264399 0.12066306 0.00782451 0.03030248 
698.00000000 0.46186336 0.18739176 0.08995382 0.10247502 0.12037732 0.00780042 0.03013830 
699.00000000 0.46256057 0.18729920 0.08999089 0.10230628 0.12009184 0.00777634 0.02997487 
700.00000000 0.46325707 0.18720629 0.09002776 0.10213777 0.11980661 0.00775226 0.02981223 
701.00000000 0.46395284 0.18711304 0.09006444 0.10196948 0.11952162 0.00772818 0.02965040 
702.00000000 0.46464789 0.18701943 0.09010092 0.10180141 0.11923687 0.00770409 0.02948939 
703.00000000 0.46534222 0.18692546 0.09013721 0.10163354 0.11895235 0.00767999 0.02932924 
704.00000000 0.46603582 0.18683113 0.09017332 0.10146586 0.11866805 0.00765588 0.02916995 
705.00000000 0.46672869 0.18673643 0.09020925 0.10129837 0.11838397 0.00763173 0.02901156 
706.00000000 0.46742084 0.18664136 0.09024501 0.10113105 0.11810011 0.00760756 0.02885408 
707.00000000 0.46811225 0.18654590 0.09028060 0.10096390 0.11781647 0.00758335 0.02869753 
708.00000000 0.46880293 0.18645007 0.09031603 0.10079691 0.11753303 0.00755911 0.02854192 
709.00000000 0.46949288 0.18635385 0.09035130 0.10063006 0.11724981 0.00753482 0.02838729 
710.00000000 0.47018209 0.18625724 0.09038642 0.10046335 0.11696679 0.00751048 0.02823363 
711.00000000 0.47087057 0.18616024 0.09042138 0.10029676 0.11668399 0.00748609 0.02808097 
712.00000000 0.47155830 0.18606284 0.09045621 0.10013029 0.11640139 0.00746165 0.02792933 
713.00000000 0.47224529 0.18596504 0.09049088 0.09996393 0.11611900 0.00743714 0.02777871 
714.00000000 0.47293155 0.18586683 0.09052542 0.09979767 0.11583682 0.00741258 0.02762913 
715.00000000 0.47361705 0.18576823 0.09055982 0.09963150 0.11555485 0.00738795 0.02748060 
716.00000000 0.47430182 0.18566921 0.09059409 0.09946541 0.11527309 0.00736324 0.02733314 
717.00000000 0.47498584 0.18556979 0.09062823 0.09929938 0.11499155 0.00733847 0.02718674 
718.00000000 0.47566911 0.18546995 0.09066224 0.09913342 0.11471023 0.00731362 0.02704143 
719.00000000 0.47635163 0.18536970 0.09069612 0.09896750 0.11442913 0.00728870 0.02689722 
720.00000000 0.47703340 0.18526904 0.09072988 0.09880163 0.11414825 0.00726370 0.02675410 
721.00000000 0.47771442 0.18516796 0.09076352 0.09863579 0.11386761 0.00723862 0.02661208 
722.00000000 0.47839469 0.18506646 0.09079704 0.09846997 0.11358720 0.00721346 0.02647118 
723.00000000 0.47907421 0.18496455 0.09083043 0.09830416 0.11330703 0.00718821 0.02633140 
724.00000000 0.47975297 0.18486222 0.09086371 0.09813837 0.11302711 0.00716288 0.02619273 
725.00000000 0.48043098 0.18475948 0.09089688 0.09797257 0.11274745 0.00713747 0.02605519 
726.00000000 0.48110824 0.18465631 0.09092992 0.09780676 0.11246804 0.00711197 0.02591877 
727.00000000 0.48178473 0.18455273 0.09096285 0.09764093 0.11218890 0.00708639 0.02578348 
728.00000000 0.48246047 0.18444873 0.09099566 0.09747508 0.11191003 0.00706072 0.02564931 
729.00000000 0.48313546 0.18434432 0.09102836 0.09730919 0.11163144 0.00703497 0.02551627 
730.00000000 0.48380968 0.18423949 0.09106094 0.09714326 0.11135315 0.00700913 0.02538435 
731.00000000 0.48448315 0.18413424 0.09109340 0.09697729 0.11107515 0.00698321 0.02525355 
732.00000000 0.48515586 0.18402859 0.09112574 0.09681127 0.11079746 0.00695721 0.02512388 
733.00000000 0.48582780 0.18392252 0.09115797 0.09664518 0.11052008 0.00693112 0.02499531 
734.00000000 0.48649899 0.18381605 0.09119008 0.09647903 0.11024303 0.00690496 0.02486786 
735.00000000 0.48716942 0.18370917 0.09122206 0.09631281 0.10996632 0.00687872 0.02474150 
736.00000000 0.48783908 0.18360189 0.09125392 0.09614652 0.10968994 0.00685240 0.02461625 
737.00000000 0.48850799 0.18349420 0.09128566 0.09598014 0.10941392 0.00682600 0.02449208 
738.00000000 0.48917613 0.18338611 0.09131727 0.09581368 0.10913827 0.00679954 0.02436899 
739.00000000 0.48984351 0.18327763 0.09134876 0.09564714 0.10886298 0.00677300 0.02424698 
740.00000000 0.49051013 0.18316876 0.09138011 0.09548049 0.10858808 0.00674640 0.02412603 
741.00000000 0.49117599 0.18305949 0.09141133 0.09531376 0.10831358 0.00671973 0.02400613 
742.00000000 0.49184108 0.18294984 0.09144242 0.09514692 0.10803948 0.00669300 0.02388726 
743.00000000 0.49250542 0.18283981 0.09147336 0.09497999 0.10776579 0.00666621 0.02376943 
744.00000000 0.49316899 0.18272939 0.09150417 0.09481295 0.10749253 0.00663936 0.02365262 
745.00000000 0.49383179 0.18261860 0.09153483 0.09464580 0.10721970 0.00661247 0.02353680 
746.00000000 0.49449384 0.18250744 0.09156535 0.09447855 0.10694732 0.00658552 0.02342198 
747.00000000 0.49515512 0.18239591 0.09159571 0.09431119 0.10667540 0.00655853 0.02330814 
748.00000000 0.49581564 0.18228401 0.09162592 0.09414372 0.10640395 0.00653150 0.02319525 
749.00000000 0.49647540 0.18217176 0.09165598 0.09397614 0.10613297 0.00650443 0.02308331 
750.00000000 0.49713440 0.18205915 0.09168587 0.09380846 0.10586249 0.00647733 0.02297230 
751.00000000 0.49779263 0.18194619 0.09171560 0.09364066 0.10559250 0.00645020 0.02286221 
752.00000000 0.49845011 0.18183289 0.09174516 0.09347276 0.10532302 0.00642305 0.02275301 
753.00000000 0.49910682 0.18171924 0.09177455 0.09330475 0.10505407 0.00639588 0.02264470 
754.00000000 0.49976277 0.18160526 0.09180376 0.09313663 0.10478564 0.00636869 0.02253725 
755.00000000 0.50041796 0.18149094 0.09183280 0.09296841 0.10451775 0.00634149 0.02243064 
756.00000000 0.50107239 0.18137631 0.09186165 0.09280009 0.10425041 0.00631428 0.02232487 
757.00000000 0.50172606 0.18126135 0.09189031 0.09263167 0.10398364 0.00628708 0.02221990 
758.00000000 0.50237897 0.18114607 0.09191878 0.09246316 0.10371743 0.00625987 0.02211573 
759.00000000 0.50303112 0.18103048 0.09194706 0.09229455 0.10345180 0.00623267 0.02201233 
760.00000000 0.50368251 0.18091459 0.09197513 0.09212585 0.10318675 0.00620549 0.02190968 
761.00000000 0.50433314 0.18079840 0.09200300 0.09195706 0.10292231 0.00617832 0.02180777 
762.00000000 0.50498301 0.18068191 0.09203066 0.09178820 0.10265846 0.00615117 0.02170658 
763.00000000 0.50563213 0.18056514 0.09205811 0.09161925 0.10239523 0.00612405 0.02160608 
764.00000000 0.50628049 0.18044808 0.09208535 0.09145023 0.10213262 0.00609696 0.02150627 
765.00000000 0.50692809 0.18033074 0.09211236 0.09128115 0.10187064 0.00606991 0.02140711 
766.00000000 0.50757493 0.18021314 0.09213915 0.09111199 0.10160930 0.00604290 0.02130859 
767.00000000 0.50822102 0.18009526 0.09216571 0.09094278 0.10134860 0.00601593 0.02121070 
768.00000000 0.50886635 0.17997713 0.09219204 0.09077352 0.10108855 0.00598901 0.02111340 
769.00000000 0.50951093 0.17985874 0.09221813 0.09060421 0.10082915 0.00596215 0.02101669 
770.00000000 0.51015476 0.17974010 0.09224398 0.09043486 0.10057042 0.00593534 0.02092054 
771.00000000 0.51079782 0.17962122 0.09226959 0.09026547 0.10031236 0.00590860 0.02082494 
772.00000000 0.51144014 0.17950210 0.09229495 0.09009605 0.10005497 0.00588193 0.02072986 
773.00000000 0.51208170 0.17938275 0.09232006 0.08992661 0.09979826 0.00585533 0.02063529 
774.00000000 0.51272251 0.17926317 0.09234491 0.08975716 0.09954223 0.00582880 0.02054121 
775.00000000 0.51336257 0.17914338 0.09236951 0.08958769 0.09928690 0.00580236 0.02044760 
776.00000000 0.51400187 0.17902337 0.09239385 0.08941822 0.09903226 0.00577600 0.02035444 
777.00000000 0.51464042 0.17890315 0.09241792 0.08924876 0.09877831 0.00574973 0.02026172 
778.00000000 0.51527823 0.17878273 0.09244172 0.08907930 0.09852506 0.00572355 0.02016942 
779.00000000 0.51591528 0.17866211 0.09246525 0.08890986 0.09827252 0.00569746 0.02007752 
780.00000000 0.51655158 0.17854130 0.09248851 0.08874045 0.09802068 0.00567148 0.01998600 
781.00000000 0.51718713 0.17842031 0.09251149 0.08857107 0.09776955 0.00564560 0.01989485 
782.00000000 0.51782193 0.17829913 0.09253419 0.08840173 0.09751913 0.00561982 0.01980406 
783.00000000 0.51845598 0.17817779 0.09255662 0.08823243 0.09726942 0.00559416 0.01971360 
784.00000000 0.51908929 0.17805627 0.09257876 0.08806319 0.09702043 0.00556860 0.01962346 
785.00000000 0.51972185 0.17793460 0.09260061 0.08789401 0.09677214 0.00554316 0.01953363 
786.00000000 0.52035365 0.17781276 0.09262217 0.08772489 0.09652458 0.00551784 0.01944410 
787.00000000 0.52098471 0.17769078 0.09264345 0.08755586 0.09627772 0.00549265 0.01935484 
788.00000000 0.52161503 0.17756865 0.09266443 0.08738690 0.09603158 0.00546757 0.01926585 
789.00000000 0.52224459 0.17744638 0.09268512 0.08721803 0.09578615 0.00544262 0.01917711 
790.00000000 0.52287341 0.17732397 0.09270552 0.08704926 0.09554143 0.00541780 0.01908861 
791.00000000 0.52350148 0.17720143 0.09272562 0.08688059 0.09529742 0.00539310 0.01900035 
792.00000000 0.52412881 0.17707877 0.09274542 0.08671204 0.09505412 0.00536854 0.01891230 
793.00000000 0.52475539 0.17695599 0.09276492 0.08654360 0.09481153 0.00534411 0.01882445 
794.00000000 0.52538122 0.17683310 0.09278413 0.08637528 0.09456964 0.00531982 0.01873681 
795.00000000 0.52600631 0.17671010 0.09280304 0.08620710 0.09432846 0.00529566 0.01864935 
796.00000000 0.52663065 0.17658699 0.09282164 0.08603905 0.09408797 0.00527164 0.01856206 
797.00000000 0.52725424 0.17646378 0.09283995 0.08587114 0.09384818 0.00524775 0.01847495 
798.00000000 0.52787709 0.17634048 0.09285796 0.08570339 0.09360908 0.00522401 0.01838800 
799.00000000 0.52849919 0.17621709 0.09287566 0.08553579 0.09337067 0.00520040 0.01830120 
800.00000000 0.52912054 0.17609361 0.09289307 0.08536835 0.09313294 0.00517694 0.01821454 
801.00000000 0.52974115 0.17597006 0.09291018 0.08520108 0.09289589 0.00515362 0.01812803 
802.00000000 0.53036101 0.17584642 0.09292698 0.08503399 0.09265951 0.00513043 0.01804165 
803.00000000 0.53098012 0.17572272 0.09294349 0.08486707 0.09242381 0.00510739 0.01795540 
804.00000000 0.53159849 0.17559894 0.09295970 0.08470034 0.09218877 0.00508449 0.01786927 
805.00000000 0.53221611 0.17547510 0.09297562 0.08453380 0.09195439 0.00506172 0.01778326 
806.00000000 0.53283298 0.17535121 0.09299123 0.08436745 0.09172066 0.00503910 0.01769737 
807.00000000 0.53344910 0.17522725 0.09300656 0.08420130 0.09148758 0.00501662 0.01761159 
808.00000000 0.53406447 0.17510324 0.09302159 0.08403536 0.09125514 0.00499428 0.01752592 
809.00000000 0.53467910 0.17497919 0.09303632 0.08386963 0.09102334 0.00497207 0.01744036 
810.00000000 0.53529297 0.17485508 0.09305077 0.08370410 0.09079217 0.00495000 0.01735490 
811.00000000 0.53590610 0.17473094 0.09306493 0.08353880 0.09056163 0.00492806 0.01726955 
812.00000000 0.53651847 0.17460676 0.09307880 0.08337372 0.09033169 0.00490626 0.01718430 
813.00000000 0.53713009 0.17448254 0.09309239 0.08320886 0.09010237 0.00488460 0.01709916 
814.00000000 0.53774096 0.17435828 0.09310569 0.08304423 0.08987366 0.00486306 0.01701412 
815.00000000 0.53835108 0.17423400 0.09311871 0.08287983 0.08964554 0.00484165 0.01692919 
816.00000000 0.53896044 0.17410969 0.09313146 0.08271567 0.08941801 0.00482038 0.01684436 
817.00000000 0.53956905 0.17398536 0.09314393 0.08255174 0.08919106 0.00479922 0.01675964 
818.00000000 0.54017690 0.17386100 0.09315612 0.08238806 0.08896468 0.00477819 0.01667504 
819.00000000 0.54078400 0.17373662 0.09316805 0.08222462 0.08873888 0.00475729 0.01659054 
820.00000000 0.54139034 0.17361223 0.09317971 0.08206142 0.08851363 0.00473650 0.01650617 
821.00000000 0.54199593 0.17348782 0.09319110 0.08189847 0.08828894 0.00471583 0.01642191 
822.00000000 0.54260075 0.17336339 0.09320223 0.08173577 0.08806480 0.00469528 0.01633778 
823.00000000 0.54320481 0.17323895 0.09321310 0.08157333 0.08784119 0.00467483 0.01625377 
824.00000000 0.54380812 0.17311451 0.09322372 0.08141113 0.08761812 0.00465450 0.01616990 
825.00000000 0.54441066 0.17299005 0.09323408 0.08124919 0.08739557 0.00463428 0.01608617 
826.00000000 0.54501244 0.17286559 0.09324420 0.08108750 0.08717354 0.00461415 0.01600258 
827.00000000 0.54561346 0.17274112 0.09325406 0.08092607 0.08695202 0.00459414 0.01591914 
828.00000000 0.54621371 0.17261664 0.09326368 0.08076490 0.08673100 0.00457422 0.01583585 
829.00000000 0.54681320 0.17249217 0.09327307 0.08060398 0.08651048 0.00455439 0.01575272 
830.00000000 0.54741191 0.17236769 0.09328221 0.08044332 0.08629045 0.00453466 0.01566976 
831.00000000 0.54800986 0.17224320 0.09329112 0.08028292 0.08607090 0.00451502 0.01558697 
832.00000000 0.54860704 0.17211872 0.09329980 0.08012277 0.08585183 0.00449547 0.01550436 
833.00000000 0.54920346 0.17199424 0.09330826 0.07996289 0.08563322 0.00447600 0.01542194 
834.00000000 0.54979909 0.17186975 0.09331649 0.07980326 0.08541508 0.00445661 0.01533971 
835.00000000 0.55039396 0.17174527 0.09332450 0.07964389 0.08519740 0.00443730 0.01525768 
836.00000000 0.55098805 0.17162079 0.09333230 0.07948477 0.08498016 0.00441807 0.01517586 
837.00000000 0.55158136 0.17149631 0.09333988 0.07932591 0.08476336 0.00439891 0.01509426 
838.00000000 0.55217390 0.17137183 0.09334725 0.07916731 0.08454701 0.00437982 0.01501289 
839.00000000 0.55276566 0.17124735 0.09335442 0.07900896 0.08433108 0.00436079 0.01493174 
840.00000000 0.55335664 0.17112287 0.09336138 0.07885086 0.08411558 0.00434183 0.01485084 
841.00000000 0.55394684 0.17099839 0.09336814 0.07869301 0.08390050 0.00432292 0.01477018 
842.00000000 0.55453626 0.17087392 0.09337471 0.07853542 0.08368584 0.00430407 0.01468978 
843.00000000 0.55512490 0.17074944 0.09338108 0.07837807 0.08347158 0.00428528 0.01460965 
844.00000000 0.55571275 0.17062497 0.09338727 0.07822096 0.08325773 0.00426654 0.01452979 
845.00000000 0.55629982 0.17050050 0.09339326 0.07806411 0.08304427 0.00424784 0.01445020 
846.00000000 0.55688609 0.17037602 0.09339908 0.07790749 0.08283121 0.00422919 0.01437091 
847.00000000 0.55747159 0.17025155 0.09340471 0.07775112 0.08261855 0.00421058 0.01429191 
848.00000000 0.55805629 0.17012707 0.09341017 0.07759498 0.08240626 0.00419201 0.01421322 
849.00000000 0.55864020 0.17000259 0.09341545 0.07743908 0.08219436 0.00417348 0.01413484 
850.00000000 0.55922332 0.16987811 0.09342056 0.07728341 0.08198283 0.00415498 0.01405678 
851.00000000 0.55980564 0.16975363 0.09342551 0.07712798 0.08177168 0.00413651 0.01397905 
852.00000000 0.56038718 0.16962914 0.09343028 0.07697277 0.08156090 0.00411807 0.01390166 
853.00000000 0.56096791 0.16950464 0.09343490 0.07681780 0.08135049 0.00409965 0.01382461 
854.00000000 0.56154786 0.16938014 0.09343936 0.07666304 0.08114044 0.00408126 0.01374791 
855.00000000 0.56212700 0.16925564 0.09344365 0.07650851 0.08093075 0.00406289 0.01367156 
856.00000000 0.56270535 0.16913113 0.09344780 0.07635419 0.08072141 0.00404454 0.01359559 
857.00000000 0.56328289 0.16900660 0.09345179 0.07620010 0.08051244 0.00402620 0.01351998 
858.00000000 0.56385964 0.16888207 0.09345563 0.07604621 0.08030381 0.00400788 0.01344475 
859.00000000 0.56443558 0.16875753 0.09345932 0.07589254 0.08009554 0.00398957 0.01336991 
860.00000000 0.56501073 0.16863298 0.09346287 0.07573907 0.07988762 0.00397127 0.01329546 
861.00000000 0.56558507 0.16850842 0.09346628 0.07558581 0.07968004 0.00395297 0.01322141 
862.00000000 0.56615860 0.16838385 0.09346954 0.07543275 0.07947281 0.00393469 0.01314776 
863.00000000 0.56673133 0.16825926 0.09347267 0.07527989 0.07926593 0.00391640 0.01307452 
864.00000000 0.56730326 0.16813466 0.09347565 0.07512722 0.07905939 0.00389812 0.01300169 
865.00000000 0.56787438 0.16801005 0.09347850 0.07497475 0.07885319 0.00387985 0.01292928 
866.00000000 0.56844469 0.16788541 0.09348122 0.07482247 0.07864733 0.00386157 0.01285730 
867.00000000 0.56901420 0.16776077 0.09348381 0.07467037 0.07844182 0.00384329 0.01278575 
868.00000000 0.56958289 0.16763610 0.09348626 0.07451846 0.07823665 0.00382500 0.01271463 
869.00000000 0.57015078 0.16751142 0.09348858 0.07436673 0.07803182 0.00380672 0.01264395 
870.00000000 0.57071786 0.16738672 0.09349078 0.07421518 0.07782733 0.00378842 0.01257371 
871.00000000 0.57128413 0.16726200 0.09349285 0.07406381 0.07762318 0.00377012 0.01250391 
872.00000000 0.57184958 0.16713726 0.09349479 0.07391261 0.07741937 0.00375182 0.01243457 
873.00000000 0.57241423 0.16701250 0.09349660 0.07376158 0.07721591 0.00373350 0.01236567 
874.00000000 0.57297807 0.16688772 0.09349829 0.07361072 0.07701279 0.00371518 0.01229723 
875.00000000 0.57354109 0.16676292 0.09349986 0.07346002 0.07681002 0.00369685 0.01222924 
876.00000000 0.57410330 0.16663810 0.09350130 0.07330948 0.07660759 0.00367851 0.01216171 
877.00000000 0.57466470 0.16651326 0.09350263 0.07315911 0.07640550 0.00366016 0.01209464 
878.00000000 0.57522529 0.16638839 0.09350382 0.07300889 0.07620377 0.00364180 0.01202803 
879.00000000 0.57578507 0.16626350 0.09350490 0.07285883 0.07600238 0.00362343 0.01196188 
880.00000000 0.57634403 0.16613859 0.09350586 0.07270892 0.07580135 0.00360505 0.01189620 
881.00000000 0.57690219 0.16601366 0.09350669 0.07255916 0.07560067 0.00358666 0.01183098 
882.00000000 0.57745952 0.16588870 0.09350741 0.07240954 0.07540034 0.00356826 0.01176622 
883.00000000 0.57801605 0.16576372 0.09350800 0.07226008 0.07520037 0.00354985 0.01170193 
884.00000000 0.57857177 0.16563872 0.09350847 0.07211076 0.07500077 0.00353143 0.01163809 
885.00000000 0.57912667 0.16551369 0.09350882 0.07196158 0.07480152 0.00351300 0.01157473 
886.00000000 0.57968076 0.16538864 0.09350905 0.07181253 0.07460263 0.00349457 0.01151182 
887.00000000 0.58023404 0.16526357 0.09350915 0.07166363 0.07440411 0.00347612 0.01144937 
888.00000000 0.58078651 0.16513848 0.09350913 0.07151487 0.07420596 0.00345767 0.01138738 
889.00000000 0.58133816 0.16501336 0.09350899 0.07136624 0.07400819 0.00343921 0.01132585 
890.00000000 0.58188901 0.16488822 0.09350873 0.07121774 0.07381078 0.00342075 0.01126477 
891.00000000 0.58243904 0.16476306 0.09350834 0.07106937 0.07361375 0.00340228 0.01120414 
892.00000000 0.58298827 0.16463788 0.09350783 0.07092114 0.07341710 0.00338381 0.01114397 
893.00000000 0.58353668 0.16451268 0.09350719 0.07077303 0.07322084 0.00336533 0.01108424 
894.00000000 0.58408429 0.16438746 0.09350643 0.07062505 0.07302496 0.00334686 0.01102495 
895.00000000 0.58463109 0.16426223 0.09350554 0.07047720 0.07282946 0.00332838 0.01096610 
896.00000000 0.58517708 0.16413697 0.09350452 0.07032948 0.07263436 0.00330991 0.01090769 
897.00000000 0.58572226 0.16401169 0.09350337 0.07018188 0.07243965 0.00329143 0.01084971 
898.00000000 0.58626664 0.16388640 0.09350209 0.07003440 0.07224534 0.00327296 0.01079217 
899.00000000 0.58681021 0.16376109 0.09350068 0.06988705 0.07205143 0.00325450 0.01073504 
900.00000000 0.58735298 0.16363577 0.09349913 0.06973983 0.07185792 0.00323604 0.01067833 
901.00000000 0.58789494 0.16351043 0.09349745 0.06959272 0.07166481 0.00321759 0.01062204 
902.00000000 0.58843610 0.16338508 0.09349564 0.06944574 0.07147212 0.00319916 0.01056616 
903.00000000 0.58897645 0.16325972 0.09349369 0.06929888 0.07127984 0.00318073 0.01051068 
904.00000000 0.58951601 0.16313435 0.09349161 0.06915215 0.07108797 0.00316231 0.01045561 
905.00000000 0.59005476 0.16300896 0.09348938 0.06900554 0.07089652 0.00314391 0.01040093 
906.00000000 0.59059271 0.16288357 0.09348702 0.06885905 0.07070549 0.00312553 0.01034663 
907.00000000 0.59112987 0.16275817 0.09348451 0.06871268 0.07051488 0.00310717 0.01029272 
908.00000000 0.59166623 0.16263277 0.09348186 0.06856644 0.07032470 0.00308882 0.01023919 
909.00000000 0.59220179 0.16250736 0.09347907 0.06842032 0.07013495 0.00307050 0.01018603 
910.00000000 0.59273655 0.16238194 0.09347613 0.06827432 0.06994563 0.00305220 0.01013323 
911.00000000 0.59327052 0.16225652 0.09347304 0.06812845 0.06975675 0.00303392 0.01008079 
912.00000000 0.59380370 0.16213111 0.09346980 0.06798271 0.06956830 0.00301568 0.01002871 
913.00000000 0.59433608 0.16200569 0.09346642 0.06783709 0.06938030 0.00299746 0.00997697 
914.00000000 0.59486767 0.16188027 0.09346288 0.06769160 0.06919273 0.00297928 0.00992557 
915.00000000 0.59539847 0.16175486 0.09345919 0.06754624 0.06900561 0.00296112 0.00987451 
916.00000000 0.59592849 0.16162945 0.09345534 0.06740101 0.06881894 0.00294300 0.00982377 
917.00000000 0.59645771 0.16150405 0.09345134 0.06725590 0.06863272 0.00292492 0.00977335 
918.00000000 0.59698615 0.16137866 0.09344718 0.06711094 0.06844695 0.00290688 0.00972325 
919.00000000 0.59751380 0.16125327 0.09344287 0.06696610 0.06826163 0.00288888 0.00967345 
920.00000000 0.59804067 0.16112790 0.09343839 0.06682140 0.06807677 0.00287092 0.00962396 
921.00000000 0.59856676 0.16100254 0.09343375 0.06667684 0.06789236 0.00285300 0.00957476 
922.00000000 0.59909206 0.16087719 0.09342895 0.06653241 0.06770842 0.00283513 0.00952584 
923.00000000 0.59961658 0.16075186 0.09342399 0.06638812 0.06752493 0.00281730 0.00947721 
924.00000000 0.60014033 0.16062654 0.09341886 0.06624398 0.06734191 0.00279953 0.00942885 
925.00000000 0.60066329 0.16050125 0.09341356 0.06609997 0.06715935 0.00278181 0.00938076 
926.00000000 0.60118549 0.16037597 0.09340810 0.06595612 0.06697726 0.00276413 0.00933293 
927.00000000 0.60170690 0.16025072 0.09340247 0.06581241 0.06679564 0.00274652 0.00928535 
928.00000000 0.60222754 0.16012549 0.09339667 0.06566885 0.06661448 0.00272895 0.00923802 
929.00000000 0.60274741 0.16000029 0.09339069 0.06552543 0.06643379 0.00271145 0.00919094 
930.00000000 0.60326651 0.15987511 0.09338455 0.06538218 0.06625357 0.00269400 0.00914409 
931.00000000 0.60378484 0.15974996 0.09337823 0.06523907 0.06607382 0.00267662 0.00909746 
932.00000000 0.60430240 0.15962484 0.09337174 0.06509613 0.06589454 0.00265929 0.00905106 
933.00000000 0.60481919 0.15949975 0.09336507 0.06495334 0.06571574 0.00264203 0.00900488 
934.00000000 0.60533522 0.15937470 0.09335823 0.06481071 0.06553740 0.00262483 0.00895891 
935.00000000 0.60585049 0.15924968 0.09335121 0.06466825 0.06535954 0.00260770 0.00891315 
936.00000000 0.60636499 0.15912469 0.09334401 0.06452595 0.06518215 0.00259063 0.00886758 
937.00000000 0.60687873 0.15899975 0.09333663 0.06438382 0.06500524 0.00257363 0.00882221 
938.00000000 0.60739171 0.15887484 0.09332908 0.06424186 0.06482879 0.00255670 0.00877702 
939.00000000 0.60790393 0.15874997 0.09332135 0.06410007 0.06465282 0.00253984 0.00873202 
940.00000000 0.60841539 0.15862515 0.09331343 0.06395846 0.06447732 0.00252305 0.00868720 
941.00000000 0.60892610 0.15850037 0.09330534 0.06381702 0.06430229 0.00250633 0.00864255 
942.00000000 0.60943606 0.15837564 0.09329707 0.06367576 0.06412773 0.00248968 0.00859806 
943.00000000 0.60994526 0.15825095 0.09328861 0.06353468 0.06395364 0.00247311 0.00855374 
944.00000000 0.61045371 0.15812631 0.09327998 0.06339379 0.06378003 0.00245661 0.00850958 
945.00000000 0.61096141 0.15800172 0.09327116 0.06325308 0.06360688 0.00244018 0.00846558 
946.00000000 0.61146836 0.15787718 0.09326216 0.06311256 0.06343419 0.00242383 0.00842172 
947.00000000 0.61197456 0.15775270 0.09325298 0.06297222 0.06326198 0.00240756 0.00837801 
948.00000000 0.61248002 0.15762827 0.09324362 0.06283208 0.06309023 0.00239136 0.00833444 
949.00000000 0.61298473 0.15750389 0.09323407 0.06269213 0.06291894 0.00237523 0.00829100 
950.00000000 0.61348870 0.15737957 0.09322435 0.06255238 0.06274811 0.00235919 0.00824771 
951.00000000 0.61399192 0.15725531 0.09321444 0.06241283 0.06257775 0.00234322 0.00820454 
952.00000000 0.61449441 0.15713110 0.09320435 0.06227348 0.06240784 0.00232732 0.00816150 
953.00000000 0.61499616 0.15700696 0.09319408 0.06213432 0.06223839 0.00231151 0.00811858 
954.00000000 0.61549716 0.15688288 0.09318363 0.06199537 0.06206940 0.00229577 0.00807579 
955.00000000 0.61599743 0.15675886 0.09317300 0.06185663 0.06190086 0.00228010 0.00803312 
956.00000000 0.61649697 0.15663490 0.09316219 0.06171810 0.06173277 0.00226452 0.00799056 
957.00000000 0.61699577 0.15651101 0.09315120 0.06157977 0.06156513 0.00224901 0.00794811 
958.00000000 0.61749384 0.15638718 0.09314003 0.06144165 0.06139794 0.00223358 0.00790578 
959.00000000 0.61799117 0.15626342 0.09312868 0.06130375 0.06123119 0.00221822 0.00786356 
960.00000000 0.61848778 0.15613973 0.09311716 0.06116606 0.06106488 0.00220295 0.00782145 
961.00000000 0.61898366 0.15601611 0.09310546 0.06102858 0.06089901 0.00218774 0.00777944 
962.00000000 0.61947880 0.15589256 0.09309358 0.06089132 0.06073358 0.00217261 0.00773754 
963.00000000 0.61997322 0.15576908 0.09308153 0.06075428 0.06056859 0.00215756 0.00769574 
964.00000000 0.62046692 0.15564567 0.09306931 0.06061746 0.06040402 0.00214258 0.00765404 
965.00000000 0.62095989 0.15552233 0.09305691 0.06048087 0.06023989 0.00212768 0.00761244 
966.00000000 0.62145214 0.15539906 0.09304434 0.06034449 0.06007618 0.00211284 0.00757095 
967.00000000 0.62194366 0.15527587 0.09303159 0.06020833 0.05991290 0.00209808 0.00752956 
968.00000000 0.62243447 0.15515276 0.09301868 0.06007240 0.05975003 0.00208339 0.00748826 
969.00000000 0.62292455 0.15502972 0.09300560 0.05993670 0.05958759 0.00206878 0.00744707 
970.00000000 0.62341392 0.15490675 0.09299235 0.05980122 0.05942556 0.00205423 0.00740597 
971.00000000 0.62390256 0.15478387 0.09297894 0.05966597 0.05926394 0.00203975 0.00736498 
972.00000000 0.62439049 0.15466106 0.09296536 0.05953095 0.05910273 0.00202534 0.00732408 
973.00000000 0.62487771 0.15453833 0.09295161 0.05939615 0.05894192 0.00201099 0.00728328 
974.00000000 0.62536421 0.15441567 0.09293771 0.05926158 0.05878152 0.00199672 0.00724259 
975.00000000 0.62585000 0.15429310 0.09292364 0.05912725 0.05862152 0.00198250 0.00720199 
976.00000000 0.62633507 0.15417060 0.09290941 0.05899314 0.05846192 0.00196835 0.00716150 
977.00000000 0.62681943 0.15404819 0.09289502 0.05885927 0.05830271 0.00195427 0.00712111 
978.00000000 0.62730308 0.15392586 0.09288048 0.05872562 0.05814389 0.00194024 0.00708082 
979.00000000 0.62778602 0.15380360 0.09286578 0.05859221 0.05798546 0.00192628 0.00704064 
980.00000000 0.62826826 0.15368143 0.09285093 0.05845903 0.05782741 0.00191238 0.00700056 
981.00000000 0.62874978 0.15355934 0.09283592 0.05832608 0.05766975 0.00189853 0.00696059 
982.00000000 0.62923060 0.15343734 0.09282076 0.05819336 0.05751246 0.00188474 0.00692073 
983.00000000 0.62971071 0.15331541 0.09280546 0.05806087 0.05735555 0.00187101 0.00688098 
984.00000000 0.63019012 0.15319357 0.09279000 0.05792862 0.05719901 0.00185733 0.00684134 
985.00000000 0.63066882 0.15307181 0.09277440 0.05779660 0.05704285 0.00184371 0.00680182 
986.00000000 0.63114682 0.15295013 0.09275866 0.05766481 0.05688705 0.00183013 0.00676241 
987.00000000 0.63162411 0.15282853 0.09274277 0.05753325 0.05673161 0.00181661 0.00672312 
988.00000000 0.63210071 0.15270702 0.09272674 0.05740192 0.05657653 0.00180314 0.00668394 
989.00000000 0.63257660 0.15258559 0.09271057 0.05727082 0.05642181 0.00178972 0.00664489 
990.00000000 0.63305179 0.15246424 0.09269426 0.05713996 0.05626745 0.00177634 0.00660596 
991.00000000 0.63352628 0.15234298 0.09267781 0.05700932 0.05611344 0.00176301 0.00656716 
992.00000000 0.63400008 0.15222180 0.09266123 0.05687891 0.05595978 0.00174972 0.00652848 
993.00000000 0.63447317 0.15210070 0.09264451 0.05674873 0.05580647 0.00173647 0.00648994 
994.00000000 0.63494557 0.15197969 0.09262766 0.05661878 0.05565350 0.00172327 0.00645152 
995.00000000 0.63541727 0.15185876 0.09261068 0.05648906 0.05550087 0.00171011 0.00641324 
996.00000000 0.63588827 0.15173791 0.09259358 0.05635957 0.05534859 0.00169699 0.00637510 
997.00000000 0.63635858 0.15161715 0.09257634 0.05623030 0.05519664 0.00168390 0.00633709 
998.00000000 0.63682820 0.15149647 0.09255898 0.05610125 0.05504502 0.00167085 0.00629923 
999.00000000 0.63729712 0.15137587 0.09254149 0.05597243 0.05489374 0.00165784 0.00626151 
