0.00000000 0.00000000 -0.00000000 -0.00000000 -0.00000000 -0.00000000 1.00000000 -0.00000000 
1.00000000 0.00000839 0.00000681 0.00000374 0.00001208 0.00029027 0.99960894 0.00006977 
2.00000000 0.00003336 0.00002717 0.00001491 0.00004803 0.00115766 0.99844084 0.00027804 
3.00000000 0.00007459 0.00006098 0.00003338 0.00010784 0.00259585 0.99650453 0.00062283 
4.00000000 0.00013170 0.00010813 0.00005910 0.00019197 0.00459702 0.99381043 0.00110165 
5.00000000 0.00020426 0.00016851 0.00009197 0.00030139 0.00715181 0.99037050 0.00171155 
6.00000000 0.00029183 0.00024200 0.00013196 0.00043751 0.01024946 0.98619816 0.00244908 
7.00000000 0.00039390 0.00032848 0.00017902 0.00060220 0.01387777 0.98130829 0.00331035 
8.00000000 0.00050991 0.00042783 0.00023311 0.00079775 0.01802324 0.97571710 0.00429105 
9.00000000 0.00063931 0.00053991 0.00029421 0.00102686 0.02267108 0.96944216 0.00538647 
10.00000000 0.00078146 0.00066460 0.00036230 0.00129257 0.02780530 0.96250224 0.00659153 
11.00000000 0.00093574 0.00080177 0.00043738 0.00159827 0.03340876 0.95491730 0.00790078 
12.00000000 0.00110147 0.00095127 0.00051944 0.00194765 0.03946326 0.94670841 0.00930850 
13.00000000 0.00127795 0.00111298 0.00060849 0.00234466 0.04594959 0.93789768 0.01080864 
14.00000000 0.00146446 0.00128675 0.00070453 0.00279351 0.05284766 0.92850817 0.01239494 
15.00000000 0.00166025 0.00147244 0.00080755 0.00329855 0.06013650 0.91856383 0.01406089 
16.00000000 0.00186455 0.00166991 0.00091757 0.00386432 0.06779443 0.90808943 0.01579980 
17.00000000 0.00207659 0.00187902 0.00103459 0.00449545 0.07579906 0.89711046 0.01760483 
18.00000000 0.00229558 0.00209963 0.00115860 0.00519666 0.08412745 0.88565306 0.01946901 
19.00000000 0.00252070 0.00233160 0.00128961 0.00597269 0.09275613 0.87374396 0.02138531 
20.00000000 0.00275114 0.00257478 0.00142760 0.00682824 0.10166123 0.86141038 0.02334662 
21.00000000 0.00298608 0.00282903 0.00157256 0.00776801 0.11081854 0.84867997 0.02534581 
22.00000000 0.00322468 0.00309420 0.00172447 0.00879655 0.12020360 0.83558072 0.02737579 
23.00000000 0.00346614 0.00337013 0.00188329 0.00991831 0.12979180 0.82214086 0.02942947 
24.00000000 0.00370961 0.00365670 0.00204899 0.01113754 0.13955844 0.80838883 0.03149989 
25.00000000 0.00395428 0.00395373 0.00222152 0.01245830 0.14947883 0.79435320 0.03358015 
26.00000000 0.00419933 0.00426108 0.00240083 0.01388437 0.15952834 0.78006255 0.03566350 
27.00000000 0.00444396 0.00457859 0.00258684 0.01541926 0.16968253 0.76554544 0.03774338 
28.00000000 0.00468737 0.00490609 0.00277948 0.01706617 0.17991717 0.75083033 0.03981339 
29.00000000 0.00492879 0.00524341 0.00297866 0.01882793 0.19020835 0.73594550 0.04186736 
30.00000000 0.00516744 0.00559039 0.00318429 0.02070698 0.20053252 0.72091903 0.04389935 
31.00000000 0.00540259 0.00594685 0.00339626 0.02270538 0.21086658 0.70577865 0.04590370 
32.00000000 0.00563352 0.00631259 0.00361444 0.02482473 0.22118794 0.69055176 0.04787501 
33.00000000 0.00585952 0.00668742 0.00383872 0.02706618 0.23147458 0.67526536 0.04980821 
34.00000000 0.00607992 0.00707115 0.00406896 0.02943042 0.24170509 0.65994593 0.05169853 
35.00000000 0.00629408 0.00746354 0.00430501 0.03191763 0.25185874 0.64461946 0.05354154 
36.00000000 0.00650139 0.00786439 0.00454672 0.03452748 0.26191552 0.62931135 0.05533315 
37.00000000 0.00670126 0.00827345 0.00479392 0.03725915 0.27185618 0.61404640 0.05706963 
38.00000000 0.00689315 0.00869048 0.00504646 0.04011127 0.28166228 0.59884873 0.05874763 
39.00000000 0.00707654 0.00911522 0.00530416 0.04308195 0.29131623 0.58374175 0.06036416 
40.00000000 0.00725096 0.00954738 0.00556683 0.04616878 0.30080130 0.56874814 0.06191661 
41.00000000 0.00741599 0.00998668 0.00583431 0.04936882 0.31010167 0.55388980 0.06340274 
42.00000000 0.00757122 0.01043281 0.00610639 0.05267859 0.31920242 0.53918784 0.06482072 
43.00000000 0.00771632 0.01088545 0.00638290 0.05609412 0.32808960 0.52466254 0.06616909 
44.00000000 0.00785096 0.01134426 0.00666364 0.05961092 0.33675018 0.51033330 0.06744675 
45.00000000 0.00797490 0.01180888 0.00694843 0.06322401 0.34517212 0.49621867 0.06865299 
46.00000000 0.00808792 0.01227894 0.00723707 0.06692796 0.35334434 0.48233630 0.06978747 
47.00000000 0.00818986 0.01275404 0.00752938 0.07071686 0.36125673 0.46870294 0.07085019 
48.00000000 0.00828058 0.01323377 0.00782518 0.07458438 0.36890014 0.45533443 0.07184152 
49.00000000 0.00836003 0.01371771 0.00812428 0.07852378 0.37626638 0.44224567 0.07276215 
50.00000000 0.00842817 0.01420540 0.00842652 0.08252794 0.38334823 0.42945064 0.07361310 
51.00000000 0.00848503 0.01469637 0.00873172 0.08658939 0.39013940 0.41696240 0.07439569 
52.00000000 0.00853070 0.01519014 0.00903971 0.09070035 0.39663450 0.40479306 0.07511154 
53.00000000 0.00856529 0.01568621 0.00935035 0.09485272 0.40282906 0.39295382 0.07576255 
54.00000000 0.00858897 0.01618404 0.00966349 0.09903818 0.40871950 0.38145495 0.07635087 
55.00000000 0.00860197 0.01668310 0.00997899 0.10324818 0.41430306 0.37030581 0.07687889 
56.00000000 0.00860455 0.01718283 0.01029672 0.10747398 0.41957784 0.35951485 0.07734921 
57.00000000 0.00859703 0.01768266 0.01061658 0.11170671 0.42454271 0.34908966 0.07776465 
58.00000000 0.00857978 0.01818199 0.01093844 0.11593738 0.42919731 0.33903691 0.07812819 
59.00000000 0.00855319 0.01868022 0.01126222 0.12015693 0.43354202 0.32936244 0.07844297 
60.00000000 0.00851773 0.01917674 0.01158784 0.12435630 0.43757788 0.32007123 0.07871227 
61.00000000 0.00847388 0.01967091 0.01191523 0.12852641 0.44130664 0.31116747 0.07893947 
62.00000000 0.00842217 0.02016208 0.01224434 0.13265824 0.44473061 0.30265452 0.07912804 
63.00000000 0.00836319 0.02064961 0.01257511 0.13674287 0.44785272 0.29453496 0.07928154 
64.00000000 0.00829754 0.02113283 0.01290753 0.14077148 0.45067643 0.28681063 0.07940355 
65.00000000 0.00822587 0.02161108 0.01324158 0.14473545 0.45320570 0.27948262 0.07949769 
66.00000000 0.00814886 0.02208367 0.01357726 0.14862634 0.45544495 0.27255134 0.07956758 
67.00000000 0.00806722 0.02254994 0.01391457 0.15243594 0.45739901 0.26601650 0.07961682 
68.00000000 0.00798170 0.02300919 0.01425356 0.15615631 0.45907312 0.25987715 0.07964898 
69.00000000 0.00789306 0.02346075 0.01459424 0.15977983 0.46047284 0.25413173 0.07966757 
70.00000000 0.00780208 0.02390393 0.01493668 0.16329919 0.46160404 0.24877806 0.07967602 
71.00000000 0.00770960 0.02433806 0.01528095 0.16670745 0.46247286 0.24381341 0.07967768 
72.00000000 0.00761642 0.02476245 0.01562712 0.16999807 0.46308567 0.23923447 0.07967579 
73.00000000 0.00752341 0.02517646 0.01597527 0.17316490 0.46344905 0.23503745 0.07967346 
74.00000000 0.00743143 0.02557940 0.01632553 0.17620223 0.46356971 0.23121804 0.07967366 
75.00000000 0.00734133 0.02597065 0.01667798 0.17910482 0.46345452 0.22777147 0.07967922 
76.00000000 0.00725400 0.02634955 0.01703277 0.18186789 0.46311045 0.22469254 0.07969280 
77.00000000 0.00717033 0.02671549 0.01739003 0.18448714 0.46254452 0.22197562 0.07971688 
78.00000000 0.00709118 0.02706786 0.01774989 0.18695879 0.46176380 0.21961472 0.07975376 
79.00000000 0.00701745 0.02740608 0.01811252 0.18927955 0.46077538 0.21760347 0.07980556 
80.00000000 0.00694999 0.02772957 0.01847807 0.19144667 0.45958636 0.21593515 0.07987418 
81.00000000 0.00688969 0.02803780 0.01884671 0.19345791 0.45820379 0.21460276 0.07996134 
82.00000000 0.00683739 0.02833023 0.01921862 0.19531156 0.45663469 0.21359897 0.08006854 
83.00000000 0.00679393 0.02860637 0.01959398 0.19700644 0.45488601 0.21291621 0.08019706 
84.00000000 0.00676013 0.02886576 0.01997298 0.19854189 0.45296461 0.21254665 0.08034798 
85.00000000 0.00673679 0.02910795 0.02035581 0.19991776 0.45087729 0.21248224 0.08052216 
86.00000000 0.00672470 0.02933254 0.02074266 0.20113443 0.44863071 0.21271471 0.08072026 
87.00000000 0.00672460 0.02953913 0.02113373 0.20219277 0.44623144 0.21323560 0.08094272 
88.00000000 0.00673720 0.02972740 0.02152923 0.20309416 0.44368593 0.21403630 0.08118978 
89.00000000 0.00676322 0.02989703 0.02192936 0.20384043 0.44100048 0.21510802 0.08146146 
90.00000000 0.00680329 0.03004775 0.02233431 0.20443388 0.43818130 0.21644186 0.08175762 
91.00000000 0.00685803 0.03017931 0.02274429 0.20487727 0.43523443 0.21802876 0.08207790 
92.00000000 0.00692803 0.03029154 0.02315951 0.20517377 0.43216581 0.21985958 0.08242177 
93.00000000 0.00701382 0.03038426 0.02358016 0.20532695 0.42898122 0.22192507 0.08278852 
94.00000000 0.00711590 0.03045736 0.02400645 0.20534076 0.42568633 0.22421591 0.08317729 
95.00000000 0.00723472 0.03051076 0.02443855 0.20521951 0.42228670 0.22672270 0.08358707 
96.00000000 0.00737066 0.03054444 0.02487668 0.20496785 0.41878773 0.22943597 0.08401668 
97.00000000 0.00752410 0.03055839 0.02532101 0.20459073 0.41519473 0.23234621 0.08446483 
98.00000000 0.00769532 0.03055269 0.02577172 0.20409336 0.41151292 0.23544388 0.08493012 
99.00000000 0.00788458 0.03052741 0.02622898 0.20348123 0.40774739 0.23871939 0.08541102 
100.00000000 0.00809208 0.03048270 0.02669297 0.20276003 0.40390316 0.24216313 0.08590593 
101.00000000 0.00831795 0.03041875 0.02716385 0.20193565 0.39998517 0.24576549 0.08641314 
102.00000000 0.00856228 0.03033578 0.02764177 0.20101415 0.39599828 0.24951683 0.08693090 
103.00000000 0.00882511 0.03023408 0.02812688 0.20000172 0.39194729 0.25340753 0.08745740 
104.00000000 0.00910641 0.03011395 0.02861930 0.19890466 0.38783696 0.25742795 0.08799077 
105.00000000 0.00940610 0.02997576 0.02911917 0.19772934 0.38367200 0.26156849 0.08852913 
106.00000000 0.00972405 0.02981991 0.02962661 0.19648219 0.37945709 0.26581955 0.08907060 
107.00000000 0.01006006 0.02964685 0.03014172 0.19516966 0.37519690 0.27017156 0.08961325 
108.00000000 0.01041388 0.02945708 0.03066459 0.19379820 0.37089606 0.27461497 0.09015522 
109.00000000 0.01078521 0.02925112 0.03119532 0.19237421 0.36655924 0.27914027 0.09069462 
110.00000000 0.01117370 0.02902954 0.03173398 0.19090406 0.36219109 0.28373799 0.09122964 
111.00000000 0.01157893 0.02879296 0.03228062 0.18939403 0.35779629 0.28839870 0.09175848 
112.00000000 0.01200043 0.02854204 0.03283530 0.18785027 0.35337951 0.29311302 0.09227943 
113.00000000 0.01243771 0.02827744 0.03339806 0.18627886 0.34894550 0.29787162 0.09279081 
114.00000000 0.01289017 0.02799991 0.03396892 0.18468567 0.34449901 0.30266525 0.09329105 
115.00000000 0.01335723 0.02771021 0.03454790 0.18307646 0.34004485 0.30748470 0.09377866 
116.00000000 0.01383821 0.02740911 0.03513500 0.18145676 0.33558784 0.31232085 0.09425223 
117.00000000 0.01433242 0.02709745 0.03573021 0.17983194 0.33113290 0.31716464 0.09471045 
118.00000000 0.01483910 0.02677608 0.03633349 0.17820713 0.32668495 0.32200710 0.09515216 
119.00000000 0.01535747 0.02644587 0.03694483 0.17658724 0.32224900 0.32683934 0.09557625 
120.00000000 0.01588671 0.02610775 0.03756416 0.17497693 0.31783007 0.33165260 0.09598179 
121.00000000 0.01642595 0.02576263 0.03819143 0.17338063 0.31343327 0.33643816 0.09636793 
122.00000000 0.01697431 0.02541148 0.03882657 0.17180249 0.30906372 0.34118747 0.09673397 
123.00000000 0.01753086 0.02505526 0.03946948 0.17024641 0.30472661 0.34589205 0.09707933 
124.00000000 0.01809465 0.02469497 0.04012007 0.16871602 0.30042716 0.35054357 0.09740357 
125.00000000 0.01866471 0.02433160 0.04077823 0.16721465 0.29617060 0.35513383 0.09770638 
126.00000000 0.01924005 0.02396618 0.04144385 0.16574539 0.29196222 0.35965474 0.09798758 
127.00000000 0.01981965 0.02359973 0.04211678 0.16431103 0.28780731 0.36409838 0.09824712 
128.00000000 0.02040248 0.02323330 0.04279689 0.16291408 0.28371117 0.36845700 0.09848508 
129.00000000 0.02098751 0.02286791 0.04348403 0.16155679 0.27967911 0.37272298 0.09870167 
130.00000000 0.02157368 0.02250462 0.04417803 0.16024114 0.27571640 0.37688890 0.09889723 
131.00000000 0.02215995 0.02214446 0.04487873 0.15896882 0.27182832 0.38094750 0.09907221 
132.00000000 0.02274525 0.02178848 0.04558594 0.15774129 0.26802011 0.38489173 0.09922719 
133.00000000 0.02332854 0.02143771 0.04629948 0.15655973 0.26429695 0.38871473 0.09936286 
134.00000000 0.02390876 0.02109318 0.04701914 0.15542510 0.26066397 0.39240986 0.09948000 
135.00000000 0.02448487 0.02075589 0.04774473 0.15433811 0.25712622 0.39597067 0.09957950 
136.00000000 0.02505585 0.02042686 0.04847604 0.15329924 0.25368866 0.39939099 0.09966236 
137.00000000 0.02562067 0.02010706 0.04921286 0.15230876 0.25035617 0.40266484 0.09972964 
138.00000000 0.02617834 0.01979746 0.04995495 0.15136675 0.24713349 0.40578652 0.09978249 
139.00000000 0.02672787 0.01949901 0.05070211 0.15047307 0.24402524 0.40875056 0.09982215 
140.00000000 0.02726831 0.01921262 0.05145409 0.14962742 0.24103588 0.41155179 0.09984988 
141.00000000 0.02779874 0.01893919 0.05221067 0.14882934 0.23816972 0.41418529 0.09986705 
142.00000000 0.02831825 0.01867957 0.05297162 0.14807820 0.23543091 0.41664643 0.09987503 
143.00000000 0.02882597 0.01843461 0.05373670 0.14737323 0.23282337 0.41893087 0.09987525 
144.00000000 0.02932107 0.01820509 0.05450566 0.14671356 0.23035086 0.42103459 0.09986917 
145.00000000 0.02980275 0.01799177 0.05527829 0.14609818 0.22801689 0.42295386 0.09985826 
146.00000000 0.03027026 0.01779538 0.05605433 0.14552599 0.22582475 0.42468527 0.09984402 
147.00000000 0.03072287 0.01761659 0.05683356 0.14499582 0.22377750 0.42622573 0.09982793 
148.00000000 0.03115992 0.01745604 0.05761575 0.14450640 0.22187791 0.42757249 0.09981149 
149.00000000 0.03158078 0.01731432 0.05840066 0.14405643 0.22012851 0.42872313 0.09979617 
150.00000000 0.03198487 0.01719197 0.05918806 0.14364456 0.21853155 0.42967557 0.09978342 
151.00000000 0.03237165 0.01708950 0.05997774 0.14326938 0.21708899 0.43042808 0.09977466 
152.00000000 0.03274065 0.01700734 0.06076947 0.14292950 0.21580247 0.43097927 0.09977129 
153.00000000 0.03309143 0.01694590 0.06156306 0.14262350 0.21467336 0.43132812 0.09977465 
154.00000000 0.03342361 0.01690550 0.06235827 0.14234994 0.21370269 0.43147395 0.09978602 
155.00000000 0.03373688 0.01688645 0.06315493 0.14210744 0.21289120 0.43141644 0.09980666 
156.00000000 0.03403097 0.01688897 0.06395283 0.14189460 0.21223927 0.43115563 0.09983772 
157.00000000 0.03430564 0.01691324 0.06475180 0.14171008 0.21174698 0.43069194 0.09988032 
158.00000000 0.03456076 0.01695939 0.06555164 0.14155254 0.21141407 0.43002611 0.09993548 
159.00000000 0.03479620 0.01702748 0.06635220 0.14142073 0.21123996 0.42915927 0.10000416 
160.00000000 0.03501192 0.01711752 0.06715332 0.14131343 0.21122371 0.42809289 0.10008722 
161.00000000 0.03520793 0.01722946 0.06795483 0.14122947 0.21136407 0.42682880 0.10018544 
162.00000000 0.03538427 0.01736320 0.06875661 0.14116777 0.21165945 0.42536917 0.10029953 
163.00000000 0.03554107 0.01751857 0.06955852 0.14112730 0.21210795 0.42371652 0.10043007 
164.00000000 0.03567848 0.01769537 0.07036043 0.14110711 0.21270731 0.42187371 0.10057759 
165.00000000 0.03579673 0.01789331 0.07116224 0.14110631 0.21345500 0.41984393 0.10074249 
166.00000000 0.03589608 0.01811209 0.07196384 0.14112410 0.21434812 0.41763069 0.10092508 
167.00000000 0.03597685 0.01835130 0.07276514 0.14115976 0.21538352 0.41523784 0.10112559 
168.00000000 0.03603941 0.01861053 0.07356605 0.14121264 0.21655771 0.41266951 0.10134414 
169.00000000 0.03608417 0.01888929 0.07436651 0.14128219 0.21786694 0.40993014 0.10158076 
170.00000000 0.03611158 0.01918705 0.07516645 0.14136791 0.21930716 0.40702447 0.10183538 
171.00000000 0.03612215 0.01950323 0.07596582 0.14146939 0.22087407 0.40395750 0.10210784 
172.00000000 0.03611643 0.01983720 0.07676458 0.14158629 0.22256311 0.40073451 0.10239788 
173.00000000 0.03609498 0.02018829 0.07756268 0.14171837 0.22436947 0.39736103 0.10270518 
174.00000000 0.03605844 0.02055580 0.07836011 0.14186541 0.22628812 0.39384283 0.10302930 
175.00000000 0.03600744 0.02093897 0.07915685 0.14202730 0.22831380 0.39018590 0.10336973 
176.00000000 0.03594269 0.02133702 0.07995289 0.14220396 0.23044108 0.38639646 0.10372589 
177.00000000 0.03586489 0.02174911 0.08074823 0.14239540 0.23266431 0.38248093 0.10409712 
178.00000000 0.03577480 0.02217440 0.08154287 0.14260166 0.23497769 0.37844589 0.10448269 
179.00000000 0.03567316 0.02261199 0.08233682 0.14282284 0.23737527 0.37429811 0.10488181 
180.00000000 0.03556078 0.02306097 0.08313011 0.14305906 0.23985096 0.37004451 0.10529361 
181.00000000 0.03543847 0.02352042 0.08392276 0.14331050 0.24239853 0.36569215 0.10571718 
182.00000000 0.03530704 0.02398936 0.08471479 0.14357737 0.24501168 0.36124819 0.10615157 
183.00000000 0.03516734 0.02446682 0.08550625 0.14385990 0.24768400 0.35671992 0.10659577 
184.00000000 0.03502023 0.02495181 0.08629716 0.14415834 0.25040904 0.35211470 0.10704873 
185.00000000 0.03486655 0.02544332 0.08708757 0.14447295 0.25318027 0.34743997 0.10750938 
186.00000000 0.03470718 0.02594033 0.08787752 0.14480400 0.25599114 0.34270322 0.10797661 
187.00000000 0.03454298 0.02644183 0.08866705 0.14515177 0.25883510 0.33791198 0.10844929 
188.00000000 0.03437482 0.02694680 0.08945622 0.14551652 0.26170557 0.33307380 0.10892627 
189.00000000 0.03420358 0.02745419 0.09024506 0.14589851 0.26459602 0.32819622 0.10940642 
190.00000000 0.03403010 0.02796300 0.09103363 0.14629799 0.26749994 0.32328680 0.10988855 
191.00000000 0.03385524 0.02847220 0.09182196 0.14671518 0.27041086 0.31835303 0.11037153 
192.00000000 0.03367986 0.02898078 0.09261010 0.14715027 0.27332242 0.31340237 0.11085420 
193.00000000 0.03350477 0.02948774 0.09339810 0.14760344 0.27622829 0.30844224 0.11133542 
194.00000000 0.03333080 0.02999210 0.09418599 0.14807480 0.27912228 0.30347996 0.11181407 
195.00000000 0.03315875 0.03049289 0.09497380 0.14856446 0.28199829 0.29852276 0.11228904 
196.00000000 0.03298940 0.03098916 0.09576158 0.14907245 0.28485037 0.29357777 0.11275928 
197.00000000 0.03282351 0.03147998 0.09654935 0.14959877 0.28767267 0.28865200 0.11322372 
198.00000000 0.03266182 0.03196444 0.09733712 0.15014337 0.29045955 0.28375232 0.11368138 
199.00000000 0.03250504 0.03244166 0.09812493 0.15070614 0.29320548 0.27888546 0.11413128 
200.00000000 0.03235386 0.03291079 0.09891279 0.15128693 0.29590514 0.27405799 0.11457250 
201.00000000 0.03220894 0.03337102 0.09970069 0.15188550 0.29855338 0.26927630 0.11500417 
202.00000000 0.03207091 0.03382154 0.10048865 0.15250157 0.30114527 0.26454660 0.11542545 
203.00000000 0.03194037 0.03426161 0.10127666 0.15313480 0.30367605 0.25987492 0.11583558 
204.00000000 0.03181788 0.03469050 0.10206470 0.15378479 0.30614121 0.25526708 0.11623383 
205.00000000 0.03170399 0.03510754 0.10285277 0.15445105 0.30853644 0.25072866 0.11661955 
206.00000000 0.03159919 0.03551206 0.10364082 0.15513306 0.31085765 0.24626507 0.11699213 
207.00000000 0.03150395 0.03590348 0.10442884 0.15583023 0.31310101 0.24188146 0.11735103 
208.00000000 0.03141871 0.03628121 0.10521678 0.15654188 0.31526292 0.23758273 0.11769577 
209.00000000 0.03134385 0.03664474 0.10600460 0.15726730 0.31733999 0.23337358 0.11802594 
210.00000000 0.03127974 0.03699357 0.10679224 0.15800571 0.31932913 0.22925842 0.11834118 
211.00000000 0.03122671 0.03732727 0.10757965 0.15875628 0.32122746 0.22524144 0.11864119 
212.00000000 0.03118504 0.03764544 0.10836676 0.15951810 0.32303236 0.22132655 0.11892576 
213.00000000 0.03115498 0.03794771 0.10915350 0.16029022 0.32474146 0.21751741 0.11919472 
214.00000000 0.03113675 0.03823377 0.10993979 0.16107167 0.32635265 0.21381741 0.11944795 
215.00000000 0.03113053 0.03850336 0.11072554 0.16186137 0.32786406 0.21022970 0.11968543 
216.00000000 0.03113647 0.03875624 0.11151068 0.16265826 0.32927407 0.20675712 0.11990717 
217.00000000 0.03115467 0.03899222 0.11229509 0.16346119 0.33058131 0.20340229 0.12011324 
218.00000000 0.03118521 0.03921115 0.11307869 0.16426901 0.33178465 0.20016753 0.12030377 
219.00000000 0.03122813 0.03941294 0.11386136 0.16508051 0.33288321 0.19705491 0.12047895 
220.00000000 0.03128344 0.03959751 0.11464301 0.16589447 0.33387634 0.19406622 0.12063901 
221.00000000 0.03135112 0.03976484 0.11542352 0.16670964 0.33476363 0.19120302 0.12078424 
222.00000000 0.03143111 0.03991495 0.11620277 0.16752475 0.33554487 0.18846657 0.12091497 
223.00000000 0.03152333 0.04004788 0.11698066 0.16833853 0.33622012 0.18585790 0.12103158 
224.00000000 0.03162766 0.04016372 0.11775706 0.16914967 0.33678962 0.18337778 0.12113448 
225.00000000 0.03174397 0.04026260 0.11853186 0.16995689 0.33725382 0.18102674 0.12122412 
226.00000000 0.03187209 0.04034466 0.11930492 0.17075889 0.33761340 0.17880505 0.12130100 
227.00000000 0.03201182 0.04041010 0.12007615 0.17155438 0.33786919 0.17671274 0.12136562 
228.00000000 0.03216295 0.04045913 0.12084540 0.17234208 0.33802226 0.17474964 0.12141854 
229.00000000 0.03232525 0.04049201 0.12161257 0.17312073 0.33807382 0.17291531 0.12146033 
230.00000000 0.03249844 0.04050900 0.12237753 0.17388908 0.33802526 0.17120911 0.12149157 
231.00000000 0.03268226 0.04051042 0.12314018 0.17464592 0.33787815 0.16963020 0.12151288 
232.00000000 0.03287639 0.04049658 0.12390039 0.17539006 0.33763419 0.16817750 0.12152488 
233.00000000 0.03308054 0.04046785 0.12465806 0.17612035 0.33729526 0.16684976 0.12152819 
234.00000000 0.03329437 0.04042458 0.12541308 0.17683566 0.33686333 0.16564552 0.12152346 
235.00000000 0.03351754 0.04036718 0.12616535 0.17753493 0.33634054 0.16456314 0.12151132 
236.00000000 0.03374968 0.04029606 0.12691476 0.17821712 0.33572913 0.16360080 0.12149243 
237.00000000 0.03399045 0.04021163 0.12766124 0.17888127 0.33503146 0.16275653 0.12146742 
238.00000000 0.03423944 0.04011435 0.12840468 0.17952646 0.33424997 0.16202818 0.12143692 
239.00000000 0.03449630 0.04000466 0.12914500 0.18015181 0.33338723 0.16141344 0.12140157 
240.00000000 0.03476061 0.03988304 0.12988213 0.18075653 0.33244585 0.16090989 0.12136196 
241.00000000 0.03503199 0.03974996 0.13061600 0.18133987 0.33142855 0.16051493 0.12131871 
242.00000000 0.03531003 0.03960590 0.13134654 0.18190117 0.33033810 0.16022587 0.12127238 
243.00000000 0.03559433 0.03945137 0.13207370 0.18243982 0.32917734 0.16003989 0.12122356 
244.00000000 0.03588449 0.03928685 0.13279742 0.18295529 0.32794914 0.15995404 0.12117277 
245.00000000 0.03618010 0.03911285 0.13351767 0.18344711 0.32665645 0.15996529 0.12112054 
246.00000000 0.03648075 0.03892988 0.13423440 0.18391490 0.32530221 0.16007050 0.12106735 
247.00000000 0.03678604 0.03873845 0.13494760 0.18435835 0.32388942 0.16026647 0.12101368 
248.00000000 0.03709556 0.03853906 0.13565723 0.18477721 0.32242109 0.16054989 0.12095997 
249.00000000 0.03740893 0.03833222 0.13636329 0.18517134 0.32090023 0.16091738 0.12090662 
250.00000000 0.03772574 0.03811844 0.13706577 0.18554063 0.31932989 0.16136553 0.12085400 
251.00000000 0.03804561 0.03789822 0.13776467 0.18588509 0.31771309 0.16189084 0.12080248 
252.00000000 0.03836815 0.03767206 0.13846001 0.18620479 0.31605285 0.16248978 0.12075236 
253.00000000 0.03869300 0.03744046 0.13915179 0.18649986 0.31435220 0.16315876 0.12070394 
254.00000000 0.03901978 0.03720390 0.13984004 0.18677052 0.31261413 0.16389418 0.12065745 
255.00000000 0.03934813 0.03696288 0.14052480 0.18701706 0.31084161 0.16469240 0.12061312 
256.00000000 0.03967770 0.03671787 0.14120609 0.18723985 0.30903760 0.16554975 0.12057114 
257.00000000 0.04000815 0.03646933 0.14188397 0.18743930 0.30720503 0.16646256 0.12053166 
258.00000000 0.04033914 0.03621774 0.14255849 0.18761591 0.30534676 0.16742715 0.12049481 
259.00000000 0.04067035 0.03596354 0.14322969 0.18777026 0.30346567 0.16843982 0.12046068 
260.00000000 0.04100146 0.03570718 0.14389765 0.18790294 0.30156454 0.16949689 0.12042934 
261.00000000 0.04133218 0.03544909 0.14456242 0.18801465 0.29964615 0.17059469 0.12040082 
262.00000000 0.04166220 0.03518970 0.14522409 0.18810612 0.29771320 0.17172955 0.12037513 
263.00000000 0.04199124 0.03492942 0.14588273 0.18817815 0.29576838 0.17289783 0.12035225 
264.00000000 0.04231903 0.03466866 0.14653841 0.18823155 0.29381428 0.17409591 0.12033215 
265.00000000 0.04264532 0.03440782 0.14719124 0.18826722 0.29185347 0.17532019 0.12031475 
266.00000000 0.04296983 0.03414727 0.14784128 0.18828608 0.28988846 0.17656710 0.12029997 
267.00000000 0.04329234 0.03388739 0.14848865 0.18828909 0.28792168 0.17783314 0.12028770 
268.00000000 0.04361261 0.03362855 0.14913343 0.18827724 0.28595554 0.17911481 0.12027783 
269.00000000 0.04393042 0.03337109 0.14977571 0.18825156 0.28399236 0.18040866 0.12027020 
270.00000000 0.04424556 0.03311536 0.15041561 0.18821308 0.28203441 0.18171132 0.12026467 
271.00000000 0.04455782 0.03286168 0.15105321 0.18816288 0.28008390 0.18301944 0.12026107 
272.00000000 0.04486702 0.03261038 0.15168863 0.18810204 0.27814297 0.18432972 0.12025922 
273.00000000 0.04517298 0.03236177 0.15232197 0.18803166 0.27621373 0.18563895 0.12025895 
274.00000000 0.04547551 0.03211613 0.15295333 0.18795283 0.27429818 0.18694396 0.12026005 
275.00000000 0.04577446 0.03187378 0.15358281 0.18786667 0.27239831 0.18824164 0.12026234 
276.00000000 0.04606966 0.03163497 0.15421052 0.18777428 0.27051601 0.18952895 0.12026561 
277.00000000 0.04636098 0.03139998 0.15483656 0.18767675 0.26865313 0.19080292 0.12026968 
278.00000000 0.04664827 0.03116906 0.15546104 0.18757519 0.26681144 0.19206066 0.12027434 
279.00000000 0.04693140 0.03094247 0.15608405 0.18747066 0.26499268 0.19329933 0.12027941 
280.00000000 0.04721025 0.03072044 0.15670570 0.18736422 0.26319850 0.19451619 0.12028470 
281.00000000 0.04748469 0.03050320 0.15732608 0.18725692 0.26143051 0.19570857 0.12029003 
282.00000000 0.04775462 0.03029097 0.15794529 0.18714976 0.25969025 0.19687387 0.12029524 
283.00000000 0.04801994 0.03008396 0.15856343 0.18704374 0.25797922 0.19800957 0.12030015 
284.00000000 0.04828054 0.02988237 0.15918059 0.18693980 0.25629883 0.19911326 0.12030462 
285.00000000 0.04853633 0.02968639 0.15979685 0.18683887 0.25465045 0.20018258 0.12030852 
286.00000000 0.04878724 0.02949620 0.16041231 0.18674184 0.25303541 0.20121527 0.12031173 
287.00000000 0.04903317 0.02931198 0.16102705 0.18664954 0.25145497 0.20220917 0.12031413 
288.00000000 0.04927406 0.02913390 0.16164114 0.18656277 0.24991031 0.20316218 0.12031564 
289.00000000 0.04950983 0.02896211 0.16225467 0.18648230 0.24840258 0.20407232 0.12031619 
290.00000000 0.04974041 0.02879675 0.16286771 0.18640883 0.24693289 0.20493769 0.12031572 
291.00000000 0.04996575 0.02863798 0.16348034 0.18634302 0.24550225 0.20575647 0.12031419 
292.00000000 0.05018580 0.02848591 0.16409261 0.18628549 0.24411165 0.20652696 0.12031158 
293.00000000 0.05040049 0.02834067 0.16470460 0.18623680 0.24276201 0.20724752 0.12030790 
294.00000000 0.05060979 0.02820238 0.16531637 0.18619745 0.24145420 0.20791664 0.12030317 
295.00000000 0.05081364 0.02807114 0.16592798 0.18616790 0.24018903 0.20853289 0.12029742 
296.00000000 0.05101201 0.02794705 0.16653948 0.18614856 0.23896726 0.20909493 0.12029071 
297.00000000 0.05120487 0.02783020 0.16715091 0.18613977 0.23778959 0.20960153 0.12028312 
298.00000000 0.05139218 0.02772066 0.16776234 0.18614183 0.23665667 0.21005156 0.12027475 
299.00000000 0.05157392 0.02761852 0.16837381 0.18615499 0.23556909 0.21044397 0.12026570 
300.00000000 0.05175006 0.02752383 0.16898536 0.18617944 0.23452737 0.21077784 0.12025611 
301.00000000 0.05192058 0.02743665 0.16959702 0.18621531 0.23353199 0.21105232 0.12024612 
302.00000000 0.05208548 0.02735702 0.17020884 0.18626270 0.23258338 0.21126668 0.12023590 
303.00000000 0.05224473 0.02728498 0.17082085 0.18632165 0.23168188 0.21142028 0.12022563 
304.00000000 0.05239833 0.02722057 0.17143308 0.18639214 0.23082781 0.21151258 0.12021549 
305.00000000 0.05254628 0.02716379 0.17204557 0.18647412 0.23002139 0.21154315 0.12020570 
306.00000000 0.05268858 0.02711467 0.17265832 0.18656748 0.22926282 0.21151165 0.12019647 
307.00000000 0.05282524 0.02707320 0.17327139 0.18667210 0.22855221 0.21141786 0.12018801 
308.00000000 0.05295627 0.02703937 0.17388477 0.18678777 0.22788962 0.21126162 0.12018058 
309.00000000 0.05308167 0.02701318 0.17449850 0.18691428 0.22727504 0.21104292 0.12017441 
310.00000000 0.05320148 0.02699458 0.17511260 0.18705137 0.22670842 0.21076180 0.12016974 
311.00000000 0.05331572 0.02698356 0.17572708 0.18719874 0.22618962 0.21041844 0.12016684 
312.00000000 0.05342442 0.02698006 0.17634195 0.18735607 0.22571845 0.21001310 0.12016596 
313.00000000 0.05352760 0.02698402 0.17695724 0.18752301 0.22529466 0.20954612 0.12016735 
314.00000000 0.05362533 0.02699540 0.17757296 0.18769918 0.22491791 0.20901796 0.12017127 
315.00000000 0.05371763 0.02701410 0.17818911 0.18788417 0.22458783 0.20842917 0.12017799 
316.00000000 0.05380456 0.02704006 0.17880572 0.18807756 0.22430397 0.20778039 0.12018774 
317.00000000 0.05388618 0.02707317 0.17942280 0.18827891 0.22406581 0.20707235 0.12020078 
318.00000000 0.05396255 0.02711334 0.18004034 0.18848777 0.22387276 0.20630587 0.12021736 
319.00000000 0.05403375 0.02716046 0.18065838 0.18870366 0.22372419 0.20548187 0.12023770 
320.00000000 0.05409984 0.02721440 0.18127691 0.18892612 0.22361937 0.20460134 0.12026202 
321.00000000 0.05416090 0.02727504 0.18189594 0.18915465 0.22355754 0.20366537 0.12029056 
322.00000000 0.05421704 0.02734224 0.18251549 0.18938878 0.22353785 0.20267511 0.12032349 
323.00000000 0.05426833 0.02741584 0.18313557 0.18962800 0.22355940 0.20163183 0.12036103 
324.00000000 0.05431488 0.02749569 0.18375618 0.18987185 0.22362122 0.20053685 0.12040333 
325.00000000 0.05435680 0.02758163 0.18437735 0.19011982 0.22372228 0.19939156 0.12045056 
326.00000000 0.05439420 0.02767347 0.18499907 0.19037146 0.22386150 0.19819744 0.12050286 
327.00000000 0.05442720 0.02777104 0.18562136 0.19062628 0.22403772 0.19695604 0.12056037 
328.00000000 0.05445592 0.02787415 0.18624424 0.19088382 0.22424973 0.19566896 0.12062318 
329.00000000 0.05448050 0.02798258 0.18686771 0.19114365 0.22449628 0.19433790 0.12069138 
330.00000000 0.05450107 0.02809615 0.18749178 0.19140533 0.22477605 0.19296458 0.12076505 
331.00000000 0.05451779 0.02821462 0.18811648 0.19166844 0.22508765 0.19155080 0.12084422 
332.00000000 0.05453079 0.02833777 0.18874182 0.19193259 0.22542968 0.19009842 0.12092894 
333.00000000 0.05454025 0.02846538 0.18936780 0.19219738 0.22580065 0.18860933 0.12101920 
334.00000000 0.05454632 0.02859721 0.18999446 0.19246247 0.22619906 0.18708549 0.12111499 
335.00000000 0.05454917 0.02873301 0.19062179 0.19272751 0.22662334 0.18552890 0.12121627 
336.00000000 0.05454897 0.02887254 0.19124983 0.19299219 0.22707189 0.18394159 0.12132299 
337.00000000 0.05454591 0.02901553 0.19187859 0.19325620 0.22754308 0.18232564 0.12143506 
338.00000000 0.05454016 0.02916173 0.19250808 0.19351928 0.22803522 0.18068314 0.12155239 
339.00000000 0.05453192 0.02931088 0.19313833 0.19378116 0.22854662 0.17901624 0.12167485 
340.00000000 0.05452139 0.02946269 0.19376935 0.19404164 0.22907554 0.17732708 0.12180230 
341.00000000 0.05450876 0.02961691 0.19440118 0.19430050 0.22962022 0.17561786 0.12193458 
342.00000000 0.05449423 0.02977324 0.19503382 0.19455755 0.23017889 0.17389077 0.12207150 
343.00000000 0.05447801 0.02993142 0.19566729 0.19481266 0.23074974 0.17214802 0.12221286 
344.00000000 0.05446031 0.03009116 0.19630163 0.19506567 0.23133097 0.17039182 0.12235844 
345.00000000 0.05444134 0.03025216 0.19693686 0.19531648 0.23192075 0.16862440 0.12250802 
346.00000000 0.05442131 0.03041415 0.19757299 0.19556500 0.23251726 0.16684797 0.12266132 
347.00000000 0.05440045 0.03057684 0.19821005 0.19581114 0.23311866 0.16506476 0.12281808 
348.00000000 0.05437898 0.03073994 0.19884807 0.19605488 0.23372313 0.16327698 0.12297803 
349.00000000 0.05435710 0.03090316 0.19948706 0.19629615 0.23432885 0.16148682 0.12314086 
350.00000000 0.05433505 0.03106621 0.20012706 0.19653497 0.23493399 0.15969646 0.12330626 
351.00000000 0.05431305 0.03122881 0.20076809 0.19677131 0.23553677 0.15790806 0.12347391 
352.00000000 0.05429132 0.03139067 0.20141016 0.19700521 0.23613540 0.15612376 0.12364348 
353.00000000 0.05427008 0.03155151 0.20205331 0.19723668 0.23672811 0.15434566 0.12381464 
354.00000000 0.05424955 0.03171104 0.20269756 0.19746578 0.23731318 0.15257585 0.12398704 
355.00000000 0.05422996 0.03186900 0.20334294 0.19769254 0.23788888 0.15081636 0.12416032 
356.00000000 0.05421151 0.03202510 0.20398946 0.19791704 0.23845356 0.14906920 0.12433413 
357.00000000 0.05419444 0.03217908 0.20463715 0.19813934 0.23900556 0.14733631 0.12450812 
358.00000000 0.05417894 0.03233068 0.20528604 0.19835951 0.23954330 0.14561962 0.12468191 
359.00000000 0.05416523 0.03247962 0.20593615 0.19857764 0.24006521 0.14392099 0.12485515 
360.00000000 0.05415352 0.03262567 0.20658750 0.19879381 0.24056980 0.14224222 0.12502748 
361.00000000 0.05414400 0.03276858 0.20724011 0.19900811 0.24105559 0.14058508 0.12519854 
362.00000000 0.05413689 0.03290810 0.20789400 0.19922062 0.24152118 0.13895125 0.12536797 
363.00000000 0.05413236 0.03304399 0.20854920 0.19943143 0.24196523 0.13734237 0.12553542 
364.00000000 0.05413061 0.03317605 0.20920573 0.19964062 0.24238644 0.13576001 0.12570055 
365.00000000 0.05413183 0.03330404 0.20986360 0.19984827 0.24278358 0.13420568 0.12586301 
366.00000000 0.05413618 0.03342775 0.21052284 0.20005445 0.24315548 0.13268081 0.12602249 
367.00000000 0.05414384 0.03354700 0.21118346 0.20025923 0.24350105 0.13118677 0.12617865 
368.00000000 0.05415496 0.03366158 0.21184548 0.20046269 0.24381924 0.12972486 0.12633120 
369.00000000 0.05416971 0.03377132 0.21250891 0.20066486 0.24410909 0.12829629 0.12647982 
370.00000000 0.05418824 0.03387604 0.21317378 0.20086580 0.24436971 0.12690221 0.12662423 
371.00000000 0.05421067 0.03397558 0.21384009 0.20106554 0.24460027 0.12554368 0.12676417 
372.00000000 0.05423715 0.03406980 0.21450786 0.20126411 0.24480002 0.12422170 0.12689936 
373.00000000 0.05426779 0.03415855 0.21517710 0.20146153 0.24496830 0.12293717 0.12702956 
374.00000000 0.05430272 0.03424170 0.21584783 0.20165779 0.24510448 0.12169094 0.12715454 
375.00000000 0.05434203 0.03431914 0.21652005 0.20185290 0.24520806 0.12048374 0.12727409 
376.00000000 0.05438582 0.03439075 0.21719377 0.20204683 0.24527858 0.11931625 0.12738800 
377.00000000 0.05443418 0.03445646 0.21786900 0.20223955 0.24531567 0.11818906 0.12749609 
378.00000000 0.05448718 0.03451616 0.21854576 0.20243102 0.24531902 0.11710267 0.12759819 
379.00000000 0.05454489 0.03456979 0.21922403 0.20262118 0.24528842 0.11605753 0.12769416 
380.00000000 0.05460737 0.03461729 0.21990383 0.20280998 0.24522370 0.11505396 0.12778386 
381.00000000 0.05467467 0.03465862 0.22058517 0.20299732 0.24512480 0.11409225 0.12786718 
382.00000000 0.05474681 0.03469374 0.22126803 0.20318312 0.24499171 0.11317257 0.12794401 
383.00000000 0.05482383 0.03472262 0.22195244 0.20336729 0.24482449 0.11229505 0.12801428 
384.00000000 0.05490575 0.03474525 0.22263837 0.20354971 0.24462329 0.11145970 0.12807792 
385.00000000 0.05499257 0.03476164 0.22332584 0.20373025 0.24438831 0.11066650 0.12813488 
386.00000000 0.05508428 0.03477179 0.22401485 0.20390881 0.24411983 0.10991532 0.12818513 
387.00000000 0.05518087 0.03477574 0.22470537 0.20408522 0.24381816 0.10920597 0.12822865 
388.00000000 0.05528232 0.03477351 0.22539743 0.20425936 0.24348373 0.10853819 0.12826545 
389.00000000 0.05538859 0.03476516 0.22609099 0.20443107 0.24311699 0.10791165 0.12829554 
390.00000000 0.05549965 0.03475073 0.22678607 0.20460020 0.24271846 0.10732594 0.12831895 
391.00000000 0.05561542 0.03473031 0.22748265 0.20476659 0.24228871 0.10678059 0.12833573 
392.00000000 0.05573586 0.03470397 0.22818072 0.20493006 0.24182838 0.10627509 0.12834592 
393.00000000 0.05586088 0.03467180 0.22888027 0.20509047 0.24133813 0.10580883 0.12834962 
394.00000000 0.05599042 0.03463390 0.22958129 0.20524763 0.24081871 0.10538116 0.12834688 
395.00000000 0.05612436 0.03459039 0.23028377 0.20540138 0.24027089 0.10499138 0.12833782 
396.00000000 0.05626263 0.03454138 0.23098770 0.20555156 0.23969547 0.10463872 0.12832254 
397.00000000 0.05640510 0.03448700 0.23169305 0.20569799 0.23909333 0.10432237 0.12830116 
398.00000000 0.05655166 0.03442740 0.23239981 0.20584053 0.23846534 0.10404145 0.12827380 
399.00000000 0.05670220 0.03436272 0.23310798 0.20597900 0.23781244 0.10379507 0.12824059 
400.00000000 0.05685657 0.03429311 0.23381752 0.20611326 0.23713560 0.10358226 0.12820168 
401.00000000 0.05701464 0.03421875 0.23452842 0.20624317 0.23643578 0.10340203 0.12815721 
402.00000000 0.05717626 0.03413979 0.23524067 0.20636857 0.23571401 0.10325335 0.12810735 
403.00000000 0.05734128 0.03405642 0.23595424 0.20648935 0.23497132 0.10313513 0.12805226 
404.00000000 0.05750955 0.03396882 0.23666910 0.20660537 0.23420876 0.10304629 0.12799210 
405.00000000 0.05768090 0.03387719 0.23738525 0.20671653 0.23342741 0.10298569 0.12792703 
406.00000000 0.05785516 0.03378171 0.23810266 0.20682273 0.23262834 0.10295216 0.12785725 
407.00000000 0.05803216 0.03368260 0.23882129 0.20692388 0.23181264 0.10294452 0.12778291 
408.00000000 0.05821172 0.03358004 0.23954114 0.20701989 0.23098143 0.10296157 0.12770421 
409.00000000 0.05839366 0.03347426 0.24026217 0.20711071 0.23013581 0.10300208 0.12762131 
410.00000000 0.05857779 0.03336547 0.24098436 0.20719628 0.22927688 0.10306481 0.12753440 
411.00000000 0.05876393 0.03325389 0.24170768 0.20727657 0.22840576 0.10314851 0.12744366 
412.00000000 0.05895188 0.03313973 0.24243211 0.20735155 0.22752355 0.10325191 0.12734927 
413.00000000 0.05914144 0.03302321 0.24315762 0.20742122 0.22663135 0.10337375 0.12725140 
414.00000000 0.05933243 0.03290457 0.24388418 0.20748558 0.22573027 0.10351274 0.12715023 
415.00000000 0.05952465 0.03278402 0.24461176 0.20754465 0.22482138 0.10366761 0.12704593 
416.00000000 0.05971789 0.03266178 0.24534034 0.20759847 0.22390577 0.10383708 0.12693868 
417.00000000 0.05991195 0.03253810 0.24606988 0.20764709 0.22298448 0.10401987 0.12682863 
418.00000000 0.06010665 0.03241318 0.24680035 0.20769058 0.22205858 0.10421470 0.12671596 
419.00000000 0.06030178 0.03228726 0.24753173 0.20772901 0.22112908 0.10442031 0.12660082 
420.00000000 0.06049713 0.03216057 0.24826398 0.20776250 0.22019700 0.10463544 0.12648338 
421.00000000 0.06069252 0.03203331 0.24899707 0.20779114 0.21926333 0.10485886 0.12636377 
422.00000000 0.06088775 0.03190573 0.24973097 0.20781505 0.21832904 0.10508931 0.12624215 
423.00000000 0.06108262 0.03177802 0.25046565 0.20783439 0.21739507 0.10532560 0.12611865 
424.00000000 0.06127694 0.03165041 0.25120108 0.20784930 0.21646235 0.10556651 0.12599342 
425.00000000 0.06147051 0.03152312 0.25193721 0.20785994 0.21553177 0.10581086 0.12586659 
426.00000000 0.06166317 0.03139634 0.25267402 0.20786649 0.21460420 0.10605750 0.12573827 
427.00000000 0.06185471 0.03127030 0.25341148 0.20786914 0.21368049 0.10630528 0.12560860 
428.00000000 0.06204496 0.03114518 0.25414954 0.20786808 0.21276146 0.10655309 0.12547768 
429.00000000 0.06223375 0.03102119 0.25488818 0.20786353 0.21184789 0.10679984 0.12534564 
430.00000000 0.06242089 0.03089851 0.25562736 0.20785570 0.21094054 0.10704445 0.12521256 
431.00000000 0.06260623 0.03077734 0.25636704 0.20784480 0.21004013 0.10728590 0.12507856 
432.00000000 0.06278960 0.03065785 0.25710719 0.20783109 0.20914738 0.10752317 0.12494372 
433.00000000 0.06297084 0.03054023 0.25784777 0.20781479 0.20826295 0.10775528 0.12480815 
434.00000000 0.06314980 0.03042464 0.25858874 0.20779614 0.20738747 0.10798129 0.12467192 
435.00000000 0.06332633 0.03031124 0.25933008 0.20777540 0.20652156 0.10820028 0.12453511 
436.00000000 0.06350029 0.03020020 0.26007173 0.20775282 0.20566579 0.10841136 0.12439781 
437.00000000 0.06367155 0.03009166 0.26081367 0.20772865 0.20482072 0.10861367 0.12426008 
438.00000000 0.06383997 0.02998577 0.26155585 0.20770314 0.20398685 0.10880641 0.12412201 
439.00000000 0.06400543 0.02988267 0.26229824 0.20767656 0.20316468 0.10898878 0.12398364 
440.00000000 0.06416781 0.02978249 0.26304079 0.20764917 0.20235466 0.10916003 0.12384506 
441.00000000 0.06432700 0.02968535 0.26378347 0.20762120 0.20155722 0.10931944 0.12370631 
442.00000000 0.06448290 0.02959136 0.26452624 0.20759293 0.20077277 0.10946634 0.12356745 
443.00000000 0.06463541 0.02950064 0.26526906 0.20756459 0.20000166 0.10960009 0.12342855 
444.00000000 0.06478444 0.02941329 0.26601189 0.20753644 0.19924424 0.10972006 0.12328965 
445.00000000 0.06492991 0.02932939 0.26675469 0.20750872 0.19850081 0.10982568 0.12315080 
446.00000000 0.06507173 0.02924905 0.26749741 0.20748165 0.19777168 0.10991642 0.12301206 
447.00000000 0.06520984 0.02917233 0.26824002 0.20745548 0.19705709 0.10999178 0.12287346 
448.00000000 0.06534418 0.02909931 0.26898247 0.20743042 0.19635727 0.11005128 0.12273508 
449.00000000 0.06547468 0.02903005 0.26972472 0.20740668 0.19567243 0.11009450 0.12259693 
450.00000000 0.06560131 0.02896461 0.27046674 0.20738448 0.19500275 0.11012103 0.12245908 
451.00000000 0.06572401 0.02890304 0.27120847 0.20736401 0.19434838 0.11013052 0.12232157 
452.00000000 0.06584276 0.02884537 0.27194988 0.20734545 0.19370945 0.11012264 0.12218445 
453.00000000 0.06595753 0.02879164 0.27269093 0.20732899 0.19308607 0.11009709 0.12204775 
454.00000000 0.06606829 0.02874189 0.27343157 0.20731478 0.19247832 0.11005363 0.12191153 
455.00000000 0.06617503 0.02869612 0.27417175 0.20730299 0.19188627 0.10999202 0.12177583 
456.00000000 0.06627774 0.02865434 0.27491144 0.20729375 0.19130995 0.10991208 0.12164070 
457.00000000 0.06637642 0.02861658 0.27565059 0.20728720 0.19074937 0.10981365 0.12150618 
458.00000000 0.06647109 0.02858281 0.27638916 0.20728346 0.19020454 0.10969661 0.12137233 
459.00000000 0.06656175 0.02855304 0.27712711 0.20728263 0.18967543 0.10956086 0.12123919 
460.00000000 0.06664841 0.02852724 0.27786439 0.20728481 0.18916200 0.10940634 0.12110681 
461.00000000 0.06673112 0.02850540 0.27860096 0.20729008 0.18866418 0.10923302 0.12097524 
462.00000000 0.06680989 0.02848748 0.27933678 0.20729851 0.18818190 0.10904091 0.12084453 
463.00000000 0.06688476 0.02847345 0.28007181 0.20731016 0.18771505 0.10883003 0.12071473 
464.00000000 0.06695579 0.02846327 0.28080600 0.20732507 0.18726352 0.10860045 0.12058591 
465.00000000 0.06702300 0.02845689 0.28153931 0.20734328 0.18682718 0.10835224 0.12045810 
466.00000000 0.06708648 0.02845426 0.28227170 0.20736479 0.18640587 0.10808554 0.12033136 
467.00000000 0.06714626 0.02845532 0.28300312 0.20738963 0.18599944 0.10780048 0.12020575 
468.00000000 0.06720242 0.02846000 0.28373355 0.20741779 0.18560769 0.10749724 0.12008132 
469.00000000 0.06725502 0.02846824 0.28446293 0.20744924 0.18523044 0.10717601 0.11995813 
470.00000000 0.06730415 0.02847995 0.28519122 0.20748397 0.18486747 0.10683701 0.11983623 
471.00000000 0.06734987 0.02849506 0.28591840 0.20752193 0.18451856 0.10648050 0.11971568 
472.00000000 0.06739228 0.02851349 0.28664441 0.20756308 0.18418347 0.10610673 0.11959653 
473.00000000 0.06743147 0.02853514 0.28736922 0.20760736 0.18386195 0.10571602 0.11947884 
474.00000000 0.06746752 0.02855992 0.28809280 0.20765470 0.18355373 0.10530867 0.11936266 
475.00000000 0.06750053 0.02858774 0.28881511 0.20770502 0.18325854 0.10488502 0.11924805 
476.00000000 0.06753060 0.02861848 0.28953610 0.20775823 0.18297609 0.10444543 0.11913505 
477.00000000 0.06755783 0.02865206 0.29025576 0.20781425 0.18270609 0.10399029 0.11902372 
478.00000000 0.06758234 0.02868834 0.29097403 0.20787297 0.18244820 0.10352000 0.11891411 
479.00000000 0.06760423 0.02872723 0.29169090 0.20793428 0.18220213 0.10303496 0.11880627 
480.00000000 0.06762361 0.02876861 0.29240633 0.20799806 0.18196752 0.10253562 0.11870024 
481.00000000 0.06764059 0.02881236 0.29312029 0.20806420 0.18174405 0.10202244 0.11859607 
482.00000000 0.06765530 0.02885836 0.29383275 0.20813256 0.18153135 0.10149588 0.11849380 
483.00000000 0.06766785 0.02890648 0.29454368 0.20820302 0.18132907 0.10095643 0.11839348 
484.00000000 0.06767836 0.02895660 0.29525306 0.20827544 0.18113683 0.10040458 0.11829512 
485.00000000 0.06768696 0.02900859 0.29596086 0.20834968 0.18095426 0.09984087 0.11819878 
486.00000000 0.06769377 0.02906232 0.29666705 0.20842560 0.18078097 0.09926580 0.11810448 
487.00000000 0.06769891 0.02911766 0.29737162 0.20850306 0.18061657 0.09867993 0.11801226 
488.00000000 0.06770252 0.02917447 0.29807454 0.20858190 0.18046064 0.09808380 0.11792212 
489.00000000 0.06770471 0.02923263 0.29877580 0.20866199 0.18031279 0.09747799 0.11783409 
490.00000000 0.06770561 0.02929200 0.29947537 0.20874317 0.18017260 0.09686305 0.11774820 
491.00000000 0.06770536 0.02935244 0.30017324 0.20882529 0.18003965 0.09623957 0.11766445 
492.00000000 0.06770408 0.02941381 0.30086940 0.20890821 0.17991351 0.09560815 0.11758284 
493.00000000 0.06770190 0.02947599 0.30156382 0.20899179 0.17979375 0.09496937 0.11750339 
494.00000000 0.06769894 0.02953882 0.30225651 0.20907587 0.17967993 0.09432384 0.11742609 
495.00000000 0.06769533 0.02960219 0.30294744 0.20916031 0.17957162 0.09367218 0.11735093 
496.00000000 0.06769120 0.02966594 0.30363661 0.20924497 0.17946838 0.09301498 0.11727791 
497.00000000 0.06768668 0.02972995 0.30432402 0.20932972 0.17936975 0.09235288 0.11720701 
498.00000000 0.06768188 0.02979409 0.30500965 0.20941442 0.17927528 0.09168648 0.11713821 
499.00000000 0.06767693 0.02985820 0.30569350 0.20949893 0.17918454 0.09101641 0.11707148 
500.00000000 0.06767195 0.02992218 0.30637557 0.20958314 0.17909707 0.09034329 0.11700680 
501.00000000 0.06766706 0.02998588 0.30705586 0.20966691 0.17901241 0.08966775 0.11694414 
502.00000000 0.06766238 0.03004918 0.30773436 0.20975013 0.17893011 0.08899040 0.11688344 
503.00000000 0.06765803 0.03011194 0.30841109 0.20983268 0.17884973 0.08831186 0.11682467 
504.00000000 0.06765411 0.03017404 0.30908604 0.20991446 0.17877081 0.08763275 0.11676778 
505.00000000 0.06765073 0.03023537 0.30975923 0.20999536 0.17869291 0.08695369 0.11671272 
506.00000000 0.06764801 0.03029579 0.31043064 0.21007528 0.17861558 0.08627527 0.11665942 
507.00000000 0.06764605 0.03035519 0.31110030 0.21015414 0.17853837 0.08559811 0.11660783 
508.00000000 0.06764496 0.03041346 0.31176821 0.21023184 0.17846085 0.08492280 0.11655788 
509.00000000 0.06764483 0.03047048 0.31243438 0.21030830 0.17838258 0.08424993 0.11650950 
510.00000000 0.06764575 0.03052614 0.31309883 0.21038345 0.17830313 0.08358008 0.11646261 
511.00000000 0.06764783 0.03058034 0.31376156 0.21045723 0.17822208 0.08291382 0.11641713 
512.00000000 0.06765115 0.03063297 0.31442259 0.21052955 0.17813902 0.08225172 0.11637299 
513.00000000 0.06765580 0.03068394 0.31508194 0.21060038 0.17805352 0.08159432 0.11633009 
514.00000000 0.06766186 0.03073315 0.31573961 0.21066966 0.17796520 0.08094217 0.11628836 
515.00000000 0.06766941 0.03078050 0.31639563 0.21073734 0.17787364 0.08029580 0.11624769 
516.00000000 0.06767852 0.03082591 0.31705002 0.21080338 0.17777847 0.07965571 0.11620799 
517.00000000 0.06768926 0.03086930 0.31770279 0.21086776 0.17767931 0.07902242 0.11616916 
518.00000000 0.06770170 0.03091059 0.31835397 0.21093043 0.17757580 0.07839640 0.11613111 
519.00000000 0.06771591 0.03094970 0.31900356 0.21099139 0.17746757 0.07777813 0.11609373 
520.00000000 0.06773194 0.03098656 0.31965161 0.21105061 0.17735429 0.07716807 0.11605693 
521.00000000 0.06774985 0.03102110 0.32029811 0.21110808 0.17723561 0.07656665 0.11602059 
522.00000000 0.06776968 0.03105327 0.32094311 0.21116379 0.17711123 0.07597430 0.11598462 
523.00000000 0.06779149 0.03108301 0.32158661 0.21121775 0.17698083 0.07539141 0.11594890 
524.00000000 0.06781530 0.03111026 0.32222865 0.21126995 0.17684412 0.07481838 0.11591333 
525.00000000 0.06784117 0.03113498 0.32286925 0.21132040 0.17670083 0.07425558 0.11587780 
526.00000000 0.06786912 0.03115713 0.32350843 0.21136911 0.17655067 0.07370334 0.11584221 
527.00000000 0.06789917 0.03117666 0.32414621 0.21141610 0.17639342 0.07316199 0.11580645 
528.00000000 0.06793136 0.03119355 0.32478263 0.21146138 0.17622882 0.07263185 0.11577041 
529.00000000 0.06796570 0.03120777 0.32541769 0.21150498 0.17605666 0.07211320 0.11573398 
530.00000000 0.06800221 0.03121930 0.32605144 0.21154693 0.17587674 0.07160631 0.11569707 
531.00000000 0.06804089 0.03122812 0.32668389 0.21158724 0.17568887 0.07111141 0.11565958 
532.00000000 0.06808175 0.03123421 0.32731507 0.21162596 0.17549288 0.07062874 0.11562139 
533.00000000 0.06812480 0.03123758 0.32794500 0.21166311 0.17528862 0.07015849 0.11558241 
534.00000000 0.06817002 0.03123820 0.32857371 0.21169873 0.17507594 0.06970084 0.11554255 
535.00000000 0.06821742 0.03123610 0.32920122 0.21173286 0.17485474 0.06925595 0.11550171 
536.00000000 0.06826698 0.03123127 0.32982756 0.21176553 0.17462490 0.06882395 0.11545981 
537.00000000 0.06831868 0.03122373 0.33045275 0.21179679 0.17438635 0.06840496 0.11541674 
538.00000000 0.06837251 0.03121350 0.33107681 0.21182668 0.17413901 0.06799906 0.11537243 
539.00000000 0.06842844 0.03120058 0.33169978 0.21185524 0.17388284 0.06760633 0.11532679 
540.00000000 0.06848644 0.03118502 0.33232167 0.21188252 0.17361781 0.06722680 0.11527974 
541.00000000 0.06854649 0.03116684 0.33294250 0.21190855 0.17334390 0.06686051 0.11523122 
542.00000000 0.06860854 0.03114607 0.33356230 0.21193339 0.17306111 0.06650745 0.11518114 
543.00000000 0.06867255 0.03112275 0.33418110 0.21195708 0.17276948 0.06616760 0.11512945 
544.00000000 0.06873850 0.03109693 0.33479891 0.21197965 0.17246902 0.06584092 0.11507607 
545.00000000 0.06880632 0.03106865 0.33541575 0.21200117 0.17215980 0.06552736 0.11502094 
546.00000000 0.06887598 0.03103797 0.33603165 0.21202166 0.17184190 0.06522682 0.11496402 
547.00000000 0.06894741 0.03100493 0.33664663 0.21204118 0.17151539 0.06493921 0.11490525 
548.00000000 0.06902056 0.03096960 0.33726071 0.21205976 0.17118038 0.06466439 0.11484459 
549.00000000 0.06909538 0.03093204 0.33787391 0.21207746 0.17083700 0.06440223 0.11478199 
550.00000000 0.06917181 0.03089230 0.33848625 0.21209430 0.17048537 0.06415257 0.11471741 
551.00000000 0.06924977 0.03085047 0.33909775 0.21211033 0.17012564 0.06391522 0.11465082 
552.00000000 0.06932921 0.03080661 0.33970842 0.21212560 0.16975799 0.06368998 0.11458219 
553.00000000 0.06941005 0.03076079 0.34031829 0.21214013 0.16938259 0.06347665 0.11451150 
554.00000000 0.06949223 0.03071309 0.34092737 0.21215397 0.16899963 0.06327497 0.11443873 
555.00000000 0.06957568 0.03066359 0.34153569 0.21216716 0.16860932 0.06308472 0.11436386 
556.00000000 0.06966031 0.03061237 0.34214325 0.21217972 0.16821187 0.06290561 0.11428688 
557.00000000 0.06974606 0.03055951 0.34275008 0.21219169 0.16780751 0.06273738 0.11420777 
558.00000000 0.06983284 0.03050510 0.34335619 0.21220311 0.16739649 0.06257973 0.11412655 
559.00000000 0.06992058 0.03044922 0.34396160 0.21221400 0.16697905 0.06243234 0.11404321 
560.00000000 0.07000920 0.03039197 0.34456632 0.21222441 0.16655546 0.06229491 0.11395775 
561.00000000 0.07009861 0.03033342 0.34517037 0.21223434 0.16612598 0.06216710 0.11387018 
562.00000000 0.07018873 0.03027369 0.34577376 0.21224385 0.16569089 0.06204857 0.11378051 
563.00000000 0.07027949 0.03021284 0.34637651 0.21225294 0.16525049 0.06193896 0.11368877 
564.00000000 0.07037080 0.03015099 0.34697863 0.21226166 0.16480505 0.06183791 0.11359496 
565.00000000 0.07046257 0.03008821 0.34758014 0.21227001 0.16435489 0.06174505 0.11349912 
566.00000000 0.07055472 0.03002461 0.34818105 0.21227804 0.16390031 0.06166001 0.11340126 
567.00000000 0.07064717 0.02996028 0.34878136 0.21228576 0.16344162 0.06158239 0.11330141 
568.00000000 0.07073983 0.02989530 0.34938111 0.21229320 0.16297914 0.06151181 0.11319961 
569.00000000 0.07083262 0.02982979 0.34998028 0.21230037 0.16251317 0.06144787 0.11309589 
570.00000000 0.07092546 0.02976382 0.35057891 0.21230731 0.16204405 0.06139016 0.11299029 
571.00000000 0.07101826 0.02969750 0.35117700 0.21231402 0.16157209 0.06133829 0.11288284 
572.00000000 0.07111094 0.02963091 0.35177456 0.21232054 0.16109763 0.06129183 0.11277359 
573.00000000 0.07120342 0.02956415 0.35237160 0.21232689 0.16062098 0.06125039 0.11266257 
574.00000000 0.07129561 0.02949731 0.35296814 0.21233308 0.16014247 0.06121355 0.11254984 
575.00000000 0.07138745 0.02943047 0.35356418 0.21233914 0.15966243 0.06118090 0.11243544 
576.00000000 0.07147885 0.02936373 0.35415973 0.21234508 0.15918117 0.06115202 0.11231940 
577.00000000 0.07156974 0.02929718 0.35475482 0.21235093 0.15869902 0.06112651 0.11220180 
578.00000000 0.07166003 0.02923089 0.35534943 0.21235671 0.15821630 0.06110396 0.11208266 
579.00000000 0.07174967 0.02916496 0.35594360 0.21236244 0.15773332 0.06108397 0.11196205 
580.00000000 0.07183856 0.02909946 0.35653732 0.21236814 0.15725039 0.06106612 0.11184002 
581.00000000 0.07192665 0.02903447 0.35713060 0.21237383 0.15676781 0.06105003 0.11171661 
582.00000000 0.07201386 0.02897008 0.35772346 0.21237954 0.15628589 0.06103529 0.11159188 
583.00000000 0.07210013 0.02890636 0.35831590 0.21238528 0.15580492 0.06102153 0.11146588 
584.00000000 0.07218540 0.02884339 0.35890793 0.21239108 0.15532519 0.06100835 0.11133867 
585.00000000 0.07226960 0.02878122 0.35949956 0.21239696 0.15484698 0.06099538 0.11121029 
586.00000000 0.07235266 0.02871995 0.36009079 0.21240295 0.15437057 0.06098226 0.11108081 
587.00000000 0.07243455 0.02865962 0.36068165 0.21240907 0.15389622 0.06096863 0.11095026 
588.00000000 0.07251519 0.02860031 0.36127212 0.21241535 0.15342420 0.06095413 0.11081871 
589.00000000 0.07259454 0.02854208 0.36186223 0.21242180 0.15295474 0.06093841 0.11068620 
590.00000000 0.07267254 0.02848498 0.36245198 0.21242846 0.15248811 0.06092115 0.11055279 
591.00000000 0.07274915 0.02842907 0.36304137 0.21243535 0.15202452 0.06090202 0.11041852 
592.00000000 0.07282432 0.02837441 0.36363041 0.21244250 0.15156420 0.06088071 0.11028345 
593.00000000 0.07289801 0.02832104 0.36421911 0.21244993 0.15110737 0.06085691 0.11014762 
594.00000000 0.07297019 0.02826902 0.36480748 0.21245767 0.15065423 0.06083034 0.11001109 
595.00000000 0.07304080 0.02821838 0.36539552 0.21246574 0.15020497 0.06080070 0.10987389 
596.00000000 0.07310982 0.02816916 0.36598324 0.21247419 0.14975977 0.06076774 0.10973608 
597.00000000 0.07317722 0.02812142 0.36657064 0.21248302 0.14931882 0.06073119 0.10959769 
598.00000000 0.07324297 0.02807517 0.36715773 0.21249227 0.14888227 0.06069080 0.10945878 
599.00000000 0.07330704 0.02803046 0.36774451 0.21250197 0.14845028 0.06064636 0.10931938 
600.00000000 0.07336941 0.02798730 0.36833099 0.21251215 0.14802299 0.06059762 0.10917954 
601.00000000 0.07343005 0.02794574 0.36891717 0.21252282 0.14760052 0.06054440 0.10903930 
602.00000000 0.07348896 0.02790579 0.36950306 0.21253402 0.14718300 0.06048648 0.10889869 
603.00000000 0.07354611 0.02786747 0.37008866 0.21254577 0.14677054 0.06042370 0.10875776 
604.00000000 0.07360149 0.02783079 0.37067398 0.21255810 0.14636323 0.06035588 0.10861653 
605.00000000 0.07365510 0.02779578 0.37125901 0.21257103 0.14596117 0.06028286 0.10847506 
606.00000000 0.07370692 0.02776244 0.37184376 0.21258458 0.14556443 0.06020450 0.10833336 
607.00000000 0.07375696 0.02773078 0.37242824 0.21259878 0.14517309 0.06012068 0.10819147 
608.00000000 0.07380521 0.02770081 0.37301244 0.21261366 0.14478719 0.06003127 0.10804944 
609.00000000 0.07385167 0.02767252 0.37359637 0.21262922 0.14440678 0.05993617 0.10790727 
610.00000000 0.07389635 0.02764592 0.37418002 0.21264549 0.14403191 0.05983529 0.10776502 
611.00000000 0.07393925 0.02762100 0.37476341 0.21266248 0.14366260 0.05972856 0.10762270 
612.00000000 0.07398039 0.02759776 0.37534653 0.21268021 0.14329887 0.05961590 0.10748034 
613.00000000 0.07401976 0.02757619 0.37592937 0.21269871 0.14294072 0.05949727 0.10733798 
614.00000000 0.07405740 0.02755627 0.37651196 0.21271796 0.14258816 0.05937262 0.10719563 
615.00000000 0.07409331 0.02753799 0.37709427 0.21273800 0.14224117 0.05924193 0.10705332 
616.00000000 0.07412752 0.02752134 0.37767631 0.21275883 0.14189975 0.05910517 0.10691108 
617.00000000 0.07416003 0.02750630 0.37825808 0.21278044 0.14156386 0.05896236 0.10676893 
618.00000000 0.07419089 0.02749284 0.37883958 0.21280286 0.14123347 0.05881348 0.10662689 
619.00000000 0.07422010 0.02748093 0.37942081 0.21282607 0.14090853 0.05865856 0.10648498 
620.00000000 0.07424770 0.02747057 0.38000177 0.21285009 0.14058901 0.05849764 0.10634323 
621.00000000 0.07427373 0.02746170 0.38058245 0.21287490 0.14027483 0.05833075 0.10620165 
622.00000000 0.07429820 0.02745431 0.38116285 0.21290050 0.13996595 0.05815793 0.10606026 
623.00000000 0.07432115 0.02744837 0.38174296 0.21292689 0.13966228 0.05797926 0.10591909 
624.00000000 0.07434261 0.02744383 0.38232280 0.21295405 0.13936375 0.05779481 0.10577816 
625.00000000 0.07436263 0.02744066 0.38290234 0.21298197 0.13907028 0.05760465 0.10563747 
626.00000000 0.07438124 0.02743882 0.38348159 0.21301064 0.13878178 0.05740887 0.10549705 
627.00000000 0.07439848 0.02743828 0.38406055 0.21304003 0.13849816 0.05720758 0.10535692 
628.00000000 0.07441438 0.02743899 0.38463920 0.21307014 0.13821932 0.05700087 0.10521708 
629.00000000 0.07442900 0.02744091 0.38521755 0.21310093 0.13794516 0.05678888 0.10507757 
630.00000000 0.07444238 0.02744400 0.38579559 0.21313238 0.13767556 0.05657171 0.10493838 
631.00000000 0.07445455 0.02744820 0.38637332 0.21316446 0.13741042 0.05634950 0.10479955 
632.00000000 0.07446557 0.02745347 0.38695072 0.21319714 0.13714962 0.05612240 0.10466107 
633.00000000 0.07447548 0.02745977 0.38752780 0.21323039 0.13689305 0.05589053 0.10452298 
634.00000000 0.07448433 0.02746705 0.38810455 0.21326418 0.13664056 0.05565406 0.10438527 
635.00000000 0.07449216 0.02747525 0.38868096 0.21329847 0.13639206 0.05541314 0.10424796 
636.00000000 0.07449903 0.02748432 0.38925702 0.21333321 0.13614739 0.05516794 0.10411108 
637.00000000 0.07450499 0.02749422 0.38983274 0.21336837 0.13590644 0.05491862 0.10397462 
638.00000000 0.07451009 0.02750489 0.39040809 0.21340391 0.13566907 0.05466536 0.10383860 
639.00000000 0.07451437 0.02751628 0.39098309 0.21343977 0.13543514 0.05440833 0.10370303 
640.00000000 0.07451789 0.02752832 0.39155771 0.21347591 0.13520451 0.05414772 0.10356793 
641.00000000 0.07452070 0.02754098 0.39213195 0.21351229 0.13497706 0.05388371 0.10343330 
642.00000000 0.07452285 0.02755420 0.39270581 0.21354885 0.13475263 0.05361649 0.10329916 
643.00000000 0.07452440 0.02756792 0.39327928 0.21358555 0.13453109 0.05334626 0.10316551 
644.00000000 0.07452539 0.02758208 0.39385235 0.21362232 0.13431229 0.05307321 0.10303236 
645.00000000 0.07452588 0.02759664 0.39442502 0.21365913 0.13409609 0.05279753 0.10289972 
646.00000000 0.07452591 0.02761153 0.39499726 0.21369590 0.13388236 0.05251943 0.10276760 
647.00000000 0.07452555 0.02762671 0.39556909 0.21373259 0.13367093 0.05223911 0.10263601 
648.00000000 0.07452484 0.02764211 0.39614049 0.21376915 0.13346169 0.05195677 0.10250495 
649.00000000 0.07452384 0.02765769 0.39671145 0.21380551 0.13325447 0.05167262 0.10237442 
650.00000000 0.07452259 0.02767340 0.39728197 0.21384161 0.13304913 0.05138685 0.10224444 
651.00000000 0.07452114 0.02768917 0.39785204 0.21387742 0.13284554 0.05109968 0.10211501 
652.00000000 0.07451955 0.02770495 0.39842165 0.21391286 0.13264356 0.05081130 0.10198613 
653.00000000 0.07451787 0.02772070 0.39899080 0.21394788 0.13244303 0.05052193 0.10185780 
654.00000000 0.07451613 0.02773636 0.39955947 0.21398242 0.13224383 0.05023176 0.10173003 
655.00000000 0.07451440 0.02775188 0.40012766 0.21401643 0.13204581 0.04994100 0.10160281 
656.00000000 0.07451271 0.02776722 0.40069536 0.21404986 0.13184884 0.04964986 0.10147615 
657.00000000 0.07451112 0.02778231 0.40126257 0.21408265 0.13165277 0.04935852 0.10135005 
658.00000000 0.07450966 0.02779712 0.40182928 0.21411475 0.13145748 0.04906720 0.10122450 
659.00000000 0.07450839 0.02781160 0.40239548 0.21414611 0.13126283 0.04877608 0.10109951 
660.00000000 0.07450734 0.02782570 0.40296116 0.21417667 0.13106870 0.04848536 0.10097506 
661.00000000 0.07450656 0.02783937 0.40352633 0.21420639 0.13087495 0.04819524 0.10085116 
662.00000000 0.07450609 0.02785258 0.40409096 0.21423522 0.13068145 0.04790590 0.10072780 
663.00000000 0.07450596 0.02786527 0.40465506 0.21426311 0.13048809 0.04761752 0.10060498 
664.00000000 0.07450622 0.02787742 0.40521862 0.21429003 0.13029473 0.04733030 0.10048267 
665.00000000 0.07450690 0.02788898 0.40578164 0.21431592 0.13010127 0.04704441 0.10036089 
666.00000000 0.07450804 0.02789990 0.40634410 0.21434074 0.12990757 0.04676002 0.10023962 
667.00000000 0.07450968 0.02791016 0.40690600 0.21436447 0.12971354 0.04647731 0.10011884 
668.00000000 0.07451184 0.02791973 0.40746734 0.21438706 0.12951905 0.04619644 0.09999855 
669.00000000 0.07451455 0.02792855 0.40802812 0.21440847 0.12932399 0.04591758 0.09987874 
670.00000000 0.07451785 0.02793661 0.40858832 0.21442868 0.12912827 0.04564088 0.09975939 
671.00000000 0.07452176 0.02794387 0.40914794 0.21444765 0.12893177 0.04536651 0.09964049 
672.00000000 0.07452632 0.02795031 0.40970698 0.21446537 0.12873440 0.04509461 0.09952202 
673.00000000 0.07453154 0.02795589 0.41026543 0.21448179 0.12853607 0.04482531 0.09940398 
674.00000000 0.07453745 0.02796059 0.41082329 0.21449691 0.12833667 0.04455877 0.09928633 
675.00000000 0.07454407 0.02796439 0.41138055 0.21451069 0.12813611 0.04429512 0.09916907 
676.00000000 0.07455142 0.02796726 0.41193722 0.21452313 0.12793432 0.04403448 0.09905217 
677.00000000 0.07455952 0.02796919 0.41249328 0.21453421 0.12773121 0.04377697 0.09893562 
678.00000000 0.07456838 0.02797015 0.41304874 0.21454391 0.12752670 0.04352272 0.09881940 
679.00000000 0.07457802 0.02797013 0.41360358 0.21455222 0.12732072 0.04327184 0.09870349 
680.00000000 0.07458846 0.02796912 0.41415782 0.21455914 0.12711318 0.04302442 0.09858787 
681.00000000 0.07459970 0.02796709 0.41471143 0.21456465 0.12690404 0.04278058 0.09847251 
682.00000000 0.07461176 0.02796405 0.41526444 0.21456876 0.12669321 0.04254039 0.09835739 
683.00000000 0.07462464 0.02795997 0.41581682 0.21457147 0.12648065 0.04230396 0.09824250 
684.00000000 0.07463834 0.02795486 0.41636857 0.21457277 0.12626629 0.04207135 0.09812781 
685.00000000 0.07465288 0.02794871 0.41691971 0.21457268 0.12605009 0.04184266 0.09801329 
686.00000000 0.07466825 0.02794150 0.41747021 0.21457118 0.12583199 0.04161793 0.09789892 
687.00000000 0.07468446 0.02793325 0.41802009 0.21456830 0.12561196 0.04139724 0.09778469 
688.00000000 0.07470151 0.02792395 0.41856934 0.21456404 0.12538996 0.04118065 0.09767056 
689.00000000 0.07471938 0.02791360 0.41911796 0.21455841 0.12516594 0.04096819 0.09755651 
690.00000000 0.07473809 0.02790220 0.41966595 0.21455143 0.12493989 0.04075992 0.09744252 
691.00000000 0.07475762 0.02788976 0.42021330 0.21454312 0.12471177 0.04055587 0.09732856 
692.00000000 0.07477796 0.02787629 0.42076002 0.21453348 0.12448156 0.04035608 0.09721461 
693.00000000 0.07479911 0.02786179 0.42130611 0.21452254 0.12424925 0.04016055 0.09710065 
694.00000000 0.07482105 0.02784628 0.42185156 0.21451031 0.12401482 0.03996932 0.09698665 
695.00000000 0.07484378 0.02782976 0.42239638 0.21449683 0.12377826 0.03978240 0.09687259 
696.00000000 0.07486728 0.02781225 0.42294056 0.21448211 0.12353957 0.03959978 0.09675845 
697.00000000 0.07489153 0.02779377 0.42348410 0.21446618 0.12329874 0.03942148 0.09664420 
698.00000000 0.07491652 0.02777432 0.42402701 0.21444906 0.12305579 0.03924747 0.09652983 
699.00000000 0.07494222 0.02775394 0.42456928 0.21443078 0.12281072 0.03907775 0.09641530 
700.00000000 0.07496863 0.02773263 0.42511092 0.21441137 0.12256355 0.03891230 0.09630060 
701.00000000 0.07499572 0.02771042 0.42565192 0.21439085 0.12231428 0.03875110 0.09618572 
702.00000000 0.07502346 0.02768732 0.42619228 0.21436926 0.12206294 0.03859411 0.09607062 
703.00000000 0.07505184 0.02766338 0.42673201 0.21434663 0.12180956 0.03844130 0.09595529 
704.00000000 0.07508082 0.02763859 0.42727111 0.21432299 0.12155416 0.03829262 0.09583971 
705.00000000 0.07511039 0.02761301 0.42780957 0.21429836 0.12129677 0.03814804 0.09572386 
706.00000000 0.07514052 0.02758664 0.42834739 0.21427279 0.12103744 0.03800749 0.09560773 
707.00000000 0.07517117 0.02755952 0.42888458 0.21424630 0.12077620 0.03787091 0.09549130 
708.00000000 0.07520233 0.02753168 0.42942114 0.21421893 0.12051310 0.03773826 0.09537456 
709.00000000 0.07523395 0.02750315 0.42995707 0.21419071 0.12024818 0.03760945 0.09525749 
710.00000000 0.07526602 0.02747396 0.43049236 0.21416168 0.11998150 0.03748442 0.09514007 
711.00000000 0.07529849 0.02744414 0.43102702 0.21413187 0.11971310 0.03736309 0.09502229 
712.00000000 0.07533134 0.02741372 0.43156105 0.21410130 0.11944305 0.03724538 0.09490415 
713.00000000 0.07536454 0.02738274 0.43209445 0.21407003 0.11917141 0.03713120 0.09478564 
714.00000000 0.07539805 0.02735123 0.43262722 0.21403808 0.11889823 0.03702046 0.09466673 
715.00000000 0.07543183 0.02731922 0.43315936 0.21400548 0.11862359 0.03691308 0.09454743 
716.00000000 0.07546586 0.02728676 0.43369087 0.21397227 0.11834756 0.03680896 0.09442772 
717.00000000 0.07550010 0.02725387 0.43422175 0.21393848 0.11807020 0.03670799 0.09430761 
718.00000000 0.07553451 0.02722059 0.43475200 0.21390416 0.11779159 0.03661007 0.09418708 
719.00000000 0.07556905 0.02718697 0.43528163 0.21386932 0.11751180 0.03651510 0.09406613 
720.00000000 0.07560370 0.02715303 0.43581062 0.21383400 0.11723092 0.03642297 0.09394475 
721.00000000 0.07563842 0.02711881 0.43633899 0.21379824 0.11694902 0.03633357 0.09382295 
722.00000000 0.07567317 0.02708435 0.43686673 0.21376206 0.11666618 0.03624678 0.09370072 
723.00000000 0.07570791 0.02704970 0.43739384 0.21372551 0.11638249 0.03616249 0.09357806 
724.00000000 0.07574261 0.02701487 0.43792033 0.21368860 0.11609803 0.03608058 0.09345497 
725.00000000 0.07577723 0.02697992 0.43844618 0.21365138 0.11581289 0.03600093 0.09333146 
726.00000000 0.07581175 0.02694487 0.43897141 0.21361388 0.11552715 0.03592342 0.09320752 
727.00000000 0.07584611 0.02690977 0.43949601 0.21357611 0.11524090 0.03584794 0.09308316 
728.00000000 0.07588029 0.02687465 0.44001998 0.21353812 0.11495423 0.03577434 0.09295838 
729.00000000 0.07591426 0.02683955 0.44054332 0.21349993 0.11466723 0.03570252 0.09283319 
730.00000000 0.07594797 0.02680450 0.44106603 0.21346157 0.11437998 0.03563235 0.09270760 
731.00000000 0.07598140 0.02676954 0.44158812 0.21342307 0.11409258 0.03556370 0.09258160 
732.00000000 0.07601451 0.02673471 0.44210957 0.21338445 0.11380511 0.03549645 0.09245520 
733.00000000 0.07604727 0.02670003 0.44263039 0.21334575 0.11351766 0.03543047 0.09232842 
734.00000000 0.07607965 0.02666554 0.44315057 0.21330699 0.11323033 0.03536565 0.09220126 
735.00000000 0.07611161 0.02663128 0.44367013 0.21326820 0.11294320 0.03530185 0.09207373 
736.00000000 0.07614313 0.02659728 0.44418904 0.21322940 0.11265635 0.03523895 0.09194585 
737.00000000 0.07617417 0.02656356 0.44470733 0.21319062 0.11236988 0.03517684 0.09181761 
738.00000000 0.07620471 0.02653017 0.44522497 0.21315187 0.11208386 0.03511539 0.09168903 
739.00000000 0.07623471 0.02649712 0.44574198 0.21311320 0.11179839 0.03505447 0.09156013 
740.00000000 0.07626416 0.02646445 0.44625835 0.21307461 0.11151354 0.03499398 0.09143091 
741.00000000 0.07629302 0.02643219 0.44677408 0.21303613 0.11122940 0.03493380 0.09130138 
742.00000000 0.07632127 0.02640035 0.44728917 0.21299778 0.11094605 0.03487381 0.09117156 
743.00000000 0.07634889 0.02636898 0.44780361 0.21295960 0.11066356 0.03481390 0.09104146 
744.00000000 0.07637585 0.02633809 0.44831741 0.21292158 0.11038202 0.03475396 0.09091110 
745.00000000 0.07640213 0.02630770 0.44883055 0.21288377 0.11010148 0.03469389 0.09078048 
746.00000000 0.07642771 0.02627784 0.44934305 0.21284617 0.10982204 0.03463357 0.09064962 
747.00000000 0.07645256 0.02624854 0.44985490 0.21280881 0.10954375 0.03457290 0.09051853 
748.00000000 0.07647668 0.02621980 0.45036609 0.21277171 0.10926669 0.03451179 0.09038722 
749.00000000 0.07650005 0.02619165 0.45087663 0.21273488 0.10899092 0.03445014 0.09025572 
750.00000000 0.07652264 0.02616411 0.45138651 0.21269835 0.10871650 0.03438786 0.09012403 
751.00000000 0.07654445 0.02613719 0.45189574 0.21266212 0.10844350 0.03432485 0.08999216 
752.00000000 0.07656545 0.02611091 0.45240429 0.21262622 0.10817196 0.03426103 0.08986013 
753.00000000 0.07658565 0.02608527 0.45291219 0.21259066 0.10790195 0.03419632 0.08972796 
754.00000000 0.07660502 0.02606031 0.45341941 0.21255547 0.10763351 0.03413063 0.08959565 
755.00000000 0.07662356 0.02603601 0.45392597 0.21252065 0.10736670 0.03406389 0.08946322 
756.00000000 0.07664126 0.02601240 0.45443186 0.21248621 0.10710156 0.03399603 0.08933068 
757.00000000 0.07665811 0.02598948 0.45493707 0.21245218 0.10683814 0.03392698 0.08919805 
758.00000000 0.07667411 0.02596726 0.45544160 0.21241857 0.10657646 0.03385667 0.08906533 
759.00000000 0.07668925 0.02594575 0.45594545 0.21238539 0.10631658 0.03378504 0.08893254 
760.00000000 0.07670352 0.02592494 0.45644862 0.21235265 0.10605852 0.03371204 0.08879970 
761.00000000 0.07671694 0.02590485 0.45695110 0.21232036 0.10580232 0.03363761 0.08866681 
762.00000000 0.07672949 0.02588547 0.45745289 0.21228855 0.10554800 0.03356171 0.08853388 
763.00000000 0.07674118 0.02586681 0.45795400 0.21225720 0.10529558 0.03348429 0.08840094 
764.00000000 0.07675202 0.02584886 0.45845440 0.21222635 0.10504510 0.03340530 0.08826798 
765.00000000 0.07676199 0.02583162 0.45895411 0.21219599 0.10479656 0.03332472 0.08813501 
766.00000000 0.07677111 0.02581508 0.45945312 0.21216613 0.10454998 0.03324251 0.08800206 
767.00000000 0.07677938 0.02579925 0.45995143 0.21213679 0.10430538 0.03315863 0.08786913 
768.00000000 0.07678682 0.02578412 0.46044903 0.21210797 0.10406276 0.03307307 0.08773622 
769.00000000 0.07679342 0.02576968 0.46094592 0.21207967 0.10382214 0.03298581 0.08760336 
770.00000000 0.07679920 0.02575592 0.46144209 0.21205191 0.10358350 0.03289683 0.08747054 
771.00000000 0.07680417 0.02574284 0.46193755 0.21202469 0.10334686 0.03280611 0.08733778 
772.00000000 0.07680833 0.02573041 0.46243229 0.21199802 0.10311222 0.03271365 0.08720508 
773.00000000 0.07681171 0.02571864 0.46292631 0.21197189 0.10287956 0.03261945 0.08707245 
774.00000000 0.07681431 0.02570751 0.46341960 0.21194631 0.10264887 0.03252349 0.08693991 
775.00000000 0.07681614 0.02569700 0.46391217 0.21192129 0.10242016 0.03242579 0.08680745 
776.00000000 0.07681723 0.02568710 0.46440400 0.21189682 0.10219341 0.03232635 0.08667509 
777.00000000 0.07681759 0.02567780 0.46489510 0.21187291 0.10196859 0.03222517 0.08654283 
778.00000000 0.07681724 0.02566908 0.46538546 0.21184956 0.10174570 0.03212229 0.08641067 
779.00000000 0.07681619 0.02566092 0.46587508 0.21182677 0.10152472 0.03201770 0.08627863 
780.00000000 0.07681446 0.02565330 0.46636395 0.21180454 0.10130561 0.03191143 0.08614670 
781.00000000 0.07681207 0.02564622 0.46685208 0.21178286 0.10108836 0.03180350 0.08601491 
782.00000000 0.07680905 0.02563964 0.46733945 0.21176173 0.10087294 0.03169395 0.08588324 
783.00000000 0.07680540 0.02563355 0.46782607 0.21174115 0.10065933 0.03158279 0.08575170 
784.00000000 0.07680116 0.02562792 0.46831194 0.21172112 0.10044748 0.03147007 0.08562030 
785.00000000 0.07679634 0.02562274 0.46879704 0.21170163 0.10023738 0.03135581 0.08548905 
786.00000000 0.07679097 0.02561799 0.46928139 0.21168268 0.10002898 0.03124006 0.08535794 
787.00000000 0.07678507 0.02561364 0.46976497 0.21166425 0.09982225 0.03112285 0.08522698 
788.00000000 0.07677865 0.02560967 0.47024778 0.21164635 0.09961715 0.03100423 0.08509617 
789.00000000 0.07677175 0.02560606 0.47072981 0.21162896 0.09941365 0.03088424 0.08496553 
790.00000000 0.07676439 0.02560278 0.47121108 0.21161208 0.09921170 0.03076293 0.08483504 
791.00000000 0.07675659 0.02559982 0.47169156 0.21159569 0.09901127 0.03064035 0.08470471 
792.00000000 0.07674838 0.02559714 0.47217127 0.21157979 0.09881232 0.03051655 0.08457455 
793.00000000 0.07673977 0.02559473 0.47265020 0.21156437 0.09861479 0.03039159 0.08444455 
794.00000000 0.07673080 0.02559256 0.47312834 0.21154941 0.09841865 0.03026552 0.08431472 
795.00000000 0.07672149 0.02559060 0.47360569 0.21153490 0.09822385 0.03013839 0.08418507 
796.00000000 0.07671186 0.02558884 0.47408226 0.21152084 0.09803035 0.03001027 0.08405558 
797.00000000 0.07670193 0.02558724 0.47455803 0.21150720 0.09783810 0.02988121 0.08392628 
798.00000000 0.07669174 0.02558579 0.47503301 0.21149398 0.09764706 0.02975127 0.08379714 
799.00000000 0.07668131 0.02558446 0.47550720 0.21148116 0.09745718 0.02962052 0.08366819 
800.00000000 0.07667065 0.02558323 0.47598058 0.21146872 0.09726840 0.02948902 0.08353941 
801.00000000 0.07665979 0.02558207 0.47645316 0.21145664 0.09708069 0.02935683 0.08341081 
802.00000000 0.07664877 0.02558096 0.47692495 0.21144493 0.09689400 0.02922401 0.08328239 
803.00000000 0.07663759 0.02557987 0.47739593 0.21143354 0.09670828 0.02909064 0.08315415 
804.00000000 0.07662629 0.02557879 0.47786610 0.21142248 0.09652348 0.02895677 0.08302609 
805.00000000 0.07661488 0.02557769 0.47833547 0.21141172 0.09633955 0.02882248 0.08289821 
806.00000000 0.07660340 0.02557655 0.47880402 0.21140124 0.09615645 0.02868782 0.08277052 
807.00000000 0.07659185 0.02557534 0.47927177 0.21139103 0.09597413 0.02855287 0.08264301 
808.00000000 0.07658027 0.02557405 0.47973871 0.21138106 0.09579255 0.02841768 0.08251568 
809.00000000 0.07656867 0.02557265 0.48020484 0.21137132 0.09561165 0.02828233 0.08238853 
810.00000000 0.07655708 0.02557113 0.48067015 0.21136179 0.09543140 0.02814688 0.08226157 
811.00000000 0.07654550 0.02556946 0.48113465 0.21135245 0.09525175 0.02801140 0.08213479 
812.00000000 0.07653398 0.02556762 0.48159833 0.21134329 0.09507264 0.02787595 0.08200819 
813.00000000 0.07652252 0.02556560 0.48206120 0.21133427 0.09489405 0.02774059 0.08188178 
814.00000000 0.07651113 0.02556338 0.48252325 0.21132538 0.09471592 0.02760540 0.08175554 
815.00000000 0.07649985 0.02556093 0.48298449 0.21131661 0.09453821 0.02747042 0.08162949 
816.00000000 0.07648869 0.02555825 0.48344491 0.21130792 0.09436089 0.02733573 0.08150362 
817.00000000 0.07647765 0.02555531 0.48390451 0.21129931 0.09418391 0.02720139 0.08137793 
818.00000000 0.07646677 0.02555210 0.48436330 0.21129075 0.09400722 0.02706745 0.08125242 
819.00000000 0.07645605 0.02554860 0.48482127 0.21128222 0.09383080 0.02693397 0.08112708 
820.00000000 0.07644551 0.02554480 0.48527843 0.21127370 0.09365461 0.02680102 0.08100193 
821.00000000 0.07643515 0.02554069 0.48573477 0.21126518 0.09347860 0.02666865 0.08087695 
822.00000000 0.07642501 0.02553626 0.48619030 0.21125662 0.09330274 0.02653692 0.08075215 
823.00000000 0.07641508 0.02553148 0.48664501 0.21124802 0.09312700 0.02640588 0.08062753 
824.00000000 0.07640538 0.02552635 0.48709891 0.21123936 0.09295135 0.02627557 0.08050307 
825.00000000 0.07639591 0.02552087 0.48755200 0.21123061 0.09277574 0.02614607 0.08037879 
826.00000000 0.07638670 0.02551501 0.48800428 0.21122177 0.09260016 0.02601741 0.08025468 
827.00000000 0.07637774 0.02550877 0.48845576 0.21121280 0.09242456 0.02588964 0.08013074 
828.00000000 0.07636905 0.02550214 0.48890642 0.21120369 0.09224893 0.02576280 0.08000697 
829.00000000 0.07636063 0.02549512 0.48935628 0.21119443 0.09207323 0.02563696 0.07988337 
830.00000000 0.07635249 0.02548769 0.48980533 0.21118500 0.09189743 0.02551213 0.07975993 
831.00000000 0.07634463 0.02547985 0.49025358 0.21117538 0.09172152 0.02538838 0.07963665 
832.00000000 0.07633707 0.02547160 0.49070104 0.21116556 0.09154547 0.02526574 0.07951353 
833.00000000 0.07632980 0.02546294 0.49114769 0.21115552 0.09136925 0.02514423 0.07939057 
834.00000000 0.07632283 0.02545385 0.49159355 0.21114524 0.09119285 0.02502392 0.07926776 
835.00000000 0.07631616 0.02544433 0.49203861 0.21113472 0.09101625 0.02490481 0.07914511 
836.00000000 0.07630979 0.02543439 0.49248289 0.21112394 0.09083942 0.02478695 0.07902262 
837.00000000 0.07630372 0.02542402 0.49292638 0.21111289 0.09066235 0.02467037 0.07890027 
838.00000000 0.07629796 0.02541322 0.49336908 0.21110155 0.09048502 0.02455509 0.07877807 
839.00000000 0.07629250 0.02540200 0.49381100 0.21108992 0.09030743 0.02444114 0.07865601 
840.00000000 0.07628735 0.02539034 0.49425215 0.21107797 0.09012955 0.02432855 0.07853409 
841.00000000 0.07628249 0.02537826 0.49469251 0.21106571 0.08995137 0.02421733 0.07841231 
842.00000000 0.07627793 0.02536576 0.49513211 0.21105313 0.08977289 0.02410751 0.07829067 
843.00000000 0.07627367 0.02535284 0.49557093 0.21104020 0.08959409 0.02399911 0.07816916 
844.00000000 0.07626970 0.02533950 0.49600899 0.21102693 0.08941497 0.02389213 0.07804778 
845.00000000 0.07626601 0.02532575 0.49644629 0.21101331 0.08923551 0.02378660 0.07792653 
846.00000000 0.07626260 0.02531159 0.49688283 0.21099933 0.08905572 0.02368252 0.07780540 
847.00000000 0.07625947 0.02529703 0.49731861 0.21098499 0.08887559 0.02357990 0.07768440 
848.00000000 0.07625661 0.02528208 0.49775364 0.21097028 0.08869512 0.02347876 0.07756351 
849.00000000 0.07625401 0.02526674 0.49818793 0.21095519 0.08851430 0.02337910 0.07744273 
850.00000000 0.07625166 0.02525103 0.49862147 0.21093973 0.08833313 0.02328092 0.07732207 
851.00000000 0.07624955 0.02523494 0.49905427 0.21092388 0.08815162 0.02318422 0.07720152 
852.00000000 0.07624769 0.02521848 0.49948634 0.21090765 0.08796976 0.02308901 0.07708107 
853.00000000 0.07624605 0.02520168 0.49991767 0.21089103 0.08778757 0.02299528 0.07696072 
854.00000000 0.07624463 0.02518453 0.50034828 0.21087403 0.08760503 0.02290303 0.07684047 
855.00000000 0.07624341 0.02516705 0.50077817 0.21085664 0.08742216 0.02281225 0.07672032 
856.00000000 0.07624239 0.02514924 0.50120734 0.21083887 0.08723897 0.02272294 0.07660025 
857.00000000 0.07624156 0.02513113 0.50163579 0.21082070 0.08705546 0.02263508 0.07648028 
858.00000000 0.07624090 0.02511271 0.50206353 0.21080216 0.08687163 0.02254867 0.07636039 
859.00000000 0.07624041 0.02509401 0.50249057 0.21078323 0.08668751 0.02246369 0.07624059 
860.00000000 0.07624006 0.02507503 0.50291691 0.21076392 0.08650309 0.02238013 0.07612086 
861.00000000 0.07623985 0.02505579 0.50334255 0.21074423 0.08631840 0.02229797 0.07600121 
862.00000000 0.07623977 0.02503630 0.50376749 0.21072418 0.08613343 0.02221719 0.07588164 
863.00000000 0.07623980 0.02501657 0.50419175 0.21070375 0.08594821 0.02213778 0.07576214 
864.00000000 0.07623993 0.02499662 0.50461533 0.21068296 0.08576275 0.02205972 0.07564270 
865.00000000 0.07624014 0.02497646 0.50503822 0.21066181 0.08557706 0.02198298 0.07552333 
866.00000000 0.07624042 0.02495611 0.50546044 0.21064031 0.08539116 0.02190754 0.07540402 
867.00000000 0.07624077 0.02493557 0.50588199 0.21061846 0.08520507 0.02183337 0.07528478 
868.00000000 0.07624115 0.02491487 0.50630287 0.21059627 0.08501879 0.02176045 0.07516559 
869.00000000 0.07624157 0.02489401 0.50672309 0.21057375 0.08483236 0.02168875 0.07504646 
870.00000000 0.07624200 0.02487302 0.50714266 0.21055091 0.08464579 0.02161825 0.07492738 
871.00000000 0.07624244 0.02485191 0.50756157 0.21052774 0.08445909 0.02154891 0.07480835 
872.00000000 0.07624286 0.02483068 0.50797983 0.21050427 0.08427229 0.02148070 0.07468937 
873.00000000 0.07624325 0.02480937 0.50839744 0.21048049 0.08408540 0.02141360 0.07457045 
874.00000000 0.07624360 0.02478797 0.50881442 0.21045642 0.08389845 0.02134757 0.07445157 
875.00000000 0.07624390 0.02476651 0.50923076 0.21043207 0.08371146 0.02128257 0.07433273 
876.00000000 0.07624413 0.02474500 0.50964646 0.21040744 0.08352445 0.02121857 0.07421394 
877.00000000 0.07624428 0.02472346 0.51006154 0.21038254 0.08333744 0.02115554 0.07409519 
878.00000000 0.07624433 0.02470190 0.51047599 0.21035739 0.08315046 0.02109345 0.07397649 
879.00000000 0.07624426 0.02468033 0.51088983 0.21033199 0.08296352 0.02103225 0.07385783 
880.00000000 0.07624408 0.02465876 0.51130304 0.21030635 0.08277666 0.02097191 0.07373920 
881.00000000 0.07624375 0.02463722 0.51171565 0.21028048 0.08258988 0.02091239 0.07362062 
882.00000000 0.07624328 0.02461572 0.51212765 0.21025439 0.08240323 0.02085366 0.07350208 
883.00000000 0.07624264 0.02459427 0.51253904 0.21022810 0.08221671 0.02079567 0.07338358 
884.00000000 0.07624182 0.02457288 0.51294983 0.21020160 0.08203035 0.02073840 0.07326512 
885.00000000 0.07624081 0.02455156 0.51336002 0.21017492 0.08184419 0.02068179 0.07314671 
886.00000000 0.07623961 0.02453034 0.51376962 0.21014806 0.08165823 0.02062581 0.07302833 
887.00000000 0.07623818 0.02450922 0.51417862 0.21012103 0.08147252 0.02057043 0.07291000 
888.00000000 0.07623654 0.02448821 0.51458705 0.21009384 0.08128706 0.02051561 0.07279170 
889.00000000 0.07623465 0.02446733 0.51499488 0.21006650 0.08110188 0.02046130 0.07267346 
890.00000000 0.07623252 0.02444659 0.51540214 0.21003902 0.08091701 0.02040746 0.07255526 
891.00000000 0.07623013 0.02442600 0.51580882 0.21001140 0.08073247 0.02035407 0.07243710 
892.00000000 0.07622748 0.02440557 0.51621493 0.20998367 0.08054829 0.02030108 0.07231899 
893.00000000 0.07622454 0.02438531 0.51662046 0.20995583 0.08036448 0.02024845 0.07220093 
894.00000000 0.07622132 0.02436523 0.51702543 0.20992788 0.08018107 0.02019614 0.07208293 
895.00000000 0.07621780 0.02434534 0.51742984 0.20989984 0.07999808 0.02014413 0.07196497 
896.00000000 0.07621398 0.02432566 0.51783368 0.20987172 0.07981554 0.02009236 0.07184707 
897.00000000 0.07620984 0.02430618 0.51823696 0.20984352 0.07963346 0.02004081 0.07172923 
898.00000000 0.07620538 0.02428692 0.51863969 0.20981525 0.07945187 0.01998945 0.07161145 
899.00000000 0.07620059 0.02426789 0.51904186 0.20978693 0.07927078 0.01993822 0.07149372 
900.00000000 0.07619547 0.02424909 0.51944348 0.20975856 0.07909023 0.01988711 0.07137607 
901.00000000 0.07619001 0.02423053 0.51984456 0.20973014 0.07891023 0.01983607 0.07125847 
902.00000000 0.07618420 0.02421222 0.52024508 0.20970169 0.07873079 0.01978507 0.07114095 
903.00000000 0.07617803 0.02419416 0.52064507 0.20967322 0.07855194 0.01973409 0.07102350 
904.00000000 0.07617151 0.02417636 0.52104451 0.20964472 0.07837369 0.01968309 0.07090612 
905.00000000 0.07616463 0.02415883 0.52144341 0.20961621 0.07819607 0.01963203 0.07078882 
906.00000000 0.07615738 0.02414157 0.52184178 0.20958770 0.07801908 0.01958090 0.07067160 
907.00000000 0.07614976 0.02412457 0.52223961 0.20955919 0.07784275 0.01952966 0.07055446 
908.00000000 0.07614176 0.02410786 0.52263691 0.20953070 0.07766709 0.01947828 0.07043741 
909.00000000 0.07613340 0.02409142 0.52303368 0.20950221 0.07749212 0.01942673 0.07032044 
910.00000000 0.07612465 0.02407527 0.52342991 0.20947375 0.07731784 0.01937500 0.07020357 
911.00000000 0.07611553 0.02405940 0.52382563 0.20944532 0.07714428 0.01932306 0.07008679 
912.00000000 0.07610603 0.02404382 0.52422081 0.20941692 0.07697144 0.01927088 0.06997010 
913.00000000 0.07609614 0.02402853 0.52461547 0.20938855 0.07679934 0.01921844 0.06985352 
914.00000000 0.07608588 0.02401353 0.52500961 0.20936024 0.07662799 0.01916572 0.06973704 
915.00000000 0.07607524 0.02399881 0.52540323 0.20933197 0.07645739 0.01911270 0.06962067 
916.00000000 0.07606422 0.02398438 0.52579633 0.20930375 0.07628756 0.01905936 0.06950440 
917.00000000 0.07605282 0.02397024 0.52618891 0.20927560 0.07611850 0.01900569 0.06938825 
918.00000000 0.07604104 0.02395639 0.52658097 0.20924751 0.07595022 0.01895166 0.06927221 
919.00000000 0.07602890 0.02394282 0.52697251 0.20921949 0.07578273 0.01889727 0.06915628 
920.00000000 0.07601638 0.02392953 0.52736355 0.20919153 0.07561604 0.01884250 0.06904048 
921.00000000 0.07600349 0.02391652 0.52775406 0.20916366 0.07545014 0.01878733 0.06892480 
922.00000000 0.07599024 0.02390379 0.52814407 0.20913586 0.07528505 0.01873176 0.06880924 
923.00000000 0.07597663 0.02389133 0.52853356 0.20910814 0.07512076 0.01867577 0.06869381 
924.00000000 0.07596266 0.02387914 0.52892254 0.20908051 0.07495727 0.01861936 0.06857851 
925.00000000 0.07594834 0.02386722 0.52931102 0.20905297 0.07479460 0.01856252 0.06846334 
926.00000000 0.07593367 0.02385556 0.52969898 0.20902552 0.07463273 0.01850524 0.06834830 
927.00000000 0.07591867 0.02384415 0.53008643 0.20899816 0.07447167 0.01844751 0.06823340 
928.00000000 0.07590333 0.02383300 0.53047338 0.20897090 0.07431142 0.01838934 0.06811863 
929.00000000 0.07588766 0.02382209 0.53085982 0.20894374 0.07415197 0.01833072 0.06800401 
930.00000000 0.07587166 0.02381141 0.53124575 0.20891667 0.07399333 0.01827165 0.06788953 
931.00000000 0.07585535 0.02380097 0.53163117 0.20888971 0.07383548 0.01821213 0.06777519 
932.00000000 0.07583874 0.02379076 0.53201609 0.20886285 0.07367842 0.01815215 0.06766100 
933.00000000 0.07582182 0.02378076 0.53240050 0.20883609 0.07352216 0.01809173 0.06754695 
934.00000000 0.07580461 0.02377097 0.53278440 0.20880944 0.07336667 0.01803086 0.06743305 
935.00000000 0.07578711 0.02376139 0.53316780 0.20878290 0.07321196 0.01796955 0.06731929 
936.00000000 0.07576934 0.02375200 0.53355069 0.20875646 0.07305802 0.01790780 0.06720569 
937.00000000 0.07575129 0.02374280 0.53393308 0.20873013 0.07290483 0.01784563 0.06709224 
938.00000000 0.07573299 0.02373378 0.53431496 0.20870390 0.07275240 0.01778303 0.06697894 
939.00000000 0.07571443 0.02372493 0.53469634 0.20867779 0.07260071 0.01772001 0.06686580 
940.00000000 0.07569563 0.02371625 0.53507720 0.20865178 0.07244974 0.01765660 0.06675280 
941.00000000 0.07567659 0.02370772 0.53545757 0.20862588 0.07229950 0.01759278 0.06663996 
942.00000000 0.07565733 0.02369933 0.53583742 0.20860008 0.07214997 0.01752858 0.06652728 
943.00000000 0.07563786 0.02369108 0.53621677 0.20857439 0.07200113 0.01746402 0.06641475 
944.00000000 0.07561817 0.02368296 0.53659562 0.20854881 0.07185298 0.01739909 0.06630238 
945.00000000 0.07559829 0.02367495 0.53697395 0.20852333 0.07170550 0.01733381 0.06619016 
946.00000000 0.07557822 0.02366705 0.53735178 0.20849796 0.07155868 0.01726821 0.06607810 
947.00000000 0.07555798 0.02365925 0.53772910 0.20847268 0.07141251 0.01720228 0.06596619 
948.00000000 0.07553756 0.02365154 0.53810591 0.20844751 0.07126697 0.01713606 0.06585444 
949.00000000 0.07551699 0.02364391 0.53848221 0.20842243 0.07112205 0.01706955 0.06574285 
950.00000000 0.07549627 0.02363636 0.53885801 0.20839746 0.07097773 0.01700278 0.06563141 
951.00000000 0.07547540 0.02362886 0.53923329 0.20837257 0.07083400 0.01693575 0.06552013 
952.00000000 0.07545441 0.02362141 0.53960806 0.20834778 0.07069084 0.01686849 0.06540900 
953.00000000 0.07543330 0.02361401 0.53998232 0.20832308 0.07054824 0.01680102 0.06529803 
954.00000000 0.07541207 0.02360664 0.54035606 0.20829847 0.07040618 0.01673336 0.06518721 
955.00000000 0.07539074 0.02359930 0.54072930 0.20827395 0.07026465 0.01666551 0.06507655 
956.00000000 0.07536933 0.02359197 0.54110202 0.20824950 0.07012364 0.01659751 0.06496604 
957.00000000 0.07534782 0.02358465 0.54147422 0.20822514 0.06998311 0.01652938 0.06485568 
958.00000000 0.07532624 0.02357732 0.54184591 0.20820085 0.06984307 0.01646113 0.06474547 
959.00000000 0.07530460 0.02356998 0.54221708 0.20817664 0.06970350 0.01639278 0.06463542 
960.00000000 0.07528290 0.02356263 0.54258773 0.20815250 0.06956437 0.01632435 0.06452551 
961.00000000 0.07526115 0.02355524 0.54295787 0.20812842 0.06942567 0.01625588 0.06441576 
962.00000000 0.07523936 0.02354782 0.54332749 0.20810441 0.06928740 0.01618736 0.06430616 
963.00000000 0.07521755 0.02354035 0.54369658 0.20808046 0.06914952 0.01611884 0.06419670 
964.00000000 0.07519570 0.02353283 0.54406516 0.20805656 0.06901203 0.01605032 0.06408740 
965.00000000 0.07517384 0.02352525 0.54443321 0.20803272 0.06887491 0.01598183 0.06397824 
966.00000000 0.07515198 0.02351760 0.54480074 0.20800893 0.06873815 0.01591339 0.06386922 
967.00000000 0.07513011 0.02350987 0.54516774 0.20798518 0.06860172 0.01584502 0.06376035 
968.00000000 0.07510825 0.02350206 0.54553422 0.20796147 0.06846562 0.01577674 0.06365163 
969.00000000 0.07508640 0.02349417 0.54590017 0.20793780 0.06832984 0.01570858 0.06354305 
970.00000000 0.07506457 0.02348617 0.54626560 0.20791416 0.06819435 0.01564054 0.06343461 
971.00000000 0.07504277 0.02347808 0.54663049 0.20789055 0.06805914 0.01557266 0.06332631 
972.00000000 0.07502100 0.02346988 0.54699486 0.20786696 0.06792420 0.01550494 0.06321816 
973.00000000 0.07499927 0.02346156 0.54735870 0.20784340 0.06778952 0.01543742 0.06311014 
974.00000000 0.07497758 0.02345312 0.54772200 0.20781985 0.06765507 0.01537010 0.06300227 
975.00000000 0.07495595 0.02344456 0.54808477 0.20779631 0.06752086 0.01530302 0.06289453 
976.00000000 0.07493436 0.02343587 0.54844701 0.20777278 0.06738687 0.01523618 0.06278693 
977.00000000 0.07491284 0.02342705 0.54880871 0.20774925 0.06725308 0.01516961 0.06267947 
978.00000000 0.07489137 0.02341809 0.54916987 0.20772572 0.06711949 0.01510332 0.06257214 
979.00000000 0.07486998 0.02340899 0.54953050 0.20770219 0.06698607 0.01503733 0.06246495 
980.00000000 0.07484865 0.02339974 0.54989058 0.20767865 0.06685283 0.01497165 0.06235789 
981.00000000 0.07482740 0.02339034 0.55025013 0.20765509 0.06671976 0.01490631 0.06225097 
982.00000000 0.07480623 0.02338079 0.55060914 0.20763152 0.06658683 0.01484132 0.06214418 
983.00000000 0.07478513 0.02337109 0.55096761 0.20760792 0.06645404 0.01477669 0.06203752 
984.00000000 0.07476412 0.02336123 0.55132553 0.20758430 0.06632139 0.01471244 0.06193099 
985.00000000 0.07474319 0.02335121 0.55168291 0.20756065 0.06618887 0.01464858 0.06182460 
986.00000000 0.07472235 0.02334103 0.55203974 0.20753697 0.06605646 0.01458512 0.06171833 
987.00000000 0.07470160 0.02333069 0.55239603 0.20751325 0.06592416 0.01452209 0.06161219 
988.00000000 0.07468094 0.02332018 0.55275177 0.20748948 0.06579196 0.01445949 0.06150619 
989.00000000 0.07466036 0.02330951 0.55310696 0.20746568 0.06565985 0.01439732 0.06140031 
990.00000000 0.07463988 0.02329868 0.55346161 0.20744183 0.06552784 0.01433561 0.06129456 
991.00000000 0.07461948 0.02328768 0.55381570 0.20741792 0.06539591 0.01427437 0.06118894 
992.00000000 0.07459918 0.02327652 0.55416924 0.20739396 0.06526405 0.01421360 0.06108344 
993.00000000 0.07457897 0.02326519 0.55452224 0.20736995 0.06513227 0.01415331 0.06097807 
994.00000000 0.07455885 0.02325370 0.55487468 0.20734587 0.06500056 0.01409351 0.06087283 
995.00000000 0.07453881 0.02324205 0.55522656 0.20732173 0.06486891 0.01403421 0.06076771 
996.00000000 0.07451887 0.02323024 0.55557789 0.20729753 0.06473733 0.01397542 0.06066272 
997.00000000 0.07449901 0.02321827 0.55592867 0.20727326 0.06460581 0.01391714 0.06055785 
998.00000000 0.07447923 0.02320614 0.55627889 0.20724891 0.06447434 0.01385937 0.06045311 
999.00000000 0.07445954 0.02319386 0.55662856 0.20722450 0.06434292 0.01380213 0.06034849 
