0.00000000 0.00009100 0.00824756 0.00398765 0.00044719 0.21730518 0.00593771 0.76398371 
1.00000000 0.00009100 0.00824756 0.00398765 0.00044720 0.21730519 0.00593771 0.76398369 
2.00000000 0.00009102 0.00824770 0.00398770 0.00044740 0.21730621 0.00593773 0.76398224 
3.00000000 0.00009110 0.00824838 0.00398792 0.00044830 0.21731119 0.00593784 0.76397527 
4.00000000 0.00009132 0.00825020 0.00398852 0.00045073 0.21732469 0.00593814 0.76395640 
5.00000000 0.00009177 0.00825399 0.00398976 0.00045584 0.21735246 0.00593876 0.76391741 
6.00000000 0.00009260 0.00826070 0.00399195 0.00046506 0.21740091 0.00593987 0.76384892 
7.00000000 0.00009394 0.00827135 0.00399542 0.00048008 0.21747658 0.00594164 0.76374101 
8.00000000 0.00009597 0.00828703 0.00400048 0.00050280 0.21758565 0.00594428 0.76358379 
9.00000000 0.00009887 0.00830884 0.00400748 0.00053536 0.21773359 0.00594798 0.76336788 
10.00000000 0.00010285 0.00833784 0.00401670 0.00058005 0.21792496 0.00595298 0.76308462 
11.00000000 0.00010813 0.00837510 0.00402845 0.00063931 0.21816341 0.00595947 0.76272614 
12.00000000 0.00011493 0.00842165 0.00404299 0.00071572 0.21845179 0.00596768 0.76228525 
13.00000000 0.00012349 0.00847853 0.00406058 0.00081197 0.21879245 0.00597785 0.76175512 
14.00000000 0.00013407 0.00854681 0.00408149 0.00093085 0.21918759 0.00599020 0.76112898 
15.00000000 0.00014693 0.00862759 0.00410597 0.00107524 0.21963959 0.00600498 0.76039969 
16.00000000 0.00016232 0.00872203 0.00413432 0.00124808 0.22015130 0.00602246 0.75955950 
17.00000000 0.00018052 0.00883136 0.00416682 0.00145237 0.22072620 0.00604289 0.75859983 
18.00000000 0.00020183 0.00895685 0.00420380 0.00169114 0.22136851 0.00606658 0.75751130 
19.00000000 0.00022650 0.00909982 0.00424557 0.00196746 0.22208301 0.00609382 0.75628381 
20.00000000 0.00025485 0.00926161 0.00429247 0.00228440 0.22287485 0.00612491 0.75490692 
21.00000000 0.00028715 0.00944354 0.00434480 0.00264499 0.22374920 0.00616017 0.75337015 
22.00000000 0.00032369 0.00964690 0.00440286 0.00305223 0.22471094 0.00619991 0.75166348 
23.00000000 0.00036475 0.00987291 0.00446691 0.00350904 0.22576425 0.00624443 0.74977770 
24.00000000 0.00041063 0.01012270 0.00453717 0.00401827 0.22691242 0.00629403 0.74770479 
25.00000000 0.00046160 0.01039732 0.00461380 0.00458261 0.22815765 0.00634898 0.74543804 
26.00000000 0.00051792 0.01069771 0.00469693 0.00520466 0.22950103 0.00640957 0.74297219 
27.00000000 0.00057987 0.01102473 0.00478665 0.00588682 0.23094266 0.00647603 0.74030325 
28.00000000 0.00064770 0.01137915 0.00488300 0.00663136 0.23248186 0.00654860 0.73742834 
29.00000000 0.00072165 0.01176168 0.00498598 0.00744034 0.23411746 0.00662753 0.73434535 
30.00000000 0.00080197 0.01217298 0.00509557 0.00831567 0.23584809 0.00671302 0.73105270 
31.00000000 0.00088889 0.01261364 0.00521176 0.00925902 0.23767244 0.00680528 0.72754897 
32.00000000 0.00098262 0.01308424 0.00533448 0.01027191 0.23958944 0.00690453 0.72383279 
33.00000000 0.00108336 0.01358527 0.00546367 0.01135563 0.24159838 0.00701097 0.71990271 
34.00000000 0.00119132 0.01411721 0.00559926 0.01251129 0.24369888 0.00712480 0.71575725 
35.00000000 0.00130667 0.01468046 0.00574113 0.01373976 0.24589068 0.00724621 0.71139509 
36.00000000 0.00142957 0.01527534 0.00588918 0.01504174 0.24817354 0.00737539 0.70681523 
37.00000000 0.00156020 0.01590212 0.00604325 0.01641766 0.25054690 0.00751251 0.70201736 
38.00000000 0.00169868 0.01656096 0.00620315 0.01786778 0.25300964 0.00765773 0.69700206 
39.00000000 0.00184516 0.01725194 0.00636866 0.01939209 0.25555990 0.00781117 0.69177108 
40.00000000 0.00199975 0.01797508 0.00653952 0.02099036 0.25819492 0.00797295 0.68632742 
41.00000000 0.00216256 0.01873030 0.00671546 0.02266211 0.26091100 0.00814314 0.68067542 
42.00000000 0.00233368 0.01951745 0.00689613 0.02440664 0.26370362 0.00832182 0.67482066 
43.00000000 0.00251319 0.02033633 0.00708121 0.02622300 0.26656751 0.00850901 0.66876976 
44.00000000 0.00270117 0.02118667 0.00727031 0.02811000 0.26949691 0.00870473 0.66253021 
45.00000000 0.00289768 0.02206816 0.00746307 0.03006624 0.27248582 0.00890896 0.65611008 
46.00000000 0.00310275 0.02298042 0.00765909 0.03209010 0.27552816 0.00912169 0.64951778 
47.00000000 0.00331642 0.02392305 0.00785798 0.03417978 0.27861803 0.00934287 0.64276187 
48.00000000 0.00353871 0.02489557 0.00805935 0.03633325 0.28174973 0.00957246 0.63585092 
49.00000000 0.00376963 0.02589745 0.00826278 0.03854835 0.28491787 0.00981041 0.62879351 
50.00000000 0.00400918 0.02692812 0.00846789 0.04082272 0.28811726 0.01005664 0.62159820 
51.00000000 0.00425732 0.02798695 0.00867426 0.04315389 0.29134282 0.01031107 0.61427369 
52.00000000 0.00451405 0.02907328 0.00888151 0.04553921 0.29458944 0.01057361 0.60682891 
53.00000000 0.00477931 0.03018638 0.00908921 0.04797594 0.29785185 0.01084414 0.59927318 
54.00000000 0.00505306 0.03132551 0.00929697 0.05046120 0.30112442 0.01112254 0.59161630 
55.00000000 0.00533523 0.03248992 0.00950438 0.05299202 0.30440115 0.01140865 0.58386863 
56.00000000 0.00562577 0.03367884 0.00971107 0.05556531 0.30767561 0.01170229 0.57604110 
57.00000000 0.00592460 0.03489148 0.00991664 0.05817790 0.31094099 0.01200326 0.56814513 
58.00000000 0.00623164 0.03612706 0.01012073 0.06082655 0.31419016 0.01231133 0.56019253 
59.00000000 0.00654679 0.03738479 0.01032299 0.06350792 0.31741587 0.01262625 0.55219538 
60.00000000 0.00686998 0.03866390 0.01052309 0.06621864 0.32061083 0.01294776 0.54416580 
61.00000000 0.00720109 0.03996359 0.01072072 0.06895528 0.32376790 0.01327557 0.53611584 
62.00000000 0.00754004 0.04128306 0.01091559 0.07171440 0.32688017 0.01360939 0.52805736 
63.00000000 0.00788671 0.04262147 0.01110744 0.07449253 0.32994106 0.01394892 0.52000187 
64.00000000 0.00824099 0.04397801 0.01129601 0.07728620 0.33294436 0.01429385 0.51196057 
65.00000000 0.00860279 0.04535180 0.01148109 0.08009198 0.33588418 0.01464388 0.50394428 
66.00000000 0.00897197 0.04674200 0.01166246 0.08290644 0.33875494 0.01499869 0.49596349 
67.00000000 0.00934844 0.04814773 0.01183995 0.08572623 0.34155127 0.01535796 0.48802843 
68.00000000 0.00973206 0.04956812 0.01201341 0.08854802 0.34426798 0.01572135 0.48014906 
69.00000000 0.01012274 0.05100231 0.01218270 0.09136857 0.34689997 0.01608854 0.47233516 
70.00000000 0.01052034 0.05244946 0.01234773 0.09418472 0.34944224 0.01645917 0.46459634 
71.00000000 0.01092477 0.05390875 0.01250841 0.09699336 0.35188986 0.01683288 0.45694197 
72.00000000 0.01133591 0.05537938 0.01266472 0.09979150 0.35423799 0.01720929 0.44938120 
73.00000000 0.01175364 0.05686059 0.01281665 0.10257621 0.35648199 0.01758802 0.44192288 
74.00000000 0.01217788 0.05835163 0.01296422 0.10534469 0.35861741 0.01796868 0.43457548 
75.00000000 0.01260851 0.05985178 0.01310750 0.10809421 0.36064011 0.01835086 0.42734703 
76.00000000 0.01304544 0.06136033 0.01324655 0.11082216 0.36254629 0.01873415 0.42024507 
77.00000000 0.01348859 0.06287658 0.01338151 0.11352604 0.36433251 0.01911814 0.41327663 
78.00000000 0.01393786 0.06439986 0.01351249 0.11620345 0.36599572 0.01950244 0.40644818 
79.00000000 0.01439320 0.06592949 0.01363966 0.11885212 0.36753322 0.01988663 0.39976568 
80.00000000 0.01485451 0.06746479 0.01376319 0.12146992 0.36894267 0.02027033 0.39323458 
81.00000000 0.01532176 0.06900511 0.01388327 0.12405482 0.37022203 0.02065316 0.38685985 
82.00000000 0.01579487 0.07054980 0.01400010 0.12660496 0.37136951 0.02103475 0.38064601 
83.00000000 0.01627381 0.07209823 0.01411391 0.12911860 0.37238361 0.02141472 0.37459712 
84.00000000 0.01675852 0.07364979 0.01422493 0.13159413 0.37326306 0.02179273 0.36871683 
85.00000000 0.01724898 0.07520386 0.01433344 0.13403012 0.37400688 0.02216842 0.36300830 
86.00000000 0.01774516 0.07675987 0.01443969 0.13642525 0.37461437 0.02254144 0.35747422 
87.00000000 0.01824703 0.07831723 0.01454399 0.13877835 0.37508520 0.02291144 0.35211675 
88.00000000 0.01875458 0.07987539 0.01464663 0.14108839 0.37541941 0.02327809 0.34693751 
89.00000000 0.01926779 0.08143379 0.01474795 0.14335447 0.37561742 0.02364105 0.34193752 
90.00000000 0.01978665 0.08299189 0.01484826 0.14557583 0.37568010 0.02399999 0.33711728 
91.00000000 0.02031116 0.08454913 0.01494790 0.14775183 0.37560867 0.02435459 0.33247671 
92.00000000 0.02084133 0.08610500 0.01504722 0.14988193 0.37540473 0.02470453 0.32801526 
93.00000000 0.02137714 0.08765895 0.01514655 0.15196574 0.37507018 0.02504953 0.32373192 
94.00000000 0.02191861 0.08921045 0.01524624 0.15400295 0.37460712 0.02538930 0.31962533 
95.00000000 0.02246574 0.09075900 0.01534661 0.15599339 0.37401785 0.02572358 0.31569384 
96.00000000 0.02301855 0.09230407 0.01544800 0.15793698 0.37330475 0.02605213 0.31193552 
97.00000000 0.02357704 0.09384517 0.01555074 0.15983374 0.37247033 0.02637472 0.30834825 
98.00000000 0.02414122 0.09538180 0.01565514 0.16168381 0.37151715 0.02669117 0.30492970 
99.00000000 0.02471110 0.09691347 0.01576151 0.16348741 0.37044793 0.02700128 0.30167731 
100.00000000 0.02528668 0.09843966 0.01587016 0.16524486 0.36926550 0.02730488 0.29858827 
101.00000000 0.02586798 0.09995988 0.01598137 0.16695658 0.36797293 0.02760181 0.29565945 
102.00000000 0.02645498 0.10147361 0.01609542 0.16862308 0.36657357 0.02789194 0.29288739 
103.00000000 0.02704769 0.10298032 0.01621260 0.17024494 0.36507107 0.02817514 0.29026826 
104.00000000 0.02764609 0.10447945 0.01633315 0.17182282 0.36346941 0.02845127 0.28779782 
105.00000000 0.02825017 0.10597044 0.01645731 0.17335745 0.36177290 0.02872024 0.28547148 
106.00000000 0.02885991 0.10745272 0.01658531 0.17484964 0.35998611 0.02898195 0.28328436 
107.00000000 0.02947529 0.10892567 0.01671736 0.17630021 0.35811384 0.02923632 0.28123131 
108.00000000 0.03009626 0.11038872 0.01685363 0.17771007 0.35616099 0.02948328 0.27930705 
109.00000000 0.03072278 0.11184124 0.01699430 0.17908016 0.35413248 0.02972279 0.27750625 
110.00000000 0.03135481 0.11328263 0.01713952 0.18041145 0.35203317 0.02995482 0.27582361 
111.00000000 0.03199228 0.11471228 0.01728941 0.18170492 0.34986781 0.03017935 0.27425394 
112.00000000 0.03263513 0.11612958 0.01744411 0.18296162 0.34764098 0.03039640 0.27279218 
113.00000000 0.03328329 0.11753391 0.01760370 0.18418258 0.34535710 0.03060597 0.27143345 
114.00000000 0.03393666 0.11892468 0.01776827 0.18536888 0.34302045 0.03080812 0.27017295 
115.00000000 0.03459517 0.12030125 0.01793787 0.18652158 0.34063524 0.03100289 0.26900600 
116.00000000 0.03525872 0.12166299 0.01811257 0.18764179 0.33820567 0.03119035 0.26792791 
117.00000000 0.03592720 0.12300926 0.01829237 0.18873060 0.33573601 0.03137057 0.26693398 
118.00000000 0.03660052 0.12433942 0.01847729 0.18978911 0.33323063 0.03154364 0.26601940 
119.00000000 0.03727856 0.12565279 0.01866731 0.19081842 0.33069402 0.03170964 0.26517926 
120.00000000 0.03796119 0.12694872 0.01886239 0.19181965 0.32813084 0.03186867 0.26440854 
121.00000000 0.03864832 0.12822653 0.01906248 0.19279386 0.32554582 0.03202084 0.26370215 
122.00000000 0.03933980 0.12948555 0.01926750 0.19374214 0.32294374 0.03216625 0.26305501 
123.00000000 0.04003552 0.13072511 0.01947736 0.19466554 0.32032934 0.03230503 0.26246208 
124.00000000 0.04073536 0.13194457 0.01969195 0.19556509 0.31770723 0.03243730 0.26191849 
125.00000000 0.04143918 0.13314329 0.01991114 0.19644179 0.31508181 0.03256321 0.26141959 
126.00000000 0.04214687 0.13432063 0.02013480 0.19729660 0.31245721 0.03268288 0.26096100 
127.00000000 0.04285830 0.13547599 0.02036281 0.19813045 0.30983727 0.03279649 0.26053869 
128.00000000 0.04357335 0.13660878 0.02059500 0.19894422 0.30722553 0.03290419 0.26014893 
129.00000000 0.04429191 0.13771844 0.02083122 0.19973878 0.30462523 0.03300614 0.25978828 
130.00000000 0.04501387 0.13880441 0.02107132 0.20051493 0.30203940 0.03310253 0.25945355 
131.00000000 0.04573913 0.13986617 0.02131511 0.20127342 0.29947091 0.03319352 0.25914175 
132.00000000 0.04646758 0.14090322 0.02156244 0.20201498 0.29692250 0.03327930 0.25885000 
133.00000000 0.04719915 0.14191509 0.02181310 0.20274028 0.29439686 0.03336004 0.25857549 
134.00000000 0.04793376 0.14290134 0.02206690 0.20344996 0.29189666 0.03343593 0.25831545 
135.00000000 0.04867134 0.14386157 0.02232365 0.20414459 0.28942455 0.03350715 0.25806714 
136.00000000 0.04941184 0.14479543 0.02258314 0.20482472 0.28698316 0.03357387 0.25782783 
137.00000000 0.05015520 0.14570261 0.02284513 0.20549084 0.28457505 0.03363628 0.25759489 
138.00000000 0.05090141 0.14658284 0.02310943 0.20614339 0.28220264 0.03369454 0.25736575 
139.00000000 0.05165044 0.14743590 0.02337581 0.20678275 0.27986822 0.03374884 0.25713804 
140.00000000 0.05240229 0.14826163 0.02364404 0.20740926 0.27757385 0.03379935 0.25690959 
141.00000000 0.05315695 0.14905990 0.02391392 0.20802321 0.27532132 0.03384625 0.25667845 
142.00000000 0.05391445 0.14983063 0.02418523 0.20862483 0.27311219 0.03388972 0.25644294 
143.00000000 0.05467482 0.15057380 0.02445778 0.20921432 0.27094771 0.03392993 0.25620164 
144.00000000 0.05543811 0.15128942 0.02473135 0.20979180 0.26882893 0.03396707 0.25595332 
145.00000000 0.05620437 0.15197755 0.02500577 0.21035735 0.26675667 0.03400130 0.25569698 
146.00000000 0.05697367 0.15263832 0.02528084 0.21091103 0.26473159 0.03403279 0.25543175 
147.00000000 0.05774609 0.15327190 0.02555638 0.21145282 0.26275422 0.03406172 0.25515688 
148.00000000 0.05852172 0.15387851 0.02583221 0.21198268 0.26082499 0.03408824 0.25487165 
149.00000000 0.05930065 0.15445845 0.02610816 0.21250054 0.25894426 0.03411252 0.25457543 
150.00000000 0.06008300 0.15501206 0.02638406 0.21300626 0.25711231 0.03413470 0.25426760 
151.00000000 0.06086888 0.15553976 0.02665976 0.21349969 0.25532937 0.03415494 0.25394759 
152.00000000 0.06165841 0.15604225 0.02693503 0.21398068 0.25359685 0.03417336 0.25361342 
153.00000000 0.06245170 0.15652004 0.02720975 0.21444903 0.25191452 0.03419010 0.25326486 
154.00000000 0.06324889 0.15697369 0.02748376 0.21490452 0.25028203 0.03420530 0.25290181 
155.00000000 0.06405011 0.15740379 0.02775693 0.21534690 0.24869892 0.03421909 0.25252426 
156.00000000 0.06485548 0.15781100 0.02802914 0.21577587 0.24716459 0.03423161 0.25213230 
157.00000000 0.06566514 0.15819602 0.02830029 0.21619109 0.24567837 0.03424298 0.25172611 
158.00000000 0.06647920 0.15855958 0.02857026 0.21659223 0.24423945 0.03425334 0.25130594 
159.00000000 0.06729780 0.15890246 0.02883897 0.21697891 0.24284696 0.03426279 0.25087211 
160.00000000 0.06812105 0.15922548 0.02910633 0.21735073 0.24149995 0.03427145 0.25042502 
161.00000000 0.06894906 0.15952947 0.02937227 0.21770728 0.24019738 0.03427943 0.24996511 
162.00000000 0.06978195 0.15981532 0.02963673 0.21804814 0.23893815 0.03428684 0.24949288 
163.00000000 0.07061979 0.16008393 0.02989963 0.21837289 0.23772110 0.03429377 0.24900888 
164.00000000 0.07146268 0.16033622 0.03016095 0.21868110 0.23654504 0.03430032 0.24851368 
165.00000000 0.07231069 0.16057315 0.03042063 0.21897233 0.23540871 0.03430658 0.24800790 
166.00000000 0.07316388 0.16079568 0.03067865 0.21924617 0.23431084 0.03431263 0.24749215 
167.00000000 0.07402229 0.16100478 0.03093498 0.21950219 0.23325012 0.03431856 0.24696708 
168.00000000 0.07488595 0.16120145 0.03118959 0.21974001 0.23222521 0.03432443 0.24643336 
169.00000000 0.07575487 0.16138666 0.03144248 0.21995923 0.23123479 0.03433031 0.24589165 
170.00000000 0.07662905 0.16156143 0.03169364 0.22015949 0.23027751 0.03433628 0.24534260 
171.00000000 0.07750846 0.16172673 0.03194308 0.22034046 0.22935203 0.03434238 0.24478686 
172.00000000 0.07839307 0.16188355 0.03219078 0.22050182 0.22845701 0.03434867 0.24422508 
173.00000000 0.07928281 0.16203289 0.03243677 0.22064330 0.22759115 0.03435521 0.24365788 
174.00000000 0.08017760 0.16217569 0.03268106 0.22076464 0.22675313 0.03436203 0.24308585 
175.00000000 0.08107734 0.16231292 0.03292366 0.22086565 0.22594170 0.03436917 0.24250957 
176.00000000 0.08198191 0.16244551 0.03316459 0.22094614 0.22515562 0.03437667 0.24192956 
177.00000000 0.08289118 0.16257437 0.03340388 0.22100599 0.22439368 0.03438456 0.24134634 
178.00000000 0.08380498 0.16270039 0.03364156 0.22104512 0.22365472 0.03439286 0.24076037 
179.00000000 0.08472314 0.16282444 0.03387765 0.22106349 0.22293762 0.03440159 0.24017207 
180.00000000 0.08564546 0.16294735 0.03411219 0.22106109 0.22224132 0.03441078 0.23958181 
181.00000000 0.08657173 0.16306993 0.03434520 0.22103799 0.22156480 0.03442043 0.23898992 
182.00000000 0.08750172 0.16319295 0.03457672 0.22099428 0.22090709 0.03443056 0.23839669 
183.00000000 0.08843519 0.16331713 0.03480679 0.22093012 0.22026728 0.03444117 0.23780233 
184.00000000 0.08937187 0.16344319 0.03503543 0.22084570 0.21964453 0.03445226 0.23720702 
185.00000000 0.09031149 0.16357178 0.03526270 0.22074127 0.21903804 0.03446383 0.23661089 
186.00000000 0.09125376 0.16370352 0.03548861 0.22061713 0.21844709 0.03447589 0.23601400 
187.00000000 0.09219839 0.16383900 0.03571321 0.22047363 0.21787099 0.03448843 0.23541637 
188.00000000 0.09314507 0.16397874 0.03593654 0.22031115 0.21730914 0.03450143 0.23481794 
189.00000000 0.09409348 0.16412326 0.03615863 0.22013013 0.21676099 0.03451489 0.23421863 
190.00000000 0.09504330 0.16427299 0.03637951 0.21993106 0.21622605 0.03452880 0.23361828 
191.00000000 0.09599421 0.16442837 0.03659922 0.21971446 0.21570390 0.03454315 0.23301669 
192.00000000 0.09694588 0.16458974 0.03681780 0.21948090 0.21519417 0.03455791 0.23241360 
193.00000000 0.09789796 0.16475745 0.03703527 0.21923099 0.21469655 0.03457308 0.23180870 
194.00000000 0.09885014 0.16493177 0.03725167 0.21896536 0.21421078 0.03458864 0.23120164 
195.00000000 0.09980208 0.16511294 0.03746704 0.21868469 0.21373665 0.03460458 0.23059202 
196.00000000 0.10075345 0.16530118 0.03768139 0.21838968 0.21327403 0.03462087 0.22997940 
197.00000000 0.10170392 0.16549664 0.03789477 0.21808108 0.21282280 0.03463749 0.22936329 
198.00000000 0.10265319 0.16569944 0.03810720 0.21775965 0.21238291 0.03465444 0.22874317 
199.00000000 0.10360093 0.16590967 0.03831870 0.21742616 0.21195434 0.03467169 0.22811850 
200.00000000 0.10454686 0.16612738 0.03852931 0.21708143 0.21153712 0.03468923 0.22748868 
201.00000000 0.10549066 0.16635258 0.03873905 0.21672627 0.21113130 0.03470703 0.22685311 
202.00000000 0.10643207 0.16658525 0.03894794 0.21636152 0.21073697 0.03472510 0.22621115 
203.00000000 0.10737082 0.16682534 0.03915601 0.21598802 0.21035426 0.03474340 0.22556216 
204.00000000 0.10830665 0.16707276 0.03936328 0.21560661 0.20998331 0.03476193 0.22490546 
205.00000000 0.10923932 0.16732741 0.03956977 0.21521816 0.20962429 0.03478067 0.22424037 
206.00000000 0.11016860 0.16758914 0.03977550 0.21482352 0.20927739 0.03479961 0.22356623 
207.00000000 0.11109429 0.16785780 0.03998050 0.21442354 0.20894279 0.03481875 0.22288233 
208.00000000 0.11201619 0.16813319 0.04018479 0.21401905 0.20862072 0.03483807 0.22218800 
209.00000000 0.11293412 0.16841511 0.04038837 0.21361091 0.20831138 0.03485756 0.22148255 
210.00000000 0.11384792 0.16870334 0.04059127 0.21319993 0.20801499 0.03487722 0.22076533 
211.00000000 0.11475744 0.16899762 0.04079351 0.21278692 0.20773178 0.03489705 0.22003569 
212.00000000 0.11566257 0.16929770 0.04099510 0.21237267 0.20746194 0.03491703 0.21929298 
213.00000000 0.11656320 0.16960330 0.04119606 0.21195796 0.20720570 0.03493717 0.21853661 
214.00000000 0.11745922 0.16991414 0.04139639 0.21154354 0.20696323 0.03495747 0.21776601 
215.00000000 0.11835057 0.17022993 0.04159612 0.21113012 0.20673472 0.03497793 0.21698061 
216.00000000 0.11923719 0.17055036 0.04179525 0.21071841 0.20652032 0.03499854 0.21617992 
217.00000000 0.12011905 0.17087513 0.04199381 0.21030908 0.20632018 0.03501932 0.21536345 
218.00000000 0.12099610 0.17120391 0.04219178 0.20990276 0.20613440 0.03504025 0.21453078 
219.00000000 0.12186835 0.17153640 0.04238920 0.20950006 0.20596309 0.03506136 0.21368154 
220.00000000 0.12273580 0.17187227 0.04258606 0.20910156 0.20580629 0.03508265 0.21281537 
221.00000000 0.12359847 0.17221121 0.04278237 0.20870779 0.20566405 0.03510411 0.21193200 
222.00000000 0.12445639 0.17255290 0.04297814 0.20831926 0.20553635 0.03512577 0.21103120 
223.00000000 0.12530960 0.17289703 0.04317337 0.20793643 0.20542316 0.03514762 0.21011278 
224.00000000 0.12615817 0.17324329 0.04336807 0.20755973 0.20532442 0.03516967 0.20917664 
225.00000000 0.12700216 0.17359137 0.04356224 0.20718956 0.20524000 0.03519195 0.20822272 
226.00000000 0.12784166 0.17394098 0.04375587 0.20682627 0.20516978 0.03521444 0.20725101 
227.00000000 0.12867674 0.17429183 0.04394897 0.20647017 0.20511355 0.03523717 0.20626158 
228.00000000 0.12950751 0.17464363 0.04414154 0.20612154 0.20507110 0.03526015 0.20525455 
229.00000000 0.13033406 0.17499611 0.04433356 0.20578062 0.20504216 0.03528337 0.20423011 
230.00000000 0.13115652 0.17534902 0.04452504 0.20544762 0.20502642 0.03530686 0.20318851 
231.00000000 0.13197499 0.17570210 0.04471597 0.20512270 0.20502355 0.03533062 0.20213007 
232.00000000 0.13278960 0.17605511 0.04490633 0.20480599 0.20503316 0.03535466 0.20105514 
233.00000000 0.13360048 0.17640783 0.04509613 0.20449758 0.20505482 0.03537900 0.19996417 
234.00000000 0.13440774 0.17676004 0.04528533 0.20419753 0.20508807 0.03540363 0.19885766 
235.00000000 0.13521153 0.17711154 0.04547394 0.20390587 0.20513242 0.03542856 0.19773614 
236.00000000 0.13601198 0.17746214 0.04566193 0.20362259 0.20518732 0.03545381 0.19660022 
237.00000000 0.13680922 0.17781167 0.04584929 0.20334765 0.20525222 0.03547939 0.19545057 
238.00000000 0.13760339 0.17815997 0.04603599 0.20308098 0.20532650 0.03550528 0.19428789 
239.00000000 0.13839462 0.17850690 0.04622202 0.20282248 0.20540952 0.03553151 0.19311295 
240.00000000 0.13918305 0.17885231 0.04640734 0.20257203 0.20550063 0.03555807 0.19192656 
241.00000000 0.13996881 0.17919610 0.04659195 0.20232947 0.20559913 0.03558497 0.19072956 
242.00000000 0.14075204 0.17953816 0.04677580 0.20209464 0.20570430 0.03561221 0.18952285 
243.00000000 0.14153285 0.17987840 0.04695888 0.20186733 0.20581539 0.03563980 0.18830735 
244.00000000 0.14231139 0.18021675 0.04714115 0.20164731 0.20593163 0.03566772 0.18708404 
245.00000000 0.14308777 0.18055315 0.04732259 0.20143436 0.20605225 0.03569599 0.18585390 
246.00000000 0.14386211 0.18088753 0.04750316 0.20122822 0.20617643 0.03572459 0.18461796 
247.00000000 0.14463453 0.18121988 0.04768283 0.20102861 0.20630336 0.03575353 0.18337725 
248.00000000 0.14540515 0.18155017 0.04786157 0.20083524 0.20643222 0.03578280 0.18213285 
249.00000000 0.14617407 0.18187839 0.04803934 0.20064781 0.20656216 0.03581241 0.18088583 
250.00000000 0.14694140 0.18220453 0.04821612 0.20046601 0.20669234 0.03584233 0.17963727 
251.00000000 0.14770724 0.18252862 0.04839186 0.20028951 0.20682192 0.03587256 0.17838829 
252.00000000 0.14847169 0.18285068 0.04856654 0.20011798 0.20695004 0.03590310 0.17713997 
253.00000000 0.14923483 0.18317074 0.04874012 0.19995110 0.20707585 0.03593394 0.17589342 
254.00000000 0.14999676 0.18348885 0.04891257 0.19978850 0.20719852 0.03596506 0.17464974 
255.00000000 0.15075754 0.18380506 0.04908386 0.19962985 0.20731721 0.03599646 0.17341002 
256.00000000 0.15151727 0.18411943 0.04925396 0.19947479 0.20743109 0.03602811 0.17217534 
257.00000000 0.15227601 0.18443204 0.04942283 0.19932298 0.20753936 0.03606001 0.17094676 
258.00000000 0.15303384 0.18474297 0.04959045 0.19917406 0.20764120 0.03609215 0.16972534 
259.00000000 0.15379080 0.18505230 0.04975679 0.19902768 0.20773584 0.03612450 0.16851209 
260.00000000 0.15454695 0.18536012 0.04992183 0.19888351 0.20782253 0.03615705 0.16730801 
261.00000000 0.15530236 0.18566652 0.05008555 0.19874120 0.20790051 0.03618978 0.16611409 
262.00000000 0.15605705 0.18597162 0.05024791 0.19860040 0.20796908 0.03622268 0.16493125 
263.00000000 0.15681109 0.18627552 0.05040892 0.19846080 0.20802754 0.03625572 0.16376042 
264.00000000 0.15756449 0.18657832 0.05056855 0.19832206 0.20807524 0.03628888 0.16260246 
265.00000000 0.15831729 0.18688013 0.05072679 0.19818388 0.20811155 0.03632214 0.16145822 
266.00000000 0.15906952 0.18718108 0.05088363 0.19804594 0.20813587 0.03635547 0.16032848 
267.00000000 0.15982120 0.18748128 0.05103907 0.19790795 0.20814764 0.03638886 0.15921400 
268.00000000 0.16057233 0.18778084 0.05119310 0.19776962 0.20814633 0.03642228 0.15811549 
269.00000000 0.16132294 0.18807987 0.05134574 0.19763068 0.20813144 0.03645571 0.15703361 
270.00000000 0.16207303 0.18837850 0.05149698 0.19749086 0.20810253 0.03648911 0.15596899 
271.00000000 0.16282260 0.18867683 0.05164683 0.19734991 0.20805918 0.03652246 0.15492218 
272.00000000 0.16357163 0.18897499 0.05179531 0.19720760 0.20800101 0.03655574 0.15389372 
273.00000000 0.16432013 0.18927306 0.05194244 0.19706370 0.20792769 0.03658891 0.15288407 
274.00000000 0.16506808 0.18957117 0.05208823 0.19691799 0.20783892 0.03662194 0.15189366 
275.00000000 0.16581546 0.18986942 0.05223272 0.19677028 0.20773446 0.03665482 0.15092285 
276.00000000 0.16656225 0.19016789 0.05237594 0.19662038 0.20761409 0.03668749 0.14997196 
277.00000000 0.16730841 0.19046668 0.05251791 0.19646813 0.20747764 0.03671994 0.14904128 
278.00000000 0.16805392 0.19076589 0.05265869 0.19631337 0.20732500 0.03675213 0.14813100 
279.00000000 0.16879873 0.19106559 0.05279831 0.19615596 0.20715607 0.03678403 0.14724132 
280.00000000 0.16954281 0.19136585 0.05293681 0.19599577 0.20697082 0.03681561 0.14637233 
281.00000000 0.17028611 0.19166674 0.05307426 0.19583269 0.20676925 0.03684683 0.14552413 
282.00000000 0.17102859 0.19196833 0.05321069 0.19566662 0.20655139 0.03687766 0.14469672 
283.00000000 0.17177017 0.19227066 0.05334618 0.19549748 0.20631733 0.03690807 0.14389009 
284.00000000 0.17251082 0.19257379 0.05348079 0.19532521 0.20606719 0.03693803 0.14310417 
285.00000000 0.17325047 0.19287776 0.05361457 0.19514974 0.20580113 0.03696749 0.14233885 
286.00000000 0.17398905 0.19318258 0.05374759 0.19497103 0.20551935 0.03699643 0.14159397 
287.00000000 0.17472651 0.19348828 0.05387993 0.19478907 0.20522207 0.03702480 0.14086934 
288.00000000 0.17546276 0.19379488 0.05401165 0.19460382 0.20490958 0.03705259 0.14016472 
289.00000000 0.17619775 0.19410237 0.05414283 0.19441529 0.20458216 0.03707975 0.13947984 
290.00000000 0.17693139 0.19441076 0.05427356 0.19422349 0.20424015 0.03710625 0.13881440 
291.00000000 0.17766362 0.19472003 0.05440389 0.19402845 0.20388392 0.03713206 0.13816804 
292.00000000 0.17839434 0.19503016 0.05453392 0.19383018 0.20351386 0.03715714 0.13754039 
293.00000000 0.17912350 0.19534112 0.05466373 0.19362874 0.20313040 0.03718146 0.13693106 
294.00000000 0.17985100 0.19565286 0.05479339 0.19342418 0.20273397 0.03720500 0.13633960 
295.00000000 0.18057678 0.19596534 0.05492298 0.19321656 0.20232506 0.03722772 0.13576556 
296.00000000 0.18130074 0.19627850 0.05505259 0.19300595 0.20190415 0.03724959 0.13520847 
297.00000000 0.18202282 0.19659228 0.05518230 0.19279244 0.20147176 0.03727058 0.13466781 
298.00000000 0.18274293 0.19690660 0.05531219 0.19257612 0.20102842 0.03729067 0.13414307 
299.00000000 0.18346099 0.19722139 0.05544233 0.19235707 0.20057468 0.03730982 0.13363371 
300.00000000 0.18417693 0.19753655 0.05557281 0.19213541 0.20011111 0.03732802 0.13313918 
301.00000000 0.18489068 0.19785199 0.05570369 0.19191123 0.19963827 0.03734524 0.13265890 
302.00000000 0.18560216 0.19816760 0.05583506 0.19168465 0.19915675 0.03736146 0.13219232 
303.00000000 0.18631130 0.19848328 0.05596698 0.19145580 0.19866715 0.03737665 0.13173884 
304.00000000 0.18701804 0.19879891 0.05609952 0.19122478 0.19817007 0.03739080 0.13129788 
305.00000000 0.18772230 0.19911437 0.05623274 0.19099174 0.19766612 0.03740389 0.13086885 
306.00000000 0.18842403 0.19942953 0.05636671 0.19075678 0.19715591 0.03741590 0.13045114 
307.00000000 0.18912317 0.19974426 0.05650149 0.19052004 0.19664004 0.03742682 0.13004417 
308.00000000 0.18981967 0.20005842 0.05663714 0.19028166 0.19611913 0.03743664 0.12964735 
309.00000000 0.19051347 0.20037188 0.05677369 0.19004175 0.19559378 0.03744535 0.12926008 
310.00000000 0.19120453 0.20068449 0.05691120 0.18980046 0.19506459 0.03745293 0.12888179 
311.00000000 0.19189280 0.20099610 0.05704972 0.18955791 0.19453218 0.03745939 0.12851190 
312.00000000 0.19257826 0.20130656 0.05718927 0.18931423 0.19399712 0.03746472 0.12814985 
313.00000000 0.19326086 0.20161573 0.05732989 0.18906954 0.19345999 0.03746891 0.12779508 
314.00000000 0.19394058 0.20192344 0.05747162 0.18882397 0.19292137 0.03747197 0.12744705 
315.00000000 0.19461739 0.20222954 0.05761447 0.18857764 0.19238182 0.03747390 0.12710524 
316.00000000 0.19529129 0.20253388 0.05775846 0.18833067 0.19184188 0.03747471 0.12676912 
317.00000000 0.19596225 0.20283630 0.05790360 0.18808316 0.19130209 0.03747439 0.12643821 
318.00000000 0.19663027 0.20313665 0.05804991 0.18783523 0.19076296 0.03747296 0.12611201 
319.00000000 0.19729534 0.20343478 0.05819739 0.18758699 0.19022498 0.03747044 0.12579008 
320.00000000 0.19795747 0.20373053 0.05834603 0.18733852 0.18968865 0.03746682 0.12547197 
321.00000000 0.19861667 0.20402375 0.05849584 0.18708992 0.18915443 0.03746214 0.12515725 
322.00000000 0.19927295 0.20431430 0.05864679 0.18684127 0.18862276 0.03745640 0.12484553 
323.00000000 0.19992633 0.20460202 0.05879888 0.18659267 0.18809407 0.03744962 0.12453642 
324.00000000 0.20057682 0.20488679 0.05895207 0.18634417 0.18756876 0.03744183 0.12422956 
325.00000000 0.20122446 0.20516846 0.05910636 0.18609585 0.18704721 0.03743304 0.12392461 
326.00000000 0.20186928 0.20544691 0.05926170 0.18584777 0.18652979 0.03742329 0.12362127 
327.00000000 0.20251130 0.20572199 0.05941807 0.18559997 0.18601684 0.03741260 0.12331923 
328.00000000 0.20315058 0.20599360 0.05957543 0.18535251 0.18550867 0.03740099 0.12301822 
329.00000000 0.20378716 0.20626161 0.05973374 0.18510543 0.18500558 0.03738849 0.12271801 
330.00000000 0.20442107 0.20652591 0.05989294 0.18485874 0.18450784 0.03737515 0.12241835 
331.00000000 0.20505237 0.20678640 0.06005301 0.18461249 0.18401571 0.03736098 0.12211904 
332.00000000 0.20568112 0.20704299 0.06021388 0.18436668 0.18352941 0.03734601 0.12181991 
333.00000000 0.20630737 0.20729557 0.06037550 0.18412133 0.18304914 0.03733030 0.12152079 
334.00000000 0.20693117 0.20754407 0.06053782 0.18387643 0.18257510 0.03731387 0.12122153 
335.00000000 0.20755259 0.20778841 0.06070078 0.18363199 0.18210745 0.03729675 0.12092202 
336.00000000 0.20817169 0.20802852 0.06086432 0.18338800 0.18164633 0.03727898 0.12062215 
337.00000000 0.20878853 0.20826434 0.06102838 0.18314444 0.18119185 0.03726061 0.12032184 
338.00000000 0.20940318 0.20849582 0.06119290 0.18290129 0.18074412 0.03724166 0.12002102 
339.00000000 0.21001570 0.20872291 0.06135782 0.18265852 0.18030321 0.03722218 0.11971964 
340.00000000 0.21062616 0.20894558 0.06152306 0.18241611 0.17986920 0.03720221 0.11941767 
341.00000000 0.21123463 0.20916379 0.06168858 0.18217400 0.17944212 0.03718178 0.11911509 
342.00000000 0.21184117 0.20937754 0.06185430 0.18193218 0.17902199 0.03716094 0.11881189 
343.00000000 0.21244585 0.20958679 0.06202016 0.18169057 0.17860882 0.03713972 0.11850809 
344.00000000 0.21304873 0.20979156 0.06218609 0.18144915 0.17820261 0.03711816 0.11820369 
345.00000000 0.21364988 0.20999183 0.06235205 0.18120786 0.17780333 0.03709630 0.11789874 
346.00000000 0.21424937 0.21018764 0.06251795 0.18096664 0.17741095 0.03707418 0.11759327 
347.00000000 0.21484725 0.21037899 0.06268376 0.18072544 0.17702539 0.03705183 0.11728734 
348.00000000 0.21544360 0.21056591 0.06284939 0.18048419 0.17664662 0.03702930 0.11698099 
349.00000000 0.21603845 0.21074844 0.06301481 0.18024285 0.17627453 0.03700662 0.11667430 
350.00000000 0.21663189 0.21092662 0.06317995 0.18000134 0.17590905 0.03698381 0.11636734 
351.00000000 0.21722395 0.21110049 0.06334477 0.17975962 0.17555007 0.03696093 0.11606017 
352.00000000 0.21781470 0.21127012 0.06350921 0.17951761 0.17519749 0.03693800 0.11575287 
353.00000000 0.21840417 0.21143556 0.06367322 0.17927527 0.17485119 0.03691506 0.11544553 
354.00000000 0.21899243 0.21159689 0.06383676 0.17903253 0.17451105 0.03689213 0.11513822 
355.00000000 0.21957952 0.21175417 0.06399979 0.17878933 0.17417693 0.03686925 0.11483103 
356.00000000 0.22016547 0.21190748 0.06416226 0.17854562 0.17384869 0.03684644 0.11452403 
357.00000000 0.22075032 0.21205692 0.06432415 0.17830136 0.17352621 0.03682374 0.11421731 
358.00000000 0.22133412 0.21220256 0.06448542 0.17805649 0.17320932 0.03680117 0.11391094 
359.00000000 0.22191688 0.21234450 0.06464603 0.17781096 0.17289789 0.03677876 0.11360499 
360.00000000 0.22249865 0.21248283 0.06480596 0.17756473 0.17259176 0.03675652 0.11329955 
361.00000000 0.22307945 0.21261766 0.06496518 0.17731777 0.17229077 0.03673449 0.11299467 
362.00000000 0.22365930 0.21274909 0.06512368 0.17707005 0.17199479 0.03671268 0.11269042 
363.00000000 0.22423821 0.21287722 0.06528143 0.17682152 0.17170365 0.03669112 0.11238684 
364.00000000 0.22481620 0.21300217 0.06543842 0.17657217 0.17141721 0.03666982 0.11208401 
365.00000000 0.22539329 0.21312403 0.06559464 0.17632198 0.17113531 0.03664880 0.11178195 
366.00000000 0.22596949 0.21324292 0.06575007 0.17607094 0.17085781 0.03662807 0.11148070 
367.00000000 0.22654479 0.21335896 0.06590471 0.17581903 0.17058455 0.03660765 0.11118031 
368.00000000 0.22711921 0.21347224 0.06605856 0.17556625 0.17031540 0.03658756 0.11088078 
369.00000000 0.22769273 0.21358290 0.06621161 0.17531261 0.17005022 0.03656780 0.11058213 
370.00000000 0.22826536 0.21369103 0.06636387 0.17505811 0.16978887 0.03654839 0.11028438 
371.00000000 0.22883709 0.21379674 0.06651533 0.17480276 0.16953122 0.03652933 0.10998753 
372.00000000 0.22940791 0.21390016 0.06666601 0.17454659 0.16927714 0.03651063 0.10969156 
373.00000000 0.22997781 0.21400138 0.06681590 0.17428961 0.16902652 0.03649231 0.10939647 
374.00000000 0.23054677 0.21410052 0.06696503 0.17403186 0.16877924 0.03647436 0.10910223 
375.00000000 0.23111477 0.21419768 0.06711340 0.17377337 0.16853519 0.03645679 0.10880881 
376.00000000 0.23168180 0.21429295 0.06726101 0.17351419 0.16829426 0.03643960 0.10851618 
377.00000000 0.23224784 0.21438646 0.06740790 0.17325436 0.16805636 0.03642281 0.10822429 
378.00000000 0.23281285 0.21447828 0.06755407 0.17299392 0.16782138 0.03640640 0.10793310 
379.00000000 0.23337682 0.21456853 0.06769953 0.17273294 0.16758925 0.03639039 0.10764254 
380.00000000 0.23393972 0.21465728 0.06784431 0.17247147 0.16735989 0.03637476 0.10735257 
381.00000000 0.23450152 0.21474463 0.06798842 0.17220958 0.16713321 0.03635953 0.10706310 
382.00000000 0.23506219 0.21483068 0.06813189 0.17194733 0.16690915 0.03634470 0.10677407 
383.00000000 0.23562170 0.21491549 0.06827472 0.17168479 0.16668765 0.03633025 0.10648540 
384.00000000 0.23618002 0.21499915 0.06841694 0.17142204 0.16646863 0.03631620 0.10619702 
385.00000000 0.23673712 0.21508174 0.06855856 0.17115916 0.16625206 0.03630253 0.10590883 
386.00000000 0.23729296 0.21516332 0.06869961 0.17089622 0.16603788 0.03628925 0.10562074 
387.00000000 0.23784752 0.21524398 0.06884011 0.17063331 0.16582605 0.03627636 0.10533268 
388.00000000 0.23840075 0.21532377 0.06898006 0.17037050 0.16561653 0.03626384 0.10504454 
389.00000000 0.23895263 0.21540276 0.06911949 0.17010789 0.16540928 0.03625171 0.10475623 
390.00000000 0.23950313 0.21548100 0.06925842 0.16984556 0.16520427 0.03623995 0.10446766 
391.00000000 0.24005220 0.21555856 0.06939686 0.16958360 0.16500147 0.03622857 0.10417873 
392.00000000 0.24059982 0.21563548 0.06953483 0.16932209 0.16480086 0.03621756 0.10388935 
393.00000000 0.24114597 0.21571182 0.06967234 0.16906112 0.16460242 0.03620692 0.10359942 
394.00000000 0.24169059 0.21578762 0.06980940 0.16880078 0.16440612 0.03619664 0.10330885 
395.00000000 0.24223368 0.21586292 0.06994603 0.16854115 0.16421194 0.03618673 0.10301755 
396.00000000 0.24277520 0.21593777 0.07008224 0.16828232 0.16401988 0.03617717 0.10272542 
397.00000000 0.24331511 0.21601220 0.07021803 0.16802437 0.16382991 0.03616798 0.10243240 
398.00000000 0.24385341 0.21608625 0.07035342 0.16776738 0.16364203 0.03615914 0.10213838 
399.00000000 0.24439005 0.21615995 0.07048841 0.16751143 0.16345621 0.03615066 0.10184329 
400.00000000 0.24492502 0.21623333 0.07062301 0.16725661 0.16327244 0.03614253 0.10154706 
401.00000000 0.24545829 0.21630642 0.07075723 0.16700298 0.16309071 0.03613475 0.10124962 
402.00000000 0.24598984 0.21637925 0.07089106 0.16675062 0.16291101 0.03612733 0.10095090 
403.00000000 0.24651965 0.21645184 0.07102451 0.16649959 0.16273331 0.03612025 0.10065085 
404.00000000 0.24704772 0.21652421 0.07115758 0.16624997 0.16255760 0.03611353 0.10034940 
405.00000000 0.24757400 0.21659639 0.07129027 0.16600181 0.16238386 0.03610715 0.10004652 
406.00000000 0.24809851 0.21666839 0.07142258 0.16575518 0.16221207 0.03610112 0.09974216 
407.00000000 0.24862121 0.21674024 0.07155450 0.16551012 0.16204221 0.03609544 0.09943628 
408.00000000 0.24914210 0.21681194 0.07168604 0.16526670 0.16187425 0.03609010 0.09912886 
409.00000000 0.24966117 0.21688353 0.07181718 0.16502495 0.16170816 0.03608512 0.09881989 
410.00000000 0.25017841 0.21695500 0.07194793 0.16478493 0.16154391 0.03608048 0.09850934 
411.00000000 0.25069381 0.21702638 0.07207827 0.16454666 0.16138147 0.03607619 0.09819721 
412.00000000 0.25120736 0.21709768 0.07220821 0.16431020 0.16122079 0.03607225 0.09788351 
413.00000000 0.25171907 0.21716892 0.07233772 0.16407556 0.16106184 0.03606866 0.09756824 
414.00000000 0.25222892 0.21724009 0.07246680 0.16384278 0.16090457 0.03606541 0.09725142 
415.00000000 0.25273692 0.21731123 0.07259545 0.16361187 0.16074893 0.03606252 0.09693308 
416.00000000 0.25324307 0.21738233 0.07272365 0.16338286 0.16059487 0.03605998 0.09661325 
417.00000000 0.25374736 0.21745341 0.07285140 0.16315576 0.16044232 0.03605778 0.09629197 
418.00000000 0.25424980 0.21752447 0.07297868 0.16293058 0.16029125 0.03605594 0.09596929 
419.00000000 0.25475038 0.21759554 0.07310549 0.16270733 0.16014156 0.03605444 0.09564526 
420.00000000 0.25524912 0.21766661 0.07323180 0.16248601 0.15999321 0.03605329 0.09531995 
421.00000000 0.25574601 0.21773770 0.07335763 0.16226662 0.15984612 0.03605249 0.09499342 
422.00000000 0.25624107 0.21780882 0.07348295 0.16204916 0.15970021 0.03605204 0.09466576 
423.00000000 0.25673429 0.21787997 0.07360775 0.16183362 0.15955540 0.03605194 0.09433704 
424.00000000 0.25722568 0.21795116 0.07373203 0.16161999 0.15941161 0.03605217 0.09400735 
425.00000000 0.25771526 0.21802241 0.07385578 0.16140825 0.15926876 0.03605275 0.09367679 
426.00000000 0.25820302 0.21809372 0.07397898 0.16119839 0.15912676 0.03605367 0.09334546 
427.00000000 0.25868897 0.21816510 0.07410163 0.16099039 0.15898552 0.03605493 0.09301346 
428.00000000 0.25917313 0.21823656 0.07422373 0.16078422 0.15884494 0.03605652 0.09268091 
429.00000000 0.25965549 0.21830810 0.07434527 0.16057986 0.15870493 0.03605844 0.09234792 
430.00000000 0.26013608 0.21837973 0.07446623 0.16037728 0.15856539 0.03606068 0.09201461 
431.00000000 0.26061489 0.21845146 0.07458662 0.16017645 0.15842622 0.03606325 0.09168110 
432.00000000 0.26109194 0.21852330 0.07470643 0.15997735 0.15828731 0.03606614 0.09134752 
433.00000000 0.26156724 0.21859526 0.07482566 0.15977993 0.15814857 0.03606934 0.09101400 
434.00000000 0.26204079 0.21866734 0.07494430 0.15958417 0.15800989 0.03607284 0.09068067 
435.00000000 0.26251260 0.21873954 0.07506236 0.15939002 0.15787117 0.03607664 0.09034767 
436.00000000 0.26298269 0.21881188 0.07517983 0.15919746 0.15773229 0.03608074 0.09001512 
437.00000000 0.26345106 0.21888435 0.07529671 0.15900643 0.15759316 0.03608512 0.08968317 
438.00000000 0.26391772 0.21895698 0.07541300 0.15881690 0.15745367 0.03608978 0.08935194 
439.00000000 0.26438268 0.21902976 0.07552872 0.15862882 0.15731372 0.03609472 0.08902159 
440.00000000 0.26484595 0.21910269 0.07564385 0.15844217 0.15717319 0.03609991 0.08869224 
441.00000000 0.26530754 0.21917579 0.07575841 0.15825689 0.15703199 0.03610536 0.08836402 
442.00000000 0.26576745 0.21924905 0.07587239 0.15807294 0.15689002 0.03611106 0.08803709 
443.00000000 0.26622570 0.21932249 0.07598581 0.15789028 0.15674718 0.03611699 0.08771155 
444.00000000 0.26668229 0.21939611 0.07609868 0.15770886 0.15660336 0.03612315 0.08738756 
445.00000000 0.26713724 0.21946990 0.07621099 0.15752865 0.15645847 0.03612953 0.08706523 
446.00000000 0.26759055 0.21954389 0.07632276 0.15734959 0.15631242 0.03613611 0.08674468 
447.00000000 0.26804223 0.21961806 0.07643400 0.15717165 0.15616512 0.03614289 0.08642605 
448.00000000 0.26849228 0.21969243 0.07654471 0.15699479 0.15601648 0.03614985 0.08610945 
449.00000000 0.26894073 0.21976700 0.07665492 0.15681895 0.15586642 0.03615699 0.08579499 
450.00000000 0.26938757 0.21984177 0.07676462 0.15664411 0.15571486 0.03616429 0.08548278 
451.00000000 0.26983281 0.21991674 0.07687384 0.15647021 0.15556172 0.03617175 0.08517293 
452.00000000 0.27027646 0.21999192 0.07698258 0.15629721 0.15540693 0.03617935 0.08486554 
453.00000000 0.27071853 0.22006732 0.07709086 0.15612508 0.15525042 0.03618708 0.08456071 
454.00000000 0.27115903 0.22014292 0.07719870 0.15595378 0.15509213 0.03619492 0.08425851 
455.00000000 0.27159796 0.22021874 0.07730609 0.15578327 0.15493200 0.03620288 0.08395905 
456.00000000 0.27203534 0.22029478 0.07741307 0.15561351 0.15476998 0.03621092 0.08366239 
457.00000000 0.27247117 0.22037104 0.07751965 0.15544446 0.15460601 0.03621906 0.08336861 
458.00000000 0.27290545 0.22044752 0.07762584 0.15527609 0.15444006 0.03622726 0.08307778 
459.00000000 0.27333820 0.22052422 0.07773165 0.15510836 0.15427207 0.03623553 0.08278996 
460.00000000 0.27376943 0.22060115 0.07783710 0.15494124 0.15410203 0.03624385 0.08250520 
461.00000000 0.27419913 0.22067830 0.07794221 0.15477470 0.15392991 0.03625221 0.08222355 
462.00000000 0.27462733 0.22075567 0.07804698 0.15460871 0.15375567 0.03626059 0.08194506 
463.00000000 0.27505401 0.22083327 0.07815145 0.15444323 0.15357930 0.03626899 0.08166975 
464.00000000 0.27547920 0.22091108 0.07825562 0.15427824 0.15340080 0.03627739 0.08139767 
465.00000000 0.27590290 0.22098912 0.07835950 0.15411371 0.15322015 0.03628579 0.08112882 
466.00000000 0.27632511 0.22106738 0.07846312 0.15394962 0.15303735 0.03629417 0.08086324 
467.00000000 0.27674585 0.22114586 0.07856649 0.15378594 0.15285241 0.03630252 0.08060093 
468.00000000 0.27716511 0.22122455 0.07866961 0.15362265 0.15266535 0.03631083 0.08034190 
469.00000000 0.27758290 0.22130346 0.07877251 0.15345972 0.15247616 0.03631910 0.08008615 
470.00000000 0.27799923 0.22138257 0.07887520 0.15329714 0.15228488 0.03632731 0.07983367 
471.00000000 0.27841411 0.22146188 0.07897770 0.15313488 0.15209153 0.03633545 0.07958445 
472.00000000 0.27882754 0.22154139 0.07908001 0.15297294 0.15189614 0.03634351 0.07933848 
473.00000000 0.27923952 0.22162109 0.07918215 0.15281128 0.15169875 0.03635148 0.07909573 
474.00000000 0.27965006 0.22170097 0.07928414 0.15264991 0.15149939 0.03635935 0.07885618 
475.00000000 0.28005916 0.22178102 0.07938597 0.15248880 0.15129812 0.03636712 0.07861980 
476.00000000 0.28046683 0.22186124 0.07948768 0.15232795 0.15109498 0.03637478 0.07838655 
477.00000000 0.28087307 0.22194162 0.07958926 0.15216735 0.15089002 0.03638231 0.07815639 
478.00000000 0.28127788 0.22202214 0.07969072 0.15200697 0.15068331 0.03638970 0.07792928 
479.00000000 0.28168127 0.22210279 0.07979209 0.15184683 0.15047490 0.03639696 0.07770516 
480.00000000 0.28208323 0.22218356 0.07989336 0.15168691 0.15026486 0.03640407 0.07748400 
481.00000000 0.28248378 0.22226445 0.07999455 0.15152721 0.15005327 0.03641103 0.07726572 
482.00000000 0.28288291 0.22234542 0.08009566 0.15136772 0.14984018 0.03641782 0.07705029 
483.00000000 0.28328062 0.22242647 0.08019671 0.15120845 0.14962569 0.03642444 0.07683762 
484.00000000 0.28367692 0.22250757 0.08029769 0.15104939 0.14940985 0.03643089 0.07662767 
485.00000000 0.28407181 0.22258873 0.08039863 0.15089054 0.14919277 0.03643716 0.07642037 
486.00000000 0.28446528 0.22266990 0.08049952 0.15073190 0.14897451 0.03644324 0.07621565 
487.00000000 0.28485734 0.22275108 0.08060038 0.15057348 0.14875516 0.03644913 0.07601343 
488.00000000 0.28524799 0.22283224 0.08070120 0.15041528 0.14853482 0.03645482 0.07581365 
489.00000000 0.28563723 0.22291337 0.08080199 0.15025730 0.14831356 0.03646031 0.07561624 
490.00000000 0.28602506 0.22299444 0.08090276 0.15009956 0.14809147 0.03646559 0.07542112 
491.00000000 0.28641148 0.22307543 0.08100351 0.14994205 0.14786865 0.03647066 0.07522822 
492.00000000 0.28679648 0.22315631 0.08110425 0.14978478 0.14764519 0.03647552 0.07503746 
493.00000000 0.28718008 0.22323707 0.08120498 0.14962776 0.14742118 0.03648016 0.07484877 
494.00000000 0.28756227 0.22331767 0.08130570 0.14947100 0.14719670 0.03648458 0.07466207 
495.00000000 0.28794305 0.22339810 0.08140642 0.14931451 0.14697185 0.03648878 0.07447728 
496.00000000 0.28832242 0.22347832 0.08150714 0.14915830 0.14674673 0.03649276 0.07429434 
497.00000000 0.28870039 0.22355831 0.08160785 0.14900237 0.14652141 0.03649651 0.07411316 
498.00000000 0.28907695 0.22363805 0.08170857 0.14884673 0.14629599 0.03650004 0.07393366 
499.00000000 0.28945210 0.22371751 0.08180929 0.14869140 0.14607057 0.03650335 0.07375578 
500.00000000 0.28982585 0.22379666 0.08191002 0.14853638 0.14584521 0.03650643 0.07357944 
501.00000000 0.29019819 0.22387548 0.08201075 0.14838169 0.14562002 0.03650929 0.07340458 
502.00000000 0.29056914 0.22395393 0.08211149 0.14822733 0.14539508 0.03651193 0.07323110 
503.00000000 0.29093869 0.22403200 0.08221223 0.14807332 0.14517046 0.03651435 0.07305896 
504.00000000 0.29130684 0.22410966 0.08231297 0.14791966 0.14494624 0.03651655 0.07288808 
505.00000000 0.29167361 0.22418687 0.08241372 0.14776636 0.14472251 0.03651854 0.07271839 
506.00000000 0.29203899 0.22426363 0.08251447 0.14761343 0.14449934 0.03652032 0.07254982 
507.00000000 0.29240299 0.22433989 0.08261522 0.14746089 0.14427680 0.03652188 0.07238233 
508.00000000 0.29276561 0.22441564 0.08271597 0.14730873 0.14405497 0.03652325 0.07221583 
509.00000000 0.29312686 0.22449086 0.08281671 0.14715696 0.14383390 0.03652442 0.07205029 
510.00000000 0.29348674 0.22456551 0.08291745 0.14700560 0.14361367 0.03652540 0.07188563 
511.00000000 0.29384526 0.22463958 0.08301819 0.14685464 0.14339434 0.03652619 0.07172180 
512.00000000 0.29420244 0.22471304 0.08311891 0.14670410 0.14317595 0.03652680 0.07155876 
513.00000000 0.29455826 0.22478588 0.08321961 0.14655398 0.14295858 0.03652724 0.07139644 
514.00000000 0.29491275 0.22485808 0.08332030 0.14640428 0.14274227 0.03652751 0.07123481 
515.00000000 0.29526592 0.22492961 0.08342097 0.14625500 0.14252706 0.03652762 0.07107382 
516.00000000 0.29561776 0.22500045 0.08352161 0.14610615 0.14231301 0.03652758 0.07091343 
517.00000000 0.29596829 0.22507060 0.08362222 0.14595773 0.14210016 0.03652740 0.07075360 
518.00000000 0.29631752 0.22514004 0.08372279 0.14580973 0.14188854 0.03652709 0.07059429 
519.00000000 0.29666546 0.22520874 0.08382332 0.14566217 0.14167820 0.03652664 0.07043546 
520.00000000 0.29701212 0.22527670 0.08392381 0.14551504 0.14146915 0.03652608 0.07027709 
521.00000000 0.29735751 0.22534391 0.08402424 0.14536833 0.14126144 0.03652542 0.07011914 
522.00000000 0.29770165 0.22541035 0.08412462 0.14522205 0.14105508 0.03652465 0.06996160 
523.00000000 0.29804453 0.22547601 0.08422493 0.14507619 0.14085011 0.03652380 0.06980443 
524.00000000 0.29838617 0.22554089 0.08432517 0.14493075 0.14064653 0.03652287 0.06964762 
525.00000000 0.29872659 0.22560498 0.08442533 0.14478572 0.14044437 0.03652187 0.06949114 
526.00000000 0.29906580 0.22566827 0.08452541 0.14464110 0.14024363 0.03652081 0.06933499 
527.00000000 0.29940380 0.22573076 0.08462540 0.14449688 0.14004434 0.03651970 0.06917914 
528.00000000 0.29974060 0.22579244 0.08472529 0.14435305 0.13984649 0.03651855 0.06902359 
529.00000000 0.30007623 0.22585331 0.08482507 0.14420961 0.13965009 0.03651737 0.06886833 
530.00000000 0.30041068 0.22591336 0.08492473 0.14406656 0.13945514 0.03651618 0.06871335 
531.00000000 0.30074398 0.22597261 0.08502428 0.14392387 0.13926164 0.03651497 0.06855865 
532.00000000 0.30107612 0.22603105 0.08512369 0.14378155 0.13906960 0.03651376 0.06840422 
533.00000000 0.30140713 0.22608867 0.08522297 0.14363959 0.13887900 0.03651256 0.06825007 
534.00000000 0.30173701 0.22614549 0.08532210 0.14349797 0.13868984 0.03651138 0.06809620 
535.00000000 0.30206577 0.22620150 0.08542107 0.14335669 0.13850211 0.03651023 0.06794262 
536.00000000 0.30239342 0.22625672 0.08551988 0.14321574 0.13831580 0.03650912 0.06778932 
537.00000000 0.30271997 0.22631114 0.08561852 0.14307511 0.13813090 0.03650805 0.06763632 
538.00000000 0.30304542 0.22636477 0.08571698 0.14293478 0.13794739 0.03650704 0.06748362 
539.00000000 0.30336980 0.22641762 0.08581524 0.14279476 0.13776526 0.03650609 0.06733124 
540.00000000 0.30369309 0.22646970 0.08591331 0.14265502 0.13758449 0.03650521 0.06717918 
541.00000000 0.30401532 0.22652102 0.08601117 0.14251557 0.13740506 0.03650440 0.06702746 
542.00000000 0.30433648 0.22657158 0.08610882 0.14237639 0.13722696 0.03650368 0.06687609 
543.00000000 0.30465659 0.22662139 0.08620624 0.14223747 0.13705016 0.03650305 0.06672509 
544.00000000 0.30497565 0.22667047 0.08630344 0.14209880 0.13687465 0.03650252 0.06657446 
545.00000000 0.30529367 0.22671882 0.08640039 0.14196039 0.13670041 0.03650210 0.06642423 
546.00000000 0.30561064 0.22676646 0.08649710 0.14182221 0.13652740 0.03650178 0.06627441 
547.00000000 0.30592658 0.22681340 0.08659355 0.14168426 0.13635562 0.03650158 0.06612501 
548.00000000 0.30624149 0.22685965 0.08668973 0.14154653 0.13618504 0.03650150 0.06597605 
549.00000000 0.30655537 0.22690522 0.08678565 0.14140903 0.13601563 0.03650154 0.06582755 
550.00000000 0.30686823 0.22695013 0.08688129 0.14127173 0.13584738 0.03650171 0.06567952 
551.00000000 0.30718006 0.22699438 0.08697665 0.14113464 0.13568026 0.03650202 0.06553198 
552.00000000 0.30749088 0.22703800 0.08707172 0.14099775 0.13551426 0.03650246 0.06538494 
553.00000000 0.30780068 0.22708099 0.08716650 0.14086106 0.13534934 0.03650304 0.06523841 
554.00000000 0.30810946 0.22712337 0.08726097 0.14072456 0.13518549 0.03650376 0.06509241 
555.00000000 0.30841722 0.22716514 0.08735514 0.14058825 0.13502268 0.03650462 0.06494694 
556.00000000 0.30872397 0.22720634 0.08744900 0.14045213 0.13486090 0.03650563 0.06480203 
557.00000000 0.30902971 0.22724696 0.08754255 0.14031619 0.13470013 0.03650678 0.06465768 
558.00000000 0.30933443 0.22728702 0.08763578 0.14018043 0.13454035 0.03650808 0.06451391 
559.00000000 0.30963814 0.22732654 0.08772868 0.14004486 0.13438153 0.03650954 0.06437071 
560.00000000 0.30994083 0.22736553 0.08782126 0.13990948 0.13422366 0.03651114 0.06422810 
561.00000000 0.31024251 0.22740400 0.08791352 0.13977427 0.13406673 0.03651289 0.06408608 
562.00000000 0.31054318 0.22744197 0.08800544 0.13963925 0.13391071 0.03651478 0.06394467 
563.00000000 0.31084283 0.22747944 0.08809704 0.13950442 0.13375559 0.03651683 0.06380385 
564.00000000 0.31114146 0.22751643 0.08818830 0.13936978 0.13360136 0.03651903 0.06366364 
565.00000000 0.31143908 0.22755296 0.08827923 0.13923532 0.13344800 0.03652137 0.06352403 
566.00000000 0.31173568 0.22758903 0.08836984 0.13910107 0.13329550 0.03652386 0.06338503 
567.00000000 0.31203126 0.22762467 0.08846011 0.13896701 0.13314385 0.03652649 0.06324662 
568.00000000 0.31232582 0.22765987 0.08855005 0.13883315 0.13299303 0.03652927 0.06310882 
569.00000000 0.31261936 0.22769466 0.08863966 0.13869950 0.13284303 0.03653219 0.06297162 
570.00000000 0.31291187 0.22772903 0.08872894 0.13856606 0.13269385 0.03653525 0.06283500 
571.00000000 0.31320337 0.22776302 0.08881790 0.13843284 0.13254547 0.03653844 0.06269897 
572.00000000 0.31349383 0.22779662 0.08890654 0.13829984 0.13239789 0.03654177 0.06256351 
573.00000000 0.31378328 0.22782984 0.08899486 0.13816707 0.13225110 0.03654523 0.06242862 
574.00000000 0.31407170 0.22786271 0.08908286 0.13803454 0.13210509 0.03654883 0.06229428 
575.00000000 0.31435909 0.22789522 0.08917055 0.13790225 0.13195986 0.03655255 0.06216049 
576.00000000 0.31464546 0.22792738 0.08925794 0.13777020 0.13181539 0.03655639 0.06202723 
577.00000000 0.31493079 0.22795922 0.08934502 0.13763842 0.13167170 0.03656036 0.06189450 
578.00000000 0.31521510 0.22799072 0.08943180 0.13750690 0.13152876 0.03656445 0.06176227 
579.00000000 0.31549838 0.22802191 0.08951829 0.13737564 0.13138658 0.03656865 0.06163053 
580.00000000 0.31578064 0.22805279 0.08960450 0.13724467 0.13124516 0.03657297 0.06149928 
581.00000000 0.31606186 0.22808337 0.08969042 0.13711398 0.13110448 0.03657740 0.06136849 
582.00000000 0.31634205 0.22811366 0.08977606 0.13698358 0.13096455 0.03658193 0.06123815 
583.00000000 0.31662122 0.22814366 0.08986144 0.13685349 0.13082537 0.03658658 0.06110824 
584.00000000 0.31689936 0.22817339 0.08994655 0.13672370 0.13068693 0.03659132 0.06097876 
585.00000000 0.31717647 0.22820284 0.09003140 0.13659423 0.13054924 0.03659616 0.06084967 
586.00000000 0.31745255 0.22823203 0.09011599 0.13646508 0.13041228 0.03660110 0.06072098 
587.00000000 0.31772760 0.22826095 0.09020035 0.13633625 0.13027606 0.03660613 0.06059265 
588.00000000 0.31800163 0.22828963 0.09028446 0.13620777 0.13014058 0.03661125 0.06046469 
589.00000000 0.31827464 0.22831805 0.09036833 0.13607963 0.13000583 0.03661646 0.06033706 
590.00000000 0.31854662 0.22834624 0.09045198 0.13595184 0.12987181 0.03662175 0.06020977 
591.00000000 0.31881757 0.22837418 0.09053541 0.13582441 0.12973852 0.03662713 0.06008279 
592.00000000 0.31908750 0.22840189 0.09061862 0.13569734 0.12960596 0.03663258 0.05995611 
593.00000000 0.31935642 0.22842937 0.09070161 0.13557064 0.12947413 0.03663811 0.05982972 
594.00000000 0.31962431 0.22845663 0.09078441 0.13544431 0.12934302 0.03664372 0.05970360 
595.00000000 0.31989119 0.22848367 0.09086700 0.13531837 0.12921263 0.03664939 0.05957776 
596.00000000 0.32015705 0.22851049 0.09094940 0.13519281 0.12908295 0.03665514 0.05945217 
597.00000000 0.32042189 0.22853710 0.09103160 0.13506764 0.12895399 0.03666095 0.05932682 
598.00000000 0.32068572 0.22856349 0.09111362 0.13494287 0.12882574 0.03666683 0.05920172 
599.00000000 0.32094855 0.22858969 0.09119546 0.13481850 0.12869819 0.03667277 0.05907685 
600.00000000 0.32121036 0.22861567 0.09127712 0.13469454 0.12857134 0.03667876 0.05895220 
601.00000000 0.32147117 0.22864146 0.09135861 0.13457098 0.12844518 0.03668482 0.05882778 
602.00000000 0.32173098 0.22866705 0.09143993 0.13444783 0.12831970 0.03669094 0.05870357 
603.00000000 0.32198978 0.22869244 0.09152108 0.13432510 0.12819491 0.03669710 0.05857958 
604.00000000 0.32224759 0.22871765 0.09160207 0.13420279 0.12807079 0.03670332 0.05845580 
605.00000000 0.32250440 0.22874266 0.09168289 0.13408089 0.12794733 0.03670960 0.05833223 
606.00000000 0.32276022 0.22876749 0.09176355 0.13395942 0.12782453 0.03671592 0.05820887 
607.00000000 0.32301505 0.22879213 0.09184406 0.13383837 0.12770238 0.03672229 0.05808573 
608.00000000 0.32326889 0.22881659 0.09192441 0.13371775 0.12758086 0.03672870 0.05796281 
609.00000000 0.32352175 0.22884087 0.09200460 0.13359755 0.12745996 0.03673516 0.05784011 
610.00000000 0.32377362 0.22886497 0.09208464 0.13347778 0.12733968 0.03674167 0.05771763 
611.00000000 0.32402453 0.22888890 0.09216452 0.13335843 0.12722001 0.03674822 0.05759539 
612.00000000 0.32427445 0.22891266 0.09224426 0.13323951 0.12710092 0.03675481 0.05747339 
613.00000000 0.32452341 0.22893624 0.09232383 0.13312101 0.12698241 0.03676144 0.05735164 
614.00000000 0.32477140 0.22895966 0.09240326 0.13300294 0.12686447 0.03676811 0.05723015 
615.00000000 0.32501843 0.22898291 0.09248252 0.13288530 0.12674708 0.03677483 0.05710893 
616.00000000 0.32526450 0.22900600 0.09256164 0.13276808 0.12663022 0.03678158 0.05698799 
617.00000000 0.32550962 0.22902893 0.09264059 0.13265127 0.12651389 0.03678836 0.05686733 
618.00000000 0.32575378 0.22905170 0.09271939 0.13253489 0.12639806 0.03679519 0.05674699 
619.00000000 0.32599700 0.22907432 0.09279803 0.13241892 0.12628272 0.03680205 0.05662696 
620.00000000 0.32623928 0.22909678 0.09287650 0.13230337 0.12616785 0.03680895 0.05650726 
621.00000000 0.32648061 0.22911909 0.09295482 0.13218823 0.12605345 0.03681589 0.05638792 
622.00000000 0.32672101 0.22914125 0.09303296 0.13207349 0.12593948 0.03682286 0.05626893 
623.00000000 0.32696049 0.22916327 0.09311095 0.13195916 0.12582594 0.03682987 0.05615032 
624.00000000 0.32719903 0.22918515 0.09318876 0.13184523 0.12571281 0.03683691 0.05603210 
625.00000000 0.32743665 0.22920688 0.09326640 0.13173170 0.12560007 0.03684399 0.05591430 
626.00000000 0.32767336 0.22922847 0.09334387 0.13161856 0.12548770 0.03685111 0.05579692 
627.00000000 0.32790915 0.22924993 0.09342117 0.13150581 0.12537569 0.03685826 0.05567999 
628.00000000 0.32814404 0.22927126 0.09349829 0.13139345 0.12526401 0.03686544 0.05556352 
629.00000000 0.32837802 0.22929246 0.09357522 0.13128146 0.12515266 0.03687266 0.05544752 
630.00000000 0.32861109 0.22931353 0.09365198 0.13116985 0.12504161 0.03687991 0.05533203 
631.00000000 0.32884327 0.22933447 0.09372855 0.13105861 0.12493085 0.03688720 0.05521704 
632.00000000 0.32907456 0.22935529 0.09380494 0.13094773 0.12482035 0.03689453 0.05510259 
633.00000000 0.32930496 0.22937600 0.09388114 0.13083722 0.12471011 0.03690189 0.05498868 
634.00000000 0.32953448 0.22939658 0.09395716 0.13072706 0.12460011 0.03690928 0.05487533 
635.00000000 0.32976311 0.22941705 0.09403298 0.13061725 0.12449033 0.03691671 0.05476256 
636.00000000 0.32999087 0.22943741 0.09410861 0.13050779 0.12438076 0.03692417 0.05465039 
637.00000000 0.33021776 0.22945766 0.09418405 0.13039867 0.12427137 0.03693167 0.05453882 
638.00000000 0.33044377 0.22947780 0.09425930 0.13028988 0.12416217 0.03693920 0.05442789 
639.00000000 0.33066892 0.22949783 0.09433435 0.13018142 0.12405312 0.03694677 0.05431759 
640.00000000 0.33089321 0.22951777 0.09440921 0.13007329 0.12394422 0.03695437 0.05420794 
641.00000000 0.33111664 0.22953760 0.09448387 0.12996547 0.12383545 0.03696200 0.05409896 
642.00000000 0.33133922 0.22955733 0.09455834 0.12985797 0.12372681 0.03696966 0.05399066 
643.00000000 0.33156094 0.22957697 0.09463262 0.12975078 0.12361828 0.03697736 0.05388305 
644.00000000 0.33178181 0.22959652 0.09470670 0.12964390 0.12350984 0.03698509 0.05377614 
645.00000000 0.33200184 0.22961597 0.09478059 0.12953731 0.12340150 0.03699286 0.05366994 
646.00000000 0.33222103 0.22963533 0.09485428 0.12943102 0.12329323 0.03700065 0.05356446 
647.00000000 0.33243937 0.22965461 0.09492779 0.12932502 0.12318504 0.03700848 0.05345970 
648.00000000 0.33265688 0.22967380 0.09500110 0.12921930 0.12307690 0.03701633 0.05335569 
649.00000000 0.33287356 0.22969290 0.09507423 0.12911386 0.12296882 0.03702421 0.05325242 
650.00000000 0.33308940 0.22971192 0.09514717 0.12900871 0.12286078 0.03703213 0.05314989 
651.00000000 0.33330441 0.22973086 0.09521993 0.12890382 0.12275279 0.03704007 0.05304812 
652.00000000 0.33351860 0.22974972 0.09529250 0.12879921 0.12264483 0.03704803 0.05294710 
653.00000000 0.33373196 0.22976850 0.09536490 0.12869486 0.12253691 0.03705602 0.05284685 
654.00000000 0.33394451 0.22978720 0.09543712 0.12859077 0.12242901 0.03706404 0.05274735 
655.00000000 0.33415623 0.22980583 0.09550917 0.12848694 0.12232114 0.03707208 0.05264862 
656.00000000 0.33436713 0.22982438 0.09558104 0.12838336 0.12221330 0.03708014 0.05255065 
657.00000000 0.33457722 0.22984285 0.09565275 0.12828004 0.12210547 0.03708822 0.05245344 
658.00000000 0.33478650 0.22986125 0.09572430 0.12817697 0.12199767 0.03709632 0.05235700 
659.00000000 0.33499496 0.22987958 0.09579568 0.12807415 0.12188989 0.03710444 0.05226130 
660.00000000 0.33520262 0.22989783 0.09586691 0.12797157 0.12178214 0.03711257 0.05216636 
661.00000000 0.33540947 0.22991601 0.09593798 0.12786923 0.12167441 0.03712072 0.05207217 
662.00000000 0.33561552 0.22993412 0.09600891 0.12776714 0.12156671 0.03712888 0.05197872 
663.00000000 0.33582076 0.22995216 0.09607969 0.12766529 0.12145904 0.03713706 0.05188601 
664.00000000 0.33602520 0.22997012 0.09615032 0.12756367 0.12135141 0.03714524 0.05179402 
665.00000000 0.33622885 0.22998802 0.09622082 0.12746230 0.12124383 0.03715343 0.05170276 
666.00000000 0.33643169 0.23000584 0.09629118 0.12736116 0.12113629 0.03716163 0.05161221 
667.00000000 0.33663374 0.23002358 0.09636142 0.12726025 0.12102880 0.03716984 0.05152236 
668.00000000 0.33683500 0.23004126 0.09643152 0.12715959 0.12092137 0.03717804 0.05143321 
669.00000000 0.33703547 0.23005886 0.09650150 0.12705915 0.12081402 0.03718625 0.05134474 
670.00000000 0.33723515 0.23007638 0.09657137 0.12695896 0.12070673 0.03719446 0.05125695 
671.00000000 0.33743404 0.23009383 0.09664111 0.12685900 0.12059953 0.03720267 0.05116981 
672.00000000 0.33763215 0.23011121 0.09671075 0.12675927 0.12049242 0.03721088 0.05108333 
673.00000000 0.33782947 0.23012850 0.09678027 0.12665978 0.12038542 0.03721908 0.05099748 
674.00000000 0.33802602 0.23014572 0.09684968 0.12656053 0.12027852 0.03722727 0.05091226 
675.00000000 0.33822178 0.23016286 0.09691900 0.12646152 0.12017175 0.03723545 0.05082765 
676.00000000 0.33841677 0.23017991 0.09698821 0.12636274 0.12006511 0.03724363 0.05074363 
677.00000000 0.33861098 0.23019688 0.09705733 0.12626421 0.11995860 0.03725179 0.05066020 
678.00000000 0.33880443 0.23021377 0.09712635 0.12616592 0.11985225 0.03725994 0.05057735 
679.00000000 0.33899710 0.23023056 0.09719527 0.12606787 0.11974607 0.03726808 0.05049505 
680.00000000 0.33918900 0.23024727 0.09726411 0.12597007 0.11964006 0.03727621 0.05041329 
681.00000000 0.33938014 0.23026389 0.09733286 0.12587251 0.11953423 0.03728431 0.05033206 
682.00000000 0.33957051 0.23028041 0.09740152 0.12577520 0.11942860 0.03729240 0.05025135 
683.00000000 0.33976012 0.23029684 0.09747010 0.12567815 0.11932318 0.03730047 0.05017114 
684.00000000 0.33994898 0.23031317 0.09753859 0.12558134 0.11921798 0.03730852 0.05009142 
685.00000000 0.34013708 0.23032940 0.09760700 0.12548479 0.11911301 0.03731655 0.05001217 
686.00000000 0.34032442 0.23034552 0.09767533 0.12538850 0.11900828 0.03732456 0.04993339 
687.00000000 0.34051101 0.23036154 0.09774357 0.12529247 0.11890380 0.03733255 0.04985506 
688.00000000 0.34069685 0.23037745 0.09781174 0.12519669 0.11879959 0.03734052 0.04977716 
689.00000000 0.34088195 0.23039325 0.09787983 0.12510118 0.11869565 0.03734846 0.04969968 
690.00000000 0.34106630 0.23040893 0.09794784 0.12500594 0.11859200 0.03735638 0.04962261 
691.00000000 0.34124990 0.23042449 0.09801577 0.12491097 0.11848864 0.03736428 0.04954594 
692.00000000 0.34143277 0.23043994 0.09808362 0.12481626 0.11838560 0.03737215 0.04946966 
693.00000000 0.34161490 0.23045526 0.09815139 0.12472183 0.11828286 0.03738000 0.04939376 
694.00000000 0.34179630 0.23047045 0.09821908 0.12462767 0.11818046 0.03738783 0.04931822 
695.00000000 0.34197696 0.23048551 0.09828669 0.12453378 0.11807839 0.03739563 0.04924303 
696.00000000 0.34215690 0.23050044 0.09835422 0.12444018 0.11797666 0.03740341 0.04916819 
697.00000000 0.34233611 0.23051524 0.09842166 0.12434685 0.11787529 0.03741117 0.04909368 
698.00000000 0.34251459 0.23052990 0.09848902 0.12425381 0.11777428 0.03741890 0.04901950 
699.00000000 0.34269235 0.23054441 0.09855630 0.12416105 0.11767364 0.03742661 0.04894564 
700.00000000 0.34286939 0.23055878 0.09862349 0.12406858 0.11757337 0.03743431 0.04887208 
701.00000000 0.34304572 0.23057301 0.09869059 0.12397639 0.11747349 0.03744198 0.04879882 
702.00000000 0.34322133 0.23058708 0.09875761 0.12388449 0.11737400 0.03744963 0.04872586 
703.00000000 0.34339624 0.23060101 0.09882453 0.12379288 0.11727490 0.03745727 0.04865318 
704.00000000 0.34357043 0.23061477 0.09889136 0.12370156 0.11717621 0.03746488 0.04858078 
705.00000000 0.34374392 0.23062839 0.09895810 0.12361053 0.11707792 0.03747249 0.04850866 
706.00000000 0.34391670 0.23064184 0.09902474 0.12351980 0.11698005 0.03748007 0.04843680 
707.00000000 0.34408879 0.23065513 0.09909128 0.12342936 0.11688259 0.03748764 0.04836521 
708.00000000 0.34426018 0.23066826 0.09915772 0.12333921 0.11678555 0.03749520 0.04829387 
709.00000000 0.34443088 0.23068122 0.09922406 0.12324936 0.11668894 0.03750275 0.04822279 
710.00000000 0.34460088 0.23069402 0.09929030 0.12315980 0.11659275 0.03751029 0.04815196 
711.00000000 0.34477020 0.23070665 0.09935643 0.12307054 0.11649699 0.03751782 0.04808137 
712.00000000 0.34493883 0.23071911 0.09942246 0.12298157 0.11640167 0.03752534 0.04801102 
713.00000000 0.34510677 0.23073140 0.09948837 0.12289290 0.11630677 0.03753286 0.04794092 
714.00000000 0.34527404 0.23074352 0.09955418 0.12280452 0.11621231 0.03754038 0.04787105 
715.00000000 0.34544064 0.23075546 0.09961987 0.12271644 0.11611828 0.03754789 0.04780142 
716.00000000 0.34560655 0.23076724 0.09968545 0.12262865 0.11602469 0.03755540 0.04773202 
717.00000000 0.34577180 0.23077884 0.09975091 0.12254116 0.11593153 0.03756291 0.04766285 
718.00000000 0.34593638 0.23079026 0.09981626 0.12245396 0.11583881 0.03757043 0.04759391 
719.00000000 0.34610030 0.23080151 0.09988148 0.12236705 0.11574651 0.03757794 0.04752520 
720.00000000 0.34626355 0.23081259 0.09994659 0.12228043 0.11565465 0.03758547 0.04745672 
721.00000000 0.34642615 0.23082349 0.10001157 0.12219411 0.11556322 0.03759300 0.04738847 
722.00000000 0.34658809 0.23083422 0.10007643 0.12210807 0.11547222 0.03760054 0.04732044 
723.00000000 0.34674937 0.23084477 0.10014116 0.12202233 0.11538165 0.03760809 0.04725264 
724.00000000 0.34691001 0.23085515 0.10020577 0.12193687 0.11529149 0.03761565 0.04718506 
725.00000000 0.34707000 0.23086536 0.10027025 0.12185170 0.11520176 0.03762322 0.04711771 
726.00000000 0.34722935 0.23087540 0.10033460 0.12176681 0.11511245 0.03763081 0.04705059 
727.00000000 0.34738805 0.23088527 0.10039882 0.12168221 0.11502355 0.03763841 0.04698370 
728.00000000 0.34754611 0.23089497 0.10046291 0.12159789 0.11493506 0.03764603 0.04691703 
729.00000000 0.34770354 0.23090450 0.10052687 0.12151385 0.11484698 0.03765367 0.04685059 
730.00000000 0.34786034 0.23091387 0.10059070 0.12143009 0.11475930 0.03766133 0.04678438 
731.00000000 0.34801651 0.23092307 0.10065439 0.12134661 0.11467203 0.03766900 0.04671840 
732.00000000 0.34817204 0.23093210 0.10071796 0.12126340 0.11458515 0.03767670 0.04665264 
733.00000000 0.34832696 0.23094098 0.10078138 0.12118048 0.11449866 0.03768442 0.04658712 
734.00000000 0.34848125 0.23094970 0.10084468 0.12109782 0.11441256 0.03769217 0.04652183 
735.00000000 0.34863492 0.23095825 0.10090784 0.12101544 0.11432684 0.03769994 0.04645677 
736.00000000 0.34878797 0.23096666 0.10097087 0.12093334 0.11424150 0.03770773 0.04639195 
737.00000000 0.34894041 0.23097490 0.10103376 0.12085150 0.11415654 0.03771555 0.04632735 
738.00000000 0.34909223 0.23098300 0.10109651 0.12076993 0.11407194 0.03772339 0.04626300 
739.00000000 0.34924344 0.23099094 0.10115913 0.12068863 0.11398772 0.03773126 0.04619887 
740.00000000 0.34939405 0.23099874 0.10122162 0.12060760 0.11390385 0.03773916 0.04613499 
741.00000000 0.34954405 0.23100639 0.10128397 0.12052683 0.11382034 0.03774709 0.04607133 
742.00000000 0.34969344 0.23101389 0.10134619 0.12044633 0.11373719 0.03775504 0.04600792 
743.00000000 0.34984223 0.23102126 0.10140827 0.12036609 0.11365438 0.03776303 0.04594474 
744.00000000 0.34999042 0.23102848 0.10147021 0.12028611 0.11357192 0.03777104 0.04588180 
745.00000000 0.35013802 0.23103557 0.10153203 0.12020640 0.11348981 0.03777908 0.04581910 
746.00000000 0.35028502 0.23104252 0.10159370 0.12012694 0.11340802 0.03778715 0.04575664 
747.00000000 0.35043142 0.23104933 0.10165525 0.12004775 0.11332657 0.03779526 0.04569442 
748.00000000 0.35057723 0.23105602 0.10171666 0.11996882 0.11324546 0.03780339 0.04563243 
749.00000000 0.35072245 0.23106258 0.10177794 0.11989014 0.11316466 0.03781155 0.04557069 
750.00000000 0.35086708 0.23106900 0.10183908 0.11981172 0.11308419 0.03781974 0.04550918 
751.00000000 0.35101112 0.23107531 0.10190010 0.11973357 0.11300404 0.03782796 0.04544791 
752.00000000 0.35115457 0.23108149 0.10196098 0.11965566 0.11292421 0.03783621 0.04538688 
753.00000000 0.35129744 0.23108755 0.10202173 0.11957802 0.11284468 0.03784449 0.04532609 
754.00000000 0.35143973 0.23109349 0.10208234 0.11950063 0.11276547 0.03785280 0.04526553 
755.00000000 0.35158144 0.23109931 0.10214283 0.11942350 0.11268657 0.03786114 0.04520522 
756.00000000 0.35172256 0.23110502 0.10220319 0.11934662 0.11260797 0.03786951 0.04514513 
757.00000000 0.35186311 0.23111062 0.10226342 0.11927000 0.11252967 0.03787791 0.04508528 
758.00000000 0.35200308 0.23111610 0.10232351 0.11919363 0.11245167 0.03788633 0.04502567 
759.00000000 0.35214247 0.23112147 0.10238348 0.11911752 0.11237397 0.03789479 0.04496629 
760.00000000 0.35228129 0.23112674 0.10244333 0.11904167 0.11229656 0.03790327 0.04490714 
761.00000000 0.35241954 0.23113190 0.10250304 0.11896607 0.11221945 0.03791178 0.04484822 
762.00000000 0.35255721 0.23113695 0.10256263 0.11889072 0.11214263 0.03792032 0.04478954 
763.00000000 0.35269432 0.23114191 0.10262209 0.11881563 0.11206609 0.03792888 0.04473108 
764.00000000 0.35283085 0.23114676 0.10268142 0.11874080 0.11198985 0.03793748 0.04467284 
765.00000000 0.35296682 0.23115151 0.10274063 0.11866622 0.11191389 0.03794610 0.04461483 
766.00000000 0.35310222 0.23115617 0.10279971 0.11859189 0.11183822 0.03795474 0.04455705 
767.00000000 0.35323706 0.23116073 0.10285867 0.11851782 0.11176283 0.03796341 0.04449948 
768.00000000 0.35337133 0.23116520 0.10291750 0.11844401 0.11168772 0.03797211 0.04444214 
769.00000000 0.35350504 0.23116957 0.10297621 0.11837045 0.11161289 0.03798083 0.04438501 
770.00000000 0.35363819 0.23117385 0.10303480 0.11829714 0.11153834 0.03798958 0.04432810 
771.00000000 0.35377078 0.23117805 0.10309326 0.11822409 0.11146407 0.03799835 0.04427140 
772.00000000 0.35390281 0.23118215 0.10315160 0.11815130 0.11139008 0.03800714 0.04421492 
773.00000000 0.35403429 0.23118617 0.10320982 0.11807876 0.11131636 0.03801596 0.04415864 
774.00000000 0.35416521 0.23119010 0.10326792 0.11800647 0.11124292 0.03802480 0.04410258 
775.00000000 0.35429558 0.23119395 0.10332590 0.11793444 0.11116976 0.03803366 0.04404672 
776.00000000 0.35442539 0.23119771 0.10338375 0.11786267 0.11109686 0.03804255 0.04399106 
777.00000000 0.35455466 0.23120140 0.10344149 0.11779114 0.11102424 0.03805145 0.04393561 
778.00000000 0.35468338 0.23120500 0.10349911 0.11771988 0.11095189 0.03806038 0.04388035 
779.00000000 0.35481155 0.23120853 0.10355661 0.11764887 0.11087982 0.03806933 0.04382530 
780.00000000 0.35493918 0.23121198 0.10361399 0.11757811 0.11080801 0.03807830 0.04377044 
781.00000000 0.35506626 0.23121535 0.10367125 0.11750761 0.11073647 0.03808729 0.04371578 
782.00000000 0.35519280 0.23121865 0.10372840 0.11743736 0.11066519 0.03809629 0.04366131 
783.00000000 0.35531880 0.23122187 0.10378543 0.11736737 0.11059419 0.03810532 0.04360703 
784.00000000 0.35544426 0.23122502 0.10384235 0.11729763 0.11052345 0.03811436 0.04355294 
785.00000000 0.35556918 0.23122810 0.10389914 0.11722814 0.11045297 0.03812342 0.04349904 
786.00000000 0.35569357 0.23123110 0.10395583 0.11715891 0.11038276 0.03813250 0.04344532 
787.00000000 0.35581743 0.23123404 0.10401240 0.11708993 0.11031281 0.03814160 0.04339180 
788.00000000 0.35594075 0.23123691 0.10406886 0.11702120 0.11024312 0.03815071 0.04333845 
789.00000000 0.35606355 0.23123971 0.10412520 0.11695272 0.11017369 0.03815984 0.04328530 
790.00000000 0.35618582 0.23124244 0.10418144 0.11688450 0.11010452 0.03816898 0.04323232 
791.00000000 0.35630756 0.23124510 0.10423756 0.11681652 0.11003560 0.03817813 0.04317952 
792.00000000 0.35642877 0.23124770 0.10429357 0.11674880 0.10996694 0.03818731 0.04312691 
793.00000000 0.35654946 0.23125024 0.10434947 0.11668133 0.10989854 0.03819649 0.04307448 
794.00000000 0.35666964 0.23125271 0.10440526 0.11661410 0.10983039 0.03820569 0.04302222 
795.00000000 0.35678929 0.23125511 0.10446094 0.11654713 0.10976248 0.03821490 0.04297015 
796.00000000 0.35690843 0.23125746 0.10451652 0.11648040 0.10969483 0.03822412 0.04291825 
797.00000000 0.35702705 0.23125974 0.10457198 0.11641392 0.10962743 0.03823336 0.04286653 
798.00000000 0.35714516 0.23126196 0.10462734 0.11634769 0.10956027 0.03824260 0.04281499 
799.00000000 0.35726275 0.23126411 0.10468259 0.11628170 0.10949335 0.03825186 0.04276363 
800.00000000 0.35737984 0.23126621 0.10473774 0.11621595 0.10942667 0.03826112 0.04271245 
801.00000000 0.35749642 0.23126825 0.10479279 0.11615046 0.10936024 0.03827040 0.04266145 
802.00000000 0.35761249 0.23127023 0.10484772 0.11608520 0.10929404 0.03827969 0.04261063 
803.00000000 0.35772806 0.23127214 0.10490256 0.11602019 0.10922808 0.03828898 0.04255999 
804.00000000 0.35784313 0.23127400 0.10495729 0.11595541 0.10916235 0.03829829 0.04250953 
805.00000000 0.35795770 0.23127580 0.10501192 0.11589088 0.10909685 0.03830760 0.04245925 
806.00000000 0.35807177 0.23127755 0.10506645 0.11582659 0.10903157 0.03831692 0.04240916 
807.00000000 0.35818534 0.23127923 0.10512087 0.11576254 0.10896653 0.03832624 0.04235925 
808.00000000 0.35829842 0.23128086 0.10517520 0.11569872 0.10890171 0.03833558 0.04230952 
809.00000000 0.35841101 0.23128243 0.10522942 0.11563513 0.10883710 0.03834492 0.04225998 
810.00000000 0.35852311 0.23128395 0.10528355 0.11557179 0.10877272 0.03835427 0.04221062 
811.00000000 0.35863472 0.23128541 0.10533757 0.11550867 0.10870855 0.03836362 0.04216145 
812.00000000 0.35874584 0.23128681 0.10539150 0.11544579 0.10864460 0.03837298 0.04211248 
813.00000000 0.35885648 0.23128816 0.10544533 0.11538314 0.10858086 0.03838234 0.04206369 
814.00000000 0.35896664 0.23128946 0.10549906 0.11532072 0.10851732 0.03839171 0.04201509 
815.00000000 0.35907631 0.23129070 0.10555269 0.11525852 0.10845399 0.03840109 0.04196669 
816.00000000 0.35918551 0.23129189 0.10560623 0.11519655 0.10839087 0.03841047 0.04191849 
817.00000000 0.35929423 0.23129302 0.10565967 0.11513481 0.10832794 0.03841986 0.04187047 
818.00000000 0.35940248 0.23129410 0.10571301 0.11507329 0.10826521 0.03842925 0.04182266 
819.00000000 0.35951026 0.23129513 0.10576626 0.11501199 0.10820268 0.03843864 0.04177505 
820.00000000 0.35961756 0.23129611 0.10581941 0.11495091 0.10814034 0.03844804 0.04172763 
821.00000000 0.35972440 0.23129703 0.10587246 0.11489005 0.10807819 0.03845744 0.04168042 
822.00000000 0.35983077 0.23129791 0.10592542 0.11482941 0.10801623 0.03846685 0.04163341 
823.00000000 0.35993668 0.23129873 0.10597829 0.11476899 0.10795445 0.03847626 0.04158661 
824.00000000 0.36004212 0.23129950 0.10603106 0.11470877 0.10789286 0.03848568 0.04154001 
825.00000000 0.36014710 0.23130023 0.10608373 0.11464877 0.10783145 0.03849509 0.04149363 
826.00000000 0.36025163 0.23130090 0.10613631 0.11458898 0.10777021 0.03850452 0.04144745 
827.00000000 0.36035570 0.23130153 0.10618880 0.11452940 0.10770915 0.03851394 0.04140148 
828.00000000 0.36045932 0.23130210 0.10624119 0.11447003 0.10764827 0.03852337 0.04135572 
829.00000000 0.36056248 0.23130263 0.10629349 0.11441086 0.10758756 0.03853281 0.04131018 
830.00000000 0.36066519 0.23130312 0.10634569 0.11435190 0.10752701 0.03854224 0.04126484 
831.00000000 0.36076746 0.23130355 0.10639780 0.11429314 0.10746664 0.03855169 0.04121973 
832.00000000 0.36086928 0.23130394 0.10644981 0.11423458 0.10740643 0.03856113 0.04117483 
833.00000000 0.36097065 0.23130429 0.10650174 0.11417621 0.10734639 0.03857058 0.04113015 
834.00000000 0.36107158 0.23130459 0.10655356 0.11411805 0.10728651 0.03858003 0.04108568 
835.00000000 0.36117207 0.23130484 0.10660530 0.11406008 0.10722679 0.03858949 0.04104144 
836.00000000 0.36127212 0.23130505 0.10665694 0.11400230 0.10716723 0.03859894 0.04099741 
837.00000000 0.36137174 0.23130522 0.10670849 0.11394472 0.10710782 0.03860841 0.04095360 
838.00000000 0.36147092 0.23130535 0.10675994 0.11388733 0.10704858 0.03861787 0.04091001 
839.00000000 0.36156966 0.23130543 0.10681130 0.11383013 0.10698949 0.03862734 0.04086665 
840.00000000 0.36166798 0.23130547 0.10686257 0.11377311 0.10693056 0.03863681 0.04082350 
841.00000000 0.36176586 0.23130547 0.10691374 0.11371628 0.10687178 0.03864629 0.04078058 
842.00000000 0.36186332 0.23130543 0.10696482 0.11365964 0.10681316 0.03865576 0.04073787 
843.00000000 0.36196035 0.23130534 0.10701581 0.11360318 0.10675468 0.03866524 0.04069539 
844.00000000 0.36205696 0.23130522 0.10706671 0.11354690 0.10669636 0.03867473 0.04065313 
845.00000000 0.36215314 0.23130506 0.10711751 0.11349080 0.10663819 0.03868421 0.04061109 
846.00000000 0.36224890 0.23130485 0.10716822 0.11343489 0.10658018 0.03869370 0.04056927 
847.00000000 0.36234424 0.23130461 0.10721884 0.11337915 0.10652231 0.03870319 0.04052766 
848.00000000 0.36243916 0.23130433 0.10726937 0.11332358 0.10646460 0.03871268 0.04048628 
849.00000000 0.36253367 0.23130401 0.10731980 0.11326820 0.10640703 0.03872217 0.04044512 
850.00000000 0.36262776 0.23130365 0.10737014 0.11321298 0.10634962 0.03873167 0.04040417 
851.00000000 0.36272143 0.23130325 0.10742039 0.11315795 0.10629236 0.03874117 0.04036345 
852.00000000 0.36281470 0.23130282 0.10747056 0.11310308 0.10623525 0.03875066 0.04032293 
853.00000000 0.36290755 0.23130234 0.10752063 0.11304839 0.10617829 0.03876016 0.04028264 
854.00000000 0.36300000 0.23130183 0.10757061 0.11299387 0.10612148 0.03876966 0.04024255 
855.00000000 0.36309203 0.23130128 0.10762050 0.11293951 0.10606483 0.03877916 0.04020268 
856.00000000 0.36318366 0.23130070 0.10767030 0.11288533 0.10600833 0.03878866 0.04016302 
857.00000000 0.36327489 0.23130007 0.10772001 0.11283132 0.10595199 0.03879816 0.04012356 
858.00000000 0.36336571 0.23129941 0.10776963 0.11277747 0.10589580 0.03880766 0.04008432 
859.00000000 0.36345613 0.23129871 0.10781916 0.11272379 0.10583976 0.03881716 0.04004528 
860.00000000 0.36354615 0.23129798 0.10786861 0.11267028 0.10578388 0.03882666 0.04000644 
861.00000000 0.36363577 0.23129720 0.10791797 0.11261693 0.10572816 0.03883616 0.03996781 
862.00000000 0.36372499 0.23129639 0.10796724 0.11256375 0.10567260 0.03884565 0.03992937 
863.00000000 0.36381381 0.23129554 0.10801643 0.11251074 0.10561720 0.03885514 0.03989113 
864.00000000 0.36390224 0.23129465 0.10806553 0.11245789 0.10556196 0.03886463 0.03985309 
865.00000000 0.36399028 0.23129373 0.10811454 0.11240520 0.10550688 0.03887412 0.03981524 
866.00000000 0.36407792 0.23129276 0.10816347 0.11235268 0.10545197 0.03888361 0.03977759 
867.00000000 0.36416517 0.23129176 0.10821232 0.11230032 0.10539721 0.03889309 0.03974012 
868.00000000 0.36425204 0.23129072 0.10826108 0.11224813 0.10534263 0.03890257 0.03970283 
869.00000000 0.36433851 0.23128964 0.10830976 0.11219610 0.10528821 0.03891204 0.03966574 
870.00000000 0.36442460 0.23128853 0.10835836 0.11214423 0.10523395 0.03892151 0.03962882 
871.00000000 0.36451030 0.23128737 0.10840687 0.11209252 0.10517987 0.03893098 0.03959208 
872.00000000 0.36459562 0.23128618 0.10845531 0.11204098 0.10512596 0.03894045 0.03955552 
873.00000000 0.36468055 0.23128494 0.10850366 0.11198960 0.10507222 0.03894990 0.03951913 
874.00000000 0.36476510 0.23128367 0.10855193 0.11193838 0.10501865 0.03895936 0.03948291 
875.00000000 0.36484928 0.23128236 0.10860013 0.11188732 0.10496525 0.03896881 0.03944686 
876.00000000 0.36493307 0.23128101 0.10864824 0.11183642 0.10491203 0.03897825 0.03941097 
877.00000000 0.36501649 0.23127962 0.10869628 0.11178569 0.10485899 0.03898769 0.03937525 
878.00000000 0.36509953 0.23127818 0.10874424 0.11173512 0.10480612 0.03899712 0.03933969 
879.00000000 0.36518219 0.23127671 0.10879212 0.11168470 0.10475344 0.03900655 0.03930429 
880.00000000 0.36526449 0.23127520 0.10883992 0.11163445 0.10470093 0.03901597 0.03926905 
881.00000000 0.36534641 0.23127364 0.10888764 0.11158436 0.10464860 0.03902539 0.03923395 
882.00000000 0.36542796 0.23127205 0.10893529 0.11153443 0.10459645 0.03903480 0.03919901 
883.00000000 0.36550915 0.23127042 0.10898287 0.11148467 0.10454448 0.03904421 0.03916422 
884.00000000 0.36558996 0.23126874 0.10903036 0.11143506 0.10449270 0.03905361 0.03912957 
885.00000000 0.36567041 0.23126702 0.10907779 0.11138561 0.10444110 0.03906300 0.03909507 
886.00000000 0.36575050 0.23126526 0.10912514 0.11133632 0.10438968 0.03907239 0.03906071 
887.00000000 0.36583022 0.23126346 0.10917241 0.11128720 0.10433845 0.03908177 0.03902649 
888.00000000 0.36590959 0.23126162 0.10921961 0.11123823 0.10428740 0.03909115 0.03899241 
889.00000000 0.36598859 0.23125973 0.10926673 0.11118942 0.10423654 0.03910053 0.03895846 
890.00000000 0.36606723 0.23125781 0.10931378 0.11114077 0.10418587 0.03910989 0.03892465 
891.00000000 0.36614552 0.23125584 0.10936076 0.11109228 0.10413538 0.03911926 0.03889097 
892.00000000 0.36622345 0.23125383 0.10940766 0.11104395 0.10408508 0.03912861 0.03885742 
893.00000000 0.36630103 0.23125177 0.10945449 0.11099578 0.10403497 0.03913797 0.03882399 
894.00000000 0.36637825 0.23124968 0.10950125 0.11094777 0.10398504 0.03914731 0.03879070 
895.00000000 0.36645513 0.23124754 0.10954793 0.11089991 0.10393531 0.03915666 0.03875753 
896.00000000 0.36653165 0.23124536 0.10959454 0.11085221 0.10388576 0.03916600 0.03872449 
897.00000000 0.36660782 0.23124313 0.10964108 0.11080467 0.10383639 0.03917533 0.03869157 
898.00000000 0.36668365 0.23124087 0.10968754 0.11075729 0.10378722 0.03918466 0.03865878 
899.00000000 0.36675914 0.23123856 0.10973393 0.11071006 0.10373823 0.03919399 0.03862610 
900.00000000 0.36683427 0.23123621 0.10978024 0.11066299 0.10368943 0.03920331 0.03859355 
901.00000000 0.36690907 0.23123381 0.10982648 0.11061608 0.10364081 0.03921263 0.03856111 
902.00000000 0.36698352 0.23123138 0.10987265 0.11056932 0.10359239 0.03922195 0.03852880 
903.00000000 0.36705764 0.23122890 0.10991874 0.11052271 0.10354415 0.03923127 0.03849660 
904.00000000 0.36713141 0.23122637 0.10996476 0.11047626 0.10349609 0.03924058 0.03846452 
905.00000000 0.36720485 0.23122381 0.11001070 0.11042997 0.10344822 0.03924989 0.03843256 
906.00000000 0.36727796 0.23122121 0.11005657 0.11038383 0.10340053 0.03925920 0.03840071 
907.00000000 0.36735072 0.23121856 0.11010236 0.11033784 0.10335303 0.03926850 0.03836899 
908.00000000 0.36742316 0.23121587 0.11014808 0.11029200 0.10330571 0.03927781 0.03833737 
909.00000000 0.36749526 0.23121314 0.11019372 0.11024632 0.10325858 0.03928711 0.03830588 
910.00000000 0.36756703 0.23121036 0.11023929 0.11020079 0.10321162 0.03929641 0.03827449 
911.00000000 0.36763848 0.23120755 0.11028478 0.11015541 0.10316485 0.03930571 0.03824323 
912.00000000 0.36770959 0.23120469 0.11033019 0.11011018 0.10311826 0.03931502 0.03821208 
913.00000000 0.36778038 0.23120180 0.11037553 0.11006510 0.10307184 0.03932432 0.03818104 
914.00000000 0.36785084 0.23119886 0.11042079 0.11002017 0.10302561 0.03933362 0.03815012 
915.00000000 0.36792098 0.23119588 0.11046597 0.10997539 0.10297955 0.03934292 0.03811932 
916.00000000 0.36799080 0.23119286 0.11051107 0.10993075 0.10293367 0.03935222 0.03808863 
917.00000000 0.36806029 0.23118980 0.11055610 0.10988627 0.10288796 0.03936152 0.03805805 
918.00000000 0.36812946 0.23118671 0.11060105 0.10984193 0.10284243 0.03937082 0.03802760 
919.00000000 0.36819832 0.23118357 0.11064592 0.10979774 0.10279708 0.03938013 0.03799725 
920.00000000 0.36826685 0.23118039 0.11069071 0.10975370 0.10275189 0.03938943 0.03796703 
921.00000000 0.36833507 0.23117718 0.11073542 0.10970980 0.10270688 0.03939874 0.03793691 
922.00000000 0.36840298 0.23117392 0.11078005 0.10966604 0.10266204 0.03940804 0.03790692 
923.00000000 0.36847057 0.23117063 0.11082461 0.10962243 0.10261737 0.03941735 0.03787704 
924.00000000 0.36853785 0.23116730 0.11086908 0.10957897 0.10257286 0.03942666 0.03784728 
925.00000000 0.36860481 0.23116394 0.11091348 0.10953564 0.10252853 0.03943597 0.03781763 
926.00000000 0.36867147 0.23116054 0.11095779 0.10949247 0.10248436 0.03944529 0.03778810 
927.00000000 0.36873781 0.23115710 0.11100203 0.10944943 0.10244035 0.03945460 0.03775868 
928.00000000 0.36880385 0.23115362 0.11104618 0.10940653 0.10239651 0.03946392 0.03772938 
929.00000000 0.36886958 0.23115011 0.11109026 0.10936378 0.10235284 0.03947324 0.03770020 
930.00000000 0.36893500 0.23114657 0.11113425 0.10932116 0.10230932 0.03948256 0.03767113 
931.00000000 0.36900012 0.23114299 0.11117817 0.10927869 0.10226597 0.03949189 0.03764218 
932.00000000 0.36906494 0.23113937 0.11122200 0.10923636 0.10222277 0.03950122 0.03761334 
933.00000000 0.36912945 0.23113572 0.11126576 0.10919416 0.10217974 0.03951055 0.03758462 
934.00000000 0.36919367 0.23113204 0.11130944 0.10915210 0.10213686 0.03951988 0.03755602 
935.00000000 0.36925758 0.23112833 0.11135303 0.10911018 0.10209414 0.03952921 0.03752753 
936.00000000 0.36932119 0.23112458 0.11139655 0.10906840 0.10205157 0.03953855 0.03749915 
937.00000000 0.36938451 0.23112080 0.11143998 0.10902676 0.10200917 0.03954789 0.03747089 
938.00000000 0.36944752 0.23111699 0.11148334 0.10898525 0.10196691 0.03955723 0.03744275 
939.00000000 0.36951025 0.23111315 0.11152662 0.10894388 0.10192481 0.03956658 0.03741472 
940.00000000 0.36957267 0.23110928 0.11156982 0.10890264 0.10188286 0.03957592 0.03738680 
941.00000000 0.36963481 0.23110538 0.11161294 0.10886154 0.10184106 0.03958527 0.03735899 
942.00000000 0.36969665 0.23110144 0.11165598 0.10882058 0.10179941 0.03959463 0.03733130 
943.00000000 0.36975820 0.23109748 0.11169895 0.10877975 0.10175792 0.03960398 0.03730372 
944.00000000 0.36981946 0.23109349 0.11174183 0.10873905 0.10171657 0.03961334 0.03727625 
945.00000000 0.36988043 0.23108948 0.11178464 0.10869849 0.10167537 0.03962270 0.03724890 
946.00000000 0.36994111 0.23108543 0.11182737 0.10865806 0.10163432 0.03963206 0.03722165 
947.00000000 0.37000151 0.23108136 0.11187003 0.10861776 0.10159341 0.03964142 0.03719451 
948.00000000 0.37006162 0.23107726 0.11191260 0.10857759 0.10155265 0.03965079 0.03716749 
949.00000000 0.37012144 0.23107313 0.11195510 0.10853756 0.10151204 0.03966016 0.03714057 
950.00000000 0.37018098 0.23106897 0.11199753 0.10849766 0.10147157 0.03966953 0.03711376 
951.00000000 0.37024024 0.23106479 0.11203988 0.10845789 0.10143125 0.03967890 0.03708705 
952.00000000 0.37029921 0.23106059 0.11208216 0.10841825 0.10139106 0.03968827 0.03706046 
953.00000000 0.37035790 0.23105636 0.11212436 0.10837875 0.10135103 0.03969765 0.03703397 
954.00000000 0.37041631 0.23105210 0.11216648 0.10833937 0.10131113 0.03970702 0.03700758 
955.00000000 0.37047445 0.23104782 0.11220853 0.10830012 0.10127138 0.03971640 0.03698130 
956.00000000 0.37053230 0.23104351 0.11225051 0.10826101 0.10123176 0.03972578 0.03695512 
957.00000000 0.37058988 0.23103919 0.11229242 0.10822202 0.10119229 0.03973516 0.03692905 
958.00000000 0.37064718 0.23103483 0.11233425 0.10818316 0.10115296 0.03974454 0.03690308 
959.00000000 0.37070421 0.23103046 0.11237601 0.10814443 0.10111376 0.03975392 0.03687721 
960.00000000 0.37076096 0.23102606 0.11241770 0.10810584 0.10107471 0.03976330 0.03685144 
961.00000000 0.37081743 0.23102164 0.11245932 0.10806736 0.10103579 0.03977268 0.03682577 
962.00000000 0.37087364 0.23101719 0.11250086 0.10802902 0.10099702 0.03978206 0.03680020 
963.00000000 0.37092957 0.23101273 0.11254234 0.10799081 0.10095838 0.03979145 0.03677473 
964.00000000 0.37098523 0.23100824 0.11258374 0.10795272 0.10091987 0.03980083 0.03674936 
965.00000000 0.37104063 0.23100373 0.11262508 0.10791476 0.10088151 0.03981021 0.03672408 
966.00000000 0.37109575 0.23099920 0.11266634 0.10787693 0.10084328 0.03981959 0.03669891 
967.00000000 0.37115061 0.23099465 0.11270754 0.10783923 0.10080518 0.03982897 0.03667383 
968.00000000 0.37120520 0.23099008 0.11274866 0.10780165 0.10076722 0.03983835 0.03664884 
969.00000000 0.37125952 0.23098549 0.11278972 0.10776420 0.10072940 0.03984773 0.03662395 
970.00000000 0.37131358 0.23098087 0.11283071 0.10772687 0.10069171 0.03985711 0.03659915 
971.00000000 0.37136737 0.23097624 0.11287163 0.10768967 0.10065415 0.03986649 0.03657445 
972.00000000 0.37142091 0.23097159 0.11291248 0.10765260 0.10061673 0.03987587 0.03654984 
973.00000000 0.37147418 0.23096692 0.11295326 0.10761565 0.10057944 0.03988524 0.03652532 
974.00000000 0.37152719 0.23096222 0.11299398 0.10757883 0.10054228 0.03989461 0.03650089 
975.00000000 0.37157993 0.23095751 0.11303463 0.10754213 0.10050525 0.03990398 0.03647656 
976.00000000 0.37163243 0.23095278 0.11307521 0.10750556 0.10046835 0.03991335 0.03645232 
977.00000000 0.37168466 0.23094804 0.11311573 0.10746911 0.10043159 0.03992272 0.03642816 
978.00000000 0.37173663 0.23094327 0.11315618 0.10743278 0.10039495 0.03993209 0.03640410 
979.00000000 0.37178835 0.23093848 0.11319656 0.10739658 0.10035845 0.03994145 0.03638013 
980.00000000 0.37183982 0.23093368 0.11323688 0.10736050 0.10032207 0.03995081 0.03635625 
981.00000000 0.37189103 0.23092886 0.11327712 0.10732454 0.10028582 0.03996017 0.03633245 
982.00000000 0.37194199 0.23092402 0.11331731 0.10728871 0.10024971 0.03996952 0.03630875 
983.00000000 0.37199269 0.23091916 0.11335743 0.10725300 0.10021371 0.03997887 0.03628514 
984.00000000 0.37204315 0.23091429 0.11339748 0.10721741 0.10017785 0.03998822 0.03626161 
985.00000000 0.37209335 0.23090940 0.11343746 0.10718194 0.10014211 0.03999757 0.03623817 
986.00000000 0.37214331 0.23090449 0.11347738 0.10714660 0.10010649 0.04000691 0.03621482 
987.00000000 0.37219302 0.23089956 0.11351724 0.10711137 0.10007101 0.04001625 0.03619156 
988.00000000 0.37224248 0.23089462 0.11355703 0.10707627 0.10003564 0.04002559 0.03616838 
989.00000000 0.37229169 0.23088966 0.11359675 0.10704128 0.10000040 0.04003492 0.03614529 
990.00000000 0.37234066 0.23088468 0.11363641 0.10700642 0.09996528 0.04004425 0.03612229 
991.00000000 0.37238939 0.23087969 0.11367601 0.10697167 0.09993029 0.04005358 0.03609938 
992.00000000 0.37243787 0.23087468 0.11371553 0.10693704 0.09989541 0.04006290 0.03607655 
993.00000000 0.37248612 0.23086966 0.11375500 0.10690253 0.09986066 0.04007222 0.03605381 
994.00000000 0.37253412 0.23086462 0.11379440 0.10686814 0.09982603 0.04008153 0.03603116 
995.00000000 0.37258188 0.23085956 0.11383373 0.10683387 0.09979152 0.04009084 0.03600860 
996.00000000 0.37262940 0.23085449 0.11387300 0.10679971 0.09975713 0.04010015 0.03598612 
997.00000000 0.37267668 0.23084941 0.11391221 0.10676567 0.09972285 0.04010945 0.03596373 
998.00000000 0.37272373 0.23084430 0.11395135 0.10673175 0.09968869 0.04011875 0.03594142 
999.00000000 0.37277054 0.23083919 0.11399042 0.10669794 0.09965466 0.04012805 0.03591921 
