0.00000000 0.00225937 0.01191697 0.76937613 0.00190601 0.00102365 0.20810004 0.00541781 
1.00000000 0.00225938 0.01191697 0.76937612 0.00190601 0.00102365 0.20810006 0.00541781 
2.00000000 0.00225938 0.01191697 0.76937581 0.00190602 0.00102366 0.20810032 0.00541783 
3.00000000 0.00225941 0.01191698 0.76937442 0.00190606 0.00102371 0.20810152 0.00541790 
4.00000000 0.00225950 0.01191702 0.76937062 0.00190617 0.00102383 0.20810478 0.00541809 
5.00000000 0.00225968 0.01191711 0.76936259 0.00190639 0.00102408 0.20811167 0.00541848 
6.00000000 0.00226000 0.01191727 0.76934796 0.00190679 0.00102454 0.20812422 0.00541920 
7.00000000 0.00226054 0.01191754 0.76932390 0.00190746 0.00102530 0.20814487 0.00542038 
8.00000000 0.00226138 0.01191795 0.76928707 0.00190847 0.00102647 0.20817648 0.00542219 
9.00000000 0.00226260 0.01191854 0.76923364 0.00190994 0.00102816 0.20822232 0.00542480 
10.00000000 0.00226431 0.01191937 0.76915936 0.00191199 0.00103050 0.20828605 0.00542842 
11.00000000 0.00226663 0.01192048 0.76905951 0.00191473 0.00103366 0.20837173 0.00543327 
12.00000000 0.00226969 0.01192193 0.76892896 0.00191830 0.00103778 0.20848375 0.00543958 
13.00000000 0.00227364 0.01192379 0.76876219 0.00192287 0.00104306 0.20862684 0.00544761 
14.00000000 0.00227865 0.01192613 0.76855333 0.00192858 0.00104966 0.20880605 0.00545762 
15.00000000 0.00228489 0.01192900 0.76829613 0.00193559 0.00105779 0.20902673 0.00546987 
16.00000000 0.00229255 0.01193250 0.76798406 0.00194408 0.00106766 0.20929448 0.00548466 
17.00000000 0.00230185 0.01193670 0.76761033 0.00195424 0.00107949 0.20961513 0.00550226 
18.00000000 0.00231301 0.01194169 0.76716787 0.00196624 0.00109350 0.20999473 0.00552296 
19.00000000 0.00232627 0.01194755 0.76664944 0.00198027 0.00110993 0.21043949 0.00554705 
20.00000000 0.00234189 0.01195437 0.76604762 0.00199653 0.00112901 0.21095576 0.00557480 
21.00000000 0.00236015 0.01196227 0.76535488 0.00201521 0.00115099 0.21154999 0.00560651 
22.00000000 0.00238132 0.01197134 0.76456359 0.00203650 0.00117613 0.21222870 0.00564242 
23.00000000 0.00240571 0.01198168 0.76366611 0.00206061 0.00120468 0.21299841 0.00568280 
24.00000000 0.00243364 0.01199342 0.76265480 0.00208772 0.00123688 0.21386565 0.00572788 
25.00000000 0.00246545 0.01200666 0.76152206 0.00211804 0.00127301 0.21483689 0.00577789 
26.00000000 0.00250146 0.01202154 0.76026041 0.00215174 0.00131333 0.21591848 0.00583304 
27.00000000 0.00254204 0.01203817 0.75886254 0.00218903 0.00135808 0.21711666 0.00589349 
28.00000000 0.00258755 0.01205670 0.75732131 0.00223007 0.00140752 0.21843745 0.00595940 
29.00000000 0.00263836 0.01207727 0.75562984 0.00227505 0.00146192 0.21988666 0.00603091 
30.00000000 0.00269486 0.01210001 0.75378155 0.00232413 0.00152151 0.22146984 0.00610810 
31.00000000 0.00275743 0.01212510 0.75177021 0.00237748 0.00158655 0.22319220 0.00619104 
32.00000000 0.00282645 0.01215268 0.74958997 0.00243525 0.00165727 0.22505862 0.00627976 
33.00000000 0.00290233 0.01218293 0.74723542 0.00249759 0.00173391 0.22707358 0.00637425 
34.00000000 0.00298544 0.01221602 0.74470163 0.00256463 0.00181669 0.22924110 0.00647449 
35.00000000 0.00307618 0.01225213 0.74198421 0.00263649 0.00190583 0.23156478 0.00658038 
36.00000000 0.00317494 0.01229145 0.73907930 0.00271330 0.00200153 0.23404767 0.00669181 
37.00000000 0.00328207 0.01233417 0.73598367 0.00279515 0.00210400 0.23669230 0.00680864 
38.00000000 0.00339795 0.01238051 0.73269469 0.00288213 0.00221341 0.23950063 0.00693067 
39.00000000 0.00352293 0.01243067 0.72921044 0.00297433 0.00232995 0.24247401 0.00705767 
40.00000000 0.00365734 0.01248487 0.72552964 0.00307181 0.00245377 0.24561319 0.00718938 
41.00000000 0.00380151 0.01254333 0.72165176 0.00317462 0.00258502 0.24891827 0.00732550 
42.00000000 0.00395572 0.01260628 0.71757701 0.00328280 0.00272383 0.25238868 0.00746568 
43.00000000 0.00412024 0.01267396 0.71330633 0.00339638 0.00287033 0.25602319 0.00760957 
44.00000000 0.00429534 0.01274660 0.70884146 0.00351537 0.00302462 0.25981986 0.00775676 
45.00000000 0.00448121 0.01282445 0.70418488 0.00363978 0.00318678 0.26377608 0.00790681 
46.00000000 0.00467806 0.01290776 0.69933988 0.00376960 0.00335690 0.26788853 0.00805928 
47.00000000 0.00488603 0.01299677 0.69431051 0.00390479 0.00353502 0.27215320 0.00821368 
48.00000000 0.00510524 0.01309174 0.68910161 0.00404531 0.00372120 0.27656539 0.00836952 
49.00000000 0.00533577 0.01319291 0.68371879 0.00419113 0.00391544 0.28111969 0.00852626 
50.00000000 0.00557767 0.01330054 0.67816841 0.00434217 0.00411776 0.28581006 0.00868338 
51.00000000 0.00583093 0.01341488 0.67245758 0.00449836 0.00432815 0.29062977 0.00884033 
52.00000000 0.00609552 0.01353618 0.66659412 0.00465961 0.00454657 0.29557144 0.00899656 
53.00000000 0.00637135 0.01366466 0.66058657 0.00482582 0.00477298 0.30062711 0.00915151 
54.00000000 0.00665830 0.01380058 0.65444412 0.00499688 0.00500732 0.30578818 0.00930461 
55.00000000 0.00695619 0.01394417 0.64817660 0.00517268 0.00524951 0.31104552 0.00945532 
56.00000000 0.00726481 0.01409564 0.64179448 0.00535308 0.00549944 0.31638945 0.00960309 
57.00000000 0.00758390 0.01425521 0.63530878 0.00553795 0.00575700 0.32180978 0.00974738 
58.00000000 0.00791316 0.01442309 0.62873104 0.00572712 0.00602206 0.32729585 0.00988767 
59.00000000 0.00825224 0.01459946 0.62207334 0.00592046 0.00629447 0.33283658 0.01002346 
60.00000000 0.00860074 0.01478452 0.61534816 0.00611779 0.00657406 0.33842048 0.01015425 
61.00000000 0.00895825 0.01497841 0.60856842 0.00631894 0.00686064 0.34403572 0.01027960 
62.00000000 0.00932430 0.01518131 0.60174740 0.00652373 0.00715403 0.34967016 0.01039908 
63.00000000 0.00969837 0.01539334 0.59489867 0.00673198 0.00745401 0.35531135 0.01051228 
64.00000000 0.01007993 0.01561462 0.58803608 0.00694350 0.00776034 0.36094668 0.01061885 
65.00000000 0.01046840 0.01584526 0.58117371 0.00715810 0.00807279 0.36656329 0.01071845 
66.00000000 0.01086319 0.01608534 0.57432578 0.00737556 0.00839110 0.37214822 0.01081080 
67.00000000 0.01126366 0.01633493 0.56750665 0.00759570 0.00871500 0.37768840 0.01089566 
68.00000000 0.01166916 0.01659407 0.56073072 0.00781831 0.00904421 0.38317072 0.01097281 
69.00000000 0.01207902 0.01686280 0.55401245 0.00804318 0.00937843 0.38858204 0.01104209 
70.00000000 0.01249254 0.01714111 0.54736622 0.00827010 0.00971735 0.39390927 0.01110340 
71.00000000 0.01290904 0.01742900 0.54080635 0.00849885 0.01006067 0.39913941 0.01115667 
72.00000000 0.01332779 0.01772642 0.53434706 0.00872924 0.01040805 0.40425956 0.01120188 
73.00000000 0.01374809 0.01803333 0.52800234 0.00896104 0.01075916 0.40925699 0.01123905 
74.00000000 0.01416922 0.01834965 0.52178599 0.00919405 0.01111365 0.41411918 0.01126826 
75.00000000 0.01459046 0.01867528 0.51571155 0.00942805 0.01147118 0.41883384 0.01128964 
76.00000000 0.01501110 0.01901010 0.50979223 0.00966284 0.01183139 0.42338899 0.01130335 
77.00000000 0.01543047 0.01935397 0.50404088 0.00989821 0.01219391 0.42777293 0.01130963 
78.00000000 0.01584787 0.01970674 0.49846998 0.01013396 0.01255837 0.43197435 0.01130872 
79.00000000 0.01626265 0.02006823 0.49309156 0.01036989 0.01292441 0.43598232 0.01130094 
80.00000000 0.01667417 0.02043825 0.48791717 0.01060579 0.01329164 0.43978634 0.01128664 
81.00000000 0.01708182 0.02081657 0.48295787 0.01084148 0.01365969 0.44337636 0.01126620 
82.00000000 0.01748503 0.02120298 0.47822415 0.01107676 0.01402819 0.44674283 0.01124007 
83.00000000 0.01788323 0.02159721 0.47372595 0.01131145 0.01439673 0.44987672 0.01120869 
84.00000000 0.01827593 0.02199901 0.46947259 0.01154537 0.01476496 0.45276955 0.01117259 
85.00000000 0.01866264 0.02240809 0.46547274 0.01177835 0.01513249 0.45541341 0.01113227 
86.00000000 0.01904294 0.02282416 0.46173443 0.01201022 0.01549894 0.45780100 0.01108831 
87.00000000 0.01941643 0.02324691 0.45826498 0.01224082 0.01586394 0.45992564 0.01104128 
88.00000000 0.01978276 0.02367603 0.45507101 0.01246998 0.01622713 0.46178130 0.01099179 
89.00000000 0.02014164 0.02411117 0.45215841 0.01269757 0.01658812 0.46336261 0.01094048 
90.00000000 0.02049281 0.02455201 0.44953231 0.01292343 0.01694657 0.46466489 0.01088796 
91.00000000 0.02083607 0.02499819 0.44719708 0.01314745 0.01730213 0.46568418 0.01083490 
92.00000000 0.02117126 0.02544934 0.44515631 0.01336948 0.01765443 0.46641721 0.01078196 
93.00000000 0.02149826 0.02590511 0.44341279 0.01358942 0.01800315 0.46686146 0.01072980 
94.00000000 0.02181702 0.02636512 0.44196853 0.01380715 0.01834796 0.46701513 0.01067908 
95.00000000 0.02212752 0.02682900 0.44082473 0.01402257 0.01868854 0.46687718 0.01063046 
96.00000000 0.02242978 0.02729636 0.43998177 0.01423559 0.01902457 0.46644733 0.01058460 
97.00000000 0.02272389 0.02776682 0.43943923 0.01444614 0.01935575 0.46572603 0.01054215 
98.00000000 0.02300995 0.02823999 0.43919589 0.01465412 0.01968180 0.46471451 0.01050374 
99.00000000 0.02328813 0.02871548 0.43924973 0.01485949 0.02000244 0.46341475 0.01046997 
100.00000000 0.02355862 0.02919292 0.43959794 0.01506219 0.02031741 0.46182948 0.01044145 
101.00000000 0.02382165 0.02967192 0.44023691 0.01526217 0.02062645 0.45996216 0.01041875 
102.00000000 0.02407750 0.03015208 0.44116228 0.01545940 0.02092933 0.45781700 0.01040242 
103.00000000 0.02432646 0.03063303 0.44236894 0.01565386 0.02122582 0.45539893 0.01039296 
104.00000000 0.02456885 0.03111440 0.44385104 0.01584553 0.02151572 0.45271358 0.01039088 
105.00000000 0.02480503 0.03159581 0.44560203 0.01603440 0.02179884 0.44976727 0.01039661 
106.00000000 0.02503538 0.03207688 0.44761467 0.01622050 0.02207498 0.44656701 0.01041058 
107.00000000 0.02526027 0.03255727 0.44988104 0.01640382 0.02234400 0.44312042 0.01043316 
108.00000000 0.02548012 0.03303662 0.45239262 0.01658441 0.02260575 0.43943578 0.01046469 
109.00000000 0.02569536 0.03351457 0.45514028 0.01676229 0.02286009 0.43552194 0.01050547 
110.00000000 0.02590639 0.03399079 0.45811431 0.01693752 0.02310691 0.43138833 0.01055575 
111.00000000 0.02611367 0.03446495 0.46130449 0.01711015 0.02334611 0.42704490 0.01061573 
112.00000000 0.02631763 0.03493672 0.46470010 0.01728024 0.02357761 0.42250211 0.01068560 
113.00000000 0.02651869 0.03540579 0.46828995 0.01744788 0.02380134 0.41777089 0.01076545 
114.00000000 0.02671730 0.03587186 0.47206245 0.01761315 0.02401726 0.41286260 0.01085538 
115.00000000 0.02691388 0.03633464 0.47600564 0.01777614 0.02422533 0.40778897 0.01095541 
116.00000000 0.02710885 0.03679384 0.48010722 0.01793695 0.02442553 0.40256210 0.01106552 
117.00000000 0.02730260 0.03724919 0.48435461 0.01809569 0.02461787 0.39719439 0.01118565 
118.00000000 0.02749555 0.03770044 0.48873497 0.01825249 0.02480235 0.39169850 0.01131570 
119.00000000 0.02768805 0.03814734 0.49323528 0.01840745 0.02497901 0.38608734 0.01145552 
120.00000000 0.02788048 0.03858965 0.49784236 0.01856072 0.02514790 0.38037396 0.01160493 
121.00000000 0.02807318 0.03902716 0.50254290 0.01871243 0.02530907 0.37457159 0.01176368 
122.00000000 0.02826645 0.03945965 0.50732356 0.01886271 0.02546259 0.36869352 0.01193151 
123.00000000 0.02846062 0.03988694 0.51217094 0.01901171 0.02560856 0.36275311 0.01210812 
124.00000000 0.02865595 0.04030885 0.51707169 0.01915958 0.02574708 0.35676371 0.01229315 
125.00000000 0.02885270 0.04072520 0.52201250 0.01930647 0.02587825 0.35073865 0.01248623 
126.00000000 0.02905111 0.04113586 0.52698020 0.01945252 0.02600221 0.34469116 0.01268695 
127.00000000 0.02925138 0.04154069 0.53196172 0.01959790 0.02611908 0.33863436 0.01289487 
128.00000000 0.02945371 0.04193956 0.53694421 0.01974275 0.02622903 0.33258122 0.01310952 
129.00000000 0.02965826 0.04233239 0.54191504 0.01988722 0.02633220 0.32654449 0.01333041 
130.00000000 0.02986517 0.04271908 0.54686182 0.02003146 0.02642876 0.32053668 0.01355702 
131.00000000 0.03007458 0.04309957 0.55177247 0.02017563 0.02651888 0.31457004 0.01378882 
132.00000000 0.03028658 0.04347381 0.55663524 0.02031986 0.02660276 0.30865650 0.01402525 
133.00000000 0.03050127 0.04384177 0.56143874 0.02046429 0.02668057 0.30280763 0.01426574 
134.00000000 0.03071870 0.04420342 0.56617196 0.02060905 0.02675252 0.29703464 0.01450971 
135.00000000 0.03093893 0.04455879 0.57082431 0.02075427 0.02681880 0.29134834 0.01475657 
136.00000000 0.03116200 0.04490789 0.57538565 0.02090007 0.02687962 0.28575906 0.01500571 
137.00000000 0.03138793 0.04525077 0.57984630 0.02104655 0.02693518 0.28027673 0.01525654 
138.00000000 0.03161673 0.04558748 0.58419708 0.02119382 0.02698571 0.27491074 0.01550844 
139.00000000 0.03184840 0.04591812 0.58842930 0.02134197 0.02703140 0.26966999 0.01576081 
140.00000000 0.03208294 0.04624279 0.59253482 0.02149107 0.02707248 0.26456286 0.01601304 
141.00000000 0.03232031 0.04656160 0.59650602 0.02164120 0.02710916 0.25959717 0.01626452 
142.00000000 0.03256052 0.04687471 0.60033584 0.02179241 0.02714165 0.25478018 0.01651468 
143.00000000 0.03280352 0.04718226 0.60401781 0.02194475 0.02717017 0.25011857 0.01676292 
144.00000000 0.03304928 0.04748446 0.60754600 0.02209824 0.02719492 0.24561843 0.01700867 
145.00000000 0.03329779 0.04778148 0.61091510 0.02225289 0.02721611 0.24128525 0.01725137 
146.00000000 0.03354899 0.04807356 0.61412036 0.02240872 0.02723395 0.23712393 0.01749049 
147.00000000 0.03380287 0.04836093 0.61715764 0.02256570 0.02724864 0.23313874 0.01772548 
148.00000000 0.03405939 0.04864385 0.62002339 0.02272381 0.02726036 0.22933335 0.01795585 
149.00000000 0.03431852 0.04892259 0.62271466 0.02288300 0.02726931 0.22571079 0.01818112 
150.00000000 0.03458023 0.04919744 0.62522909 0.02304322 0.02727568 0.22227352 0.01840082 
151.00000000 0.03484451 0.04946869 0.62756490 0.02320439 0.02727964 0.21902336 0.01861451 
152.00000000 0.03511132 0.04973668 0.62972089 0.02336643 0.02728136 0.21596153 0.01882178 
153.00000000 0.03538067 0.05000173 0.63169646 0.02352922 0.02728102 0.21308866 0.01902225 
154.00000000 0.03565253 0.05026419 0.63349153 0.02369266 0.02727875 0.21040479 0.01921556 
155.00000000 0.03592689 0.05052440 0.63510660 0.02385660 0.02727473 0.20790941 0.01940138 
156.00000000 0.03620375 0.05078273 0.63654271 0.02402091 0.02726908 0.20560141 0.01957942 
157.00000000 0.03648312 0.05103955 0.63780141 0.02418542 0.02726194 0.20347916 0.01974940 
158.00000000 0.03676498 0.05129524 0.63888477 0.02434996 0.02725344 0.20154051 0.01991110 
159.00000000 0.03704934 0.05155018 0.63979533 0.02451436 0.02724370 0.19978279 0.02006430 
160.00000000 0.03733621 0.05180475 0.64053611 0.02467840 0.02723282 0.19820285 0.02020885 
161.00000000 0.03762559 0.05205933 0.64111058 0.02484190 0.02722093 0.19679709 0.02034459 
162.00000000 0.03791748 0.05231432 0.64152261 0.02500463 0.02720809 0.19556144 0.02047142 
163.00000000 0.03821189 0.05257009 0.64177650 0.02516638 0.02719442 0.19449144 0.02058927 
164.00000000 0.03850882 0.05282702 0.64187691 0.02532692 0.02717999 0.19358226 0.02069809 
165.00000000 0.03880826 0.05308547 0.64182884 0.02548601 0.02716487 0.19282869 0.02079787 
166.00000000 0.03911021 0.05334582 0.64163761 0.02564341 0.02714914 0.19222519 0.02088864 
167.00000000 0.03941465 0.05360841 0.64130884 0.02579888 0.02713285 0.19176594 0.02097043 
168.00000000 0.03972157 0.05387358 0.64084841 0.02595217 0.02711607 0.19144485 0.02104335 
169.00000000 0.04003094 0.05414166 0.64026243 0.02610305 0.02709884 0.19125560 0.02110748 
170.00000000 0.04034272 0.05441297 0.63955719 0.02625125 0.02708122 0.19119166 0.02116297 
171.00000000 0.04065689 0.05468780 0.63873918 0.02639655 0.02706326 0.19124633 0.02120999 
172.00000000 0.04097337 0.05496643 0.63781501 0.02653869 0.02704498 0.19141280 0.02124872 
173.00000000 0.04129212 0.05524912 0.63679140 0.02667743 0.02702643 0.19168412 0.02127937 
174.00000000 0.04161306 0.05553610 0.63567513 0.02681256 0.02700765 0.19205331 0.02130219 
175.00000000 0.04193612 0.05582759 0.63447304 0.02694383 0.02698867 0.19251332 0.02131743 
176.00000000 0.04226118 0.05612379 0.63319198 0.02707103 0.02696953 0.19305712 0.02132537 
177.00000000 0.04258817 0.05642486 0.63183877 0.02719395 0.02695025 0.19367770 0.02132630 
178.00000000 0.04291695 0.05673095 0.63042018 0.02731240 0.02693088 0.19436810 0.02132054 
179.00000000 0.04324740 0.05704219 0.62894291 0.02742618 0.02691144 0.19512146 0.02130842 
180.00000000 0.04357940 0.05735866 0.62741354 0.02753512 0.02689198 0.19593103 0.02129027 
181.00000000 0.04391280 0.05768043 0.62583852 0.02763905 0.02687253 0.19679021 0.02126646 
182.00000000 0.04424744 0.05800754 0.62422415 0.02773783 0.02685314 0.19769257 0.02123734 
183.00000000 0.04458316 0.05834002 0.62257651 0.02783132 0.02683385 0.19863186 0.02120328 
184.00000000 0.04491981 0.05867785 0.62090151 0.02791940 0.02681471 0.19960207 0.02116466 
185.00000000 0.04525721 0.05902099 0.61920478 0.02800198 0.02679577 0.20059742 0.02112186 
186.00000000 0.04559518 0.05936938 0.61749173 0.02807896 0.02677711 0.20161238 0.02107526 
187.00000000 0.04593354 0.05972294 0.61576749 0.02815028 0.02675877 0.20264172 0.02102526 
188.00000000 0.04627213 0.06008155 0.61403688 0.02821589 0.02674084 0.20368048 0.02097223 
189.00000000 0.04661076 0.06044508 0.61230443 0.02827577 0.02672340 0.20472403 0.02091655 
190.00000000 0.04694925 0.06081336 0.61057435 0.02832988 0.02670652 0.20576803 0.02085861 
191.00000000 0.04728744 0.06118623 0.60885050 0.02837826 0.02669030 0.20680851 0.02079877 
192.00000000 0.04762516 0.06156347 0.60713641 0.02842091 0.02667484 0.20784181 0.02073741 
193.00000000 0.04796225 0.06194487 0.60543526 0.02845788 0.02666025 0.20886461 0.02067488 
194.00000000 0.04829857 0.06233018 0.60374986 0.02848925 0.02664665 0.20987397 0.02061152 
195.00000000 0.04863398 0.06271916 0.60208267 0.02851508 0.02663415 0.21086727 0.02054769 
196.00000000 0.04896836 0.06311152 0.60043577 0.02853549 0.02662290 0.21184227 0.02048369 
197.00000000 0.04930160 0.06350698 0.59881090 0.02855058 0.02661303 0.21279706 0.02041985 
198.00000000 0.04963361 0.06390525 0.59720939 0.02856051 0.02660469 0.21373009 0.02035646 
199.00000000 0.04996433 0.06430600 0.59563225 0.02856542 0.02659804 0.21464016 0.02029381 
200.00000000 0.05029368 0.06470892 0.59408012 0.02856550 0.02659324 0.21552638 0.02023216 
201.00000000 0.05062165 0.06511368 0.59255328 0.02856092 0.02659048 0.21638824 0.02017177 
202.00000000 0.05094821 0.06551994 0.59105166 0.02855189 0.02658992 0.21722552 0.02011287 
203.00000000 0.05127339 0.06592736 0.58957488 0.02853864 0.02659175 0.21803830 0.02005567 
204.00000000 0.05159722 0.06633560 0.58812222 0.02852140 0.02659618 0.21882700 0.02000039 
205.00000000 0.05191974 0.06674431 0.58669264 0.02850041 0.02660341 0.21959230 0.01994719 
206.00000000 0.05224106 0.06715314 0.58528481 0.02847595 0.02661363 0.22033517 0.01989624 
207.00000000 0.05256126 0.06756175 0.58389713 0.02844829 0.02662707 0.22105682 0.01984768 
208.00000000 0.05288049 0.06796980 0.58252770 0.02841770 0.02664394 0.22175873 0.01980164 
209.00000000 0.05319890 0.06837693 0.58117440 0.02838450 0.02666446 0.22244258 0.01975822 
210.00000000 0.05351666 0.06878283 0.57983486 0.02834898 0.02668887 0.22311030 0.01971751 
211.00000000 0.05383397 0.06918715 0.57850649 0.02831146 0.02671739 0.22376396 0.01967958 
212.00000000 0.05415106 0.06958959 0.57718651 0.02827225 0.02675025 0.22440586 0.01964448 
213.00000000 0.05446817 0.06998982 0.57587198 0.02823169 0.02678768 0.22503842 0.01961223 
214.00000000 0.05478555 0.07038755 0.57455979 0.02819012 0.02682992 0.22566421 0.01958286 
215.00000000 0.05510348 0.07078249 0.57324670 0.02814785 0.02687721 0.22628591 0.01955635 
216.00000000 0.05542226 0.07117436 0.57192936 0.02810525 0.02692977 0.22690631 0.01953269 
217.00000000 0.05574219 0.07156289 0.57060433 0.02806264 0.02698784 0.22752827 0.01951185 
218.00000000 0.05606358 0.07194782 0.56926812 0.02802037 0.02705163 0.22815471 0.01949376 
219.00000000 0.05638677 0.07232894 0.56791717 0.02797879 0.02712138 0.22878858 0.01947837 
220.00000000 0.05671208 0.07270600 0.56654794 0.02793824 0.02719731 0.22943285 0.01946558 
221.00000000 0.05703985 0.07307881 0.56515686 0.02789906 0.02727962 0.23009050 0.01945531 
222.00000000 0.05737041 0.07344717 0.56374041 0.02786158 0.02736852 0.23076446 0.01944744 
223.00000000 0.05770411 0.07381092 0.56229512 0.02782614 0.02746421 0.23145765 0.01944185 
224.00000000 0.05804128 0.07416988 0.56081757 0.02779307 0.02756688 0.23217291 0.01943842 
225.00000000 0.05838223 0.07452394 0.55930448 0.02776268 0.02767670 0.23291298 0.01943699 
226.00000000 0.05872730 0.07487295 0.55775265 0.02773530 0.02779384 0.23368054 0.01943741 
227.00000000 0.05907678 0.07521682 0.55615904 0.02771124 0.02791846 0.23447813 0.01943953 
228.00000000 0.05943097 0.07555547 0.55452077 0.02769078 0.02805070 0.23530815 0.01944316 
229.00000000 0.05979015 0.07588881 0.55283515 0.02767423 0.02819068 0.23617285 0.01944813 
230.00000000 0.06015456 0.07621680 0.55109968 0.02766186 0.02833853 0.23707432 0.01945425 
231.00000000 0.06052445 0.07653941 0.54931209 0.02765393 0.02849433 0.23801446 0.01946134 
232.00000000 0.06090003 0.07685661 0.54747033 0.02765071 0.02865817 0.23899496 0.01946918 
233.00000000 0.06128149 0.07716841 0.54557264 0.02765244 0.02883012 0.24001732 0.01947759 
234.00000000 0.06166899 0.07747482 0.54361750 0.02765935 0.02901020 0.24108279 0.01948635 
235.00000000 0.06206266 0.07777588 0.54160370 0.02767165 0.02919847 0.24219241 0.01949525 
236.00000000 0.06246260 0.07807162 0.53953029 0.02768956 0.02939491 0.24334695 0.01950408 
237.00000000 0.06286890 0.07836212 0.53739667 0.02771326 0.02959951 0.24454692 0.01951262 
238.00000000 0.06328159 0.07864746 0.53520253 0.02774291 0.02981224 0.24579260 0.01952067 
239.00000000 0.06370068 0.07892772 0.53294790 0.02777869 0.03003304 0.24708395 0.01952801 
240.00000000 0.06412616 0.07920301 0.53063314 0.02782074 0.03026184 0.24842070 0.01953442 
241.00000000 0.06455796 0.07947346 0.52825895 0.02786917 0.03049852 0.24980225 0.01953968 
242.00000000 0.06499601 0.07973919 0.52582637 0.02792410 0.03074298 0.25122777 0.01954359 
243.00000000 0.06544018 0.08000035 0.52333677 0.02798562 0.03099505 0.25269609 0.01954594 
244.00000000 0.06589033 0.08025709 0.52079188 0.02805380 0.03125457 0.25420580 0.01954652 
245.00000000 0.06634628 0.08050958 0.51819377 0.02812871 0.03152135 0.25575518 0.01954512 
246.00000000 0.06680782 0.08075799 0.51554482 0.02821039 0.03179517 0.25734225 0.01954156 
247.00000000 0.06727470 0.08100252 0.51284778 0.02829885 0.03207579 0.25896472 0.01953564 
248.00000000 0.06774667 0.08124335 0.51010568 0.02839412 0.03236295 0.26062006 0.01952717 
249.00000000 0.06822345 0.08148068 0.50732189 0.02849617 0.03265636 0.26230546 0.01951598 
250.00000000 0.06870471 0.08171473 0.50450008 0.02860499 0.03295572 0.26401787 0.01950190 
251.00000000 0.06919013 0.08194570 0.50164421 0.02872053 0.03326069 0.26575398 0.01948477 
252.00000000 0.06967935 0.08217382 0.49875851 0.02884272 0.03357092 0.26751025 0.01946443 
253.00000000 0.07017201 0.08239930 0.49584748 0.02897150 0.03388604 0.26928291 0.01944075 
254.00000000 0.07066772 0.08262238 0.49291586 0.02910678 0.03420567 0.27106799 0.01941360 
255.00000000 0.07116609 0.08284330 0.48996862 0.02924844 0.03452938 0.27286132 0.01938287 
256.00000000 0.07166671 0.08306226 0.48701093 0.02939636 0.03485674 0.27465855 0.01934844 
257.00000000 0.07216919 0.08327953 0.48404817 0.02955041 0.03518732 0.27645516 0.01931024 
258.00000000 0.07267309 0.08349532 0.48108586 0.02971043 0.03552063 0.27824649 0.01926818 
259.00000000 0.07317800 0.08370987 0.47812970 0.02987626 0.03585621 0.28002774 0.01922222 
260.00000000 0.07368351 0.08392342 0.47518548 0.03004773 0.03619356 0.28179399 0.01917231 
261.00000000 0.07418920 0.08413619 0.47225912 0.03022464 0.03653216 0.28354026 0.01911844 
262.00000000 0.07469467 0.08434841 0.46935659 0.03040678 0.03687151 0.28526144 0.01906060 
263.00000000 0.07519952 0.08456031 0.46648395 0.03059395 0.03721106 0.28695241 0.01899880 
264.00000000 0.07570336 0.08477211 0.46364726 0.03078591 0.03755028 0.28860799 0.01893310 
265.00000000 0.07620580 0.08498402 0.46085259 0.03098244 0.03788861 0.29022300 0.01886354 
266.00000000 0.07670650 0.08519625 0.45810601 0.03118329 0.03822551 0.29179222 0.01879022 
267.00000000 0.07720511 0.08540900 0.45541354 0.03138820 0.03856042 0.29331051 0.01871323 
268.00000000 0.07770129 0.08562247 0.45278113 0.03159692 0.03889277 0.29477274 0.01863270 
269.00000000 0.07819474 0.08583684 0.45021464 0.03180918 0.03922199 0.29617383 0.01854879 
270.00000000 0.07868517 0.08605229 0.44771984 0.03202470 0.03954753 0.29750880 0.01846167 
271.00000000 0.07917232 0.08626900 0.44530234 0.03224320 0.03986882 0.29877277 0.01837155 
272.00000000 0.07965595 0.08648711 0.44296760 0.03246440 0.04018530 0.29996098 0.01827865 
273.00000000 0.08013583 0.08670679 0.44072093 0.03268802 0.04049642 0.30106879 0.01818322 
274.00000000 0.08061179 0.08692815 0.43856740 0.03291376 0.04080163 0.30209173 0.01808554 
275.00000000 0.08108364 0.08715134 0.43651189 0.03314132 0.04110039 0.30302551 0.01798592 
276.00000000 0.08155125 0.08737646 0.43455904 0.03337042 0.04139217 0.30386600 0.01788466 
277.00000000 0.08201450 0.08760361 0.43271324 0.03360076 0.04167645 0.30460931 0.01778214 
278.00000000 0.08247330 0.08783287 0.43097859 0.03383204 0.04195272 0.30525175 0.01767872 
279.00000000 0.08292758 0.08806433 0.42935893 0.03406397 0.04222051 0.30578987 0.01757480 
280.00000000 0.08337731 0.08829805 0.42785778 0.03429626 0.04247932 0.30622048 0.01747079 
281.00000000 0.08382247 0.08853406 0.42647834 0.03452861 0.04272872 0.30654065 0.01736715 
282.00000000 0.08426306 0.08877240 0.42522350 0.03476075 0.04296825 0.30674771 0.01726432 
283.00000000 0.08469911 0.08901310 0.42409580 0.03499239 0.04319750 0.30683930 0.01716280 
284.00000000 0.08513068 0.08925614 0.42309743 0.03522325 0.04341608 0.30681334 0.01706308 
285.00000000 0.08555783 0.08950152 0.42223023 0.03545306 0.04362361 0.30666809 0.01696566 
286.00000000 0.08598065 0.08974922 0.42149566 0.03568156 0.04381974 0.30640208 0.01687109 
287.00000000 0.08639925 0.08999920 0.42089481 0.03590849 0.04400416 0.30601420 0.01677990 
288.00000000 0.08681376 0.09025139 0.42042840 0.03613359 0.04417656 0.30550365 0.01669264 
289.00000000 0.08722431 0.09050573 0.42009677 0.03635663 0.04433669 0.30486999 0.01660988 
290.00000000 0.08763105 0.09076215 0.41989988 0.03657736 0.04448428 0.30411310 0.01653218 
291.00000000 0.08803416 0.09102053 0.41983728 0.03679557 0.04461914 0.30323321 0.01646011 
292.00000000 0.08843380 0.09128078 0.41990818 0.03701103 0.04474108 0.30223089 0.01639425 
293.00000000 0.08883015 0.09154277 0.42011136 0.03722355 0.04484995 0.30110706 0.01633516 
294.00000000 0.08922341 0.09180636 0.42044527 0.03743292 0.04494563 0.29986298 0.01628342 
295.00000000 0.08961377 0.09207141 0.42090796 0.03763897 0.04502802 0.29850027 0.01623960 
296.00000000 0.09000143 0.09233776 0.42149711 0.03784151 0.04509707 0.29702087 0.01620424 
297.00000000 0.09038660 0.09260524 0.42221006 0.03804040 0.04515274 0.29542705 0.01617790 
298.00000000 0.09076948 0.09287367 0.42304379 0.03823547 0.04519505 0.29372143 0.01616111 
299.00000000 0.09115027 0.09314285 0.42399494 0.03842659 0.04522403 0.29190695 0.01615437 
300.00000000 0.09152918 0.09341259 0.42505983 0.03861363 0.04523974 0.28998683 0.01615820 
301.00000000 0.09190640 0.09368269 0.42623444 0.03879649 0.04524229 0.28796464 0.01617306 
302.00000000 0.09228214 0.09395291 0.42751450 0.03897506 0.04523179 0.28584420 0.01619940 
303.00000000 0.09265660 0.09422305 0.42889539 0.03914925 0.04520842 0.28362963 0.01623765 
304.00000000 0.09302995 0.09449287 0.43037228 0.03931899 0.04517237 0.28132533 0.01628821 
305.00000000 0.09340238 0.09476215 0.43194006 0.03948420 0.04512385 0.27893593 0.01635143 
306.00000000 0.09377407 0.09503063 0.43359338 0.03964486 0.04506311 0.27646630 0.01642765 
307.00000000 0.09414519 0.09529809 0.43532669 0.03980090 0.04499043 0.27392153 0.01651716 
308.00000000 0.09451591 0.09556426 0.43713424 0.03995232 0.04490612 0.27130693 0.01662021 
309.00000000 0.09488638 0.09582892 0.43901012 0.04009908 0.04481050 0.26862798 0.01673702 
310.00000000 0.09525674 0.09609182 0.44094823 0.04024120 0.04470393 0.26589033 0.01686775 
311.00000000 0.09562714 0.09635270 0.44294238 0.04037867 0.04458680 0.26309976 0.01701254 
312.00000000 0.09599772 0.09661132 0.44498626 0.04051153 0.04445951 0.26026221 0.01717146 
313.00000000 0.09636859 0.09686744 0.44707345 0.04063980 0.04432248 0.25738370 0.01734455 
314.00000000 0.09673988 0.09712082 0.44919749 0.04076351 0.04417615 0.25447034 0.01753180 
315.00000000 0.09711169 0.09737123 0.45135188 0.04088274 0.04402101 0.25152832 0.01773314 
316.00000000 0.09748413 0.09761843 0.45353008 0.04099753 0.04385752 0.24856385 0.01794846 
317.00000000 0.09785730 0.09786221 0.45572557 0.04110795 0.04368620 0.24558318 0.01817760 
318.00000000 0.09823128 0.09810234 0.45793184 0.04121409 0.04350756 0.24259255 0.01842034 
319.00000000 0.09860617 0.09833863 0.46014244 0.04131604 0.04332212 0.23959819 0.01867642 
320.00000000 0.09898204 0.09857086 0.46235099 0.04141388 0.04313042 0.23660629 0.01894552 
321.00000000 0.09935896 0.09879885 0.46455118 0.04150773 0.04293303 0.23362296 0.01922729 
322.00000000 0.09973702 0.09902243 0.46673682 0.04159769 0.04273050 0.23065425 0.01952130 
323.00000000 0.10011626 0.09924142 0.46890184 0.04168387 0.04252339 0.22770611 0.01982710 
324.00000000 0.10049677 0.09945568 0.47104034 0.04176641 0.04231228 0.22478435 0.02014418 
325.00000000 0.10087859 0.09966506 0.47314654 0.04184541 0.04209776 0.22189466 0.02047197 
326.00000000 0.10126179 0.09986944 0.47521489 0.04192103 0.04188038 0.21904259 0.02080989 
327.00000000 0.10164641 0.10006870 0.47724000 0.04199337 0.04166074 0.21623348 0.02115729 
328.00000000 0.10203252 0.10026275 0.47921670 0.04206259 0.04143942 0.21347253 0.02151349 
329.00000000 0.10242016 0.10045151 0.48114005 0.04212882 0.04121699 0.21076471 0.02187777 
330.00000000 0.10280938 0.10063491 0.48300535 0.04219220 0.04099401 0.20811477 0.02224937 
331.00000000 0.10320023 0.10081291 0.48480814 0.04225287 0.04077107 0.20552727 0.02262751 
332.00000000 0.10359275 0.10098548 0.48654423 0.04231098 0.04054870 0.20300650 0.02301136 
333.00000000 0.10398700 0.10115259 0.48820968 0.04236665 0.04032747 0.20055651 0.02340009 
334.00000000 0.10438301 0.10131427 0.48980085 0.04242004 0.04010792 0.19818109 0.02379283 
335.00000000 0.10478082 0.10147051 0.49131438 0.04247127 0.03989056 0.19588378 0.02418867 
336.00000000 0.10518048 0.10162138 0.49274718 0.04252049 0.03967591 0.19366782 0.02458673 
337.00000000 0.10558203 0.10176692 0.49409648 0.04256782 0.03946448 0.19153620 0.02498607 
338.00000000 0.10598549 0.10190721 0.49535980 0.04261340 0.03925674 0.18949160 0.02538577 
339.00000000 0.10639090 0.10204233 0.49653495 0.04265734 0.03905317 0.18753643 0.02578488 
340.00000000 0.10679830 0.10217240 0.49762006 0.04269977 0.03885420 0.18567279 0.02618247 
341.00000000 0.10720770 0.10229754 0.49861356 0.04274080 0.03866027 0.18390252 0.02657760 
342.00000000 0.10761913 0.10241790 0.49951417 0.04278054 0.03847180 0.18222714 0.02696933 
343.00000000 0.10803260 0.10253362 0.50032092 0.04281909 0.03828916 0.18064788 0.02735673 
344.00000000 0.10844813 0.10264489 0.50103314 0.04285655 0.03811272 0.17916568 0.02773889 
345.00000000 0.10886572 0.10275188 0.50165046 0.04289301 0.03794284 0.17778119 0.02811491 
346.00000000 0.10928537 0.10285480 0.50217279 0.04292854 0.03777982 0.17649479 0.02848390 
347.00000000 0.10970707 0.10295386 0.50260032 0.04296322 0.03762397 0.17530656 0.02884500 
348.00000000 0.11013080 0.10304929 0.50293354 0.04299713 0.03747556 0.17421630 0.02919738 
349.00000000 0.11055655 0.10314132 0.50317319 0.04303030 0.03733485 0.17322356 0.02954023 
350.00000000 0.11098427 0.10323020 0.50332029 0.04306280 0.03720205 0.17232761 0.02987278 
351.00000000 0.11141393 0.10331618 0.50337610 0.04309466 0.03707736 0.17152747 0.03019429 
352.00000000 0.11184547 0.10339953 0.50334214 0.04312592 0.03696097 0.17082190 0.03050406 
353.00000000 0.11227883 0.10348053 0.50322016 0.04315660 0.03685301 0.17020944 0.03080143 
354.00000000 0.11271393 0.10355945 0.50301212 0.04318672 0.03675362 0.16968839 0.03108576 
355.00000000 0.11315069 0.10363658 0.50272021 0.04321627 0.03666290 0.16925685 0.03135650 
356.00000000 0.11358901 0.10371220 0.50234682 0.04324526 0.03658092 0.16891267 0.03161311 
357.00000000 0.11402879 0.10378661 0.50189453 0.04327368 0.03650773 0.16865355 0.03185511 
358.00000000 0.11446990 0.10386010 0.50136607 0.04330151 0.03644336 0.16847699 0.03208208 
359.00000000 0.11491222 0.10393296 0.50076436 0.04332871 0.03638781 0.16838031 0.03229362 
360.00000000 0.11535560 0.10400550 0.50009245 0.04335526 0.03634108 0.16836069 0.03248942 
361.00000000 0.11579989 0.10407800 0.49935354 0.04338112 0.03630311 0.16841515 0.03266920 
362.00000000 0.11624492 0.10415075 0.49855092 0.04340623 0.03627386 0.16854059 0.03283273 
363.00000000 0.11669053 0.10422404 0.49768800 0.04343053 0.03625323 0.16873380 0.03297987 
364.00000000 0.11713652 0.10429816 0.49676829 0.04345398 0.03624112 0.16899145 0.03311048 
365.00000000 0.11758270 0.10437338 0.49579533 0.04347649 0.03623743 0.16931015 0.03322451 
366.00000000 0.11802888 0.10444998 0.49477277 0.04349800 0.03624200 0.16968641 0.03332196 
367.00000000 0.11847484 0.10452821 0.49370425 0.04351843 0.03625469 0.17011670 0.03340287 
368.00000000 0.11892036 0.10460833 0.49259348 0.04353770 0.03627533 0.17059745 0.03346734 
369.00000000 0.11936523 0.10469059 0.49144415 0.04355572 0.03630374 0.17112505 0.03351552 
370.00000000 0.11980921 0.10477523 0.49025994 0.04357240 0.03633971 0.17169589 0.03354761 
371.00000000 0.12025208 0.10486246 0.48904455 0.04358767 0.03638304 0.17230635 0.03356386 
372.00000000 0.12069360 0.10495251 0.48780160 0.04360142 0.03643350 0.17295283 0.03356454 
373.00000000 0.12113353 0.10504556 0.48653470 0.04361356 0.03649087 0.17363176 0.03355001 
374.00000000 0.12157165 0.10514182 0.48524736 0.04362402 0.03655491 0.17433961 0.03352063 
375.00000000 0.12200771 0.10524145 0.48394306 0.04363268 0.03662537 0.17507291 0.03347682 
376.00000000 0.12244149 0.10534461 0.48262514 0.04363947 0.03670201 0.17582825 0.03341903 
377.00000000 0.12287276 0.10545146 0.48129690 0.04364430 0.03678455 0.17660229 0.03334775 
378.00000000 0.12330130 0.10556211 0.47996147 0.04364709 0.03687274 0.17739181 0.03326349 
379.00000000 0.12372688 0.10567668 0.47862191 0.04364776 0.03696632 0.17819366 0.03316679 
380.00000000 0.12414931 0.10579528 0.47728112 0.04364623 0.03706501 0.17900481 0.03305823 
381.00000000 0.12456839 0.10591799 0.47594187 0.04364243 0.03716856 0.17982237 0.03293840 
382.00000000 0.12498392 0.10604487 0.47460678 0.04363630 0.03727670 0.18064353 0.03280790 
383.00000000 0.12539573 0.10617598 0.47327832 0.04362778 0.03738916 0.18146567 0.03266735 
384.00000000 0.12580366 0.10631134 0.47195881 0.04361682 0.03750569 0.18228628 0.03251741 
385.00000000 0.12620754 0.10645099 0.47065037 0.04360339 0.03762602 0.18310299 0.03235870 
386.00000000 0.12660726 0.10659492 0.46935499 0.04358744 0.03774990 0.18391361 0.03219188 
387.00000000 0.12700268 0.10674312 0.46807446 0.04356895 0.03787710 0.18471609 0.03201761 
388.00000000 0.12739370 0.10689556 0.46681041 0.04354790 0.03800736 0.18550853 0.03183653 
389.00000000 0.12778023 0.10705219 0.46556429 0.04352430 0.03814046 0.18628923 0.03164930 
390.00000000 0.12816221 0.10721297 0.46433735 0.04349814 0.03827617 0.18705662 0.03145655 
391.00000000 0.12853957 0.10737781 0.46313070 0.04346944 0.03841427 0.18780931 0.03125891 
392.00000000 0.12891229 0.10754662 0.46194524 0.04343822 0.03855456 0.18854607 0.03105701 
393.00000000 0.12928034 0.10771931 0.46078170 0.04340453 0.03869684 0.18926583 0.03085144 
394.00000000 0.12964373 0.10789576 0.45964065 0.04336841 0.03884093 0.18996772 0.03064280 
395.00000000 0.13000248 0.10807585 0.45852249 0.04332993 0.03898664 0.19065098 0.03043164 
396.00000000 0.13035663 0.10825942 0.45742743 0.04328915 0.03913382 0.19131505 0.03021850 
397.00000000 0.13070622 0.10844633 0.45635554 0.04324616 0.03928232 0.19195952 0.03000391 
398.00000000 0.13105134 0.10863643 0.45530673 0.04320106 0.03943198 0.19258411 0.02978836 
399.00000000 0.13139208 0.10882953 0.45428075 0.04315396 0.03958268 0.19318872 0.02957229 
400.00000000 0.13172853 0.10902545 0.45327722 0.04310497 0.03973431 0.19377337 0.02935616 
401.00000000 0.13206083 0.10922400 0.45229560 0.04305422 0.03988675 0.19433823 0.02914036 
402.00000000 0.13238911 0.10942499 0.45133525 0.04300187 0.04003990 0.19488362 0.02892526 
403.00000000 0.13271351 0.10962821 0.45039538 0.04294806 0.04019370 0.19540994 0.02871120 
404.00000000 0.13303420 0.10983344 0.44947510 0.04289296 0.04034806 0.19591776 0.02849848 
405.00000000 0.13335136 0.11004047 0.44857340 0.04283674 0.04050292 0.19640774 0.02828737 
406.00000000 0.13366516 0.11024908 0.44768919 0.04277958 0.04065824 0.19688065 0.02807811 
407.00000000 0.13397581 0.11045903 0.44682127 0.04272169 0.04081396 0.19733734 0.02787090 
408.00000000 0.13428349 0.11067010 0.44596838 0.04266325 0.04097007 0.19777879 0.02766592 
409.00000000 0.13458842 0.11088206 0.44512919 0.04260450 0.04112653 0.19820602 0.02746328 
410.00000000 0.13489081 0.11109467 0.44430227 0.04254563 0.04128335 0.19862016 0.02726311 
411.00000000 0.13519087 0.11130770 0.44348620 0.04248688 0.04144050 0.19902238 0.02706547 
412.00000000 0.13548882 0.11152092 0.44267947 0.04242848 0.04159800 0.19941392 0.02687040 
413.00000000 0.13578488 0.11173408 0.44188056 0.04237066 0.04175585 0.19979606 0.02667791 
414.00000000 0.13607927 0.11194697 0.44108792 0.04231367 0.04191407 0.20017013 0.02648798 
415.00000000 0.13637220 0.11215935 0.44029999 0.04225775 0.04207268 0.20053748 0.02630057 
416.00000000 0.13666388 0.11237099 0.43951521 0.04220314 0.04223170 0.20089947 0.02611561 
417.00000000 0.13695453 0.11258168 0.43873202 0.04215011 0.04239116 0.20125750 0.02593301 
418.00000000 0.13724434 0.11279119 0.43794889 0.04209890 0.04255110 0.20161294 0.02575264 
419.00000000 0.13753351 0.11299932 0.43716431 0.04204975 0.04271154 0.20196719 0.02557438 
420.00000000 0.13782222 0.11320587 0.43637681 0.04200293 0.04287252 0.20232159 0.02539807 
421.00000000 0.13811067 0.11341063 0.43558494 0.04195867 0.04303407 0.20267749 0.02522354 
422.00000000 0.13839900 0.11361342 0.43478735 0.04191723 0.04319622 0.20303618 0.02505060 
423.00000000 0.13868739 0.11381405 0.43398271 0.04187884 0.04335902 0.20339893 0.02487907 
424.00000000 0.13897599 0.11401235 0.43316978 0.04184375 0.04352248 0.20376693 0.02470873 
425.00000000 0.13926491 0.11420816 0.43234740 0.04181218 0.04368662 0.20414135 0.02453938 
426.00000000 0.13955430 0.11440132 0.43151451 0.04178436 0.04385148 0.20452324 0.02437079 
427.00000000 0.13984425 0.11459170 0.43067011 0.04176051 0.04401706 0.20491361 0.02420275 
428.00000000 0.14013487 0.11477917 0.42981333 0.04174084 0.04418338 0.20531337 0.02403504 
429.00000000 0.14042624 0.11496359 0.42894340 0.04172555 0.04435044 0.20572335 0.02386742 
430.00000000 0.14071844 0.11514487 0.42805965 0.04171483 0.04451823 0.20614428 0.02369970 
431.00000000 0.14101151 0.11532291 0.42716156 0.04170886 0.04468674 0.20657677 0.02353165 
432.00000000 0.14130551 0.11549762 0.42624871 0.04170781 0.04485596 0.20702133 0.02336307 
433.00000000 0.14160047 0.11566894 0.42532080 0.04171182 0.04502583 0.20747837 0.02319376 
434.00000000 0.14189641 0.11583681 0.42437769 0.04172106 0.04519634 0.20794816 0.02302354 
435.00000000 0.14219333 0.11600118 0.42341934 0.04173564 0.04536742 0.20843085 0.02285224 
436.00000000 0.14249123 0.11616203 0.42244589 0.04175567 0.04553901 0.20892647 0.02267969 
437.00000000 0.14279011 0.11631934 0.42145757 0.04178127 0.04571104 0.20943492 0.02250576 
438.00000000 0.14308994 0.11647310 0.42045477 0.04181251 0.04588342 0.20995595 0.02233032 
439.00000000 0.14339067 0.11662332 0.41943804 0.04184945 0.04605605 0.21048921 0.02215326 
440.00000000 0.14369228 0.11677002 0.41840803 0.04189216 0.04622882 0.21103420 0.02197448 
441.00000000 0.14399471 0.11691325 0.41736555 0.04194067 0.04640161 0.21159027 0.02179393 
442.00000000 0.14429791 0.11705305 0.41631153 0.04199500 0.04657429 0.21215668 0.02161154 
443.00000000 0.14460181 0.11718948 0.41524705 0.04205514 0.04674670 0.21273252 0.02142730 
444.00000000 0.14490635 0.11732261 0.41417330 0.04212109 0.04691869 0.21331677 0.02124119 
445.00000000 0.14521145 0.11745254 0.41309161 0.04219280 0.04709008 0.21390829 0.02105324 
446.00000000 0.14551704 0.11757935 0.41200341 0.04227024 0.04726068 0.21450582 0.02086348 
447.00000000 0.14582304 0.11770315 0.41091025 0.04235332 0.04743031 0.21510796 0.02067196 
448.00000000 0.14612937 0.11782407 0.40981380 0.04244198 0.04759874 0.21571324 0.02047879 
449.00000000 0.14643596 0.11794223 0.40871582 0.04253610 0.04776577 0.21632006 0.02028406 
450.00000000 0.14674272 0.11805778 0.40761816 0.04263557 0.04793116 0.21692672 0.02008789 
451.00000000 0.14704958 0.11817084 0.40652277 0.04274025 0.04809467 0.21753144 0.01989046 
452.00000000 0.14735645 0.11828159 0.40543166 0.04285000 0.04825604 0.21813235 0.01969191 
453.00000000 0.14766326 0.11839018 0.40434691 0.04296465 0.04841503 0.21872751 0.01949245 
454.00000000 0.14796995 0.11849678 0.40327068 0.04308401 0.04857137 0.21931492 0.01929229 
455.00000000 0.14827643 0.11860156 0.40220517 0.04320790 0.04872477 0.21989250 0.01909166 
456.00000000 0.14858265 0.11870471 0.40115262 0.04333611 0.04887496 0.22045814 0.01889081 
457.00000000 0.14888855 0.11880640 0.40011529 0.04346841 0.04902165 0.22100969 0.01869001 
458.00000000 0.14919406 0.11890681 0.39909549 0.04360457 0.04916456 0.22154496 0.01848955 
459.00000000 0.14949914 0.11900615 0.39809552 0.04374435 0.04930338 0.22206174 0.01828972 
460.00000000 0.14980375 0.11910459 0.39711769 0.04388749 0.04943782 0.22255781 0.01809084 
461.00000000 0.15010783 0.11920233 0.39616432 0.04403373 0.04956758 0.22303097 0.01789324 
462.00000000 0.15041136 0.11929956 0.39523768 0.04418279 0.04969236 0.22347901 0.01769725 
463.00000000 0.15071431 0.11939646 0.39434004 0.04433438 0.04981186 0.22389973 0.01750322 
464.00000000 0.15101665 0.11949321 0.39347363 0.04448822 0.04992579 0.22429098 0.01731153 
465.00000000 0.15131836 0.11959001 0.39264061 0.04464402 0.05003385 0.22465063 0.01712252 
466.00000000 0.15161943 0.11968703 0.39184311 0.04480146 0.05013576 0.22497663 0.01693658 
467.00000000 0.15191985 0.11978445 0.39108320 0.04496026 0.05023122 0.22526694 0.01675409 
468.00000000 0.15221962 0.11988242 0.39036285 0.04512009 0.05031996 0.22551963 0.01657542 
469.00000000 0.15251873 0.11998113 0.38968397 0.04528065 0.05040172 0.22573283 0.01640098 
470.00000000 0.15281720 0.12008071 0.38904837 0.04544162 0.05047623 0.22590474 0.01623113 
471.00000000 0.15311502 0.12018131 0.38845778 0.04560271 0.05054324 0.22603367 0.01606628 
472.00000000 0.15341222 0.12028308 0.38791379 0.04576358 0.05060250 0.22611802 0.01590681 
473.00000000 0.15370881 0.12038614 0.38741790 0.04592395 0.05065381 0.22615631 0.01575309 
474.00000000 0.15400479 0.12049061 0.38697149 0.04608349 0.05069693 0.22614716 0.01560552 
475.00000000 0.15430021 0.12059660 0.38657582 0.04624191 0.05073167 0.22608933 0.01546447 
476.00000000 0.15459507 0.12070421 0.38623199 0.04639891 0.05075785 0.22598167 0.01533029 
477.00000000 0.15488940 0.12081351 0.38594099 0.04655421 0.05077530 0.22582321 0.01520337 
478.00000000 0.15518324 0.12092459 0.38570366 0.04670750 0.05078387 0.22561309 0.01508404 
479.00000000 0.15547659 0.12103751 0.38552069 0.04685852 0.05078343 0.22535059 0.01497266 
480.00000000 0.15576949 0.12115232 0.38539263 0.04700700 0.05077387 0.22503515 0.01486954 
481.00000000 0.15606198 0.12126904 0.38531985 0.04715267 0.05075508 0.22466636 0.01477502 
482.00000000 0.15635406 0.12138772 0.38530258 0.04729529 0.05072701 0.22424394 0.01468939 
483.00000000 0.15664578 0.12150834 0.38534090 0.04743461 0.05068960 0.22376781 0.01461295 
484.00000000 0.15693716 0.12163092 0.38543472 0.04757041 0.05064281 0.22323801 0.01454598 
485.00000000 0.15722823 0.12175543 0.38558377 0.04770245 0.05058665 0.22265475 0.01448873 
486.00000000 0.15751900 0.12188184 0.38578764 0.04783055 0.05052112 0.22201840 0.01444145 
487.00000000 0.15780951 0.12201011 0.38604575 0.04795449 0.05044627 0.22132949 0.01440437 
488.00000000 0.15809979 0.12214020 0.38635735 0.04807411 0.05036214 0.22058872 0.01437769 
489.00000000 0.15838984 0.12227201 0.38672154 0.04818923 0.05026884 0.21979692 0.01436161 
490.00000000 0.15867970 0.12240549 0.38713726 0.04829970 0.05016645 0.21895512 0.01435628 
491.00000000 0.15896939 0.12254053 0.38760327 0.04840538 0.05005512 0.21806446 0.01436186 
492.00000000 0.15925893 0.12267703 0.38811820 0.04850613 0.04993499 0.21712625 0.01437847 
493.00000000 0.15954833 0.12281487 0.38868052 0.04860186 0.04980625 0.21614196 0.01440623 
494.00000000 0.15983762 0.12295393 0.38928856 0.04869245 0.04966908 0.21511317 0.01444520 
495.00000000 0.16012681 0.12309407 0.38994050 0.04877783 0.04952370 0.21404164 0.01449545 
496.00000000 0.16041592 0.12323515 0.39063439 0.04885793 0.04937037 0.21292922 0.01455702 
497.00000000 0.16070498 0.12337701 0.39136814 0.04893268 0.04920934 0.21177793 0.01462992 
498.00000000 0.16099399 0.12351949 0.39213955 0.04900206 0.04904089 0.21058987 0.01471414 
499.00000000 0.16128298 0.12366242 0.39294630 0.04906603 0.04886534 0.20936728 0.01480964 
500.00000000 0.16157198 0.12380556 0.39378483 0.04912460 0.04868299 0.20811370 0.01491634 
501.00000000 0.16186102 0.12394871 0.39465292 0.04917775 0.04849420 0.20683124 0.01503416 
502.00000000 0.16215011 0.12409169 0.39554828 0.04922551 0.04829933 0.20552205 0.01516304 
503.00000000 0.16243927 0.12423430 0.39646856 0.04926789 0.04809876 0.20418837 0.01530285 
504.00000000 0.16272854 0.12437636 0.39741133 0.04930493 0.04789288 0.20283251 0.01545345 
505.00000000 0.16301793 0.12451765 0.39837411 0.04933668 0.04768211 0.20145683 0.01561470 
506.00000000 0.16330746 0.12465798 0.39935436 0.04936320 0.04746687 0.20006373 0.01578640 
507.00000000 0.16359717 0.12479714 0.40034950 0.04938457 0.04724759 0.19865567 0.01596835 
508.00000000 0.16388708 0.12493493 0.40135693 0.04940088 0.04702473 0.19723514 0.01616031 
509.00000000 0.16417721 0.12507114 0.40237401 0.04941222 0.04679874 0.19580465 0.01636203 
510.00000000 0.16446760 0.12520557 0.40339806 0.04941870 0.04657010 0.19436674 0.01657323 
511.00000000 0.16475826 0.12533803 0.40442641 0.04942044 0.04633927 0.19292399 0.01679360 
512.00000000 0.16504923 0.12546831 0.40545638 0.04941758 0.04610673 0.19147895 0.01702282 
513.00000000 0.16534054 0.12559621 0.40648528 0.04941024 0.04587298 0.19003421 0.01726053 
514.00000000 0.16563221 0.12572156 0.40751046 0.04939857 0.04563850 0.18859232 0.01750637 
515.00000000 0.16592427 0.12584416 0.40852924 0.04938274 0.04540378 0.18715586 0.01775994 
516.00000000 0.16621675 0.12596384 0.40953901 0.04936290 0.04516931 0.18572736 0.01802083 
517.00000000 0.16650967 0.12608042 0.41053716 0.04933922 0.04493559 0.18430934 0.01828860 
518.00000000 0.16680305 0.12619374 0.41152114 0.04931188 0.04470310 0.18290430 0.01856280 
519.00000000 0.16709692 0.12630363 0.41248843 0.04928106 0.04447232 0.18151468 0.01884297 
520.00000000 0.16739130 0.12640995 0.41343657 0.04924694 0.04424373 0.18014289 0.01912861 
521.00000000 0.16768620 0.12651257 0.41436317 0.04920972 0.04401781 0.17879131 0.01941923 
522.00000000 0.16798164 0.12661134 0.41526589 0.04916959 0.04379502 0.17746223 0.01971430 
523.00000000 0.16827763 0.12670614 0.41614246 0.04912676 0.04357581 0.17615791 0.02001329 
524.00000000 0.16857418 0.12679687 0.41699071 0.04908141 0.04336063 0.17488054 0.02031567 
525.00000000 0.16887128 0.12688342 0.41780854 0.04903375 0.04314991 0.17363223 0.02062087 
526.00000000 0.16916895 0.12696570 0.41859393 0.04898399 0.04294408 0.17241502 0.02092834 
527.00000000 0.16946717 0.12704363 0.41934498 0.04893233 0.04274353 0.17123086 0.02123749 
528.00000000 0.16976594 0.12711716 0.42005986 0.04887897 0.04254866 0.17008165 0.02154776 
529.00000000 0.17006523 0.12718621 0.42073686 0.04882413 0.04235984 0.16896916 0.02185857 
530.00000000 0.17036504 0.12725076 0.42137438 0.04876800 0.04217743 0.16789509 0.02216931 
531.00000000 0.17066532 0.12731076 0.42197091 0.04871078 0.04200178 0.16686104 0.02247942 
532.00000000 0.17096605 0.12736620 0.42252509 0.04865267 0.04183319 0.16586851 0.02278829 
533.00000000 0.17126720 0.12741708 0.42303563 0.04859388 0.04167197 0.16491891 0.02309533 
534.00000000 0.17156871 0.12746340 0.42350141 0.04853460 0.04151840 0.16401351 0.02339998 
535.00000000 0.17187054 0.12750518 0.42392138 0.04847500 0.04137274 0.16315352 0.02370164 
536.00000000 0.17217263 0.12754245 0.42429466 0.04841529 0.04123522 0.16234001 0.02399975 
537.00000000 0.17247492 0.12757525 0.42462046 0.04835564 0.04110607 0.16157393 0.02429373 
538.00000000 0.17277735 0.12760365 0.42489812 0.04829623 0.04098546 0.16085615 0.02458303 
539.00000000 0.17307985 0.12762770 0.42512713 0.04823723 0.04087358 0.16018739 0.02486712 
540.00000000 0.17338233 0.12764750 0.42530707 0.04817881 0.04077057 0.15956828 0.02514545 
541.00000000 0.17368472 0.12766313 0.42543766 0.04812111 0.04067655 0.15899933 0.02541751 
542.00000000 0.17398692 0.12767469 0.42551876 0.04806430 0.04059161 0.15848091 0.02568281 
543.00000000 0.17428886 0.12768230 0.42555032 0.04800852 0.04051584 0.15801331 0.02594084 
544.00000000 0.17459044 0.12768609 0.42553243 0.04795391 0.04044929 0.15759667 0.02619117 
545.00000000 0.17489157 0.12768620 0.42546530 0.04790059 0.04039198 0.15723104 0.02643333 
546.00000000 0.17519214 0.12768276 0.42534925 0.04784869 0.04034392 0.15691634 0.02666690 
547.00000000 0.17549205 0.12767594 0.42518472 0.04779832 0.04030510 0.15665237 0.02689150 
548.00000000 0.17579121 0.12766590 0.42497226 0.04774959 0.04027546 0.15643884 0.02710674 
549.00000000 0.17608952 0.12765282 0.42471251 0.04770260 0.04025496 0.15627532 0.02731227 
550.00000000 0.17638686 0.12763688 0.42440624 0.04765743 0.04024350 0.15616131 0.02750777 
551.00000000 0.17668315 0.12761828 0.42405431 0.04761417 0.04024098 0.15609617 0.02769295 
552.00000000 0.17697828 0.12759720 0.42365766 0.04757288 0.04024728 0.15607917 0.02786753 
553.00000000 0.17727216 0.12757386 0.42321735 0.04753363 0.04026225 0.15610947 0.02803128 
554.00000000 0.17756469 0.12754848 0.42273451 0.04749648 0.04028572 0.15618615 0.02818398 
555.00000000 0.17785577 0.12752126 0.42221036 0.04746146 0.04031751 0.15630817 0.02832547 
556.00000000 0.17814533 0.12749243 0.42164618 0.04742861 0.04035743 0.15647443 0.02845558 
557.00000000 0.17843328 0.12746223 0.42104333 0.04739797 0.04040525 0.15668373 0.02857421 
558.00000000 0.17871954 0.12743087 0.42040326 0.04736955 0.04046075 0.15693477 0.02868126 
559.00000000 0.17900403 0.12739861 0.41972744 0.04734336 0.04052368 0.15722620 0.02877669 
560.00000000 0.17928670 0.12736566 0.41901743 0.04731940 0.04059378 0.15755657 0.02886046 
561.00000000 0.17956748 0.12733229 0.41827482 0.04729767 0.04067077 0.15792439 0.02893258 
562.00000000 0.17984632 0.12729872 0.41750125 0.04727816 0.04075438 0.15832808 0.02899310 
563.00000000 0.18012316 0.12726520 0.41669840 0.04726084 0.04084432 0.15876601 0.02904208 
564.00000000 0.18039798 0.12723197 0.41586797 0.04724569 0.04094027 0.15923650 0.02907962 
565.00000000 0.18067074 0.12719926 0.41501172 0.04723267 0.04104193 0.15973782 0.02910585 
566.00000000 0.18094142 0.12716733 0.41413139 0.04722175 0.04114899 0.16026820 0.02912092 
567.00000000 0.18120999 0.12713641 0.41322877 0.04721287 0.04126112 0.16082582 0.02912503 
568.00000000 0.18147646 0.12710672 0.41230562 0.04720598 0.04137799 0.16140883 0.02911839 
569.00000000 0.18174082 0.12707850 0.41136375 0.04720103 0.04149929 0.16201538 0.02910124 
570.00000000 0.18200309 0.12705198 0.41040492 0.04719795 0.04162466 0.16264356 0.02907384 
571.00000000 0.18226326 0.12702738 0.40943094 0.04719668 0.04175380 0.16329147 0.02903648 
572.00000000 0.18252138 0.12700491 0.40844355 0.04719713 0.04188635 0.16395720 0.02898947 
573.00000000 0.18277746 0.12698478 0.40744451 0.04719925 0.04202200 0.16463883 0.02893316 
574.00000000 0.18303155 0.12696720 0.40643555 0.04720295 0.04216042 0.16533444 0.02886788 
575.00000000 0.18328369 0.12695235 0.40541836 0.04720816 0.04230128 0.16604213 0.02879403 
576.00000000 0.18353393 0.12694042 0.40439462 0.04721478 0.04244426 0.16676001 0.02871197 
577.00000000 0.18378232 0.12693160 0.40336595 0.04722274 0.04258906 0.16748620 0.02862213 
578.00000000 0.18402893 0.12692604 0.40233395 0.04723196 0.04273536 0.16821885 0.02852492 
579.00000000 0.18427382 0.12692391 0.40130016 0.04724234 0.04288287 0.16895614 0.02842077 
580.00000000 0.18451706 0.12692535 0.40026609 0.04725381 0.04303129 0.16969628 0.02831011 
581.00000000 0.18475872 0.12693051 0.39923319 0.04726628 0.04318034 0.17043754 0.02819341 
582.00000000 0.18499889 0.12693950 0.39820284 0.04727968 0.04332975 0.17117822 0.02807112 
583.00000000 0.18523763 0.12695245 0.39717640 0.04729391 0.04347927 0.17191665 0.02794370 
584.00000000 0.18547504 0.12696944 0.39615512 0.04730890 0.04362864 0.17265125 0.02781161 
585.00000000 0.18571119 0.12699058 0.39514024 0.04732457 0.04377762 0.17338048 0.02767532 
586.00000000 0.18594617 0.12701595 0.39413289 0.04734086 0.04392598 0.17410285 0.02753530 
587.00000000 0.18618007 0.12704560 0.39313417 0.04735769 0.04407352 0.17481695 0.02739200 
588.00000000 0.18641296 0.12707959 0.39214509 0.04737500 0.04422003 0.17552145 0.02724589 
589.00000000 0.18664493 0.12711795 0.39116659 0.04739272 0.04436533 0.17621506 0.02709742 
590.00000000 0.18687607 0.12716073 0.39019956 0.04741079 0.04450924 0.17689658 0.02694704 
591.00000000 0.18710644 0.12720792 0.38924479 0.04742918 0.04465160 0.17756490 0.02679517 
592.00000000 0.18733615 0.12725953 0.38830302 0.04744782 0.04479227 0.17821896 0.02664226 
593.00000000 0.18756524 0.12731555 0.38737491 0.04746668 0.04493111 0.17885781 0.02648870 
594.00000000 0.18779381 0.12737596 0.38646105 0.04748572 0.04506802 0.17948055 0.02633490 
595.00000000 0.18802192 0.12744071 0.38556196 0.04750491 0.04520287 0.18008639 0.02618124 
596.00000000 0.18824964 0.12750975 0.38467809 0.04752422 0.04533559 0.18067461 0.02602809 
597.00000000 0.18847703 0.12758303 0.38380981 0.04754365 0.04546609 0.18124458 0.02587581 
598.00000000 0.18870415 0.12766046 0.38295744 0.04756317 0.04559432 0.18179575 0.02572472 
599.00000000 0.18893106 0.12774197 0.38212120 0.04758278 0.04572022 0.18232764 0.02557513 
600.00000000 0.18915780 0.12782747 0.38130129 0.04760248 0.04584374 0.18283988 0.02542734 
601.00000000 0.18938443 0.12791683 0.38049780 0.04762228 0.04596487 0.18333217 0.02528161 
602.00000000 0.18961098 0.12800995 0.37971079 0.04764219 0.04608359 0.18380429 0.02513820 
603.00000000 0.18983751 0.12810670 0.37894024 0.04766223 0.04619990 0.18425608 0.02499734 
604.00000000 0.19006403 0.12820695 0.37818608 0.04768243 0.04631380 0.18468750 0.02485922 
605.00000000 0.19029059 0.12831055 0.37744818 0.04770281 0.04642530 0.18509855 0.02472402 
606.00000000 0.19051721 0.12841736 0.37672637 0.04772341 0.04653444 0.18548931 0.02459190 
607.00000000 0.19074391 0.12852721 0.37602042 0.04774428 0.04664124 0.18585994 0.02446300 
608.00000000 0.19097073 0.12863994 0.37533005 0.04776546 0.04674574 0.18621065 0.02433743 
609.00000000 0.19119767 0.12875538 0.37465495 0.04778700 0.04684800 0.18654174 0.02421526 
610.00000000 0.19142475 0.12887336 0.37399474 0.04780896 0.04694807 0.18685354 0.02409657 
611.00000000 0.19165199 0.12899370 0.37334904 0.04783140 0.04704601 0.18714645 0.02398140 
612.00000000 0.19187940 0.12911622 0.37271741 0.04785439 0.04714188 0.18742094 0.02386976 
613.00000000 0.19210698 0.12924072 0.37209939 0.04787798 0.04723576 0.18767750 0.02376166 
614.00000000 0.19233475 0.12936704 0.37149450 0.04790226 0.04732771 0.18791669 0.02365707 
615.00000000 0.19256270 0.12949497 0.37090221 0.04792730 0.04741780 0.18813908 0.02355595 
616.00000000 0.19279086 0.12962433 0.37032200 0.04795317 0.04750612 0.18834530 0.02345823 
617.00000000 0.19301921 0.12975493 0.36975332 0.04797994 0.04759274 0.18853601 0.02336385 
618.00000000 0.19324777 0.12988659 0.36919562 0.04800771 0.04767774 0.18871189 0.02327269 
619.00000000 0.19347654 0.13001911 0.36864832 0.04803654 0.04776118 0.18887364 0.02318467 
620.00000000 0.19370553 0.13015233 0.36811084 0.04806652 0.04784316 0.18902199 0.02309963 
621.00000000 0.19393474 0.13028606 0.36758262 0.04809773 0.04792373 0.18915767 0.02301745 
622.00000000 0.19416417 0.13042012 0.36706308 0.04813024 0.04800297 0.18928143 0.02293798 
623.00000000 0.19439384 0.13055435 0.36655166 0.04816413 0.04808094 0.18939402 0.02286106 
624.00000000 0.19462375 0.13068858 0.36604780 0.04819949 0.04815770 0.18949617 0.02278651 
625.00000000 0.19485391 0.13082265 0.36555094 0.04823637 0.04823332 0.18958865 0.02271416 
626.00000000 0.19508433 0.13095641 0.36506057 0.04827486 0.04830783 0.18967218 0.02264383 
627.00000000 0.19531501 0.13108971 0.36457617 0.04831501 0.04838130 0.18974747 0.02257532 
628.00000000 0.19554598 0.13122242 0.36409725 0.04835691 0.04845375 0.18981525 0.02250845 
629.00000000 0.19577725 0.13135441 0.36362334 0.04840059 0.04852521 0.18987618 0.02244302 
630.00000000 0.19600882 0.13148554 0.36315402 0.04844613 0.04859572 0.18993092 0.02237885 
631.00000000 0.19624071 0.13161572 0.36268886 0.04849356 0.04866529 0.18998011 0.02231574 
632.00000000 0.19647294 0.13174483 0.36222751 0.04854295 0.04873393 0.19002433 0.02225350 
633.00000000 0.19670553 0.13187279 0.36176961 0.04859431 0.04880165 0.19006416 0.02219196 
634.00000000 0.19693849 0.13199950 0.36131486 0.04864770 0.04886842 0.19010011 0.02213092 
635.00000000 0.19717184 0.13212489 0.36086300 0.04870312 0.04893425 0.19013266 0.02207023 
636.00000000 0.19740560 0.13224890 0.36041380 0.04876062 0.04899911 0.19016226 0.02200971 
637.00000000 0.19763978 0.13237147 0.35996708 0.04882019 0.04906296 0.19018930 0.02194923 
638.00000000 0.19787440 0.13249255 0.35952269 0.04888185 0.04912576 0.19021412 0.02188862 
639.00000000 0.19810948 0.13261211 0.35908055 0.04894559 0.04918748 0.19023703 0.02182777 
640.00000000 0.19834503 0.13273012 0.35864059 0.04901140 0.04924804 0.19025826 0.02176655 
641.00000000 0.19858106 0.13284657 0.35820282 0.04907927 0.04930738 0.19027802 0.02170487 
642.00000000 0.19881759 0.13296145 0.35776727 0.04914917 0.04936544 0.19029645 0.02164262 
643.00000000 0.19905463 0.13307477 0.35733403 0.04922108 0.04942213 0.19031363 0.02157973 
644.00000000 0.19929218 0.13318654 0.35690322 0.04929494 0.04947737 0.19032961 0.02151615 
645.00000000 0.19953026 0.13329677 0.35647502 0.04937071 0.04953105 0.19034436 0.02145183 
646.00000000 0.19976885 0.13340551 0.35604967 0.04944833 0.04958308 0.19035781 0.02138674 
647.00000000 0.20000798 0.13351280 0.35562741 0.04952774 0.04963335 0.19036985 0.02132088 
648.00000000 0.20024762 0.13361867 0.35520856 0.04960887 0.04968175 0.19038029 0.02125424 
649.00000000 0.20048778 0.13372318 0.35479347 0.04969163 0.04972816 0.19038891 0.02118686 
650.00000000 0.20072845 0.13382640 0.35438254 0.04977594 0.04977246 0.19039543 0.02111878 
651.00000000 0.20096960 0.13392841 0.35397620 0.04986171 0.04981452 0.19039952 0.02105005 
652.00000000 0.20121124 0.13402926 0.35357490 0.04994882 0.04985421 0.19040082 0.02098075 
653.00000000 0.20145332 0.13412905 0.35317917 0.05003717 0.04989141 0.19039891 0.02091098 
654.00000000 0.20169584 0.13422785 0.35278953 0.05012664 0.04992597 0.19039333 0.02084084 
655.00000000 0.20193875 0.13432577 0.35240656 0.05021712 0.04995776 0.19038358 0.02077046 
656.00000000 0.20218203 0.13442290 0.35203084 0.05030846 0.04998664 0.19036913 0.02069998 
657.00000000 0.20242565 0.13451934 0.35166301 0.05040055 0.05001249 0.19034940 0.02062956 
658.00000000 0.20266955 0.13461518 0.35130371 0.05049324 0.05003516 0.19032379 0.02055937 
659.00000000 0.20291370 0.13471054 0.35095360 0.05058638 0.05005453 0.19029166 0.02048958 
660.00000000 0.20315805 0.13480551 0.35061337 0.05067984 0.05007045 0.19025237 0.02042041 
661.00000000 0.20340254 0.13490021 0.35028371 0.05077344 0.05008281 0.19020523 0.02035205 
662.00000000 0.20364714 0.13499474 0.34996533 0.05086705 0.05009149 0.19014954 0.02028472 
663.00000000 0.20389177 0.13508921 0.34965893 0.05096051 0.05009635 0.19008458 0.02021865 
664.00000000 0.20413638 0.13518372 0.34936524 0.05105364 0.05009729 0.19000964 0.02015409 
665.00000000 0.20438091 0.13527838 0.34908498 0.05114630 0.05009420 0.18992397 0.02009126 
666.00000000 0.20462529 0.13537330 0.34881884 0.05123832 0.05008698 0.18982684 0.02003043 
667.00000000 0.20486947 0.13546856 0.34856754 0.05132953 0.05007553 0.18971751 0.01997186 
668.00000000 0.20511338 0.13556427 0.34833176 0.05141977 0.05005978 0.18959525 0.01991578 
669.00000000 0.20535695 0.13566052 0.34811220 0.05150888 0.05003964 0.18945932 0.01986249 
670.00000000 0.20560011 0.13575740 0.34790949 0.05159670 0.05001505 0.18930902 0.01981222 
671.00000000 0.20584281 0.13585499 0.34772430 0.05168306 0.04998595 0.18914363 0.01976526 
672.00000000 0.20608497 0.13595337 0.34755722 0.05176782 0.04995229 0.18896248 0.01972186 
673.00000000 0.20632653 0.13605262 0.34740884 0.05185080 0.04991403 0.18876491 0.01968228 
674.00000000 0.20656743 0.13615279 0.34727970 0.05193187 0.04987116 0.18855028 0.01964678 
675.00000000 0.20680761 0.13625395 0.34717033 0.05201086 0.04982365 0.18831798 0.01961561 
676.00000000 0.20704700 0.13635615 0.34708120 0.05208765 0.04977152 0.18806745 0.01958902 
677.00000000 0.20728557 0.13645944 0.34701274 0.05216209 0.04971476 0.18779816 0.01956724 
678.00000000 0.20752324 0.13656385 0.34696533 0.05223405 0.04965341 0.18750960 0.01955051 
679.00000000 0.20775998 0.13666942 0.34693933 0.05230341 0.04958749 0.18720133 0.01953905 
680.00000000 0.20799573 0.13677616 0.34693500 0.05237003 0.04951707 0.18687295 0.01953306 
681.00000000 0.20823046 0.13688410 0.34695260 0.05243381 0.04944220 0.18652409 0.01953274 
682.00000000 0.20846412 0.13699323 0.34699229 0.05249465 0.04936297 0.18615446 0.01953828 
683.00000000 0.20869669 0.13710355 0.34705420 0.05255244 0.04927946 0.18576381 0.01954986 
684.00000000 0.20892813 0.13721505 0.34713839 0.05260710 0.04919177 0.18535194 0.01956762 
685.00000000 0.20915842 0.13732771 0.34724486 0.05265854 0.04910003 0.18491873 0.01959172 
686.00000000 0.20938754 0.13744150 0.34737354 0.05270669 0.04900436 0.18446410 0.01962227 
687.00000000 0.20961548 0.13755638 0.34752431 0.05275149 0.04890491 0.18398805 0.01965939 
688.00000000 0.20984222 0.13767231 0.34769697 0.05279288 0.04880183 0.18349062 0.01970317 
689.00000000 0.21006777 0.13778923 0.34789125 0.05283082 0.04869530 0.18297196 0.01975368 
690.00000000 0.21029211 0.13790707 0.34810684 0.05286527 0.04858549 0.18243223 0.01981099 
691.00000000 0.21051527 0.13802577 0.34834333 0.05289622 0.04847259 0.18187171 0.01987512 
692.00000000 0.21073724 0.13814525 0.34860026 0.05292364 0.04835681 0.18129071 0.01994611 
693.00000000 0.21095804 0.13826542 0.34887710 0.05294752 0.04823836 0.18068963 0.02002394 
694.00000000 0.21117768 0.13838618 0.34917326 0.05296788 0.04811747 0.18006893 0.02010859 
695.00000000 0.21139619 0.13850744 0.34948807 0.05298473 0.04799438 0.17942914 0.02020004 
696.00000000 0.21161360 0.13862908 0.34982081 0.05299810 0.04786932 0.17877087 0.02029822 
697.00000000 0.21182993 0.13875100 0.35017067 0.05300801 0.04774255 0.17809478 0.02040305 
698.00000000 0.21204522 0.13887308 0.35053681 0.05301452 0.04761433 0.17740161 0.02051443 
699.00000000 0.21225949 0.13899518 0.35091831 0.05301768 0.04748492 0.17669215 0.02063225 
700.00000000 0.21247280 0.13911718 0.35131420 0.05301756 0.04735460 0.17596728 0.02075638 
701.00000000 0.21268516 0.13923895 0.35172345 0.05301423 0.04722365 0.17522791 0.02088666 
702.00000000 0.21289663 0.13936035 0.35214497 0.05300777 0.04709235 0.17447503 0.02102291 
703.00000000 0.21310725 0.13948123 0.35257762 0.05299827 0.04696099 0.17370969 0.02116495 
704.00000000 0.21331706 0.13960145 0.35302022 0.05298584 0.04682986 0.17293299 0.02131258 
705.00000000 0.21352610 0.13972087 0.35347155 0.05297058 0.04669925 0.17214608 0.02146556 
706.00000000 0.21373442 0.13983934 0.35393032 0.05295261 0.04656946 0.17135018 0.02162367 
707.00000000 0.21394205 0.13995671 0.35439523 0.05293206 0.04644079 0.17054652 0.02178664 
708.00000000 0.21414904 0.14007283 0.35486492 0.05290906 0.04631352 0.16973642 0.02195421 
709.00000000 0.21435543 0.14018755 0.35533803 0.05288373 0.04618796 0.16892119 0.02212610 
710.00000000 0.21456126 0.14030073 0.35581315 0.05285624 0.04606439 0.16810223 0.02230201 
711.00000000 0.21476656 0.14041221 0.35628885 0.05282672 0.04594310 0.16728093 0.02248164 
712.00000000 0.21497137 0.14052185 0.35676368 0.05279533 0.04582438 0.16645873 0.02266467 
713.00000000 0.21517572 0.14062951 0.35723617 0.05276223 0.04570851 0.16563709 0.02285077 
714.00000000 0.21537964 0.14073506 0.35770486 0.05272758 0.04559576 0.16481749 0.02303960 
715.00000000 0.21558316 0.14083835 0.35816827 0.05269156 0.04548641 0.16400142 0.02323083 
716.00000000 0.21578630 0.14093926 0.35862491 0.05265432 0.04538070 0.16319040 0.02342409 
717.00000000 0.21598909 0.14103766 0.35907331 0.05261604 0.04527891 0.16238595 0.02361904 
718.00000000 0.21619153 0.14113344 0.35951200 0.05257690 0.04518127 0.16158957 0.02381530 
719.00000000 0.21639364 0.14122647 0.35993951 0.05253707 0.04508801 0.16080278 0.02401252 
720.00000000 0.21659543 0.14131666 0.36035441 0.05249673 0.04499936 0.16002709 0.02421032 
721.00000000 0.21679692 0.14140390 0.36075527 0.05245604 0.04491555 0.15926400 0.02440833 
722.00000000 0.21699809 0.14148809 0.36114069 0.05241520 0.04483676 0.15851498 0.02460619 
723.00000000 0.21719895 0.14156917 0.36150931 0.05237437 0.04476320 0.15778149 0.02480351 
724.00000000 0.21739950 0.14164705 0.36185980 0.05233372 0.04469504 0.15706497 0.02499993 
725.00000000 0.21759972 0.14172166 0.36219086 0.05229343 0.04463245 0.15636680 0.02519508 
726.00000000 0.21779961 0.14179295 0.36250124 0.05225366 0.04457557 0.15568835 0.02538860 
727.00000000 0.21799916 0.14186087 0.36278974 0.05221458 0.04452456 0.15503096 0.02558013 
728.00000000 0.21819835 0.14192538 0.36305518 0.05217636 0.04447953 0.15439589 0.02576932 
729.00000000 0.21839715 0.14198646 0.36329648 0.05213914 0.04444059 0.15378437 0.02595581 
730.00000000 0.21859555 0.14204408 0.36351259 0.05210308 0.04440784 0.15319758 0.02613927 
731.00000000 0.21879353 0.14209825 0.36370251 0.05206833 0.04438136 0.15263665 0.02631936 
732.00000000 0.21899106 0.14214896 0.36386534 0.05203503 0.04436121 0.15210263 0.02649577 
733.00000000 0.21918812 0.14219624 0.36400020 0.05200331 0.04434745 0.15159650 0.02666818 
734.00000000 0.21938468 0.14224009 0.36410632 0.05197331 0.04434010 0.15111921 0.02683629 
735.00000000 0.21958070 0.14228057 0.36418297 0.05194515 0.04433919 0.15067160 0.02699980 
736.00000000 0.21977617 0.14231772 0.36422953 0.05191895 0.04434472 0.15025446 0.02715845 
737.00000000 0.21997106 0.14235160 0.36424540 0.05189481 0.04435667 0.14986849 0.02731197 
738.00000000 0.22016533 0.14238227 0.36423012 0.05187284 0.04437502 0.14951430 0.02746011 
739.00000000 0.22035897 0.14240982 0.36418326 0.05185313 0.04439974 0.14919246 0.02760263 
740.00000000 0.22055194 0.14243433 0.36410450 0.05183576 0.04443075 0.14890342 0.02773931 
741.00000000 0.22074421 0.14245591 0.36399358 0.05182082 0.04446799 0.14864754 0.02786995 
742.00000000 0.22093578 0.14247466 0.36385034 0.05180837 0.04451137 0.14842513 0.02799436 
743.00000000 0.22112660 0.14249070 0.36367468 0.05179847 0.04456080 0.14823638 0.02811236 
744.00000000 0.22131667 0.14250417 0.36346661 0.05179118 0.04461616 0.14808141 0.02822380 
745.00000000 0.22150597 0.14251519 0.36322619 0.05178655 0.04467733 0.14796024 0.02832855 
746.00000000 0.22169448 0.14252391 0.36295358 0.05178459 0.04474416 0.14787280 0.02842647 
747.00000000 0.22188218 0.14253049 0.36264903 0.05178536 0.04481651 0.14781896 0.02851747 
748.00000000 0.22206908 0.14253509 0.36231285 0.05178885 0.04489422 0.14779846 0.02860146 
749.00000000 0.22225515 0.14253787 0.36194543 0.05179509 0.04497711 0.14781099 0.02867838 
750.00000000 0.22244040 0.14253901 0.36154724 0.05180407 0.04506500 0.14785612 0.02874816 
751.00000000 0.22262482 0.14253868 0.36111885 0.05181578 0.04515770 0.14793337 0.02881080 
752.00000000 0.22280842 0.14253708 0.36066085 0.05183022 0.04525501 0.14804215 0.02886626 
753.00000000 0.22299121 0.14253439 0.36017396 0.05184736 0.04535672 0.14818181 0.02891456 
754.00000000 0.22317318 0.14253080 0.35965892 0.05186717 0.04546262 0.14835160 0.02895571 
755.00000000 0.22335435 0.14252651 0.35911657 0.05188962 0.04557248 0.14855072 0.02898976 
756.00000000 0.22353473 0.14252172 0.35854779 0.05191465 0.04568607 0.14877827 0.02901677 
757.00000000 0.22371435 0.14251664 0.35795353 0.05194222 0.04580317 0.14903330 0.02903680 
758.00000000 0.22389321 0.14251145 0.35733480 0.05197227 0.04592353 0.14931479 0.02904996 
759.00000000 0.22407134 0.14250638 0.35669265 0.05200473 0.04604691 0.14962165 0.02905634 
760.00000000 0.22424877 0.14250161 0.35602820 0.05203954 0.04617307 0.14995273 0.02905608 
761.00000000 0.22442552 0.14249735 0.35534261 0.05207663 0.04630176 0.15030683 0.02904931 
762.00000000 0.22460161 0.14249381 0.35463706 0.05211590 0.04643274 0.15068270 0.02903619 
763.00000000 0.22477709 0.14249117 0.35391279 0.05215727 0.04656576 0.15107903 0.02901688 
764.00000000 0.22495197 0.14248964 0.35317108 0.05220066 0.04670058 0.15149450 0.02899157 
765.00000000 0.22512630 0.14248941 0.35241322 0.05224597 0.04683694 0.15192771 0.02896044 
766.00000000 0.22530011 0.14249067 0.35164055 0.05229310 0.04697460 0.15237725 0.02892372 
767.00000000 0.22547342 0.14249359 0.35085440 0.05234196 0.04711333 0.15284168 0.02888162 
768.00000000 0.22564629 0.14249836 0.35005614 0.05239243 0.04725289 0.15331953 0.02883436 
769.00000000 0.22581873 0.14250516 0.34924715 0.05244442 0.04739304 0.15380931 0.02878220 
770.00000000 0.22599080 0.14251413 0.34842881 0.05249782 0.04753355 0.15430952 0.02872537 
771.00000000 0.22616252 0.14252545 0.34760252 0.05255252 0.04767421 0.15481865 0.02866414 
772.00000000 0.22633393 0.14253926 0.34676967 0.05260840 0.04781478 0.15533519 0.02859877 
773.00000000 0.22650506 0.14255570 0.34593165 0.05266536 0.04795508 0.15585762 0.02852953 
774.00000000 0.22667596 0.14257492 0.34508982 0.05272329 0.04809488 0.15638443 0.02845670 
775.00000000 0.22684665 0.14259703 0.34424556 0.05278208 0.04823399 0.15691411 0.02838057 
776.00000000 0.22701716 0.14262215 0.34340022 0.05284162 0.04837224 0.15744519 0.02830142 
777.00000000 0.22718754 0.14265039 0.34255513 0.05290180 0.04850943 0.15797619 0.02821954 
778.00000000 0.22735780 0.14268184 0.34171158 0.05296251 0.04864539 0.15850568 0.02813521 
779.00000000 0.22752797 0.14271659 0.34087085 0.05302364 0.04877997 0.15903223 0.02804875 
780.00000000 0.22769809 0.14275471 0.34003420 0.05308511 0.04891302 0.15955446 0.02796042 
781.00000000 0.22786817 0.14279628 0.33920282 0.05314679 0.04904438 0.16007102 0.02787054 
782.00000000 0.22803825 0.14284134 0.33837789 0.05320861 0.04917393 0.16058060 0.02777938 
783.00000000 0.22820834 0.14288994 0.33756053 0.05327045 0.04930156 0.16108195 0.02768724 
784.00000000 0.22837846 0.14294211 0.33675183 0.05333224 0.04942713 0.16157383 0.02759439 
785.00000000 0.22854864 0.14299787 0.33595284 0.05339387 0.04955056 0.16205509 0.02750113 
786.00000000 0.22871889 0.14305724 0.33516452 0.05345528 0.04967176 0.16252460 0.02740771 
787.00000000 0.22888922 0.14312021 0.33438783 0.05351638 0.04979064 0.16298132 0.02731442 
788.00000000 0.22905965 0.14318677 0.33362363 0.05357709 0.04990713 0.16342424 0.02722150 
789.00000000 0.22923019 0.14325690 0.33287276 0.05363734 0.05002117 0.16385243 0.02712922 
790.00000000 0.22940085 0.14333056 0.33213598 0.05369707 0.05013272 0.16426500 0.02703782 
791.00000000 0.22957164 0.14340773 0.33141400 0.05375622 0.05024174 0.16466115 0.02694753 
792.00000000 0.22974256 0.14348833 0.33070746 0.05381474 0.05034818 0.16504015 0.02685857 
793.00000000 0.22991364 0.14357232 0.33001696 0.05387256 0.05045205 0.16540130 0.02677118 
794.00000000 0.23008486 0.14365962 0.32934300 0.05392965 0.05055332 0.16574401 0.02668554 
795.00000000 0.23025624 0.14375015 0.32868606 0.05398596 0.05065199 0.16606775 0.02660186 
796.00000000 0.23042777 0.14384382 0.32804653 0.05404146 0.05074806 0.16637204 0.02652031 
797.00000000 0.23059947 0.14394053 0.32742475 0.05409612 0.05084157 0.16665650 0.02644106 
798.00000000 0.23077134 0.14404017 0.32682098 0.05414992 0.05093251 0.16692080 0.02636428 
799.00000000 0.23094337 0.14414265 0.32623543 0.05420283 0.05102094 0.16716469 0.02629009 
800.00000000 0.23111556 0.14424782 0.32566825 0.05425485 0.05110687 0.16738799 0.02621864 
801.00000000 0.23128793 0.14435558 0.32511953 0.05430596 0.05119036 0.16759059 0.02615004 
802.00000000 0.23146047 0.14446578 0.32458929 0.05435616 0.05127146 0.16777244 0.02608439 
803.00000000 0.23163319 0.14457829 0.32407749 0.05440546 0.05135021 0.16793357 0.02602179 
804.00000000 0.23180607 0.14469297 0.32358405 0.05445385 0.05142668 0.16807407 0.02596230 
805.00000000 0.23197914 0.14480967 0.32310882 0.05450135 0.05150094 0.16819409 0.02590600 
806.00000000 0.23215238 0.14492823 0.32265160 0.05454798 0.05157304 0.16829385 0.02585292 
807.00000000 0.23232580 0.14504851 0.32221214 0.05459375 0.05164306 0.16837362 0.02580312 
808.00000000 0.23249940 0.14517035 0.32179013 0.05463869 0.05171108 0.16843374 0.02575661 
809.00000000 0.23267318 0.14529359 0.32138524 0.05468283 0.05177716 0.16847461 0.02571340 
810.00000000 0.23284715 0.14541807 0.32099706 0.05472620 0.05184139 0.16849665 0.02567348 
811.00000000 0.23302131 0.14554363 0.32062516 0.05476883 0.05190384 0.16850038 0.02563686 
812.00000000 0.23319566 0.14567010 0.32026907 0.05481077 0.05196459 0.16848632 0.02560349 
813.00000000 0.23337020 0.14579733 0.31992828 0.05485206 0.05202372 0.16845506 0.02557335 
814.00000000 0.23354494 0.14592516 0.31960225 0.05489274 0.05208130 0.16840723 0.02554638 
815.00000000 0.23371989 0.14605342 0.31929040 0.05493285 0.05213741 0.16834350 0.02552254 
816.00000000 0.23389504 0.14618196 0.31899213 0.05497246 0.05219213 0.16826454 0.02550174 
817.00000000 0.23407040 0.14631061 0.31870683 0.05501161 0.05224552 0.16817110 0.02548392 
818.00000000 0.23424597 0.14643924 0.31843385 0.05505036 0.05229766 0.16806393 0.02546899 
819.00000000 0.23442176 0.14656769 0.31817252 0.05508875 0.05234860 0.16794379 0.02545687 
820.00000000 0.23459777 0.14669582 0.31792218 0.05512685 0.05239843 0.16781150 0.02544744 
821.00000000 0.23477401 0.14682347 0.31768214 0.05516472 0.05244718 0.16766786 0.02544062 
822.00000000 0.23495047 0.14695053 0.31745171 0.05520240 0.05249492 0.16751369 0.02543628 
823.00000000 0.23512715 0.14707684 0.31723019 0.05523997 0.05254170 0.16734983 0.02543432 
824.00000000 0.23530407 0.14720229 0.31701689 0.05527747 0.05258756 0.16717711 0.02543461 
825.00000000 0.23548121 0.14732676 0.31681111 0.05531497 0.05263253 0.16699638 0.02543703 
826.00000000 0.23565859 0.14745013 0.31661218 0.05535252 0.05267667 0.16680845 0.02544146 
827.00000000 0.23583619 0.14757229 0.31641941 0.05539018 0.05271998 0.16661417 0.02544778 
828.00000000 0.23601402 0.14769314 0.31623213 0.05542800 0.05276251 0.16641434 0.02545586 
829.00000000 0.23619207 0.14781259 0.31604971 0.05546603 0.05280425 0.16620978 0.02546556 
830.00000000 0.23637035 0.14793055 0.31587150 0.05550434 0.05284524 0.16600126 0.02547677 
831.00000000 0.23654884 0.14804693 0.31569691 0.05554296 0.05288546 0.16578956 0.02548936 
832.00000000 0.23672753 0.14816166 0.31552533 0.05558194 0.05292491 0.16557541 0.02550321 
833.00000000 0.23690643 0.14827468 0.31535621 0.05562134 0.05296360 0.16535954 0.02551820 
834.00000000 0.23708552 0.14838593 0.31518902 0.05566118 0.05300151 0.16514263 0.02553420 
835.00000000 0.23726479 0.14849536 0.31502326 0.05570152 0.05303862 0.16492534 0.02555112 
836.00000000 0.23744424 0.14860292 0.31485845 0.05574238 0.05307490 0.16470829 0.02556883 
837.00000000 0.23762384 0.14870858 0.31469416 0.05578380 0.05311032 0.16449206 0.02558724 
838.00000000 0.23780358 0.14881232 0.31452999 0.05582581 0.05314485 0.16427720 0.02560625 
839.00000000 0.23798346 0.14891411 0.31436557 0.05586843 0.05317845 0.16406421 0.02562577 
840.00000000 0.23816346 0.14901395 0.31420059 0.05591169 0.05321107 0.16385355 0.02564570 
841.00000000 0.23834355 0.14911182 0.31403476 0.05595560 0.05324265 0.16364565 0.02566598 
842.00000000 0.23852372 0.14920773 0.31386783 0.05600017 0.05327316 0.16344086 0.02568653 
843.00000000 0.23870395 0.14930170 0.31369960 0.05604542 0.05330251 0.16323953 0.02570728 
844.00000000 0.23888423 0.14939374 0.31352992 0.05609135 0.05333066 0.16304191 0.02572819 
845.00000000 0.23906452 0.14948387 0.31335866 0.05613796 0.05335754 0.16284825 0.02574919 
846.00000000 0.23924482 0.14957213 0.31318575 0.05618524 0.05338307 0.16265873 0.02577025 
847.00000000 0.23942511 0.14965856 0.31301115 0.05623319 0.05340719 0.16247346 0.02579134 
848.00000000 0.23960535 0.14974319 0.31283487 0.05628180 0.05342982 0.16229253 0.02581244 
849.00000000 0.23978552 0.14982608 0.31265696 0.05633104 0.05345089 0.16211599 0.02583351 
850.00000000 0.23996562 0.14990729 0.31247751 0.05638091 0.05347031 0.16194380 0.02585457 
851.00000000 0.24014561 0.14998687 0.31229665 0.05643136 0.05348802 0.16177590 0.02587560 
852.00000000 0.24032547 0.15006489 0.31211455 0.05648237 0.05350394 0.16161219 0.02589661 
853.00000000 0.24050518 0.15014141 0.31193140 0.05653390 0.05351798 0.16145250 0.02591762 
854.00000000 0.24068473 0.15021653 0.31174746 0.05658593 0.05353008 0.16129663 0.02593865 
855.00000000 0.24086409 0.15029030 0.31156299 0.05663840 0.05354015 0.16114435 0.02595973 
856.00000000 0.24104323 0.15036282 0.31137830 0.05669126 0.05354813 0.16099535 0.02598090 
857.00000000 0.24122216 0.15043417 0.31119373 0.05674448 0.05355395 0.16084932 0.02600220 
858.00000000 0.24140083 0.15050443 0.31100965 0.05679799 0.05355753 0.16070590 0.02602367 
859.00000000 0.24157924 0.15057369 0.31082645 0.05685174 0.05355881 0.16056468 0.02604539 
860.00000000 0.24175738 0.15064205 0.31064454 0.05690567 0.05355773 0.16042524 0.02606739 
861.00000000 0.24193522 0.15070960 0.31046436 0.05695971 0.05355424 0.16028711 0.02608976 
862.00000000 0.24211275 0.15077642 0.31028636 0.05701381 0.05354828 0.16014981 0.02611256 
863.00000000 0.24228996 0.15084261 0.31011103 0.05706790 0.05353981 0.16001282 0.02613587 
864.00000000 0.24246684 0.15090827 0.30993884 0.05712190 0.05352878 0.15987562 0.02615975 
865.00000000 0.24264337 0.15097348 0.30977030 0.05717574 0.05351516 0.15973764 0.02618431 
866.00000000 0.24281955 0.15103834 0.30960589 0.05722935 0.05349893 0.15959833 0.02620961 
867.00000000 0.24299537 0.15110294 0.30944615 0.05728267 0.05348004 0.15945710 0.02623574 
868.00000000 0.24317082 0.15116736 0.30929156 0.05733561 0.05345850 0.15931337 0.02626279 
869.00000000 0.24334589 0.15123169 0.30914265 0.05738809 0.05343430 0.15916654 0.02629084 
870.00000000 0.24352059 0.15129602 0.30899991 0.05744005 0.05340742 0.15901602 0.02631999 
871.00000000 0.24369490 0.15136042 0.30886385 0.05749141 0.05337788 0.15886122 0.02635031 
872.00000000 0.24386882 0.15142497 0.30873496 0.05754210 0.05334570 0.15870154 0.02638191 
873.00000000 0.24404236 0.15148976 0.30861370 0.05759203 0.05331089 0.15853642 0.02641485 
874.00000000 0.24421550 0.15155483 0.30850055 0.05764114 0.05327349 0.15836528 0.02644922 
875.00000000 0.24438825 0.15162027 0.30839593 0.05768935 0.05323353 0.15818757 0.02648510 
876.00000000 0.24456061 0.15168613 0.30830027 0.05773660 0.05319107 0.15800275 0.02652257 
877.00000000 0.24473258 0.15175247 0.30821397 0.05778281 0.05314615 0.15781032 0.02656170 
878.00000000 0.24490416 0.15181933 0.30813738 0.05782793 0.05309884 0.15760978 0.02660256 
879.00000000 0.24507535 0.15188677 0.30807086 0.05787189 0.05304922 0.15740068 0.02664522 
880.00000000 0.24524616 0.15195483 0.30801471 0.05791462 0.05299737 0.15718259 0.02668972 
881.00000000 0.24541658 0.15202354 0.30796921 0.05795608 0.05294337 0.15695510 0.02673613 
882.00000000 0.24558662 0.15209293 0.30793459 0.05799620 0.05288732 0.15671786 0.02678448 
883.00000000 0.24575627 0.15216302 0.30791105 0.05803494 0.05282933 0.15647055 0.02683484 
884.00000000 0.24592555 0.15223383 0.30789876 0.05807226 0.05276951 0.15621288 0.02688721 
885.00000000 0.24609445 0.15230537 0.30789784 0.05810811 0.05270798 0.15594461 0.02694165 
886.00000000 0.24626297 0.15237764 0.30790836 0.05814246 0.05264487 0.15566555 0.02699815 
887.00000000 0.24643111 0.15245066 0.30793037 0.05817526 0.05258030 0.15537555 0.02705674 
888.00000000 0.24659889 0.15252440 0.30796385 0.05820650 0.05251443 0.15507450 0.02711743 
889.00000000 0.24676628 0.15259886 0.30800874 0.05823616 0.05244740 0.15476236 0.02718020 
890.00000000 0.24693331 0.15267402 0.30806494 0.05826421 0.05237936 0.15443912 0.02724504 
891.00000000 0.24709995 0.15274985 0.30813231 0.05829064 0.05231047 0.15410483 0.02731195 
892.00000000 0.24726623 0.15282633 0.30821065 0.05831544 0.05224089 0.15375958 0.02738088 
893.00000000 0.24743212 0.15290342 0.30829971 0.05833862 0.05217079 0.15340353 0.02745180 
894.00000000 0.24759763 0.15298107 0.30839921 0.05836017 0.05210035 0.15303689 0.02752467 
895.00000000 0.24776276 0.15305924 0.30850881 0.05838011 0.05202973 0.15265990 0.02759944 
896.00000000 0.24792751 0.15313789 0.30862812 0.05839845 0.05195911 0.15227287 0.02767604 
897.00000000 0.24809186 0.15321696 0.30875672 0.05841521 0.05188869 0.15187617 0.02775440 
898.00000000 0.24825583 0.15329638 0.30889412 0.05843042 0.05181863 0.15147018 0.02783445 
899.00000000 0.24841939 0.15337609 0.30903983 0.05844409 0.05174912 0.15105538 0.02791610 
900.00000000 0.24858255 0.15345603 0.30919327 0.05845628 0.05168035 0.15063227 0.02799925 
901.00000000 0.24874530 0.15353612 0.30935384 0.05846702 0.05161250 0.15020140 0.02808381 
902.00000000 0.24890764 0.15361630 0.30952091 0.05847636 0.05154576 0.14976335 0.02816967 
903.00000000 0.24906956 0.15369647 0.30969380 0.05848435 0.05148032 0.14931878 0.02825672 
904.00000000 0.24923105 0.15377658 0.30987180 0.05849104 0.05141634 0.14886836 0.02834482 
905.00000000 0.24939212 0.15385652 0.31005417 0.05849649 0.05135403 0.14841282 0.02843386 
906.00000000 0.24955275 0.15393623 0.31024013 0.05850077 0.05129354 0.14795289 0.02852369 
907.00000000 0.24971294 0.15401561 0.31042887 0.05850395 0.05123506 0.14748938 0.02861419 
908.00000000 0.24987268 0.15409459 0.31061957 0.05850609 0.05117876 0.14702310 0.02870520 
909.00000000 0.25003198 0.15417307 0.31081139 0.05850728 0.05112481 0.14655490 0.02879658 
910.00000000 0.25019081 0.15425097 0.31100344 0.05850759 0.05107337 0.14608565 0.02888817 
911.00000000 0.25034920 0.15432821 0.31119484 0.05850710 0.05102459 0.14561625 0.02897981 
912.00000000 0.25050712 0.15440470 0.31138468 0.05850590 0.05097864 0.14514762 0.02907134 
913.00000000 0.25066457 0.15448036 0.31157206 0.05850408 0.05093564 0.14468068 0.02916260 
914.00000000 0.25082156 0.15455511 0.31175606 0.05850173 0.05089575 0.14421637 0.02925343 
915.00000000 0.25097808 0.15462886 0.31193574 0.05849893 0.05085909 0.14375564 0.02934364 
916.00000000 0.25113413 0.15470154 0.31211019 0.05849579 0.05082579 0.14329946 0.02943309 
917.00000000 0.25128972 0.15477308 0.31227847 0.05849239 0.05079597 0.14284878 0.02952158 
918.00000000 0.25144484 0.15484340 0.31243968 0.05848883 0.05076974 0.14240455 0.02960896 
919.00000000 0.25159949 0.15491244 0.31259290 0.05848520 0.05074718 0.14196774 0.02969505 
920.00000000 0.25175368 0.15498013 0.31273723 0.05848161 0.05072841 0.14153927 0.02977969 
921.00000000 0.25190741 0.15504640 0.31287179 0.05847814 0.05071349 0.14112008 0.02986270 
922.00000000 0.25206068 0.15511121 0.31299571 0.05847489 0.05070250 0.14071110 0.02994391 
923.00000000 0.25221350 0.15517450 0.31310816 0.05847196 0.05069551 0.14031320 0.03002317 
924.00000000 0.25236587 0.15523623 0.31320831 0.05846944 0.05069256 0.13992727 0.03010031 
925.00000000 0.25251781 0.15529634 0.31329538 0.05846742 0.05069371 0.13955416 0.03017517 
926.00000000 0.25266931 0.15535482 0.31336860 0.05846599 0.05069899 0.13919468 0.03024761 
927.00000000 0.25282038 0.15541162 0.31342725 0.05846524 0.05070843 0.13884962 0.03031746 
928.00000000 0.25297104 0.15546672 0.31347064 0.05846526 0.05072202 0.13851974 0.03038458 
929.00000000 0.25312128 0.15552009 0.31349811 0.05846612 0.05073980 0.13820576 0.03044884 
930.00000000 0.25327112 0.15557174 0.31350906 0.05846791 0.05076173 0.13790834 0.03051010 
931.00000000 0.25342057 0.15562165 0.31350291 0.05847071 0.05078782 0.13762812 0.03056822 
932.00000000 0.25356963 0.15566981 0.31347915 0.05847458 0.05081804 0.13736569 0.03062310 
933.00000000 0.25371831 0.15571623 0.31343730 0.05847960 0.05085235 0.13712159 0.03067461 
934.00000000 0.25386662 0.15576093 0.31337693 0.05848584 0.05089071 0.13689632 0.03072265 
935.00000000 0.25401457 0.15580392 0.31329768 0.05849336 0.05093306 0.13669031 0.03076712 
936.00000000 0.25416216 0.15584522 0.31319921 0.05850220 0.05097934 0.13650394 0.03080792 
937.00000000 0.25430940 0.15588486 0.31308126 0.05851244 0.05102949 0.13633757 0.03084497 
938.00000000 0.25445631 0.15592289 0.31294361 0.05852412 0.05108342 0.13619146 0.03087820 
939.00000000 0.25460288 0.15595933 0.31278611 0.05853727 0.05114104 0.13606583 0.03090753 
940.00000000 0.25474912 0.15599424 0.31260865 0.05855195 0.05120226 0.13596086 0.03093292 
941.00000000 0.25489504 0.15602767 0.31241119 0.05856818 0.05126698 0.13587664 0.03095431 
942.00000000 0.25504063 0.15605967 0.31219373 0.05858600 0.05133508 0.13581323 0.03097166 
943.00000000 0.25518591 0.15609032 0.31195634 0.05860542 0.05140645 0.13577061 0.03098495 
944.00000000 0.25533087 0.15611968 0.31169914 0.05862648 0.05148096 0.13574873 0.03099415 
945.00000000 0.25547552 0.15614782 0.31142231 0.05864918 0.05155848 0.13574744 0.03099925 
946.00000000 0.25561985 0.15617482 0.31112610 0.05867353 0.05163888 0.13576657 0.03100025 
947.00000000 0.25576387 0.15620077 0.31081078 0.05869954 0.05172201 0.13580587 0.03099716 
948.00000000 0.25590757 0.15622575 0.31047670 0.05872720 0.05180774 0.13586504 0.03099000 
949.00000000 0.25605095 0.15624985 0.31012425 0.05875652 0.05189590 0.13594373 0.03097880 
950.00000000 0.25619400 0.15627317 0.30975389 0.05878747 0.05198636 0.13604153 0.03096359 
951.00000000 0.25633672 0.15629579 0.30936610 0.05882005 0.05207895 0.13615797 0.03094441 
952.00000000 0.25647911 0.15631783 0.30896144 0.05885423 0.05217351 0.13629254 0.03092134 
953.00000000 0.25662115 0.15633938 0.30854049 0.05889000 0.05226989 0.13644467 0.03089442 
954.00000000 0.25676284 0.15636055 0.30810389 0.05892731 0.05236791 0.13661376 0.03086374 
955.00000000 0.25690417 0.15638144 0.30765232 0.05896613 0.05246742 0.13679914 0.03082938 
956.00000000 0.25704513 0.15640216 0.30718648 0.05900644 0.05256825 0.13700011 0.03079144 
957.00000000 0.25718571 0.15642282 0.30670714 0.05904818 0.05267024 0.13721593 0.03075000 
958.00000000 0.25732589 0.15644352 0.30621507 0.05909131 0.05277321 0.13744581 0.03070518 
959.00000000 0.25746568 0.15646438 0.30571111 0.05913578 0.05287702 0.13768894 0.03065710 
960.00000000 0.25760505 0.15648550 0.30519609 0.05918153 0.05298148 0.13794446 0.03060588 
961.00000000 0.25774400 0.15650699 0.30467090 0.05922852 0.05308645 0.13821149 0.03055165 
962.00000000 0.25788251 0.15652896 0.30413642 0.05927668 0.05319177 0.13848912 0.03049454 
963.00000000 0.25802057 0.15655150 0.30359358 0.05932595 0.05329727 0.13877641 0.03043471 
964.00000000 0.25815817 0.15657473 0.30304331 0.05937627 0.05340281 0.13907241 0.03037230 
965.00000000 0.25829530 0.15659875 0.30248655 0.05942756 0.05350823 0.13937614 0.03030746 
966.00000000 0.25843195 0.15662365 0.30192427 0.05947977 0.05361339 0.13968661 0.03024036 
967.00000000 0.25856811 0.15664953 0.30135743 0.05953281 0.05371815 0.14000281 0.03017116 
968.00000000 0.25870376 0.15667648 0.30078701 0.05958662 0.05382237 0.14032373 0.03010003 
969.00000000 0.25883890 0.15670460 0.30021396 0.05964113 0.05392591 0.14064836 0.03002714 
970.00000000 0.25897353 0.15673395 0.29963927 0.05969626 0.05402865 0.14097567 0.02995267 
971.00000000 0.25910763 0.15676464 0.29906390 0.05975193 0.05413046 0.14130465 0.02987680 
972.00000000 0.25924120 0.15679673 0.29848880 0.05980808 0.05423123 0.14163427 0.02979970 
973.00000000 0.25937423 0.15683029 0.29791491 0.05986462 0.05433085 0.14196354 0.02972155 
974.00000000 0.25950673 0.15686540 0.29734318 0.05992147 0.05442921 0.14229146 0.02964255 
975.00000000 0.25963868 0.15690211 0.29677450 0.05997858 0.05452621 0.14261704 0.02956288 
976.00000000 0.25977009 0.15694047 0.29620978 0.06003585 0.05462177 0.14293932 0.02948271 
977.00000000 0.25990096 0.15698055 0.29564988 0.06009323 0.05471579 0.14325736 0.02940223 
978.00000000 0.26003130 0.15702239 0.29509565 0.06015062 0.05480819 0.14357022 0.02932163 
979.00000000 0.26016110 0.15706601 0.29454791 0.06020797 0.05489891 0.14387701 0.02924108 
980.00000000 0.26029037 0.15711147 0.29400745 0.06026521 0.05498787 0.14417687 0.02916077 
981.00000000 0.26041911 0.15715878 0.29347501 0.06032226 0.05507502 0.14446896 0.02908086 
982.00000000 0.26054735 0.15720796 0.29295133 0.06037906 0.05516030 0.14475247 0.02900154 
983.00000000 0.26067507 0.15725903 0.29243708 0.06043555 0.05524367 0.14502663 0.02892296 
984.00000000 0.26080231 0.15731200 0.29193292 0.06049167 0.05532509 0.14529072 0.02884531 
985.00000000 0.26092906 0.15736686 0.29143944 0.06054736 0.05540452 0.14554403 0.02876873 
986.00000000 0.26105535 0.15742362 0.29095722 0.06060255 0.05548194 0.14578593 0.02869339 
987.00000000 0.26118118 0.15748226 0.29048677 0.06065721 0.05555733 0.14601581 0.02861944 
988.00000000 0.26130658 0.15754276 0.29002858 0.06071128 0.05563068 0.14623311 0.02854701 
989.00000000 0.26143155 0.15760511 0.28958308 0.06076471 0.05570197 0.14643732 0.02847626 
990.00000000 0.26155613 0.15766926 0.28915066 0.06081746 0.05577121 0.14662797 0.02840732 
991.00000000 0.26168032 0.15773519 0.28873166 0.06086949 0.05583840 0.14680464 0.02834030 
992.00000000 0.26180414 0.15780285 0.28832638 0.06092076 0.05590355 0.14696697 0.02827534 
993.00000000 0.26192762 0.15787220 0.28793507 0.06097125 0.05596667 0.14711465 0.02821254 
994.00000000 0.26205078 0.15794318 0.28755793 0.06102092 0.05602778 0.14724740 0.02815201 
995.00000000 0.26217363 0.15801574 0.28719512 0.06106974 0.05608691 0.14736501 0.02809384 
996.00000000 0.26229619 0.15808981 0.28684675 0.06111771 0.05614408 0.14746733 0.02803813 
997.00000000 0.26241850 0.15816532 0.28651288 0.06116479 0.05619933 0.14755423 0.02798496 
998.00000000 0.26254056 0.15824220 0.28619353 0.06121098 0.05625269 0.14762565 0.02793440 
999.00000000 0.26266239 0.15832037 0.28588868 0.06125626 0.05630420 0.14768159 0.02788652 
