0.00000000 0.00009100 0.00824756 0.00398765 0.00044719 0.21730518 0.00593771 0.76398371 
1.00000000 0.00009100 0.00824756 0.00398765 0.00044719 0.21730518 0.00593771 0.76398371 
2.00000000 0.00009101 0.00824762 0.00398767 0.00044735 0.21730535 0.00593772 0.76398329 
3.00000000 0.00009108 0.00824793 0.00398776 0.00044809 0.21730636 0.00593778 0.76398101 
4.00000000 0.00009125 0.00824881 0.00398801 0.00045015 0.21730937 0.00593796 0.76397444 
5.00000000 0.00009162 0.00825070 0.00398856 0.00045452 0.21731603 0.00593835 0.76396022 
6.00000000 0.00009230 0.00825416 0.00398956 0.00046248 0.21732842 0.00593904 0.76393404 
7.00000000 0.00009341 0.00825985 0.00399122 0.00047555 0.21734901 0.00594019 0.76389077 
8.00000000 0.00009511 0.00826854 0.00399375 0.00049551 0.21738065 0.00594195 0.76382449 
9.00000000 0.00009756 0.00828110 0.00399741 0.00052435 0.21742652 0.00594450 0.76372858 
10.00000000 0.00010095 0.00829846 0.00400245 0.00056427 0.21749004 0.00594803 0.76359580 
11.00000000 0.00010548 0.00832165 0.00400918 0.00061766 0.21757487 0.00595277 0.76341840 
12.00000000 0.00011135 0.00835172 0.00401788 0.00068707 0.21768480 0.00595894 0.76318823 
13.00000000 0.00011880 0.00838981 0.00402887 0.00077519 0.21782372 0.00596678 0.76289681 
14.00000000 0.00012806 0.00843707 0.00404246 0.00088483 0.21799557 0.00597656 0.76253546 
15.00000000 0.00013936 0.00849466 0.00405895 0.00101886 0.21820423 0.00598855 0.76209539 
16.00000000 0.00015296 0.00856378 0.00407867 0.00118025 0.21845352 0.00600300 0.76156782 
17.00000000 0.00016909 0.00864563 0.00410190 0.00137196 0.21874712 0.00602021 0.76094408 
18.00000000 0.00018801 0.00874138 0.00412894 0.00159701 0.21908853 0.00604046 0.76021567 
19.00000000 0.00020997 0.00885220 0.00416006 0.00185835 0.21948099 0.00606402 0.75937440 
20.00000000 0.00023522 0.00897924 0.00419551 0.00215892 0.21992750 0.00609118 0.75841244 
21.00000000 0.00026400 0.00912360 0.00423552 0.00250157 0.22043070 0.00612222 0.75732238 
22.00000000 0.00029656 0.00928635 0.00428031 0.00288907 0.22099294 0.00615741 0.75609735 
23.00000000 0.00033314 0.00946853 0.00433006 0.00332406 0.22161616 0.00619701 0.75473103 
24.00000000 0.00037396 0.00967113 0.00438491 0.00380905 0.22230195 0.00624129 0.75321771 
25.00000000 0.00041926 0.00989507 0.00444501 0.00434639 0.22305147 0.00629047 0.75155233 
26.00000000 0.00046926 0.01014123 0.00451045 0.00493825 0.22386551 0.00634481 0.74973050 
27.00000000 0.00052417 0.01041045 0.00458128 0.00558660 0.22474443 0.00640450 0.74774856 
28.00000000 0.00058419 0.01070349 0.00465757 0.00629323 0.22568821 0.00646977 0.74560354 
29.00000000 0.00064954 0.01102107 0.00473930 0.00705968 0.22669643 0.00654079 0.74329320 
30.00000000 0.00072040 0.01136385 0.00482647 0.00788727 0.22776828 0.00661774 0.74081600 
31.00000000 0.00079694 0.01173243 0.00491901 0.00877709 0.22890263 0.00670076 0.73817113 
32.00000000 0.00087936 0.01212738 0.00501687 0.00972997 0.23009798 0.00679000 0.73535845 
33.00000000 0.00096780 0.01254917 0.00511992 0.01074651 0.23135253 0.00688557 0.73237849 
34.00000000 0.00106244 0.01299827 0.00522805 0.01182704 0.23266419 0.00698757 0.72923244 
35.00000000 0.00116342 0.01347505 0.00534110 0.01297166 0.23403060 0.00709608 0.72592209 
36.00000000 0.00127087 0.01397986 0.00545891 0.01418020 0.23544920 0.00721116 0.72244981 
37.00000000 0.00138493 0.01451299 0.00558128 0.01545225 0.23691718 0.00733285 0.71881851 
38.00000000 0.00150572 0.01507468 0.00570800 0.01678716 0.23843161 0.00746118 0.71503164 
39.00000000 0.00163336 0.01566514 0.00583884 0.01818405 0.23998938 0.00759616 0.71109307 
40.00000000 0.00176793 0.01628450 0.00597357 0.01964181 0.24158728 0.00773777 0.70700714 
41.00000000 0.00190953 0.01693287 0.00611192 0.02115909 0.24322201 0.00788600 0.70277857 
42.00000000 0.00205825 0.01761030 0.00625365 0.02273438 0.24489019 0.00804079 0.69841243 
43.00000000 0.00221415 0.01831682 0.00639846 0.02436592 0.24658844 0.00820210 0.69391411 
44.00000000 0.00237730 0.01905237 0.00654609 0.02605181 0.24831332 0.00836986 0.68928926 
45.00000000 0.00254773 0.01981690 0.00669624 0.02778994 0.25006143 0.00854397 0.68454379 
46.00000000 0.00272550 0.02061027 0.00684864 0.02957807 0.25182937 0.00872433 0.67968382 
47.00000000 0.00291062 0.02143233 0.00700297 0.03141381 0.25361378 0.00891085 0.67471564 
48.00000000 0.00310312 0.02228286 0.00715896 0.03329463 0.25541137 0.00910340 0.66964567 
49.00000000 0.00330300 0.02316162 0.00731630 0.03521789 0.25721888 0.00930184 0.66448047 
50.00000000 0.00351024 0.02406832 0.00747471 0.03718085 0.25903316 0.00950603 0.65922668 
51.00000000 0.00372485 0.02500262 0.00763390 0.03918069 0.26085111 0.00971582 0.65389101 
52.00000000 0.00394679 0.02596414 0.00779358 0.04121451 0.26266973 0.00993105 0.64848020 
53.00000000 0.00417602 0.02695246 0.00795348 0.04327936 0.26448611 0.01015154 0.64300104 
54.00000000 0.00441250 0.02796713 0.00811332 0.04537223 0.26629741 0.01037712 0.63746030 
55.00000000 0.00465616 0.02900764 0.00827284 0.04749011 0.26810090 0.01060761 0.63186474 
56.00000000 0.00490695 0.03007345 0.00843178 0.04962994 0.26989395 0.01084280 0.62622112 
57.00000000 0.00516480 0.03116397 0.00858990 0.05178869 0.27167401 0.01108251 0.62053611 
58.00000000 0.00542960 0.03227859 0.00874696 0.05396333 0.27343861 0.01132653 0.61481638 
59.00000000 0.00570129 0.03341663 0.00890273 0.05615083 0.27518537 0.01157466 0.60906849 
60.00000000 0.00597976 0.03457741 0.00905700 0.05834821 0.27691200 0.01182667 0.60329895 
61.00000000 0.00626490 0.03576018 0.00920956 0.06055255 0.27861629 0.01208236 0.59751417 
62.00000000 0.00655662 0.03696417 0.00936022 0.06276094 0.28029609 0.01234149 0.59172047 
63.00000000 0.00685479 0.03818857 0.00950881 0.06497057 0.28194934 0.01260386 0.58592406 
64.00000000 0.00715931 0.03943255 0.00965517 0.06717868 0.28357403 0.01286922 0.58013103 
65.00000000 0.00747005 0.04069522 0.00979914 0.06938260 0.28516825 0.01313735 0.57434738 
66.00000000 0.00778689 0.04197569 0.00994060 0.07157973 0.28673011 0.01340802 0.56857895 
67.00000000 0.00810971 0.04327303 0.01007943 0.07376758 0.28825781 0.01368099 0.56283145 
68.00000000 0.00843839 0.04458627 0.01021552 0.07594372 0.28974961 0.01395603 0.55711047 
69.00000000 0.00877281 0.04591443 0.01034878 0.07810587 0.29120382 0.01423289 0.55142140 
70.00000000 0.00911284 0.04725652 0.01047915 0.08025181 0.29261881 0.01451133 0.54576953 
71.00000000 0.00945837 0.04861151 0.01060658 0.08237945 0.29399302 0.01479112 0.54015994 
72.00000000 0.00980929 0.04997836 0.01073102 0.08448681 0.29532493 0.01507201 0.53459757 
73.00000000 0.01016548 0.05135602 0.01085246 0.08657202 0.29661311 0.01535376 0.52908716 
74.00000000 0.01052683 0.05274342 0.01097089 0.08863332 0.29785616 0.01563612 0.52363326 
75.00000000 0.01089325 0.05413948 0.01108632 0.09066906 0.29905278 0.01591884 0.51824026 
76.00000000 0.01126464 0.05554313 0.01119880 0.09267773 0.30020170 0.01620169 0.51291232 
77.00000000 0.01164091 0.05695328 0.01130835 0.09465790 0.30130175 0.01648440 0.50765342 
78.00000000 0.01202197 0.05836885 0.01141505 0.09660827 0.30235181 0.01676673 0.50246731 
79.00000000 0.01240775 0.05978876 0.01151898 0.09852765 0.30335086 0.01704844 0.49735755 
80.00000000 0.01279818 0.06121193 0.01162023 0.10041498 0.30429793 0.01732928 0.49232747 
81.00000000 0.01319321 0.06263729 0.01171891 0.10226927 0.30519216 0.01760899 0.48738018 
82.00000000 0.01359276 0.06406379 0.01181514 0.10408967 0.30603274 0.01788733 0.48251857 
83.00000000 0.01399680 0.06549039 0.01190907 0.10587542 0.30681897 0.01816405 0.47774530 
84.00000000 0.01440529 0.06691606 0.01200085 0.10762585 0.30755024 0.01843889 0.47306282 
85.00000000 0.01481819 0.06833979 0.01209065 0.10934042 0.30822601 0.01871161 0.46847333 
86.00000000 0.01523547 0.06976059 0.01217864 0.11101865 0.30884585 0.01898196 0.46397883 
87.00000000 0.01565713 0.07117751 0.01226502 0.11266016 0.30940942 0.01924969 0.45958106 
88.00000000 0.01608315 0.07258961 0.01234998 0.11426468 0.30991646 0.01951455 0.45528157 
89.00000000 0.01651352 0.07399597 0.01243375 0.11583198 0.31036681 0.01977630 0.45108167 
90.00000000 0.01694824 0.07539571 0.01251653 0.11736196 0.31076042 0.02003469 0.44698245 
91.00000000 0.01738732 0.07678799 0.01259855 0.11885454 0.31109732 0.02028948 0.44298479 
92.00000000 0.01783076 0.07817199 0.01268005 0.12030976 0.31137764 0.02054043 0.43908937 
93.00000000 0.01827859 0.07954691 0.01276127 0.12172771 0.31160158 0.02078729 0.43529664 
94.00000000 0.01873082 0.08091200 0.01284245 0.12310853 0.31176948 0.02102984 0.43160688 
95.00000000 0.01918747 0.08226656 0.01292384 0.12445243 0.31188172 0.02126784 0.42802015 
96.00000000 0.01964856 0.08360988 0.01300569 0.12575968 0.31193879 0.02150107 0.42453633 
97.00000000 0.02011412 0.08494133 0.01308824 0.12703060 0.31194129 0.02172929 0.42115512 
98.00000000 0.02058418 0.08626029 0.01317175 0.12826556 0.31188986 0.02195230 0.41787605 
99.00000000 0.02105877 0.08756618 0.01325647 0.12946497 0.31178526 0.02216987 0.41469848 
100.00000000 0.02153790 0.08885846 0.01334263 0.13062929 0.31162832 0.02238181 0.41162158 
101.00000000 0.02202161 0.09013662 0.01343049 0.13175901 0.31141994 0.02258792 0.40864441 
102.00000000 0.02250993 0.09140018 0.01352027 0.13285466 0.31116111 0.02278800 0.40576585 
103.00000000 0.02300287 0.09264871 0.01361221 0.13391680 0.31085289 0.02298187 0.40298465 
104.00000000 0.02350045 0.09388179 0.01370653 0.13494603 0.31049640 0.02316937 0.40029942 
105.00000000 0.02400270 0.09509906 0.01380344 0.13594297 0.31009285 0.02335031 0.39770866 
106.00000000 0.02450963 0.09630016 0.01390316 0.13690825 0.30964352 0.02352457 0.39521071 
107.00000000 0.02502124 0.09748479 0.01400586 0.13784255 0.30914973 0.02369198 0.39280384 
108.00000000 0.02553755 0.09865266 0.01411174 0.13874656 0.30861289 0.02385243 0.39048617 
109.00000000 0.02605855 0.09980350 0.01422097 0.13962098 0.30803445 0.02400580 0.38825575 
110.00000000 0.02658423 0.10093711 0.01433370 0.14046653 0.30741594 0.02415198 0.38611050 
111.00000000 0.02711460 0.10205327 0.01445008 0.14128396 0.30675894 0.02429088 0.38404828 
112.00000000 0.02764962 0.10315181 0.01457023 0.14207400 0.30606508 0.02442244 0.38206683 
113.00000000 0.02818929 0.10423258 0.01469426 0.14283741 0.30533603 0.02454659 0.38016384 
114.00000000 0.02873356 0.10529547 0.01482228 0.14357496 0.30457353 0.02466329 0.37833691 
115.00000000 0.02928240 0.10634037 0.01495436 0.14428743 0.30377937 0.02477250 0.37658357 
116.00000000 0.02983577 0.10736721 0.01509056 0.14497559 0.30295536 0.02487423 0.37490128 
117.00000000 0.03039362 0.10837594 0.01523094 0.14564022 0.30210336 0.02496846 0.37328745 
118.00000000 0.03095590 0.10936654 0.01537552 0.14628211 0.30122526 0.02505523 0.37173943 
119.00000000 0.03152253 0.11033900 0.01552431 0.14690203 0.30032301 0.02513457 0.37025454 
120.00000000 0.03209345 0.11129334 0.01567731 0.14750077 0.29939855 0.02520654 0.36883003 
121.00000000 0.03266859 0.11222962 0.01583450 0.14807910 0.29845387 0.02527120 0.36746313 
122.00000000 0.03324785 0.11314790 0.01599582 0.14863779 0.29749096 0.02532864 0.36615104 
123.00000000 0.03383115 0.11404827 0.01616123 0.14917761 0.29651184 0.02537897 0.36489093 
124.00000000 0.03441839 0.11493085 0.01633065 0.14969931 0.29551853 0.02542230 0.36367997 
125.00000000 0.03500947 0.11579579 0.01650399 0.15020363 0.29451306 0.02545877 0.36251530 
126.00000000 0.03560428 0.11664324 0.01668115 0.15069132 0.29349743 0.02548852 0.36139406 
127.00000000 0.03620270 0.11747341 0.01686200 0.15116308 0.29247368 0.02551171 0.36031341 
128.00000000 0.03680463 0.11828651 0.01704642 0.15161962 0.29144379 0.02552853 0.35927050 
129.00000000 0.03740994 0.11908278 0.01723425 0.15206163 0.29040974 0.02553916 0.35826251 
130.00000000 0.03801849 0.11986248 0.01742533 0.15248978 0.28937348 0.02554380 0.35728664 
131.00000000 0.03863017 0.12062591 0.01761950 0.15290471 0.28833693 0.02554265 0.35634013 
132.00000000 0.03924483 0.12137337 0.01781656 0.15330707 0.28730197 0.02553595 0.35542025 
133.00000000 0.03986234 0.12210522 0.01801635 0.15369744 0.28627042 0.02552391 0.35452432 
134.00000000 0.04048257 0.12282181 0.01821864 0.15407643 0.28524406 0.02550677 0.35364972 
135.00000000 0.04110537 0.12352352 0.01842325 0.15444458 0.28422462 0.02548478 0.35279388 
136.00000000 0.04173061 0.12421076 0.01862995 0.15480243 0.28321375 0.02545818 0.35195431 
137.00000000 0.04235814 0.12488396 0.01883854 0.15515050 0.28221305 0.02542723 0.35112858 
138.00000000 0.04298783 0.12554355 0.01904880 0.15548926 0.28122403 0.02539219 0.35031435 
139.00000000 0.04361955 0.12619000 0.01926050 0.15581917 0.28024812 0.02535330 0.34950936 
140.00000000 0.04425315 0.12682377 0.01947342 0.15614067 0.27928670 0.02531085 0.34871144 
141.00000000 0.04488850 0.12744537 0.01968735 0.15645414 0.27834103 0.02526507 0.34791852 
142.00000000 0.04552549 0.12805529 0.01990206 0.15675998 0.27741230 0.02521625 0.34712863 
143.00000000 0.04616399 0.12865403 0.02011734 0.15705853 0.27650160 0.02516463 0.34633988 
144.00000000 0.04680387 0.12924211 0.02033298 0.15735012 0.27560993 0.02511047 0.34555052 
145.00000000 0.04744505 0.12982006 0.02054876 0.15763503 0.27473819 0.02505403 0.34475889 
146.00000000 0.04808740 0.13038838 0.02076448 0.15791353 0.27388721 0.02499555 0.34396345 
147.00000000 0.04873085 0.13094760 0.02097995 0.15818589 0.27305769 0.02493528 0.34316275 
148.00000000 0.04937530 0.13149823 0.02119498 0.15845231 0.27225025 0.02487346 0.34235547 
149.00000000 0.05002067 0.13204079 0.02140938 0.15871301 0.27146542 0.02481032 0.34154041 
150.00000000 0.05066692 0.13257578 0.02162299 0.15896814 0.27070362 0.02474609 0.34071646 
151.00000000 0.05131398 0.13310368 0.02183564 0.15921788 0.26996519 0.02468099 0.33988265 
152.00000000 0.05196180 0.13362498 0.02204718 0.15946237 0.26925037 0.02461522 0.33903809 
153.00000000 0.05261037 0.13414014 0.02225747 0.15970171 0.26855932 0.02454899 0.33818202 
154.00000000 0.05325967 0.13464959 0.02246637 0.15993601 0.26789210 0.02448249 0.33731377 
155.00000000 0.05390968 0.13515378 0.02267377 0.16016536 0.26724871 0.02441591 0.33643279 
156.00000000 0.05456042 0.13565311 0.02287956 0.16038983 0.26662904 0.02434942 0.33553861 
157.00000000 0.05521191 0.13614795 0.02308364 0.16060949 0.26603294 0.02428319 0.33463088 
158.00000000 0.05586418 0.13663868 0.02328593 0.16082437 0.26546015 0.02421738 0.33370931 
159.00000000 0.05651728 0.13712561 0.02348634 0.16103452 0.26491036 0.02415214 0.33277374 
160.00000000 0.05717127 0.13760907 0.02368483 0.16123998 0.26438321 0.02408760 0.33182404 
161.00000000 0.05782622 0.13808934 0.02388133 0.16144075 0.26387826 0.02402389 0.33086022 
162.00000000 0.05848222 0.13856666 0.02407580 0.16163686 0.26339502 0.02396113 0.32988232 
163.00000000 0.05913934 0.13904127 0.02426823 0.16182832 0.26293294 0.02389943 0.32889046 
164.00000000 0.05979771 0.13951337 0.02445858 0.16201514 0.26249146 0.02383890 0.32788484 
165.00000000 0.06045743 0.13998312 0.02464685 0.16219733 0.26206994 0.02377963 0.32686570 
166.00000000 0.06111863 0.14045068 0.02483304 0.16237488 0.26166773 0.02372169 0.32583335 
167.00000000 0.06178143 0.14091616 0.02501716 0.16254780 0.26128412 0.02366518 0.32478815 
168.00000000 0.06244597 0.14137964 0.02519923 0.16271609 0.26091841 0.02361015 0.32373051 
169.00000000 0.06311239 0.14184119 0.02537927 0.16287977 0.26056985 0.02355666 0.32266087 
170.00000000 0.06378084 0.14230085 0.02555732 0.16303883 0.26023768 0.02350478 0.32157971 
171.00000000 0.06445146 0.14275863 0.02573342 0.16319329 0.25992112 0.02345454 0.32048755 
172.00000000 0.06512442 0.14321452 0.02590761 0.16334315 0.25961939 0.02340598 0.31938494 
173.00000000 0.06579985 0.14366848 0.02607994 0.16348843 0.25933170 0.02335915 0.31827245 
174.00000000 0.06647792 0.14412045 0.02625048 0.16362916 0.25905726 0.02331406 0.31715067 
175.00000000 0.06715877 0.14457036 0.02641928 0.16376536 0.25879526 0.02327074 0.31602023 
176.00000000 0.06784254 0.14501812 0.02658641 0.16389705 0.25854493 0.02322922 0.31488174 
177.00000000 0.06852940 0.14546360 0.02675193 0.16402427 0.25830547 0.02318949 0.31373584 
178.00000000 0.06921947 0.14590667 0.02691591 0.16414707 0.25807612 0.02315157 0.31258319 
179.00000000 0.06991288 0.14634720 0.02707842 0.16426548 0.25785612 0.02311546 0.31142443 
180.00000000 0.07060977 0.14678501 0.02723954 0.16437957 0.25764472 0.02308117 0.31026022 
181.00000000 0.07131025 0.14721994 0.02739934 0.16448938 0.25744119 0.02304869 0.30909121 
182.00000000 0.07201444 0.14765180 0.02755789 0.16459498 0.25724482 0.02301802 0.30791805 
183.00000000 0.07272243 0.14808041 0.02771526 0.16469644 0.25705492 0.02298914 0.30674139 
184.00000000 0.07343432 0.14850556 0.02787152 0.16479384 0.25687084 0.02296205 0.30556187 
185.00000000 0.07415018 0.14892706 0.02802675 0.16488726 0.25669193 0.02293672 0.30438010 
186.00000000 0.07487009 0.14934469 0.02818102 0.16497678 0.25651757 0.02291315 0.30319670 
187.00000000 0.07559410 0.14975824 0.02833438 0.16506250 0.25634717 0.02289132 0.30201228 
188.00000000 0.07632226 0.15016752 0.02848692 0.16514452 0.25618018 0.02287119 0.30082741 
189.00000000 0.07705460 0.15057230 0.02863868 0.16522294 0.25601606 0.02285276 0.29964266 
190.00000000 0.07779113 0.15097239 0.02878974 0.16529788 0.25585431 0.02283599 0.29845856 
191.00000000 0.07853187 0.15136759 0.02894015 0.16536944 0.25569444 0.02282086 0.29727564 
192.00000000 0.07927680 0.15175771 0.02908997 0.16543775 0.25553602 0.02280734 0.29609440 
193.00000000 0.08002591 0.15214256 0.02923926 0.16550294 0.25537863 0.02279540 0.29491531 
194.00000000 0.08077914 0.15252197 0.02938806 0.16556513 0.25522187 0.02278501 0.29373882 
195.00000000 0.08153647 0.15289578 0.02953642 0.16562445 0.25506541 0.02277613 0.29256534 
196.00000000 0.08229782 0.15326385 0.02968440 0.16568105 0.25490889 0.02276873 0.29139527 
197.00000000 0.08306311 0.15362603 0.02983203 0.16573506 0.25475204 0.02276278 0.29022896 
198.00000000 0.08383225 0.15398222 0.02997936 0.16578662 0.25459456 0.02275824 0.28906676 
199.00000000 0.08460513 0.15433230 0.03012643 0.16583588 0.25443623 0.02275506 0.28790896 
200.00000000 0.08538165 0.15467621 0.03027327 0.16588298 0.25427682 0.02275322 0.28675584 
201.00000000 0.08616165 0.15501388 0.03041993 0.16592808 0.25411613 0.02275268 0.28560765 
202.00000000 0.08694501 0.15534527 0.03056643 0.16597131 0.25395401 0.02275338 0.28446460 
203.00000000 0.08773156 0.15567036 0.03071280 0.16601282 0.25379029 0.02275529 0.28332688 
204.00000000 0.08852112 0.15598914 0.03085908 0.16605277 0.25362487 0.02275837 0.28219464 
205.00000000 0.08931353 0.15630165 0.03100529 0.16609129 0.25345764 0.02276258 0.28106801 
206.00000000 0.09010859 0.15660793 0.03115146 0.16612854 0.25328851 0.02276787 0.27994711 
207.00000000 0.09090608 0.15690804 0.03129761 0.16616464 0.25311742 0.02277419 0.27883201 
208.00000000 0.09170581 0.15720208 0.03144376 0.16619974 0.25294432 0.02278151 0.27772277 
209.00000000 0.09250754 0.15749016 0.03158995 0.16623398 0.25276918 0.02278978 0.27661941 
210.00000000 0.09331105 0.15777242 0.03173617 0.16626747 0.25259197 0.02279895 0.27552196 
211.00000000 0.09411610 0.15804901 0.03188247 0.16630035 0.25241268 0.02280899 0.27443040 
212.00000000 0.09492245 0.15832012 0.03202884 0.16633273 0.25223132 0.02281984 0.27334471 
213.00000000 0.09572983 0.15858593 0.03217531 0.16636474 0.25204789 0.02283146 0.27226485 
214.00000000 0.09653801 0.15884667 0.03232189 0.16639646 0.25186241 0.02284381 0.27119076 
215.00000000 0.09734670 0.15910256 0.03246859 0.16642801 0.25167491 0.02285685 0.27012237 
216.00000000 0.09815567 0.15935387 0.03261543 0.16645947 0.25148542 0.02287052 0.26905962 
217.00000000 0.09896463 0.15960086 0.03276241 0.16649093 0.25129396 0.02288480 0.26800241 
218.00000000 0.09977332 0.15984380 0.03290955 0.16652247 0.25110057 0.02289963 0.26695065 
219.00000000 0.10058148 0.16008300 0.03305685 0.16655417 0.25090529 0.02291498 0.26590424 
220.00000000 0.10138884 0.16031875 0.03320432 0.16658607 0.25070816 0.02293079 0.26486307 
221.00000000 0.10219514 0.16055137 0.03335196 0.16661823 0.25050922 0.02294705 0.26382705 
222.00000000 0.10300011 0.16078117 0.03349978 0.16665070 0.25030850 0.02296369 0.26279605 
223.00000000 0.10380350 0.16100848 0.03364778 0.16668353 0.25010605 0.02298069 0.26176998 
224.00000000 0.10460506 0.16123363 0.03379596 0.16671673 0.24990189 0.02299801 0.26074873 
225.00000000 0.10540454 0.16145695 0.03394433 0.16675033 0.24969608 0.02301560 0.25973218 
226.00000000 0.10620170 0.16167877 0.03409289 0.16678435 0.24948863 0.02303343 0.25872023 
227.00000000 0.10699631 0.16189942 0.03424163 0.16681879 0.24927960 0.02305147 0.25771278 
228.00000000 0.10778815 0.16211922 0.03439055 0.16685366 0.24906901 0.02306968 0.25670973 
229.00000000 0.10857698 0.16233850 0.03453966 0.16688896 0.24885689 0.02308802 0.25571099 
230.00000000 0.10936262 0.16255758 0.03468894 0.16692468 0.24864328 0.02310646 0.25471645 
231.00000000 0.11014486 0.16277675 0.03483840 0.16696079 0.24842820 0.02312497 0.25372603 
232.00000000 0.11092350 0.16299632 0.03498804 0.16699729 0.24821170 0.02314351 0.25273964 
233.00000000 0.11169839 0.16321657 0.03513784 0.16703414 0.24799381 0.02316206 0.25175720 
234.00000000 0.11246933 0.16343779 0.03528780 0.16707132 0.24777456 0.02318057 0.25077862 
235.00000000 0.11323619 0.16366023 0.03543792 0.16710881 0.24755399 0.02319903 0.24980384 
236.00000000 0.11399880 0.16388416 0.03558819 0.16714656 0.24733213 0.02321740 0.24883277 
237.00000000 0.11475704 0.16410979 0.03573861 0.16718453 0.24710903 0.02323565 0.24786534 
238.00000000 0.11551079 0.16433737 0.03588917 0.16722271 0.24688473 0.02325376 0.24690149 
239.00000000 0.11625992 0.16456709 0.03603986 0.16726103 0.24665927 0.02327169 0.24594114 
240.00000000 0.11700434 0.16479915 0.03619069 0.16729946 0.24643270 0.02328943 0.24498423 
241.00000000 0.11774395 0.16503373 0.03634164 0.16733796 0.24620507 0.02330694 0.24403071 
242.00000000 0.11847867 0.16527098 0.03649271 0.16737649 0.24597643 0.02332421 0.24308051 
243.00000000 0.11920843 0.16551106 0.03664389 0.16741500 0.24574684 0.02334121 0.24213357 
244.00000000 0.11993316 0.16575411 0.03679518 0.16745345 0.24551636 0.02335792 0.24118983 
245.00000000 0.12065281 0.16600023 0.03694656 0.16749179 0.24528504 0.02337431 0.24024926 
246.00000000 0.12136734 0.16624953 0.03709805 0.16752998 0.24505294 0.02339037 0.23931179 
247.00000000 0.12207670 0.16650210 0.03724962 0.16756799 0.24482012 0.02340608 0.23837739 
248.00000000 0.12278088 0.16675802 0.03740127 0.16760575 0.24458664 0.02342143 0.23744601 
249.00000000 0.12347985 0.16701735 0.03755301 0.16764324 0.24435256 0.02343639 0.23651760 
250.00000000 0.12417360 0.16728015 0.03770480 0.16768040 0.24411793 0.02345096 0.23559215 
251.00000000 0.12486213 0.16754645 0.03785667 0.16771719 0.24388283 0.02346512 0.23466960 
252.00000000 0.12554543 0.16781630 0.03800858 0.16775358 0.24364729 0.02347887 0.23374995 
253.00000000 0.12622352 0.16808971 0.03816055 0.16778950 0.24341137 0.02349218 0.23283317 
254.00000000 0.12689641 0.16836670 0.03831255 0.16782493 0.24317511 0.02350506 0.23191925 
255.00000000 0.12756411 0.16864727 0.03846458 0.16785981 0.24293855 0.02351750 0.23100817 
256.00000000 0.12822667 0.16893143 0.03861663 0.16789411 0.24270174 0.02352949 0.23009994 
257.00000000 0.12888410 0.16921917 0.03876869 0.16792777 0.24246469 0.02354103 0.22919455 
258.00000000 0.12953645 0.16951048 0.03892074 0.16796074 0.24222745 0.02355212 0.22829202 
259.00000000 0.13018375 0.16980534 0.03907278 0.16799299 0.24199001 0.02356276 0.22739236 
260.00000000 0.13082606 0.17010374 0.03922480 0.16802446 0.24175240 0.02357295 0.22649560 
261.00000000 0.13146343 0.17040565 0.03937677 0.16805510 0.24151461 0.02358270 0.22560175 
262.00000000 0.13209590 0.17071104 0.03952869 0.16808486 0.24127665 0.02359200 0.22471085 
263.00000000 0.13272354 0.17101990 0.03968054 0.16811370 0.24103851 0.02360087 0.22382294 
264.00000000 0.13334642 0.17133218 0.03983230 0.16814156 0.24080016 0.02360931 0.22293807 
265.00000000 0.13396460 0.17164786 0.03998396 0.16816838 0.24056159 0.02361733 0.22205628 
266.00000000 0.13457815 0.17196690 0.04013550 0.16819413 0.24032276 0.02362495 0.22117761 
267.00000000 0.13518714 0.17228928 0.04028690 0.16821873 0.24008364 0.02363216 0.22030214 
268.00000000 0.13579166 0.17261494 0.04043815 0.16824215 0.23984420 0.02363900 0.21942991 
269.00000000 0.13639179 0.17294387 0.04058922 0.16826432 0.23960438 0.02364545 0.21856098 
270.00000000 0.13698760 0.17327600 0.04074010 0.16828519 0.23936414 0.02365155 0.21769541 
271.00000000 0.13757920 0.17361132 0.04089076 0.16830471 0.23912343 0.02365731 0.21683327 
272.00000000 0.13816666 0.17394977 0.04104119 0.16832282 0.23888220 0.02366274 0.21597461 
273.00000000 0.13875008 0.17429132 0.04119138 0.16833947 0.23864039 0.02366785 0.21511951 
274.00000000 0.13932956 0.17463591 0.04134129 0.16835461 0.23839794 0.02367268 0.21426801 
275.00000000 0.13990520 0.17498351 0.04149091 0.16836818 0.23815480 0.02367722 0.21342018 
276.00000000 0.14047708 0.17533407 0.04164022 0.16838014 0.23791092 0.02368151 0.21257607 
277.00000000 0.14104532 0.17568753 0.04178920 0.16839044 0.23766623 0.02368555 0.21173573 
278.00000000 0.14161002 0.17604385 0.04193784 0.16839902 0.23742070 0.02368937 0.21089921 
279.00000000 0.14217128 0.17640296 0.04208611 0.16840585 0.23717426 0.02369298 0.21006657 
280.00000000 0.14272920 0.17676483 0.04223401 0.16841086 0.23692686 0.02369640 0.20923783 
281.00000000 0.14328391 0.17712937 0.04238151 0.16841403 0.23667848 0.02369966 0.20841304 
282.00000000 0.14383549 0.17749655 0.04252860 0.16841531 0.23642906 0.02370276 0.20759223 
283.00000000 0.14438407 0.17786629 0.04267527 0.16841466 0.23617856 0.02370573 0.20677543 
284.00000000 0.14492975 0.17823853 0.04282149 0.16841203 0.23592695 0.02370859 0.20596266 
285.00000000 0.14547264 0.17861320 0.04296726 0.16840740 0.23567420 0.02371134 0.20515395 
286.00000000 0.14601286 0.17899023 0.04311257 0.16840073 0.23542029 0.02371402 0.20434930 
287.00000000 0.14655050 0.17936957 0.04325740 0.16839198 0.23516518 0.02371663 0.20354875 
288.00000000 0.14708568 0.17975112 0.04340174 0.16838112 0.23490885 0.02371919 0.20275229 
289.00000000 0.14761852 0.18013484 0.04354559 0.16836812 0.23465129 0.02372172 0.20195992 
290.00000000 0.14814911 0.18052063 0.04368892 0.16835296 0.23439248 0.02372424 0.20117167 
291.00000000 0.14867756 0.18090842 0.04383174 0.16833560 0.23413240 0.02372676 0.20038752 
292.00000000 0.14920399 0.18129815 0.04397403 0.16831601 0.23387105 0.02372929 0.19960748 
293.00000000 0.14972849 0.18168974 0.04411578 0.16829418 0.23360840 0.02373185 0.19883155 
294.00000000 0.15025117 0.18208312 0.04425699 0.16827008 0.23334445 0.02373446 0.19805973 
295.00000000 0.15077212 0.18247820 0.04439765 0.16824369 0.23307920 0.02373712 0.19729201 
296.00000000 0.15129146 0.18287492 0.04453775 0.16821499 0.23281262 0.02373986 0.19652839 
297.00000000 0.15180927 0.18327321 0.04467729 0.16818395 0.23254471 0.02374269 0.19576888 
298.00000000 0.15232565 0.18367298 0.04481624 0.16815056 0.23227547 0.02374562 0.19501348 
299.00000000 0.15284069 0.18407418 0.04495462 0.16811481 0.23200487 0.02374866 0.19426218 
300.00000000 0.15335448 0.18447671 0.04509240 0.16807667 0.23173292 0.02375183 0.19351499 
301.00000000 0.15386710 0.18488052 0.04522959 0.16803614 0.23145960 0.02375513 0.19277191 
302.00000000 0.15437864 0.18528553 0.04536617 0.16799321 0.23118490 0.02375860 0.19203296 
303.00000000 0.15488917 0.18569166 0.04550214 0.16794786 0.23090882 0.02376222 0.19129813 
304.00000000 0.15539877 0.18609884 0.04563749 0.16790008 0.23063134 0.02376603 0.19056745 
305.00000000 0.15590752 0.18650699 0.04577221 0.16784988 0.23035244 0.02377003 0.18984093 
306.00000000 0.15641547 0.18691605 0.04590630 0.16779725 0.23007214 0.02377422 0.18911858 
307.00000000 0.15692269 0.18732592 0.04603973 0.16774219 0.22979041 0.02377864 0.18840041 
308.00000000 0.15742925 0.18773654 0.04617252 0.16768471 0.22950725 0.02378327 0.18768646 
309.00000000 0.15793519 0.18814781 0.04630465 0.16762481 0.22922265 0.02378815 0.18697674 
310.00000000 0.15844058 0.18855964 0.04643612 0.16756250 0.22893662 0.02379327 0.18627127 
311.00000000 0.15894545 0.18897196 0.04656691 0.16749780 0.22864916 0.02379864 0.18557008 
312.00000000 0.15944985 0.18938466 0.04669702 0.16743073 0.22836026 0.02380428 0.18487319 
313.00000000 0.15995382 0.18979765 0.04682645 0.16736131 0.22806994 0.02381019 0.18418062 
314.00000000 0.16045740 0.19021083 0.04695520 0.16728957 0.22777822 0.02381638 0.18349240 
315.00000000 0.16096063 0.19062409 0.04708324 0.16721553 0.22748509 0.02382286 0.18280855 
316.00000000 0.16146353 0.19103731 0.04721059 0.16713924 0.22719060 0.02382963 0.18212910 
317.00000000 0.16196613 0.19145039 0.04733724 0.16706072 0.22689475 0.02383670 0.18145407 
318.00000000 0.16246845 0.19186321 0.04746319 0.16698004 0.22659759 0.02384406 0.18078346 
319.00000000 0.16297052 0.19227564 0.04758843 0.16689722 0.22629915 0.02385172 0.18011732 
320.00000000 0.16347236 0.19268756 0.04771297 0.16681234 0.22599947 0.02385968 0.17945563 
321.00000000 0.16397398 0.19309883 0.04783680 0.16672543 0.22569859 0.02386794 0.17879843 
322.00000000 0.16447540 0.19350932 0.04795994 0.16663657 0.22539656 0.02387650 0.17814572 
323.00000000 0.16497663 0.19391890 0.04808237 0.16654580 0.22509344 0.02388535 0.17749750 
324.00000000 0.16547770 0.19432742 0.04820411 0.16645321 0.22478929 0.02389449 0.17685378 
325.00000000 0.16597859 0.19473476 0.04832516 0.16635885 0.22448417 0.02390391 0.17621455 
326.00000000 0.16647934 0.19514076 0.04844552 0.16626280 0.22417815 0.02391361 0.17557982 
327.00000000 0.16697995 0.19554530 0.04856520 0.16616513 0.22387129 0.02392357 0.17494957 
328.00000000 0.16748041 0.19594823 0.04868421 0.16606590 0.22356366 0.02393378 0.17432380 
329.00000000 0.16798076 0.19634941 0.04880255 0.16596520 0.22325534 0.02394424 0.17370250 
330.00000000 0.16848098 0.19674871 0.04892023 0.16586311 0.22294640 0.02395494 0.17308563 
331.00000000 0.16898108 0.19714601 0.04903727 0.16575968 0.22263692 0.02396585 0.17247319 
332.00000000 0.16948108 0.19754117 0.04915366 0.16565500 0.22232697 0.02397697 0.17186515 
333.00000000 0.16998097 0.19793407 0.04926942 0.16554915 0.22201662 0.02398828 0.17126148 
334.00000000 0.17048076 0.19832460 0.04938456 0.16544218 0.22170595 0.02399977 0.17066217 
335.00000000 0.17098046 0.19871265 0.04949909 0.16533418 0.22139503 0.02401143 0.17006717 
336.00000000 0.17148006 0.19909811 0.04961301 0.16522520 0.22108393 0.02402323 0.16947646 
337.00000000 0.17197956 0.19948088 0.04972634 0.16511532 0.22077271 0.02403518 0.16889001 
338.00000000 0.17247898 0.19986088 0.04983909 0.16500460 0.22046144 0.02404724 0.16830777 
339.00000000 0.17297830 0.20023802 0.04995126 0.16489309 0.22015019 0.02405942 0.16772972 
340.00000000 0.17347752 0.20061223 0.05006286 0.16478086 0.21983900 0.02407169 0.16715583 
341.00000000 0.17397665 0.20098344 0.05017391 0.16466796 0.21952795 0.02408405 0.16658604 
342.00000000 0.17447568 0.20135159 0.05028440 0.16455444 0.21921708 0.02409647 0.16602034 
343.00000000 0.17497460 0.20171663 0.05039436 0.16444036 0.21890644 0.02410896 0.16545867 
344.00000000 0.17547340 0.20207851 0.05050377 0.16432574 0.21859607 0.02412150 0.16490100 
345.00000000 0.17597209 0.20243720 0.05061266 0.16421065 0.21828603 0.02413407 0.16434729 
346.00000000 0.17647065 0.20279265 0.05072104 0.16409512 0.21797636 0.02414668 0.16379751 
347.00000000 0.17696906 0.20314485 0.05082889 0.16397918 0.21766708 0.02415931 0.16325161 
348.00000000 0.17746733 0.20349378 0.05093625 0.16386288 0.21735825 0.02417196 0.16270956 
349.00000000 0.17796544 0.20383941 0.05104310 0.16374624 0.21704989 0.02418461 0.16217131 
350.00000000 0.17846338 0.20418174 0.05114945 0.16362931 0.21674204 0.02419727 0.16163682 
351.00000000 0.17896113 0.20452076 0.05125532 0.16351210 0.21643472 0.02420992 0.16110604 
352.00000000 0.17945869 0.20485646 0.05136071 0.16339466 0.21612798 0.02422256 0.16057894 
353.00000000 0.17995603 0.20518884 0.05146562 0.16327701 0.21582184 0.02423519 0.16005547 
354.00000000 0.18045315 0.20551791 0.05157007 0.16315918 0.21551632 0.02424780 0.15953557 
355.00000000 0.18095004 0.20584367 0.05167405 0.16304119 0.21521147 0.02426038 0.15901920 
356.00000000 0.18144667 0.20616611 0.05177759 0.16292309 0.21490730 0.02427293 0.15850631 
357.00000000 0.18194306 0.20648525 0.05188067 0.16280489 0.21460384 0.02428544 0.15799685 
358.00000000 0.18243918 0.20680109 0.05198332 0.16268663 0.21430113 0.02429791 0.15749075 
359.00000000 0.18293502 0.20711363 0.05208554 0.16256833 0.21399918 0.02431034 0.15698796 
360.00000000 0.18343058 0.20742287 0.05218734 0.16245003 0.21369804 0.02432272 0.15648842 
361.00000000 0.18392587 0.20772883 0.05228872 0.16233176 0.21339772 0.02433504 0.15599206 
362.00000000 0.18442086 0.20803150 0.05238971 0.16221354 0.21309826 0.02434729 0.15549883 
363.00000000 0.18491557 0.20833089 0.05249030 0.16209543 0.21279968 0.02435948 0.15500865 
364.00000000 0.18540999 0.20862699 0.05259052 0.16197744 0.21250201 0.02437159 0.15452146 
365.00000000 0.18590414 0.20891981 0.05269037 0.16185961 0.21220528 0.02438361 0.15403719 
366.00000000 0.18639800 0.20920935 0.05278985 0.16174198 0.21190951 0.02439555 0.15355576 
367.00000000 0.18689161 0.20949560 0.05288899 0.16162459 0.21161472 0.02440738 0.15307711 
368.00000000 0.18738495 0.20977856 0.05298780 0.16150746 0.21132095 0.02441910 0.15260117 
369.00000000 0.18787806 0.21005823 0.05308628 0.16139065 0.21102820 0.02443072 0.15212786 
370.00000000 0.18837094 0.21033461 0.05318446 0.16127417 0.21073651 0.02444220 0.15165712 
371.00000000 0.18886360 0.21060768 0.05328233 0.16115807 0.21044588 0.02445356 0.15118887 
372.00000000 0.18935607 0.21087746 0.05337991 0.16104239 0.21015634 0.02446478 0.15072305 
373.00000000 0.18984837 0.21114392 0.05347722 0.16092715 0.20986789 0.02447586 0.15025960 
374.00000000 0.19034050 0.21140708 0.05357427 0.16081239 0.20958055 0.02448678 0.14979844 
375.00000000 0.19083251 0.21166692 0.05367105 0.16069814 0.20929432 0.02449754 0.14933952 
376.00000000 0.19132440 0.21192345 0.05376759 0.16058443 0.20900922 0.02450814 0.14888278 
377.00000000 0.19181620 0.21217666 0.05386390 0.16047129 0.20872523 0.02451857 0.14842816 
378.00000000 0.19230793 0.21242655 0.05395998 0.16035874 0.20844236 0.02452882 0.14797561 
379.00000000 0.19279962 0.21267313 0.05405584 0.16024682 0.20816061 0.02453890 0.14752509 
380.00000000 0.19329127 0.21291639 0.05415149 0.16013553 0.20787997 0.02454879 0.14707655 
381.00000000 0.19378292 0.21315636 0.05424694 0.16002491 0.20760043 0.02455850 0.14662995 
382.00000000 0.19427458 0.21339302 0.05434219 0.15991497 0.20732199 0.02456802 0.14618525 
383.00000000 0.19476627 0.21362639 0.05443724 0.15980571 0.20704462 0.02457736 0.14574241 
384.00000000 0.19525800 0.21385648 0.05453211 0.15969716 0.20676833 0.02458651 0.14530141 
385.00000000 0.19574980 0.21408331 0.05462680 0.15958933 0.20649309 0.02459547 0.14486221 
386.00000000 0.19624166 0.21430688 0.05472131 0.15948221 0.20621889 0.02460424 0.14442480 
387.00000000 0.19673362 0.21452723 0.05481564 0.15937582 0.20594571 0.02461283 0.14398914 
388.00000000 0.19722567 0.21474436 0.05490981 0.15927016 0.20567354 0.02462124 0.14355522 
389.00000000 0.19771782 0.21495830 0.05500380 0.15916523 0.20540236 0.02462947 0.14312302 
390.00000000 0.19821008 0.21516907 0.05509763 0.15906103 0.20513216 0.02463752 0.14269253 
391.00000000 0.19870245 0.21537670 0.05519129 0.15895755 0.20486291 0.02464539 0.14226371 
392.00000000 0.19919493 0.21558121 0.05528479 0.15885479 0.20459462 0.02465310 0.14183657 
393.00000000 0.19968753 0.21578263 0.05537813 0.15875274 0.20432726 0.02466063 0.14141107 
394.00000000 0.20018025 0.21598100 0.05547131 0.15865140 0.20406082 0.02466800 0.14098722 
395.00000000 0.20067307 0.21617634 0.05556434 0.15855076 0.20379530 0.02467521 0.14056499 
396.00000000 0.20116600 0.21636868 0.05565721 0.15845080 0.20353068 0.02468225 0.14014437 
397.00000000 0.20165904 0.21655806 0.05574993 0.15835152 0.20326697 0.02468914 0.13972534 
398.00000000 0.20215217 0.21674451 0.05584251 0.15825290 0.20300415 0.02469587 0.13930789 
399.00000000 0.20264539 0.21692806 0.05593494 0.15815494 0.20274223 0.02470245 0.13889199 
400.00000000 0.20313869 0.21710875 0.05602722 0.15805763 0.20248120 0.02470887 0.13847764 
401.00000000 0.20363207 0.21728660 0.05611937 0.15796095 0.20222106 0.02471514 0.13806480 
402.00000000 0.20412551 0.21746166 0.05621139 0.15786489 0.20196182 0.02472126 0.13765347 
403.00000000 0.20461902 0.21763395 0.05630328 0.15776944 0.20170348 0.02472723 0.13724361 
404.00000000 0.20511258 0.21780350 0.05639504 0.15767459 0.20144604 0.02473305 0.13683522 
405.00000000 0.20560618 0.21797035 0.05648668 0.15758032 0.20118950 0.02473871 0.13642826 
406.00000000 0.20609982 0.21813453 0.05657821 0.15748664 0.20093387 0.02474422 0.13602272 
407.00000000 0.20659349 0.21829607 0.05666962 0.15739352 0.20067915 0.02474958 0.13561857 
408.00000000 0.20708719 0.21845500 0.05676093 0.15730097 0.20042535 0.02475477 0.13521580 
409.00000000 0.20758090 0.21861135 0.05685213 0.15720896 0.20017246 0.02475982 0.13481439 
410.00000000 0.20807464 0.21876515 0.05694324 0.15711748 0.19992048 0.02476470 0.13441431 
411.00000000 0.20856838 0.21891643 0.05703426 0.15702654 0.19966942 0.02476943 0.13401554 
412.00000000 0.20906213 0.21906523 0.05712519 0.15693612 0.19941926 0.02477399 0.13361808 
413.00000000 0.20955589 0.21921156 0.05721603 0.15684621 0.19917001 0.02477840 0.13322190 
414.00000000 0.21004965 0.21935547 0.05730679 0.15675680 0.19892165 0.02478264 0.13282700 
415.00000000 0.21054341 0.21949697 0.05739748 0.15666788 0.19867418 0.02478673 0.13243335 
416.00000000 0.21103718 0.21963612 0.05748809 0.15657944 0.19842757 0.02479065 0.13204096 
417.00000000 0.21153094 0.21977293 0.05757863 0.15649147 0.19818181 0.02479441 0.13164981 
418.00000000 0.21202469 0.21990745 0.05766910 0.15640397 0.19793688 0.02479801 0.13125989 
419.00000000 0.21251844 0.22003970 0.05775950 0.15631691 0.19769276 0.02480146 0.13087122 
420.00000000 0.21301219 0.22016974 0.05784983 0.15623030 0.19744942 0.02480475 0.13048378 
421.00000000 0.21350593 0.22029759 0.05794009 0.15614410 0.19720683 0.02480790 0.13009757 
422.00000000 0.21399965 0.22042329 0.05803028 0.15605832 0.19696496 0.02481089 0.12971260 
423.00000000 0.21449336 0.22054690 0.05812040 0.15597294 0.19672378 0.02481374 0.12932887 
424.00000000 0.21498705 0.22066846 0.05821046 0.15588795 0.19648326 0.02481645 0.12894639 
425.00000000 0.21548071 0.22078801 0.05830043 0.15580332 0.19624334 0.02481902 0.12856517 
426.00000000 0.21597434 0.22090560 0.05839034 0.15571905 0.19600400 0.02482146 0.12818521 
427.00000000 0.21646793 0.22102129 0.05848016 0.15563511 0.19576520 0.02482378 0.12780652 
428.00000000 0.21696147 0.22113512 0.05856991 0.15555150 0.19552690 0.02482598 0.12742912 
429.00000000 0.21745495 0.22124716 0.05865957 0.15546819 0.19528906 0.02482807 0.12705300 
430.00000000 0.21794836 0.22135745 0.05874915 0.15538517 0.19505163 0.02483004 0.12667819 
431.00000000 0.21844168 0.22146606 0.05883864 0.15530241 0.19481458 0.02483192 0.12630469 
432.00000000 0.21893491 0.22157305 0.05892804 0.15521990 0.19457788 0.02483370 0.12593252 
433.00000000 0.21942801 0.22167846 0.05901735 0.15513762 0.19434148 0.02483540 0.12556167 
434.00000000 0.21992099 0.22178237 0.05910656 0.15505555 0.19410536 0.02483701 0.12519216 
435.00000000 0.22041381 0.22188482 0.05919568 0.15497367 0.19386948 0.02483854 0.12482400 
436.00000000 0.22090647 0.22198589 0.05928469 0.15489195 0.19363381 0.02483999 0.12445719 
437.00000000 0.22139894 0.22208562 0.05937361 0.15481039 0.19339833 0.02484138 0.12409173 
438.00000000 0.22189119 0.22218407 0.05946242 0.15472896 0.19316301 0.02484271 0.12372764 
439.00000000 0.22238322 0.22228130 0.05955113 0.15464764 0.19292783 0.02484398 0.12336491 
440.00000000 0.22287500 0.22237736 0.05963973 0.15456641 0.19269278 0.02484519 0.12300354 
441.00000000 0.22336650 0.22247230 0.05972823 0.15448526 0.19245783 0.02484634 0.12264354 
442.00000000 0.22385771 0.22256618 0.05981662 0.15440415 0.19222298 0.02484745 0.12228491 
443.00000000 0.22434861 0.22265903 0.05990490 0.15432308 0.19198822 0.02484851 0.12192764 
444.00000000 0.22483917 0.22275092 0.05999308 0.15424203 0.19175355 0.02484952 0.12157174 
445.00000000 0.22532937 0.22284187 0.06008116 0.15416098 0.19151894 0.02485049 0.12121719 
446.00000000 0.22581920 0.22293192 0.06016913 0.15407990 0.19128442 0.02485142 0.12086401 
447.00000000 0.22630864 0.22302112 0.06025700 0.15399879 0.19104997 0.02485230 0.12051218 
448.00000000 0.22679766 0.22310950 0.06034476 0.15391763 0.19081560 0.02485315 0.12016170 
449.00000000 0.22728625 0.22319709 0.06043243 0.15383640 0.19058131 0.02485395 0.11981258 
450.00000000 0.22777440 0.22328391 0.06051999 0.15375508 0.19034710 0.02485472 0.11946480 
451.00000000 0.22826209 0.22337000 0.06060744 0.15367366 0.19011299 0.02485544 0.11911837 
452.00000000 0.22874930 0.22345539 0.06069480 0.15359213 0.18987897 0.02485613 0.11877329 
453.00000000 0.22923602 0.22354008 0.06078205 0.15351046 0.18964505 0.02485678 0.11842956 
454.00000000 0.22972224 0.22362411 0.06086920 0.15342865 0.18941124 0.02485738 0.11808717 
455.00000000 0.23020795 0.22370749 0.06095625 0.15334668 0.18917754 0.02485796 0.11774613 
456.00000000 0.23069314 0.22379024 0.06104319 0.15326454 0.18894396 0.02485849 0.11740644 
457.00000000 0.23117779 0.22387238 0.06113002 0.15318221 0.18871049 0.02485899 0.11706811 
458.00000000 0.23166190 0.22395393 0.06121674 0.15309969 0.18847715 0.02485946 0.11673113 
459.00000000 0.23214547 0.22403489 0.06130335 0.15301695 0.18824392 0.02485990 0.11639552 
460.00000000 0.23262847 0.22411529 0.06138985 0.15293398 0.18801082 0.02486031 0.11606129 
461.00000000 0.23311091 0.22419514 0.06147622 0.15285078 0.18777783 0.02486069 0.11572844 
462.00000000 0.23359277 0.22427445 0.06156247 0.15276734 0.18754495 0.02486105 0.11539697 
463.00000000 0.23407406 0.22435325 0.06164860 0.15268363 0.18731218 0.02486139 0.11506690 
464.00000000 0.23455476 0.22443154 0.06173459 0.15259965 0.18707951 0.02486171 0.11473825 
465.00000000 0.23503487 0.22450935 0.06182044 0.15251538 0.18684693 0.02486203 0.11441101 
466.00000000 0.23551437 0.22458668 0.06190615 0.15243083 0.18661443 0.02486234 0.11408520 
467.00000000 0.23599327 0.22466356 0.06199172 0.15234597 0.18638200 0.02486265 0.11376083 
468.00000000 0.23647156 0.22474000 0.06207712 0.15226081 0.18614963 0.02486296 0.11343791 
469.00000000 0.23694923 0.22481603 0.06216237 0.15217532 0.18591731 0.02486329 0.11311645 
470.00000000 0.23742627 0.22489165 0.06224745 0.15208950 0.18568502 0.02486363 0.11279647 
471.00000000 0.23790268 0.22496690 0.06233236 0.15200335 0.18545275 0.02486400 0.11247796 
472.00000000 0.23837844 0.22504178 0.06241710 0.15191685 0.18522049 0.02486439 0.11216095 
473.00000000 0.23885356 0.22511632 0.06250165 0.15182999 0.18498822 0.02486482 0.11184543 
474.00000000 0.23932802 0.22519053 0.06258601 0.15174278 0.18475594 0.02486530 0.11153143 
475.00000000 0.23980181 0.22526443 0.06267018 0.15165521 0.18452362 0.02486581 0.11121893 
476.00000000 0.24027493 0.22533805 0.06275415 0.15156727 0.18429126 0.02486639 0.11090796 
477.00000000 0.24074736 0.22541140 0.06283792 0.15147895 0.18405884 0.02486701 0.11059851 
478.00000000 0.24121911 0.22548450 0.06292148 0.15139025 0.18382637 0.02486770 0.11029058 
479.00000000 0.24169015 0.22555736 0.06300484 0.15130118 0.18359383 0.02486846 0.10998418 
480.00000000 0.24216049 0.22562999 0.06308798 0.15121172 0.18336121 0.02486929 0.10967932 
481.00000000 0.24263011 0.22570242 0.06317090 0.15112187 0.18312851 0.02487020 0.10937598 
482.00000000 0.24309901 0.22577466 0.06325360 0.15103164 0.18289573 0.02487118 0.10907418 
483.00000000 0.24356717 0.22584672 0.06333608 0.15094102 0.18266286 0.02487225 0.10877390 
484.00000000 0.24403459 0.22591860 0.06341833 0.15085001 0.18242991 0.02487340 0.10847515 
485.00000000 0.24450127 0.22599033 0.06350036 0.15075861 0.18219688 0.02487464 0.10817792 
486.00000000 0.24496718 0.22606190 0.06358216 0.15066682 0.18196377 0.02487597 0.10788221 
487.00000000 0.24543234 0.22613332 0.06366373 0.15057465 0.18173058 0.02487738 0.10758801 
488.00000000 0.24589672 0.22620460 0.06374506 0.15048208 0.18149733 0.02487889 0.10729531 
489.00000000 0.24636033 0.22627574 0.06382617 0.15038913 0.18126401 0.02488049 0.10700412 
490.00000000 0.24682316 0.22634675 0.06390704 0.15029580 0.18103064 0.02488218 0.10671442 
491.00000000 0.24728521 0.22641763 0.06398767 0.15020208 0.18079724 0.02488397 0.10642621 
492.00000000 0.24774646 0.22648837 0.06406807 0.15010799 0.18056379 0.02488584 0.10613948 
493.00000000 0.24820692 0.22655898 0.06414822 0.15001351 0.18033033 0.02488782 0.10585422 
494.00000000 0.24866659 0.22662946 0.06422814 0.14991866 0.18009685 0.02488988 0.10557042 
495.00000000 0.24912545 0.22669980 0.06430781 0.14982344 0.17986338 0.02489204 0.10528808 
496.00000000 0.24958352 0.22676999 0.06438724 0.14972784 0.17962992 0.02489429 0.10500720 
497.00000000 0.25004078 0.22684004 0.06446642 0.14963187 0.17939649 0.02489664 0.10472776 
498.00000000 0.25049724 0.22690995 0.06454536 0.14953554 0.17916309 0.02489908 0.10444975 
499.00000000 0.25095290 0.22697969 0.06462404 0.14943883 0.17892974 0.02490162 0.10417317 
500.00000000 0.25140831 0.22704846 0.06470256 0.14934212 0.17869643 0.02490416 0.10389797 
501.00000000 0.25186345 0.22711630 0.06478087 0.14924537 0.17846314 0.02490673 0.10362416 
502.00000000 0.25231826 0.22718326 0.06485897 0.14914856 0.17822986 0.02490934 0.10335177 
503.00000000 0.25277270 0.22724940 0.06493682 0.14905166 0.17799659 0.02491202 0.10308082 
504.00000000 0.25322675 0.22731475 0.06501441 0.14895467 0.17776332 0.02491478 0.10281132 
505.00000000 0.25368036 0.22737937 0.06509171 0.14885756 0.17753005 0.02491764 0.10254329 
506.00000000 0.25413350 0.22744329 0.06516872 0.14876032 0.17729679 0.02492063 0.10227674 
507.00000000 0.25458613 0.22750654 0.06524543 0.14866295 0.17706355 0.02492375 0.10201166 
508.00000000 0.25503821 0.22756917 0.06532181 0.14856542 0.17683031 0.02492701 0.10174807 
509.00000000 0.25548972 0.22763120 0.06539786 0.14846773 0.17659711 0.02493044 0.10148595 
510.00000000 0.25594061 0.22769266 0.06547357 0.14836989 0.17636393 0.02493404 0.10122530 
511.00000000 0.25639086 0.22775358 0.06554893 0.14827187 0.17613080 0.02493782 0.10096613 
512.00000000 0.25684045 0.22781398 0.06562394 0.14817369 0.17589774 0.02494179 0.10070841 
513.00000000 0.25728934 0.22787388 0.06569860 0.14807534 0.17566474 0.02494596 0.10045214 
514.00000000 0.25773750 0.22793331 0.06577289 0.14797683 0.17543184 0.02495033 0.10019731 
515.00000000 0.25818491 0.22799227 0.06584681 0.14787815 0.17519904 0.02495492 0.09994391 
516.00000000 0.25863155 0.22805079 0.06592037 0.14777931 0.17496636 0.02495971 0.09969192 
517.00000000 0.25907739 0.22810887 0.06599355 0.14768031 0.17473383 0.02496473 0.09944132 
518.00000000 0.25952241 0.22816653 0.06606637 0.14758116 0.17450145 0.02496998 0.09919210 
519.00000000 0.25996659 0.22822379 0.06613882 0.14748186 0.17426925 0.02497544 0.09894424 
520.00000000 0.26040992 0.22828063 0.06621090 0.14738244 0.17403725 0.02498113 0.09869773 
521.00000000 0.26085236 0.22833709 0.06628262 0.14728288 0.17380546 0.02498705 0.09845254 
522.00000000 0.26129392 0.22839315 0.06635397 0.14718320 0.17357391 0.02499320 0.09820866 
523.00000000 0.26173456 0.22844882 0.06642496 0.14708342 0.17334261 0.02499957 0.09796607 
524.00000000 0.26217428 0.22850412 0.06649558 0.14698353 0.17311158 0.02500617 0.09772475 
525.00000000 0.26261305 0.22855903 0.06656585 0.14688355 0.17288084 0.02501299 0.09748468 
526.00000000 0.26305088 0.22861357 0.06663577 0.14678350 0.17265041 0.02502003 0.09724584 
527.00000000 0.26348773 0.22866773 0.06670534 0.14668337 0.17242031 0.02502729 0.09700822 
528.00000000 0.26392361 0.22872152 0.06677457 0.14658319 0.17219055 0.02503477 0.09677179 
529.00000000 0.26435850 0.22877494 0.06684345 0.14648296 0.17196116 0.02504246 0.09653654 
530.00000000 0.26479238 0.22882798 0.06691200 0.14638269 0.17173214 0.02505036 0.09630245 
531.00000000 0.26522526 0.22888065 0.06698022 0.14628240 0.17150351 0.02505847 0.09606950 
532.00000000 0.26565712 0.22893294 0.06704811 0.14618210 0.17127529 0.02506678 0.09583767 
533.00000000 0.26608794 0.22898485 0.06711568 0.14608179 0.17104749 0.02507529 0.09560695 
534.00000000 0.26651773 0.22903639 0.06718294 0.14598149 0.17082014 0.02508399 0.09537732 
535.00000000 0.26694648 0.22908756 0.06724988 0.14588120 0.17059323 0.02509289 0.09514876 
536.00000000 0.26737417 0.22913834 0.06731653 0.14578094 0.17036678 0.02510197 0.09492127 
537.00000000 0.26780081 0.22918874 0.06738287 0.14568073 0.17014081 0.02511123 0.09469481 
538.00000000 0.26822638 0.22923877 0.06744892 0.14558055 0.16991533 0.02512067 0.09446938 
539.00000000 0.26865088 0.22928841 0.06751468 0.14548044 0.16969034 0.02513028 0.09424497 
540.00000000 0.26907430 0.22933766 0.06758016 0.14538039 0.16946587 0.02514006 0.09402156 
541.00000000 0.26949664 0.22938654 0.06764536 0.14528041 0.16924190 0.02515001 0.09379913 
542.00000000 0.26991790 0.22943503 0.06771029 0.14518052 0.16901847 0.02516011 0.09357768 
543.00000000 0.27033806 0.22948313 0.06777495 0.14508072 0.16879557 0.02517037 0.09335720 
544.00000000 0.27075713 0.22953085 0.06783935 0.14498102 0.16857321 0.02518078 0.09313766 
545.00000000 0.27117509 0.22957818 0.06790350 0.14488143 0.16835141 0.02519133 0.09291906 
546.00000000 0.27159196 0.22962513 0.06796739 0.14478195 0.16813015 0.02520203 0.09270139 
547.00000000 0.27200771 0.22967169 0.06803103 0.14468260 0.16790947 0.02521287 0.09248463 
548.00000000 0.27242236 0.22971786 0.06809444 0.14458337 0.16768935 0.02522384 0.09226879 
549.00000000 0.27283590 0.22976365 0.06815760 0.14448427 0.16746980 0.02523494 0.09205384 
550.00000000 0.27324832 0.22980906 0.06822054 0.14438532 0.16725083 0.02524616 0.09183978 
551.00000000 0.27365962 0.22985408 0.06828324 0.14428651 0.16703245 0.02525751 0.09162660 
552.00000000 0.27406980 0.22989872 0.06834572 0.14418785 0.16681465 0.02526898 0.09141428 
553.00000000 0.27447886 0.22994297 0.06840798 0.14408934 0.16659744 0.02528056 0.09120284 
554.00000000 0.27488680 0.22998685 0.06847003 0.14399100 0.16638082 0.02529225 0.09099224 
555.00000000 0.27529361 0.23003035 0.06853186 0.14389283 0.16616481 0.02530406 0.09078249 
556.00000000 0.27569929 0.23007347 0.06859349 0.14379482 0.16594938 0.02531596 0.09057358 
557.00000000 0.27610384 0.23011622 0.06865491 0.14369698 0.16573456 0.02532797 0.09036551 
558.00000000 0.27650727 0.23015860 0.06871613 0.14359932 0.16552035 0.02534008 0.09015826 
559.00000000 0.27690956 0.23020060 0.06877715 0.14350185 0.16530673 0.02535228 0.08995183 
560.00000000 0.27731072 0.23024224 0.06883798 0.14340455 0.16509373 0.02536458 0.08974621 
561.00000000 0.27771075 0.23028351 0.06889862 0.14330744 0.16488132 0.02537696 0.08954139 
562.00000000 0.27810965 0.23032442 0.06895907 0.14321052 0.16466953 0.02538943 0.08933738 
563.00000000 0.27850741 0.23036496 0.06901933 0.14311380 0.16445834 0.02540199 0.08913417 
564.00000000 0.27890403 0.23040515 0.06907942 0.14301726 0.16424777 0.02541464 0.08893174 
565.00000000 0.27929953 0.23044498 0.06913932 0.14292092 0.16403780 0.02542736 0.08873010 
566.00000000 0.27969389 0.23048446 0.06919904 0.14282478 0.16382844 0.02544016 0.08852923 
567.00000000 0.28008711 0.23052360 0.06925860 0.14272884 0.16361968 0.02545303 0.08832914 
568.00000000 0.28047920 0.23056238 0.06931798 0.14263310 0.16341154 0.02546598 0.08812982 
569.00000000 0.28087016 0.23060082 0.06937719 0.14253756 0.16320400 0.02547901 0.08793127 
570.00000000 0.28125998 0.23063893 0.06943623 0.14244222 0.16299707 0.02549210 0.08773347 
571.00000000 0.28164866 0.23067669 0.06949511 0.14234709 0.16279075 0.02550526 0.08753643 
572.00000000 0.28203622 0.23071413 0.06955382 0.14225217 0.16258503 0.02551849 0.08734015 
573.00000000 0.28242264 0.23075123 0.06961237 0.14215745 0.16237992 0.02553178 0.08714461 
574.00000000 0.28280793 0.23078801 0.06967077 0.14206294 0.16217542 0.02554514 0.08694981 
575.00000000 0.28319209 0.23082446 0.06972900 0.14196864 0.16197151 0.02555855 0.08675575 
576.00000000 0.28357511 0.23086059 0.06978708 0.14187454 0.16176821 0.02557203 0.08656243 
577.00000000 0.28395701 0.23089641 0.06984501 0.14178066 0.16156551 0.02558557 0.08636984 
578.00000000 0.28433778 0.23093192 0.06990278 0.14168698 0.16136341 0.02559916 0.08617798 
579.00000000 0.28471742 0.23096711 0.06996040 0.14159351 0.16116190 0.02561282 0.08598684 
580.00000000 0.28509593 0.23100200 0.07001787 0.14150026 0.16096100 0.02562652 0.08579642 
581.00000000 0.28547332 0.23103659 0.07007519 0.14140721 0.16076069 0.02564029 0.08560672 
582.00000000 0.28584958 0.23107088 0.07013237 0.14131437 0.16056097 0.02565410 0.08541773 
583.00000000 0.28622472 0.23110487 0.07018940 0.14122175 0.16036185 0.02566797 0.08522945 
584.00000000 0.28659873 0.23113857 0.07024628 0.14112933 0.16016332 0.02568188 0.08504187 
585.00000000 0.28697163 0.23117198 0.07030303 0.14103712 0.15996538 0.02569585 0.08485501 
586.00000000 0.28734341 0.23120511 0.07035963 0.14094513 0.15976803 0.02570987 0.08466884 
587.00000000 0.28771406 0.23123796 0.07041609 0.14085334 0.15957126 0.02572393 0.08448336 
588.00000000 0.28808361 0.23127052 0.07047241 0.14076176 0.15937508 0.02573804 0.08429858 
589.00000000 0.28845203 0.23130281 0.07052859 0.14067039 0.15917949 0.02575220 0.08411449 
590.00000000 0.28881934 0.23133483 0.07058463 0.14057923 0.15898447 0.02576640 0.08393109 
591.00000000 0.28918554 0.23136658 0.07064054 0.14048827 0.15879004 0.02578065 0.08374837 
592.00000000 0.28955063 0.23139807 0.07069631 0.14039753 0.15859619 0.02579494 0.08356633 
593.00000000 0.28991462 0.23142929 0.07075194 0.14030699 0.15840291 0.02580928 0.08338497 
594.00000000 0.29027749 0.23146026 0.07080744 0.14021666 0.15821021 0.02582366 0.08320428 
595.00000000 0.29063926 0.23149097 0.07086281 0.14012654 0.15801808 0.02583808 0.08302427 
596.00000000 0.29099993 0.23152142 0.07091805 0.14003662 0.15782653 0.02585254 0.08284492 
597.00000000 0.29135949 0.23155163 0.07097315 0.13994690 0.15763555 0.02586704 0.08266624 
598.00000000 0.29171796 0.23158159 0.07102813 0.13985740 0.15744513 0.02588158 0.08248822 
599.00000000 0.29207532 0.23161130 0.07108297 0.13976809 0.15725529 0.02589616 0.08231086 
600.00000000 0.29243159 0.23164078 0.07113769 0.13967899 0.15706601 0.02591077 0.08213416 
601.00000000 0.29278677 0.23167002 0.07119228 0.13959010 0.15687729 0.02592543 0.08195811 
602.00000000 0.29314085 0.23169902 0.07124674 0.13950141 0.15668914 0.02594012 0.08178272 
603.00000000 0.29349385 0.23172779 0.07130108 0.13941291 0.15650155 0.02595485 0.08160797 
604.00000000 0.29384576 0.23175633 0.07135529 0.13932463 0.15631452 0.02596962 0.08143387 
605.00000000 0.29419658 0.23178465 0.07140937 0.13923654 0.15612804 0.02598442 0.08126041 
606.00000000 0.29454631 0.23181274 0.07146333 0.13914865 0.15594212 0.02599926 0.08108758 
607.00000000 0.29489497 0.23184061 0.07151717 0.13906097 0.15575676 0.02601413 0.08091540 
608.00000000 0.29524254 0.23186826 0.07157088 0.13897348 0.15557195 0.02602903 0.08074385 
609.00000000 0.29558904 0.23189570 0.07162447 0.13888619 0.15538769 0.02604397 0.08057293 
610.00000000 0.29593446 0.23192292 0.07167794 0.13879910 0.15520399 0.02605894 0.08040265 
611.00000000 0.29627881 0.23194993 0.07173129 0.13871221 0.15502083 0.02607394 0.08023298 
612.00000000 0.29662209 0.23197673 0.07178452 0.13862552 0.15483822 0.02608898 0.08006394 
613.00000000 0.29696430 0.23200333 0.07183764 0.13853902 0.15465615 0.02610404 0.07989552 
614.00000000 0.29730544 0.23202973 0.07189063 0.13845272 0.15447463 0.02611914 0.07972772 
615.00000000 0.29764552 0.23205592 0.07194350 0.13836661 0.15429364 0.02613427 0.07956054 
616.00000000 0.29798454 0.23208191 0.07199626 0.13828070 0.15411320 0.02614942 0.07939396 
617.00000000 0.29832249 0.23210771 0.07204890 0.13819498 0.15393330 0.02616461 0.07922800 
618.00000000 0.29865939 0.23213331 0.07210143 0.13810946 0.15375394 0.02617982 0.07906265 
619.00000000 0.29899523 0.23215872 0.07215384 0.13802414 0.15357511 0.02619507 0.07889789 
620.00000000 0.29933002 0.23218394 0.07220613 0.13793900 0.15339682 0.02621034 0.07873375 
621.00000000 0.29966376 0.23220897 0.07225832 0.13785406 0.15321906 0.02622564 0.07857020 
622.00000000 0.29999646 0.23223381 0.07231039 0.13776931 0.15304184 0.02624096 0.07840724 
623.00000000 0.30032810 0.23225847 0.07236234 0.13768475 0.15286514 0.02625631 0.07824489 
624.00000000 0.30065870 0.23228295 0.07241419 0.13760038 0.15268897 0.02627169 0.07808312 
625.00000000 0.30098826 0.23230725 0.07246592 0.13751620 0.15251333 0.02628710 0.07792195 
626.00000000 0.30131679 0.23233136 0.07251754 0.13743221 0.15233821 0.02630252 0.07776136 
627.00000000 0.30164427 0.23235531 0.07256905 0.13734842 0.15216362 0.02631798 0.07760135 
628.00000000 0.30197072 0.23237908 0.07262046 0.13726481 0.15198956 0.02633345 0.07744193 
629.00000000 0.30229614 0.23240267 0.07267175 0.13718139 0.15181601 0.02634896 0.07728308 
630.00000000 0.30262053 0.23242609 0.07272294 0.13709815 0.15164298 0.02636448 0.07712482 
631.00000000 0.30294390 0.23244935 0.07277402 0.13701511 0.15147048 0.02638003 0.07696712 
632.00000000 0.30326624 0.23247244 0.07282499 0.13693225 0.15129849 0.02639560 0.07681000 
633.00000000 0.30358755 0.23249536 0.07287586 0.13684958 0.15112701 0.02641119 0.07665345 
634.00000000 0.30390785 0.23251811 0.07292662 0.13676710 0.15095605 0.02642680 0.07649747 
635.00000000 0.30422713 0.23254071 0.07297727 0.13668480 0.15078560 0.02644244 0.07634205 
636.00000000 0.30454540 0.23256314 0.07302783 0.13660269 0.15061567 0.02645809 0.07618719 
637.00000000 0.30486265 0.23258541 0.07307827 0.13652076 0.15044624 0.02647377 0.07603289 
638.00000000 0.30517890 0.23260753 0.07312862 0.13643902 0.15027733 0.02648946 0.07587915 
639.00000000 0.30549414 0.23262949 0.07317886 0.13635746 0.15010892 0.02650517 0.07572597 
640.00000000 0.30580837 0.23265129 0.07322900 0.13627608 0.14994101 0.02652091 0.07557333 
641.00000000 0.30612160 0.23267294 0.07327904 0.13619489 0.14977361 0.02653666 0.07542125 
642.00000000 0.30643383 0.23269444 0.07332898 0.13611388 0.14960672 0.02655243 0.07526972 
643.00000000 0.30674507 0.23271579 0.07337882 0.13603305 0.14944033 0.02656822 0.07511873 
644.00000000 0.30705531 0.23273698 0.07342855 0.13595241 0.14927443 0.02658402 0.07496829 
645.00000000 0.30736456 0.23275803 0.07347819 0.13587195 0.14910904 0.02659985 0.07481838 
646.00000000 0.30767282 0.23277893 0.07352774 0.13579167 0.14894414 0.02661569 0.07466902 
647.00000000 0.30798009 0.23279969 0.07357718 0.13571157 0.14877974 0.02663154 0.07452019 
648.00000000 0.30828638 0.23282030 0.07362653 0.13563165 0.14861584 0.02664741 0.07437190 
649.00000000 0.30859168 0.23284077 0.07367578 0.13555191 0.14845242 0.02666330 0.07422413 
650.00000000 0.30889601 0.23286110 0.07372493 0.13547235 0.14828951 0.02667920 0.07407690 
651.00000000 0.30919936 0.23288129 0.07377399 0.13539298 0.14812708 0.02669511 0.07393020 
652.00000000 0.30950173 0.23290134 0.07382295 0.13531378 0.14796514 0.02671105 0.07378402 
653.00000000 0.30980314 0.23292125 0.07387182 0.13523476 0.14780369 0.02672699 0.07363836 
654.00000000 0.31010357 0.23294102 0.07392059 0.13515591 0.14764273 0.02674295 0.07349323 
655.00000000 0.31040304 0.23296066 0.07396927 0.13507725 0.14748225 0.02675892 0.07334861 
656.00000000 0.31070154 0.23298016 0.07401786 0.13499877 0.14732226 0.02677490 0.07320451 
657.00000000 0.31099908 0.23299953 0.07406636 0.13492046 0.14716275 0.02679090 0.07306093 
658.00000000 0.31129567 0.23301876 0.07411477 0.13484233 0.14700372 0.02680691 0.07291785 
659.00000000 0.31159129 0.23303787 0.07416308 0.13476437 0.14684517 0.02682293 0.07277529 
660.00000000 0.31188597 0.23305684 0.07421130 0.13468660 0.14668710 0.02683896 0.07263324 
661.00000000 0.31217969 0.23307568 0.07425944 0.13460900 0.14652951 0.02685500 0.07249169 
662.00000000 0.31247246 0.23309440 0.07430748 0.13453157 0.14637239 0.02687105 0.07235064 
663.00000000 0.31276428 0.23311299 0.07435543 0.13445432 0.14621575 0.02688712 0.07221010 
664.00000000 0.31305517 0.23313145 0.07440330 0.13437725 0.14605959 0.02690319 0.07207006 
665.00000000 0.31334511 0.23314979 0.07445108 0.13430035 0.14590389 0.02691927 0.07193051 
666.00000000 0.31363411 0.23316800 0.07449877 0.13422363 0.14574867 0.02693537 0.07179146 
667.00000000 0.31392217 0.23318609 0.07454637 0.13414708 0.14559392 0.02695147 0.07165290 
668.00000000 0.31420931 0.23320405 0.07459389 0.13407070 0.14543964 0.02696758 0.07151484 
669.00000000 0.31449551 0.23322190 0.07464132 0.13399450 0.14528582 0.02698370 0.07137726 
670.00000000 0.31478078 0.23323962 0.07468867 0.13391847 0.14513247 0.02699983 0.07124017 
671.00000000 0.31506513 0.23325722 0.07473593 0.13384261 0.14497958 0.02701596 0.07110357 
672.00000000 0.31534855 0.23327471 0.07478310 0.13376693 0.14482716 0.02703210 0.07096745 
673.00000000 0.31563105 0.23329207 0.07483019 0.13369142 0.14467520 0.02704825 0.07083181 
674.00000000 0.31591264 0.23330932 0.07487720 0.13361608 0.14452370 0.02706441 0.07069665 
675.00000000 0.31619331 0.23332645 0.07492413 0.13354092 0.14437266 0.02708057 0.07056197 
676.00000000 0.31647306 0.23334347 0.07497097 0.13346592 0.14422208 0.02709674 0.07042776 
677.00000000 0.31675191 0.23336037 0.07501773 0.13339110 0.14407195 0.02711292 0.07029403 
678.00000000 0.31702984 0.23337716 0.07506441 0.13331644 0.14392228 0.02712910 0.07016077 
679.00000000 0.31730687 0.23339383 0.07511101 0.13324196 0.14377307 0.02714528 0.07002798 
680.00000000 0.31758300 0.23341039 0.07515753 0.13316765 0.14362430 0.02716147 0.06989565 
681.00000000 0.31785823 0.23342684 0.07520396 0.13309351 0.14347599 0.02717767 0.06976380 
682.00000000 0.31813256 0.23344318 0.07525032 0.13301954 0.14332813 0.02719387 0.06963240 
683.00000000 0.31840599 0.23345941 0.07529660 0.13294574 0.14318072 0.02721008 0.06950147 
684.00000000 0.31867853 0.23347552 0.07534280 0.13287210 0.14303376 0.02722628 0.06937100 
685.00000000 0.31895018 0.23349153 0.07538892 0.13279864 0.14288725 0.02724250 0.06924099 
686.00000000 0.31922094 0.23350743 0.07543496 0.13272534 0.14274118 0.02725871 0.06911143 
687.00000000 0.31949082 0.23352323 0.07548092 0.13265222 0.14259555 0.02727493 0.06898233 
688.00000000 0.31975981 0.23353892 0.07552681 0.13257926 0.14245037 0.02729115 0.06885368 
689.00000000 0.32002793 0.23355450 0.07557262 0.13250646 0.14230563 0.02730738 0.06872548 
690.00000000 0.32029516 0.23356997 0.07561836 0.13243384 0.14216133 0.02732361 0.06859773 
691.00000000 0.32056152 0.23358535 0.07566402 0.13236138 0.14201747 0.02733984 0.06847043 
692.00000000 0.32082701 0.23360061 0.07570960 0.13228909 0.14187404 0.02735607 0.06834358 
693.00000000 0.32109162 0.23361578 0.07575511 0.13221697 0.14173106 0.02737230 0.06821716 
694.00000000 0.32135537 0.23363084 0.07580054 0.13214501 0.14158850 0.02738854 0.06809119 
695.00000000 0.32161826 0.23364580 0.07584590 0.13207322 0.14144639 0.02740477 0.06796567 
696.00000000 0.32188028 0.23366066 0.07589118 0.13200159 0.14130470 0.02742101 0.06784057 
697.00000000 0.32214144 0.23367542 0.07593639 0.13193013 0.14116345 0.02743725 0.06771592 
698.00000000 0.32240174 0.23369008 0.07598153 0.13185884 0.14102263 0.02745349 0.06759170 
699.00000000 0.32266118 0.23370463 0.07602660 0.13178770 0.14088224 0.02746973 0.06746792 
700.00000000 0.32291978 0.23371909 0.07607159 0.13171674 0.14074227 0.02748596 0.06734456 
701.00000000 0.32317752 0.23373346 0.07611651 0.13164594 0.14060274 0.02750220 0.06722164 
702.00000000 0.32343441 0.23374772 0.07616136 0.13157530 0.14046363 0.02751844 0.06709914 
703.00000000 0.32369046 0.23376189 0.07620614 0.13150482 0.14032494 0.02753468 0.06697707 
704.00000000 0.32394567 0.23377596 0.07625085 0.13143451 0.14018667 0.02755092 0.06685543 
705.00000000 0.32420003 0.23378993 0.07629549 0.13136436 0.14004883 0.02756715 0.06673420 
706.00000000 0.32445356 0.23380381 0.07634005 0.13129438 0.13991141 0.02758339 0.06661340 
707.00000000 0.32470625 0.23381760 0.07638455 0.13122455 0.13977441 0.02759962 0.06649302 
708.00000000 0.32495810 0.23383129 0.07642898 0.13115489 0.13963782 0.02761585 0.06637306 
709.00000000 0.32520913 0.23384489 0.07647334 0.13108539 0.13950166 0.02763208 0.06625351 
710.00000000 0.32545933 0.23385839 0.07651763 0.13101605 0.13936591 0.02764831 0.06613438 
711.00000000 0.32570870 0.23387181 0.07656185 0.13094687 0.13923057 0.02766453 0.06601566 
712.00000000 0.32595725 0.23388513 0.07660601 0.13087786 0.13909565 0.02768076 0.06589736 
713.00000000 0.32620497 0.23389836 0.07665009 0.13080900 0.13896114 0.02769698 0.06577946 
714.00000000 0.32645188 0.23391149 0.07669411 0.13074031 0.13882704 0.02771319 0.06566197 
715.00000000 0.32669797 0.23392454 0.07673807 0.13067177 0.13869335 0.02772941 0.06554489 
716.00000000 0.32694325 0.23393750 0.07678195 0.13060340 0.13856007 0.02774562 0.06542822 
717.00000000 0.32718771 0.23395037 0.07682578 0.13053518 0.13842719 0.02776183 0.06531194 
718.00000000 0.32743137 0.23396315 0.07686953 0.13046712 0.13829472 0.02777803 0.06519607 
719.00000000 0.32767421 0.23397584 0.07691322 0.13039923 0.13816266 0.02779423 0.06508060 
720.00000000 0.32791626 0.23398845 0.07695684 0.13033149 0.13803100 0.02781043 0.06496553 
721.00000000 0.32815750 0.23400096 0.07700040 0.13026391 0.13789975 0.02782662 0.06485085 
722.00000000 0.32839794 0.23401339 0.07704390 0.13019648 0.13776889 0.02784281 0.06473658 
723.00000000 0.32863759 0.23402574 0.07708733 0.13012922 0.13763844 0.02785900 0.06462269 
724.00000000 0.32887644 0.23403800 0.07713070 0.13006211 0.13750838 0.02787518 0.06450920 
725.00000000 0.32911450 0.23405017 0.07717400 0.12999516 0.13737872 0.02789135 0.06439610 
726.00000000 0.32935176 0.23406226 0.07721724 0.12992837 0.13724946 0.02790752 0.06428339 
727.00000000 0.32958824 0.23407426 0.07726042 0.12986173 0.13712060 0.02792369 0.06417107 
728.00000000 0.32982393 0.23408618 0.07730353 0.12979525 0.13699213 0.02793985 0.06405913 
729.00000000 0.33005884 0.23409802 0.07734659 0.12972892 0.13686405 0.02795600 0.06394758 
730.00000000 0.33029297 0.23410977 0.07738958 0.12966275 0.13673636 0.02797215 0.06383641 
731.00000000 0.33052632 0.23412144 0.07743251 0.12959674 0.13660907 0.02798829 0.06372563 
732.00000000 0.33075890 0.23413303 0.07747537 0.12953088 0.13648216 0.02800443 0.06361522 
733.00000000 0.33099070 0.23414454 0.07751818 0.12946518 0.13635565 0.02802056 0.06350520 
734.00000000 0.33122173 0.23415596 0.07756093 0.12939963 0.13622952 0.02803668 0.06339555 
735.00000000 0.33145199 0.23416731 0.07760361 0.12933423 0.13610378 0.02805280 0.06328628 
736.00000000 0.33168148 0.23417858 0.07764624 0.12926899 0.13597842 0.02806892 0.06317738 
737.00000000 0.33191021 0.23418976 0.07768880 0.12920390 0.13585344 0.02808502 0.06306886 
738.00000000 0.33213817 0.23420087 0.07773131 0.12913897 0.13572885 0.02810112 0.06296071 
739.00000000 0.33236538 0.23421189 0.07777375 0.12907419 0.13560464 0.02811721 0.06285293 
740.00000000 0.33259183 0.23422284 0.07781614 0.12900956 0.13548082 0.02813330 0.06274552 
741.00000000 0.33281752 0.23423371 0.07785847 0.12894508 0.13535737 0.02814937 0.06263848 
742.00000000 0.33304246 0.23424450 0.07790074 0.12888076 0.13523429 0.02816545 0.06253180 
743.00000000 0.33326665 0.23425522 0.07794295 0.12881658 0.13511160 0.02818151 0.06242549 
744.00000000 0.33349009 0.23426585 0.07798511 0.12875256 0.13498928 0.02819756 0.06231954 
745.00000000 0.33371278 0.23427642 0.07802720 0.12868869 0.13486734 0.02821361 0.06221396 
746.00000000 0.33393473 0.23428690 0.07806924 0.12862497 0.13474577 0.02822965 0.06210873 
747.00000000 0.33415593 0.23429731 0.07811123 0.12856141 0.13462457 0.02824568 0.06200387 
748.00000000 0.33437640 0.23430764 0.07815315 0.12849799 0.13450375 0.02826171 0.06189936 
749.00000000 0.33459613 0.23431790 0.07819502 0.12843472 0.13438329 0.02827772 0.06179521 
750.00000000 0.33481513 0.23432809 0.07823683 0.12837160 0.13426321 0.02829373 0.06169141 
751.00000000 0.33503339 0.23433820 0.07827859 0.12830864 0.13414349 0.02830973 0.06158797 
752.00000000 0.33525092 0.23434823 0.07832029 0.12824582 0.13402414 0.02832572 0.06148488 
753.00000000 0.33546772 0.23435819 0.07836194 0.12818315 0.13390515 0.02834170 0.06138215 
754.00000000 0.33568380 0.23436808 0.07840353 0.12812062 0.13378653 0.02835768 0.06127976 
755.00000000 0.33589915 0.23437790 0.07844506 0.12805825 0.13366828 0.02837364 0.06117772 
756.00000000 0.33611378 0.23438764 0.07848654 0.12799603 0.13355038 0.02838960 0.06107603 
757.00000000 0.33632769 0.23439732 0.07852797 0.12793395 0.13343285 0.02840554 0.06097469 
758.00000000 0.33654088 0.23440692 0.07856934 0.12787202 0.13331568 0.02842148 0.06087369 
759.00000000 0.33675336 0.23441645 0.07861065 0.12781024 0.13319887 0.02843741 0.06077303 
760.00000000 0.33696512 0.23442590 0.07865192 0.12774860 0.13308241 0.02845333 0.06067272 
761.00000000 0.33717618 0.23443529 0.07869313 0.12768711 0.13296631 0.02846923 0.06057275 
762.00000000 0.33738652 0.23444461 0.07873428 0.12762577 0.13285057 0.02848513 0.06047311 
763.00000000 0.33759616 0.23445386 0.07877539 0.12756457 0.13273519 0.02850102 0.06037382 
764.00000000 0.33780509 0.23446303 0.07881644 0.12750352 0.13262015 0.02851690 0.06027486 
765.00000000 0.33801332 0.23447214 0.07885744 0.12744261 0.13250548 0.02853277 0.06017624 
766.00000000 0.33822085 0.23448118 0.07889838 0.12738185 0.13239115 0.02854863 0.06007795 
767.00000000 0.33842769 0.23449015 0.07893928 0.12732124 0.13227717 0.02856448 0.05998000 
768.00000000 0.33863382 0.23449906 0.07898012 0.12726076 0.13216354 0.02858032 0.05988238 
769.00000000 0.33883927 0.23450789 0.07902091 0.12720044 0.13205026 0.02859615 0.05978508 
770.00000000 0.33904402 0.23451666 0.07906165 0.12714025 0.13193733 0.02861197 0.05968812 
771.00000000 0.33924808 0.23452536 0.07910233 0.12708021 0.13182475 0.02862778 0.05959149 
772.00000000 0.33945146 0.23453399 0.07914297 0.12702032 0.13171251 0.02864357 0.05949519 
773.00000000 0.33965414 0.23454256 0.07918356 0.12696056 0.13160061 0.02865936 0.05939921 
774.00000000 0.33985615 0.23455106 0.07922409 0.12690095 0.13148906 0.02867514 0.05930355 
775.00000000 0.34005748 0.23455950 0.07926458 0.12684148 0.13137785 0.02869090 0.05920822 
776.00000000 0.34025812 0.23456787 0.07930501 0.12678216 0.13126698 0.02870666 0.05911321 
777.00000000 0.34045809 0.23457617 0.07934539 0.12672297 0.13115645 0.02872240 0.05901852 
778.00000000 0.34065739 0.23458441 0.07938573 0.12666393 0.13104626 0.02873813 0.05892416 
779.00000000 0.34085601 0.23459258 0.07942601 0.12660503 0.13093640 0.02875385 0.05883011 
780.00000000 0.34105396 0.23460069 0.07946625 0.12654627 0.13082689 0.02876956 0.05873638 
781.00000000 0.34125124 0.23460874 0.07950644 0.12648765 0.13071771 0.02878526 0.05864296 
782.00000000 0.34144786 0.23461672 0.07954658 0.12642917 0.13060886 0.02880095 0.05854986 
783.00000000 0.34164381 0.23462464 0.07958666 0.12637083 0.13050035 0.02881662 0.05845708 
784.00000000 0.34183910 0.23463249 0.07962671 0.12631263 0.13039217 0.02883229 0.05836460 
785.00000000 0.34203373 0.23464028 0.07966670 0.12625458 0.13028433 0.02884794 0.05827244 
786.00000000 0.34222770 0.23464801 0.07970664 0.12619665 0.13017681 0.02886358 0.05818059 
787.00000000 0.34242102 0.23465568 0.07974654 0.12613887 0.13006963 0.02887921 0.05808905 
788.00000000 0.34261368 0.23466329 0.07978639 0.12608123 0.12996277 0.02889483 0.05799782 
789.00000000 0.34280569 0.23467083 0.07982619 0.12602373 0.12985624 0.02891043 0.05790690 
790.00000000 0.34299705 0.23467831 0.07986594 0.12596636 0.12975004 0.02892602 0.05781628 
791.00000000 0.34318776 0.23468573 0.07990565 0.12590913 0.12964416 0.02894160 0.05772596 
792.00000000 0.34337782 0.23469309 0.07994531 0.12585204 0.12953861 0.02895717 0.05763595 
793.00000000 0.34356724 0.23470039 0.07998492 0.12579509 0.12943338 0.02897273 0.05754625 
794.00000000 0.34375602 0.23470763 0.08002449 0.12573827 0.12932847 0.02898827 0.05745684 
795.00000000 0.34394416 0.23471481 0.08006401 0.12568159 0.12922389 0.02900381 0.05736774 
796.00000000 0.34413166 0.23472193 0.08010348 0.12562505 0.12911962 0.02901933 0.05727893 
797.00000000 0.34431852 0.23472899 0.08014291 0.12556864 0.12901568 0.02903483 0.05719042 
798.00000000 0.34450475 0.23473599 0.08018229 0.12551237 0.12891205 0.02905033 0.05710221 
799.00000000 0.34469035 0.23474294 0.08022163 0.12545623 0.12880874 0.02906581 0.05701430 
800.00000000 0.34487531 0.23474982 0.08026092 0.12540023 0.12870575 0.02908128 0.05692668 
801.00000000 0.34505965 0.23475664 0.08030017 0.12534437 0.12860308 0.02909674 0.05683936 
802.00000000 0.34524336 0.23476341 0.08033937 0.12528864 0.12850072 0.02911218 0.05675232 
803.00000000 0.34542645 0.23477012 0.08037852 0.12523304 0.12839867 0.02912761 0.05666558 
804.00000000 0.34560892 0.23477677 0.08041763 0.12517758 0.12829694 0.02914303 0.05657914 
805.00000000 0.34579076 0.23478336 0.08045670 0.12512225 0.12819551 0.02915844 0.05649298 
806.00000000 0.34597199 0.23478990 0.08049572 0.12506705 0.12809440 0.02917383 0.05640711 
807.00000000 0.34615260 0.23479638 0.08053470 0.12501199 0.12799360 0.02918921 0.05632152 
808.00000000 0.34633259 0.23480280 0.08057363 0.12495706 0.12789311 0.02920458 0.05623623 
809.00000000 0.34651197 0.23480917 0.08061252 0.12490227 0.12779292 0.02921993 0.05615122 
810.00000000 0.34669074 0.23481548 0.08065137 0.12484760 0.12769304 0.02923527 0.05606649 
811.00000000 0.34686891 0.23482173 0.08069017 0.12479307 0.12759347 0.02925060 0.05598205 
812.00000000 0.34704646 0.23482793 0.08072893 0.12473867 0.12749421 0.02926591 0.05589789 
813.00000000 0.34722341 0.23483408 0.08076764 0.12468440 0.12739524 0.02928121 0.05581401 
814.00000000 0.34739976 0.23484017 0.08080632 0.12463026 0.12729658 0.02929650 0.05573041 
815.00000000 0.34757550 0.23484620 0.08084495 0.12457626 0.12719823 0.02931178 0.05564709 
816.00000000 0.34775065 0.23485218 0.08088353 0.12452238 0.12710017 0.02932704 0.05556405 
817.00000000 0.34792520 0.23485810 0.08092208 0.12446863 0.12700241 0.02934228 0.05548129 
818.00000000 0.34809915 0.23486397 0.08096058 0.12441502 0.12690496 0.02935752 0.05539880 
819.00000000 0.34827251 0.23486979 0.08099904 0.12436153 0.12680780 0.02937274 0.05531659 
820.00000000 0.34844527 0.23487555 0.08103746 0.12430818 0.12671094 0.02938795 0.05523465 
821.00000000 0.34861745 0.23488126 0.08107583 0.12425495 0.12661438 0.02940314 0.05515299 
822.00000000 0.34878904 0.23488692 0.08111416 0.12420185 0.12651811 0.02941832 0.05507160 
823.00000000 0.34896004 0.23489252 0.08115246 0.12414888 0.12642214 0.02943348 0.05499048 
824.00000000 0.34913046 0.23489807 0.08119071 0.12409604 0.12632646 0.02944864 0.05490963 
825.00000000 0.34930029 0.23490357 0.08122891 0.12404333 0.12623107 0.02946377 0.05482905 
826.00000000 0.34946954 0.23490902 0.08126708 0.12399074 0.12613598 0.02947890 0.05474874 
827.00000000 0.34963822 0.23491441 0.08130521 0.12393829 0.12604117 0.02949401 0.05466870 
828.00000000 0.34980631 0.23491975 0.08134329 0.12388596 0.12594666 0.02950910 0.05458892 
829.00000000 0.34997384 0.23492504 0.08138134 0.12383375 0.12585244 0.02952419 0.05450941 
830.00000000 0.35014078 0.23493028 0.08141934 0.12378168 0.12575850 0.02953926 0.05443016 
831.00000000 0.35030716 0.23493547 0.08145730 0.12372973 0.12566485 0.02955431 0.05435118 
832.00000000 0.35047296 0.23494061 0.08149523 0.12367790 0.12557149 0.02956935 0.05427246 
833.00000000 0.35063820 0.23494569 0.08153311 0.12362620 0.12547841 0.02958438 0.05419400 
834.00000000 0.35080287 0.23495073 0.08157095 0.12357463 0.12538562 0.02959939 0.05411580 
835.00000000 0.35096698 0.23495571 0.08160876 0.12352318 0.12529312 0.02961439 0.05403787 
836.00000000 0.35113052 0.23496065 0.08164652 0.12347186 0.12520089 0.02962937 0.05396019 
837.00000000 0.35129350 0.23496553 0.08168424 0.12342067 0.12510895 0.02964434 0.05388277 
838.00000000 0.35145592 0.23497037 0.08172192 0.12336959 0.12501729 0.02965930 0.05380561 
839.00000000 0.35161779 0.23497515 0.08175957 0.12331864 0.12492591 0.02967424 0.05372870 
840.00000000 0.35177910 0.23497989 0.08179717 0.12326782 0.12483481 0.02968917 0.05365205 
841.00000000 0.35193985 0.23498458 0.08183474 0.12321712 0.12474398 0.02970408 0.05357565 
842.00000000 0.35210005 0.23498922 0.08187226 0.12316654 0.12465344 0.02971898 0.05349951 
843.00000000 0.35225970 0.23499381 0.08190975 0.12311609 0.12456317 0.02973386 0.05342362 
844.00000000 0.35241881 0.23499835 0.08194720 0.12306575 0.12447318 0.02974873 0.05334798 
845.00000000 0.35257736 0.23500284 0.08198461 0.12301554 0.12438346 0.02976359 0.05327259 
846.00000000 0.35273537 0.23500729 0.08202198 0.12296546 0.12429402 0.02977843 0.05319745 
847.00000000 0.35289284 0.23501168 0.08205932 0.12291549 0.12420485 0.02979326 0.05312257 
848.00000000 0.35304976 0.23501603 0.08209661 0.12286565 0.12411595 0.02980807 0.05304793 
849.00000000 0.35320614 0.23502034 0.08213387 0.12281593 0.12402732 0.02982287 0.05297353 
850.00000000 0.35336199 0.23502459 0.08217109 0.12276633 0.12393897 0.02983765 0.05289939 
851.00000000 0.35351730 0.23502880 0.08220827 0.12271685 0.12385088 0.02985242 0.05282548 
852.00000000 0.35367207 0.23503296 0.08224541 0.12266749 0.12376307 0.02986718 0.05275183 
853.00000000 0.35382631 0.23503708 0.08228251 0.12261825 0.12367552 0.02988192 0.05267842 
854.00000000 0.35398002 0.23504115 0.08231958 0.12256913 0.12358824 0.02989664 0.05260525 
855.00000000 0.35413319 0.23504517 0.08235661 0.12252013 0.12350122 0.02991135 0.05253232 
856.00000000 0.35428584 0.23504914 0.08239361 0.12247125 0.12341448 0.02992605 0.05245963 
857.00000000 0.35443796 0.23505307 0.08243056 0.12242249 0.12332799 0.02994073 0.05238719 
858.00000000 0.35458956 0.23505696 0.08246748 0.12237385 0.12324177 0.02995540 0.05231498 
859.00000000 0.35474063 0.23506080 0.08250436 0.12232533 0.12315582 0.02997005 0.05224301 
860.00000000 0.35489118 0.23506459 0.08254121 0.12227692 0.12307012 0.02998469 0.05217128 
861.00000000 0.35504122 0.23506834 0.08257802 0.12222864 0.12298469 0.02999931 0.05209979 
862.00000000 0.35519073 0.23507204 0.08261479 0.12218047 0.12289952 0.03001392 0.05202853 
863.00000000 0.35533972 0.23507570 0.08265152 0.12213242 0.12281461 0.03002851 0.05195751 
864.00000000 0.35548820 0.23507932 0.08268822 0.12208449 0.12272995 0.03004309 0.05188672 
865.00000000 0.35563617 0.23508289 0.08272488 0.12203667 0.12264556 0.03005766 0.05181617 
866.00000000 0.35578363 0.23508641 0.08276151 0.12198897 0.12256142 0.03007220 0.05174585 
867.00000000 0.35593057 0.23508990 0.08279810 0.12194139 0.12247754 0.03008674 0.05167576 
868.00000000 0.35607701 0.23509333 0.08283466 0.12189392 0.12239391 0.03010126 0.05160591 
869.00000000 0.35622294 0.23509673 0.08287117 0.12184657 0.12231054 0.03011576 0.05153628 
870.00000000 0.35636836 0.23510008 0.08290766 0.12179934 0.12222743 0.03013025 0.05146688 
871.00000000 0.35651328 0.23510339 0.08294411 0.12175222 0.12214457 0.03014473 0.05139771 
872.00000000 0.35665770 0.23510665 0.08298052 0.12170522 0.12206196 0.03015919 0.05132877 
873.00000000 0.35680161 0.23510987 0.08301689 0.12165833 0.12197960 0.03017364 0.05126006 
874.00000000 0.35694503 0.23511305 0.08305323 0.12161155 0.12189749 0.03018807 0.05119157 
875.00000000 0.35708795 0.23511619 0.08308954 0.12156489 0.12181563 0.03020248 0.05112331 
876.00000000 0.35723037 0.23511928 0.08312581 0.12151835 0.12173402 0.03021688 0.05105527 
877.00000000 0.35737230 0.23512234 0.08316205 0.12147192 0.12165267 0.03023127 0.05098746 
878.00000000 0.35751374 0.23512534 0.08319825 0.12142560 0.12157155 0.03024564 0.05091987 
879.00000000 0.35765468 0.23512831 0.08323441 0.12137940 0.12149069 0.03026000 0.05085251 
880.00000000 0.35779514 0.23513124 0.08327055 0.12133330 0.12141007 0.03027434 0.05078536 
881.00000000 0.35793511 0.23513412 0.08330664 0.12128733 0.12132970 0.03028867 0.05071844 
882.00000000 0.35807459 0.23513697 0.08334271 0.12124146 0.12124957 0.03030298 0.05065173 
883.00000000 0.35821358 0.23513977 0.08337873 0.12119571 0.12116969 0.03031728 0.05058525 
884.00000000 0.35835210 0.23514253 0.08341473 0.12115006 0.12109004 0.03033156 0.05051898 
885.00000000 0.35849013 0.23514525 0.08345069 0.12110453 0.12101065 0.03034582 0.05045293 
886.00000000 0.35862768 0.23514793 0.08348661 0.12105912 0.12093149 0.03036008 0.05038710 
887.00000000 0.35876475 0.23515057 0.08352251 0.12101381 0.12085257 0.03037431 0.05032148 
888.00000000 0.35890134 0.23515317 0.08355836 0.12096861 0.12077390 0.03038854 0.05025608 
889.00000000 0.35903746 0.23515572 0.08359419 0.12092353 0.12069546 0.03040274 0.05019090 
890.00000000 0.35917310 0.23515824 0.08362998 0.12087855 0.12061726 0.03041694 0.05012593 
891.00000000 0.35930827 0.23516072 0.08366573 0.12083369 0.12053930 0.03043111 0.05006117 
892.00000000 0.35944297 0.23516316 0.08370146 0.12078894 0.12046158 0.03044528 0.04999662 
893.00000000 0.35957720 0.23516556 0.08373715 0.12074429 0.12038409 0.03045942 0.04993229 
894.00000000 0.35971096 0.23516792 0.08377280 0.12069976 0.12030684 0.03047356 0.04986817 
895.00000000 0.35984426 0.23517024 0.08380843 0.12065533 0.12022982 0.03048767 0.04980426 
896.00000000 0.35997709 0.23517252 0.08384402 0.12061101 0.12015304 0.03050178 0.04974055 
897.00000000 0.36010945 0.23517476 0.08387957 0.12056680 0.12007649 0.03051587 0.04967706 
898.00000000 0.36024136 0.23517696 0.08391510 0.12052270 0.12000017 0.03052994 0.04961377 
899.00000000 0.36037280 0.23517913 0.08395059 0.12047871 0.11992408 0.03054400 0.04955069 
900.00000000 0.36050378 0.23518125 0.08398605 0.12043483 0.11984823 0.03055804 0.04948782 
901.00000000 0.36063431 0.23518334 0.08402147 0.12039105 0.11977260 0.03057207 0.04942516 
902.00000000 0.36076438 0.23518539 0.08405687 0.12034738 0.11969721 0.03058608 0.04936270 
903.00000000 0.36089399 0.23518740 0.08409223 0.12030382 0.11962204 0.03060008 0.04930044 
904.00000000 0.36102315 0.23518937 0.08412755 0.12026037 0.11954711 0.03061406 0.04923839 
905.00000000 0.36115186 0.23519131 0.08416285 0.12021702 0.11947240 0.03062803 0.04917654 
906.00000000 0.36128011 0.23519321 0.08419811 0.12017378 0.11939791 0.03064198 0.04911489 
907.00000000 0.36140792 0.23519507 0.08423334 0.12013064 0.11932365 0.03065592 0.04905345 
908.00000000 0.36153528 0.23519689 0.08426854 0.12008761 0.11924962 0.03066985 0.04899220 
909.00000000 0.36166219 0.23519868 0.08430371 0.12004469 0.11917581 0.03068375 0.04893116 
910.00000000 0.36178866 0.23520043 0.08433885 0.12000187 0.11910223 0.03069765 0.04887031 
911.00000000 0.36191469 0.23520214 0.08437395 0.11995916 0.11902887 0.03071153 0.04880967 
912.00000000 0.36204027 0.23520382 0.08440902 0.11991655 0.11895573 0.03072539 0.04874922 
913.00000000 0.36216541 0.23520546 0.08444406 0.11987404 0.11888281 0.03073924 0.04868897 
914.00000000 0.36229012 0.23520706 0.08447907 0.11983165 0.11881012 0.03075307 0.04862892 
915.00000000 0.36241438 0.23520863 0.08451405 0.11978935 0.11873764 0.03076689 0.04856906 
916.00000000 0.36253821 0.23521016 0.08454899 0.11974716 0.11866539 0.03078070 0.04850940 
917.00000000 0.36266160 0.23521165 0.08458390 0.11970507 0.11859335 0.03079449 0.04844993 
918.00000000 0.36278456 0.23521311 0.08461879 0.11966309 0.11852153 0.03080826 0.04839066 
919.00000000 0.36290709 0.23521453 0.08465364 0.11962121 0.11844993 0.03082202 0.04833158 
920.00000000 0.36302919 0.23521592 0.08468846 0.11957943 0.11837855 0.03083576 0.04827269 
921.00000000 0.36315085 0.23521727 0.08472325 0.11953775 0.11830738 0.03084949 0.04821400 
922.00000000 0.36327209 0.23521859 0.08475801 0.11949618 0.11823643 0.03086321 0.04815550 
923.00000000 0.36339291 0.23521987 0.08479273 0.11945471 0.11816569 0.03087691 0.04809718 
924.00000000 0.36351329 0.23522112 0.08482743 0.11941334 0.11809516 0.03089059 0.04803906 
925.00000000 0.36363325 0.23522233 0.08486210 0.11937207 0.11802485 0.03090426 0.04798113 
926.00000000 0.36375279 0.23522351 0.08489673 0.11933090 0.11795475 0.03091792 0.04792339 
927.00000000 0.36387191 0.23522465 0.08493134 0.11928984 0.11788487 0.03093156 0.04786583 
928.00000000 0.36399061 0.23522576 0.08496591 0.11924888 0.11781519 0.03094519 0.04780846 
929.00000000 0.36410889 0.23522684 0.08500045 0.11920801 0.11774573 0.03095880 0.04775128 
930.00000000 0.36422675 0.23522788 0.08503497 0.11916725 0.11767648 0.03097239 0.04769429 
931.00000000 0.36434420 0.23522888 0.08506945 0.11912659 0.11760743 0.03098598 0.04763748 
932.00000000 0.36446123 0.23522985 0.08510390 0.11908602 0.11753860 0.03099954 0.04758085 
933.00000000 0.36457785 0.23523079 0.08513832 0.11904556 0.11746997 0.03101309 0.04752441 
934.00000000 0.36469406 0.23523170 0.08517272 0.11900520 0.11740155 0.03102663 0.04746815 
935.00000000 0.36480985 0.23523257 0.08520708 0.11896493 0.11733333 0.03104015 0.04741208 
936.00000000 0.36492524 0.23523340 0.08524141 0.11892477 0.11726533 0.03105366 0.04735619 
937.00000000 0.36504022 0.23523421 0.08527571 0.11888470 0.11719752 0.03106715 0.04730048 
938.00000000 0.36515479 0.23523498 0.08530999 0.11884474 0.11712993 0.03108063 0.04724495 
939.00000000 0.36526896 0.23523572 0.08534423 0.11880487 0.11706253 0.03109409 0.04718960 
940.00000000 0.36538272 0.23523642 0.08537844 0.11876509 0.11699534 0.03110754 0.04713444 
941.00000000 0.36549608 0.23523710 0.08541263 0.11872542 0.11692836 0.03112098 0.04707945 
942.00000000 0.36560904 0.23523774 0.08544678 0.11868584 0.11686157 0.03113440 0.04702464 
943.00000000 0.36572159 0.23523835 0.08548090 0.11864637 0.11679499 0.03114780 0.04697000 
944.00000000 0.36583375 0.23523892 0.08551500 0.11860698 0.11672860 0.03116119 0.04691555 
945.00000000 0.36594551 0.23523946 0.08554906 0.11856770 0.11666242 0.03117457 0.04686127 
946.00000000 0.36605688 0.23523998 0.08558310 0.11852851 0.11659644 0.03118793 0.04680717 
947.00000000 0.36616785 0.23524046 0.08561711 0.11848942 0.11653065 0.03120127 0.04675324 
948.00000000 0.36627842 0.23524090 0.08565109 0.11845042 0.11646507 0.03121460 0.04669949 
949.00000000 0.36638860 0.23524132 0.08568504 0.11841152 0.11639968 0.03122792 0.04664592 
950.00000000 0.36649840 0.23524170 0.08571896 0.11837272 0.11633449 0.03124122 0.04659251 
951.00000000 0.36660780 0.23524206 0.08575285 0.11833401 0.11626949 0.03125451 0.04653928 
952.00000000 0.36671681 0.23524238 0.08578671 0.11829540 0.11620470 0.03126778 0.04648623 
953.00000000 0.36682544 0.23524267 0.08582054 0.11825688 0.11614009 0.03128104 0.04643334 
954.00000000 0.36693367 0.23524293 0.08585435 0.11821846 0.11607568 0.03129428 0.04638063 
955.00000000 0.36704153 0.23524316 0.08588812 0.11818013 0.11601147 0.03130751 0.04632809 
956.00000000 0.36714900 0.23524335 0.08592187 0.11814189 0.11594744 0.03132073 0.04627571 
957.00000000 0.36725609 0.23524352 0.08595559 0.11810375 0.11588362 0.03133393 0.04622351 
958.00000000 0.36736279 0.23524366 0.08598928 0.11806570 0.11581998 0.03134711 0.04617148 
959.00000000 0.36746912 0.23524376 0.08602294 0.11802775 0.11575653 0.03136028 0.04611961 
960.00000000 0.36757506 0.23524384 0.08605658 0.11798989 0.11569328 0.03137344 0.04606791 
961.00000000 0.36768063 0.23524388 0.08609018 0.11795212 0.11563021 0.03138658 0.04601638 
962.00000000 0.36778583 0.23524390 0.08612376 0.11791445 0.11556734 0.03139971 0.04596502 
963.00000000 0.36789064 0.23524388 0.08615731 0.11787687 0.11550465 0.03141282 0.04591382 
964.00000000 0.36799509 0.23524384 0.08619083 0.11783938 0.11544215 0.03142592 0.04586279 
965.00000000 0.36809916 0.23524376 0.08622432 0.11780198 0.11537984 0.03143901 0.04581193 
966.00000000 0.36820285 0.23524366 0.08625779 0.11776468 0.11531772 0.03145208 0.04576122 
967.00000000 0.36830618 0.23524352 0.08629122 0.11772747 0.11525579 0.03146513 0.04571069 
968.00000000 0.36840914 0.23524336 0.08632463 0.11769034 0.11519404 0.03147817 0.04566031 
969.00000000 0.36851173 0.23524317 0.08635801 0.11765331 0.11513247 0.03149120 0.04561010 
970.00000000 0.36861396 0.23524295 0.08639137 0.11761638 0.11507109 0.03150421 0.04556005 
971.00000000 0.36871581 0.23524270 0.08642469 0.11757953 0.11500990 0.03151721 0.04551016 
972.00000000 0.36881731 0.23524242 0.08645799 0.11754277 0.11494889 0.03153019 0.04546044 
973.00000000 0.36891844 0.23524211 0.08649126 0.11750610 0.11488806 0.03154316 0.04541087 
974.00000000 0.36901921 0.23524177 0.08652450 0.11746953 0.11482741 0.03155612 0.04536147 
975.00000000 0.36911961 0.23524140 0.08655772 0.11743304 0.11476695 0.03156906 0.04531222 
976.00000000 0.36921966 0.23524101 0.08659090 0.11739664 0.11470666 0.03158199 0.04526313 
977.00000000 0.36931935 0.23524059 0.08662407 0.11736033 0.11464656 0.03159490 0.04521420 
978.00000000 0.36941868 0.23524014 0.08665720 0.11732412 0.11458664 0.03160780 0.04516543 
979.00000000 0.36951765 0.23523966 0.08669030 0.11728799 0.11452690 0.03162068 0.04511682 
980.00000000 0.36961627 0.23523915 0.08672338 0.11725195 0.11446734 0.03163355 0.04506836 
981.00000000 0.36971454 0.23523861 0.08675643 0.11721599 0.11440795 0.03164641 0.04502006 
982.00000000 0.36981245 0.23523805 0.08678946 0.11718013 0.11434875 0.03165925 0.04497192 
983.00000000 0.36991001 0.23523746 0.08682245 0.11714436 0.11428972 0.03167207 0.04492393 
984.00000000 0.37000722 0.23523684 0.08685542 0.11710867 0.11423086 0.03168489 0.04487609 
985.00000000 0.37010408 0.23523620 0.08688837 0.11707307 0.11417219 0.03169769 0.04482841 
986.00000000 0.37020059 0.23523552 0.08692128 0.11703756 0.11411369 0.03171047 0.04478089 
987.00000000 0.37029676 0.23523482 0.08695417 0.11700213 0.11405536 0.03172324 0.04473351 
988.00000000 0.37039257 0.23523409 0.08698704 0.11696679 0.11399721 0.03173600 0.04468629 
989.00000000 0.37048805 0.23523334 0.08701987 0.11693154 0.11393923 0.03174874 0.04463922 
990.00000000 0.37058318 0.23523256 0.08705268 0.11689638 0.11388143 0.03176147 0.04459230 
991.00000000 0.37067796 0.23523175 0.08708546 0.11686130 0.11382380 0.03177418 0.04454554 
992.00000000 0.37077241 0.23523091 0.08711822 0.11682631 0.11376634 0.03178689 0.04449892 
993.00000000 0.37086651 0.23523005 0.08715095 0.11679141 0.11370906 0.03179957 0.04445246 
994.00000000 0.37096027 0.23522916 0.08718365 0.11675659 0.11365194 0.03181224 0.04440614 
995.00000000 0.37105370 0.23522825 0.08721633 0.11672185 0.11359500 0.03182490 0.04435997 
996.00000000 0.37114679 0.23522730 0.08724898 0.11668720 0.11353822 0.03183755 0.04431395 
997.00000000 0.37123954 0.23522634 0.08728160 0.11665264 0.11348162 0.03185018 0.04426808 
998.00000000 0.37133196 0.23522534 0.08731420 0.11661816 0.11342518 0.03186280 0.04422236 
999.00000000 0.37142404 0.23522432 0.08734677 0.11658377 0.11336891 0.03187540 0.04417678 
