0.00000000 1.00000000 -0.00000000 -0.00000000 -0.00000000 0.00000000 0.00000000 -0.00000000 
1.00000000 0.99971313 0.00027284 0.00000108 0.00000124 0.00000159 0.00000666 0.00000348 
2.00000000 0.99885330 0.00109054 0.00000433 0.00000495 0.00000638 0.00002660 0.00001389 
3.00000000 0.99742292 0.00245073 0.00000987 0.00001115 0.00001439 0.00005975 0.00003118 
4.00000000 0.99542597 0.00434943 0.00001783 0.00001986 0.00002565 0.00010598 0.00005528 
5.00000000 0.99286797 0.00678110 0.00002844 0.00003111 0.00004022 0.00016509 0.00008607 
6.00000000 0.98975604 0.00973864 0.00004195 0.00004495 0.00005817 0.00023685 0.00012339 
7.00000000 0.98609878 0.01321348 0.00005871 0.00006142 0.00007958 0.00032097 0.00016707 
8.00000000 0.98190631 0.01719551 0.00007907 0.00008058 0.00010453 0.00041710 0.00021690 
9.00000000 0.97719016 0.02167322 0.00010346 0.00010248 0.00013315 0.00052487 0.00027265 
10.00000000 0.97196332 0.02663369 0.00013235 0.00012721 0.00016553 0.00064385 0.00033405 
11.00000000 0.96624008 0.03206267 0.00016624 0.00015483 0.00020181 0.00077356 0.00040081 
12.00000000 0.96003607 0.03794461 0.00020567 0.00018542 0.00024211 0.00091348 0.00047263 
13.00000000 0.95336815 0.04426275 0.00025120 0.00021908 0.00028658 0.00106307 0.00054917 
14.00000000 0.94625436 0.05099917 0.00030341 0.00025589 0.00033535 0.00122174 0.00063009 
15.00000000 0.93871386 0.05813485 0.00036291 0.00029593 0.00038857 0.00138887 0.00071501 
16.00000000 0.93076684 0.06564979 0.00043031 0.00033932 0.00044638 0.00156381 0.00080357 
17.00000000 0.92243446 0.07352302 0.00050622 0.00038613 0.00050893 0.00174589 0.00089537 
18.00000000 0.91373876 0.08173274 0.00059125 0.00043646 0.00057636 0.00193442 0.00099001 
19.00000000 0.90470260 0.09025639 0.00068602 0.00049040 0.00064880 0.00212869 0.00108710 
20.00000000 0.89534954 0.09907071 0.00079111 0.00054805 0.00072640 0.00232797 0.00118622 
21.00000000 0.88570379 0.10815187 0.00090710 0.00060949 0.00080926 0.00253153 0.00128697 
22.00000000 0.87579010 0.11747551 0.00103452 0.00067479 0.00089751 0.00273864 0.00138895 
23.00000000 0.86563367 0.12701688 0.00117388 0.00074403 0.00099124 0.00294855 0.00149175 
24.00000000 0.85526006 0.13675090 0.00132568 0.00081728 0.00109055 0.00316053 0.00159499 
25.00000000 0.84469514 0.14665227 0.00149034 0.00089460 0.00119551 0.00337384 0.00169829 
26.00000000 0.83396492 0.15669555 0.00166826 0.00097603 0.00130619 0.00358778 0.00180128 
27.00000000 0.82309552 0.16685525 0.00185977 0.00106160 0.00142261 0.00380163 0.00190362 
28.00000000 0.81211306 0.17710592 0.00206518 0.00115135 0.00154482 0.00401472 0.00200495 
29.00000000 0.80104357 0.18742227 0.00228472 0.00124528 0.00167281 0.00422638 0.00210498 
30.00000000 0.78991291 0.19777918 0.00251856 0.00134340 0.00180656 0.00443599 0.00220340 
31.00000000 0.77874666 0.20815188 0.00276685 0.00144568 0.00194606 0.00464294 0.00229995 
32.00000000 0.76757007 0.21851596 0.00302962 0.00155209 0.00209122 0.00484666 0.00239438 
33.00000000 0.75640795 0.22884746 0.00330691 0.00166258 0.00224199 0.00504664 0.00248647 
34.00000000 0.74528461 0.23912300 0.00359864 0.00177709 0.00239825 0.00524237 0.00257603 
35.00000000 0.73422377 0.24931976 0.00390472 0.00189554 0.00255989 0.00543342 0.00266290 
36.00000000 0.72324850 0.25941564 0.00422496 0.00201782 0.00272674 0.00561939 0.00274694 
37.00000000 0.71238114 0.26938925 0.00455915 0.00214383 0.00289866 0.00579992 0.00282805 
38.00000000 0.70164325 0.27922002 0.00490701 0.00227343 0.00307544 0.00597472 0.00290615 
39.00000000 0.69105552 0.28888821 0.00526821 0.00240647 0.00325687 0.00614353 0.00298119 
40.00000000 0.68063776 0.29837503 0.00564238 0.00254279 0.00344271 0.00630617 0.00305316 
41.00000000 0.67040881 0.30766260 0.00602911 0.00268222 0.00363271 0.00646248 0.00312208 
42.00000000 0.66038651 0.31673405 0.00642794 0.00282457 0.00382659 0.00661237 0.00318797 
43.00000000 0.65058767 0.32557354 0.00683838 0.00296962 0.00402405 0.00675582 0.00325091 
44.00000000 0.64102801 0.33416628 0.00725992 0.00311718 0.00422479 0.00689282 0.00331101 
45.00000000 0.63172212 0.34249858 0.00769201 0.00326701 0.00442846 0.00702346 0.00336837 
46.00000000 0.62268348 0.35055785 0.00813409 0.00341888 0.00463471 0.00714785 0.00342314 
47.00000000 0.61392440 0.35833262 0.00858558 0.00357255 0.00484319 0.00726616 0.00347549 
48.00000000 0.60545602 0.36581255 0.00904589 0.00372779 0.00505351 0.00737861 0.00352562 
49.00000000 0.59728829 0.37298845 0.00951445 0.00388436 0.00526529 0.00748545 0.00357372 
50.00000000 0.58942996 0.37985227 0.00999064 0.00404200 0.00547811 0.00758699 0.00362002 
51.00000000 0.58188861 0.38639710 0.01047389 0.00420048 0.00569158 0.00768358 0.00366476 
52.00000000 0.57467061 0.39261715 0.01096363 0.00435956 0.00590528 0.00777558 0.00370820 
53.00000000 0.56778116 0.39850777 0.01145930 0.00451901 0.00611877 0.00786341 0.00375059 
54.00000000 0.56122428 0.40406541 0.01196035 0.00467862 0.00633163 0.00794751 0.00379221 
55.00000000 0.55500287 0.40928760 0.01246627 0.00483816 0.00654344 0.00802834 0.00383332 
56.00000000 0.54911866 0.41417294 0.01297657 0.00499746 0.00675376 0.00810639 0.00387423 
57.00000000 0.54357231 0.41872108 0.01349079 0.00515633 0.00696216 0.00818214 0.00391519 
58.00000000 0.53836340 0.42293265 0.01400850 0.00531460 0.00716822 0.00825612 0.00395651 
59.00000000 0.53349046 0.42680928 0.01452932 0.00547213 0.00737151 0.00832884 0.00399845 
60.00000000 0.52895101 0.43035355 0.01505290 0.00562880 0.00757163 0.00840082 0.00404129 
61.00000000 0.52474163 0.43356892 0.01557891 0.00578451 0.00776818 0.00847256 0.00408530 
62.00000000 0.52085794 0.43645972 0.01610708 0.00593918 0.00796077 0.00854458 0.00413073 
63.00000000 0.51729472 0.43903112 0.01663718 0.00609276 0.00814901 0.00861737 0.00417783 
64.00000000 0.51404589 0.44128907 0.01716902 0.00624522 0.00833255 0.00869140 0.00422684 
65.00000000 0.51110459 0.44324023 0.01770245 0.00639655 0.00851106 0.00876713 0.00427799 
66.00000000 0.50846324 0.44489197 0.01823733 0.00654678 0.00868421 0.00884499 0.00433147 
67.00000000 0.50611357 0.44625229 0.01877361 0.00669596 0.00885170 0.00892538 0.00438749 
68.00000000 0.50404668 0.44732981 0.01931123 0.00684415 0.00901327 0.00900865 0.00444621 
69.00000000 0.50225310 0.44813365 0.01985019 0.00699145 0.00916867 0.00909514 0.00450780 
70.00000000 0.50072285 0.44867347 0.02039051 0.00713798 0.00931767 0.00918514 0.00457239 
71.00000000 0.49944547 0.44895934 0.02093223 0.00728387 0.00946010 0.00927888 0.00464011 
72.00000000 0.49841012 0.44900175 0.02147542 0.00742928 0.00959581 0.00937656 0.00471107 
73.00000000 0.49760560 0.44881152 0.02202018 0.00757438 0.00972466 0.00947832 0.00478534 
74.00000000 0.49702040 0.44839977 0.02256661 0.00771936 0.00984659 0.00958428 0.00486299 
75.00000000 0.49664280 0.44777786 0.02311482 0.00786443 0.00996154 0.00969446 0.00494409 
76.00000000 0.49646088 0.44695736 0.02366496 0.00800978 0.01006951 0.00980888 0.00502865 
77.00000000 0.49646260 0.44594996 0.02421713 0.00815564 0.01017052 0.00992745 0.00511669 
78.00000000 0.49663585 0.44476748 0.02477148 0.00830222 0.01026466 0.01005009 0.00520822 
79.00000000 0.49696849 0.44342179 0.02532813 0.00844974 0.01035203 0.01017660 0.00530322 
80.00000000 0.49744842 0.44192473 0.02588718 0.00859841 0.01043279 0.01030680 0.00540167 
81.00000000 0.49806361 0.44028814 0.02644875 0.00874844 0.01050714 0.01044039 0.00550353 
82.00000000 0.49880218 0.43852377 0.02701289 0.00890004 0.01057531 0.01057707 0.00560875 
83.00000000 0.49965239 0.43664323 0.02757969 0.00905337 0.01063758 0.01071648 0.00571726 
84.00000000 0.50060277 0.43465796 0.02814916 0.00920861 0.01069428 0.01085820 0.00582901 
85.00000000 0.50164207 0.43257922 0.02872132 0.00936592 0.01074576 0.01100180 0.00594392 
86.00000000 0.50275936 0.43041799 0.02929614 0.00952540 0.01079242 0.01114678 0.00606191 
87.00000000 0.50394406 0.42818500 0.02987356 0.00968716 0.01083470 0.01129263 0.00618290 
88.00000000 0.50518596 0.42589062 0.03045347 0.00985128 0.01087307 0.01143879 0.00630681 
89.00000000 0.50647527 0.42354491 0.03103575 0.01001779 0.01090802 0.01158469 0.00643356 
90.00000000 0.50780265 0.42115752 0.03162022 0.01018671 0.01094011 0.01172974 0.00656306 
91.00000000 0.50915920 0.41873769 0.03220667 0.01035801 0.01096988 0.01187332 0.00669523 
92.00000000 0.51053657 0.41629423 0.03279484 0.01053164 0.01099792 0.01201481 0.00682999 
93.00000000 0.51192690 0.41383547 0.03338443 0.01070750 0.01102484 0.01215358 0.00696728 
94.00000000 0.51332288 0.41136926 0.03397510 0.01088548 0.01105126 0.01228899 0.00710703 
95.00000000 0.51471777 0.40890294 0.03456648 0.01106540 0.01107782 0.01242042 0.00724917 
96.00000000 0.51610541 0.40644329 0.03515816 0.01124708 0.01110516 0.01254724 0.00739365 
97.00000000 0.51748020 0.40399658 0.03574969 0.01143029 0.01113394 0.01266886 0.00754043 
98.00000000 0.51883719 0.40156851 0.03634057 0.01161477 0.01116480 0.01278468 0.00768947 
99.00000000 0.52017198 0.39916418 0.03693030 0.01180024 0.01119840 0.01289416 0.00784075 
100.00000000 0.52148083 0.39678813 0.03751834 0.01198638 0.01123536 0.01299674 0.00799423 
101.00000000 0.52276058 0.39444431 0.03810411 0.01217285 0.01127631 0.01309194 0.00814991 
102.00000000 0.52400868 0.39213607 0.03868702 0.01235930 0.01132184 0.01317930 0.00830778 
103.00000000 0.52522320 0.38986617 0.03926647 0.01254536 0.01137254 0.01325839 0.00846786 
104.00000000 0.52640279 0.38763677 0.03984184 0.01273064 0.01142895 0.01332886 0.00863014 
105.00000000 0.52754670 0.38544943 0.04041250 0.01291474 0.01149158 0.01339038 0.00879466 
106.00000000 0.52865475 0.38330514 0.04097782 0.01309726 0.01156091 0.01344267 0.00896144 
107.00000000 0.52972731 0.38120432 0.04153716 0.01327781 0.01163736 0.01348554 0.00913050 
108.00000000 0.53076529 0.37914680 0.04208990 0.01345599 0.01172131 0.01351882 0.00930189 
109.00000000 0.53177014 0.37713187 0.04263541 0.01363142 0.01181309 0.01354243 0.00947563 
110.00000000 0.53274380 0.37515830 0.04317309 0.01380373 0.01191297 0.01355633 0.00965178 
111.00000000 0.53368868 0.37322432 0.04370235 0.01397257 0.01202115 0.01356057 0.00983037 
112.00000000 0.53460763 0.37132768 0.04422263 0.01413762 0.01213778 0.01355523 0.01001144 
113.00000000 0.53550394 0.36946566 0.04473338 0.01429858 0.01226294 0.01354048 0.01019503 
114.00000000 0.53638127 0.36763508 0.04523410 0.01445518 0.01239665 0.01351654 0.01038117 
115.00000000 0.53724367 0.36583236 0.04572431 0.01460721 0.01253884 0.01348371 0.01056991 
116.00000000 0.53809547 0.36405351 0.04620358 0.01475447 0.01268938 0.01344234 0.01076125 
117.00000000 0.53894133 0.36229420 0.04667150 0.01489683 0.01284808 0.01339283 0.01095523 
118.00000000 0.53978616 0.36054976 0.04712773 0.01503420 0.01301465 0.01333567 0.01115184 
119.00000000 0.54063507 0.35881523 0.04757196 0.01516652 0.01318875 0.01327138 0.01135109 
120.00000000 0.54149337 0.35708542 0.04800392 0.01529382 0.01336996 0.01320054 0.01155297 
121.00000000 0.54236651 0.35535489 0.04842340 0.01541615 0.01355780 0.01312378 0.01175746 
122.00000000 0.54326006 0.35361804 0.04883024 0.01553363 0.01375172 0.01304179 0.01196451 
123.00000000 0.54417963 0.35186912 0.04922434 0.01564644 0.01395109 0.01295529 0.01217409 
124.00000000 0.54513090 0.35010227 0.04960563 0.01575479 0.01415525 0.01286505 0.01238612 
125.00000000 0.54611951 0.34831159 0.04997410 0.01585896 0.01436344 0.01277186 0.01260054 
126.00000000 0.54715106 0.34649115 0.05032980 0.01595930 0.01457489 0.01267656 0.01281724 
127.00000000 0.54823108 0.34463503 0.05067282 0.01605617 0.01478877 0.01258000 0.01303613 
128.00000000 0.54936498 0.34273738 0.05100331 0.01615001 0.01500419 0.01248306 0.01325708 
129.00000000 0.55055799 0.34079245 0.05132145 0.01624128 0.01522025 0.01238663 0.01347995 
130.00000000 0.55181518 0.33879462 0.05162748 0.01633051 0.01543599 0.01229163 0.01370459 
131.00000000 0.55314137 0.33673846 0.05192167 0.01641825 0.01565046 0.01219896 0.01393084 
132.00000000 0.55454112 0.33461875 0.05220435 0.01650507 0.01586267 0.01210954 0.01415851 
133.00000000 0.55601871 0.33243051 0.05247588 0.01659158 0.01607163 0.01202427 0.01438741 
134.00000000 0.55757810 0.33016909 0.05273664 0.01667840 0.01627635 0.01194407 0.01461734 
135.00000000 0.55922289 0.32783012 0.05298706 0.01676620 0.01647584 0.01186982 0.01484808 
136.00000000 0.56095630 0.32540961 0.05322759 0.01685561 0.01666912 0.01180237 0.01507940 
137.00000000 0.56278115 0.32290395 0.05345870 0.01694730 0.01685524 0.01174259 0.01531108 
138.00000000 0.56469983 0.32030994 0.05368090 0.01704191 0.01703327 0.01169129 0.01554286 
139.00000000 0.56671429 0.31762485 0.05389470 0.01714009 0.01720232 0.01164925 0.01577451 
140.00000000 0.56882600 0.31484639 0.05410062 0.01724247 0.01736154 0.01161722 0.01600577 
141.00000000 0.57103595 0.31197278 0.05429921 0.01734965 0.01751012 0.01159590 0.01623638 
142.00000000 0.57334463 0.30900274 0.05449101 0.01746221 0.01764733 0.01158597 0.01646610 
143.00000000 0.57575203 0.30593554 0.05467657 0.01758069 0.01777248 0.01158803 0.01669467 
144.00000000 0.57825757 0.30277097 0.05485643 0.01770559 0.01788495 0.01160265 0.01692184 
145.00000000 0.58086020 0.29950939 0.05503115 0.01783737 0.01798420 0.01163034 0.01714735 
146.00000000 0.58355828 0.29615174 0.05520126 0.01797643 0.01806975 0.01167155 0.01737098 
147.00000000 0.58634967 0.29269951 0.05536729 0.01812312 0.01814123 0.01172669 0.01759249 
148.00000000 0.58923165 0.28915479 0.05552975 0.01827773 0.01819834 0.01179609 0.01781165 
149.00000000 0.59220098 0.28552024 0.05568915 0.01844050 0.01824085 0.01188002 0.01802825 
150.00000000 0.59525390 0.28179909 0.05584598 0.01861159 0.01826866 0.01197870 0.01824209 
151.00000000 0.59838608 0.27799517 0.05600070 0.01879109 0.01828171 0.01209228 0.01845297 
152.00000000 0.60159270 0.27411284 0.05615376 0.01897904 0.01828008 0.01222084 0.01866074 
153.00000000 0.60486842 0.27015706 0.05630559 0.01917539 0.01826392 0.01236439 0.01886524 
154.00000000 0.60820740 0.26613328 0.05645661 0.01938003 0.01823346 0.01252292 0.01906631 
155.00000000 0.61160333 0.26204753 0.05660718 0.01959277 0.01818905 0.01269629 0.01926385 
156.00000000 0.61504942 0.25790632 0.05675768 0.01981339 0.01813110 0.01288435 0.01945774 
157.00000000 0.61853846 0.25371664 0.05690844 0.02004155 0.01806013 0.01308688 0.01964791 
158.00000000 0.62206280 0.24948596 0.05705978 0.02027687 0.01797673 0.01330357 0.01983429 
159.00000000 0.62561441 0.24522218 0.05721200 0.02051893 0.01788155 0.01353409 0.02001684 
160.00000000 0.62918486 0.24093362 0.05736538 0.02076722 0.01777536 0.01377803 0.02019553 
161.00000000 0.63276542 0.23662896 0.05752016 0.02102120 0.01765895 0.01403495 0.02037036 
162.00000000 0.63634702 0.23231724 0.05767660 0.02128027 0.01753320 0.01430432 0.02054135 
163.00000000 0.63992031 0.22800782 0.05783491 0.02154378 0.01739905 0.01458561 0.02070853 
164.00000000 0.64347569 0.22371030 0.05799530 0.02181106 0.01725747 0.01487822 0.02087195 
165.00000000 0.64700336 0.21943457 0.05815797 0.02208141 0.01710950 0.01518149 0.02103170 
166.00000000 0.65049332 0.21519067 0.05832309 0.02235410 0.01695620 0.01549477 0.02118786 
167.00000000 0.65393543 0.21098884 0.05849084 0.02262836 0.01679867 0.01581732 0.02134054 
168.00000000 0.65731945 0.20683942 0.05866138 0.02290344 0.01663801 0.01614842 0.02148988 
169.00000000 0.66063506 0.20275282 0.05883489 0.02317858 0.01647537 0.01648728 0.02163599 
170.00000000 0.66387192 0.19873950 0.05901151 0.02345300 0.01631189 0.01683312 0.02177905 
171.00000000 0.66701969 0.19480990 0.05919141 0.02372596 0.01614870 0.01718511 0.02191922 
172.00000000 0.67006807 0.19097444 0.05937475 0.02399670 0.01598695 0.01754242 0.02205668 
173.00000000 0.67300686 0.18724340 0.05956168 0.02426451 0.01582774 0.01790421 0.02219160 
174.00000000 0.67582596 0.18362697 0.05975236 0.02452870 0.01567219 0.01826962 0.02232420 
175.00000000 0.67851545 0.18013513 0.05994699 0.02478860 0.01552135 0.01863780 0.02245468 
176.00000000 0.68106561 0.17677767 0.06014572 0.02504360 0.01537628 0.01900788 0.02258324 
177.00000000 0.68346696 0.17356410 0.06034876 0.02529311 0.01523796 0.01937901 0.02271010 
178.00000000 0.68571028 0.17050364 0.06055629 0.02553661 0.01510736 0.01975033 0.02283548 
179.00000000 0.68778669 0.16760518 0.06076854 0.02577363 0.01498536 0.02012100 0.02295959 
180.00000000 0.68968763 0.16487724 0.06098571 0.02600374 0.01487283 0.02049018 0.02308266 
181.00000000 0.69140495 0.16232791 0.06120804 0.02622659 0.01477055 0.02085707 0.02320490 
182.00000000 0.69293088 0.15996486 0.06143577 0.02644187 0.01467924 0.02122086 0.02332652 
183.00000000 0.69425813 0.15779528 0.06166916 0.02664935 0.01459957 0.02158077 0.02344774 
184.00000000 0.69537987 0.15582587 0.06190846 0.02684885 0.01453213 0.02193606 0.02356876 
185.00000000 0.69628978 0.15406278 0.06215397 0.02704028 0.01447744 0.02228598 0.02368978 
186.00000000 0.69698207 0.15251161 0.06240594 0.02722359 0.01443596 0.02262984 0.02381099 
187.00000000 0.69745151 0.15117739 0.06266469 0.02739880 0.01440807 0.02296697 0.02393257 
188.00000000 0.69769344 0.15006454 0.06293051 0.02756599 0.01439408 0.02329672 0.02405470 
189.00000000 0.69770383 0.14917688 0.06320370 0.02772533 0.01439422 0.02361850 0.02417755 
190.00000000 0.69747923 0.14851756 0.06348457 0.02787701 0.01440867 0.02393171 0.02430126 
191.00000000 0.69701684 0.14808913 0.06377342 0.02802130 0.01443752 0.02423582 0.02442597 
192.00000000 0.69631452 0.14789344 0.06407056 0.02815852 0.01448081 0.02453033 0.02455182 
193.00000000 0.69537079 0.14793169 0.06437630 0.02828902 0.01453851 0.02481477 0.02467892 
194.00000000 0.69418482 0.14820443 0.06469093 0.02841323 0.01461052 0.02508870 0.02480737 
195.00000000 0.69275647 0.14871150 0.06501474 0.02853160 0.01469670 0.02535172 0.02493727 
196.00000000 0.69108629 0.14945208 0.06534802 0.02864461 0.01479684 0.02560348 0.02506870 
197.00000000 0.68917550 0.15042468 0.06569102 0.02875278 0.01491067 0.02584365 0.02520170 
198.00000000 0.68702600 0.15162715 0.06604400 0.02885666 0.01503790 0.02607194 0.02533635 
199.00000000 0.68464039 0.15305665 0.06640720 0.02895682 0.01517817 0.02628809 0.02547267 
200.00000000 0.68202193 0.15470973 0.06678082 0.02905385 0.01533111 0.02649188 0.02561069 
201.00000000 0.67917453 0.15658227 0.06716505 0.02914833 0.01549628 0.02668313 0.02575041 
202.00000000 0.67610278 0.15866954 0.06756007 0.02924086 0.01567324 0.02686167 0.02589184 
203.00000000 0.67281190 0.16096619 0.06796601 0.02933206 0.01586150 0.02702738 0.02603496 
204.00000000 0.66930774 0.16346630 0.06838299 0.02942250 0.01606057 0.02718016 0.02617974 
205.00000000 0.66559677 0.16616336 0.06881107 0.02951278 0.01626992 0.02731995 0.02632615 
206.00000000 0.66168601 0.16905034 0.06925033 0.02960346 0.01648904 0.02744669 0.02647413 
207.00000000 0.65758310 0.17211965 0.06970076 0.02969511 0.01671738 0.02756038 0.02662362 
208.00000000 0.65329619 0.17536325 0.07016236 0.02978825 0.01695438 0.02766102 0.02677455 
209.00000000 0.64883396 0.17877260 0.07063507 0.02988338 0.01719952 0.02774863 0.02692684 
210.00000000 0.64420557 0.18233873 0.07111881 0.02998098 0.01745224 0.02782328 0.02708040 
211.00000000 0.63942065 0.18605226 0.07161346 0.03008149 0.01771200 0.02788502 0.02723512 
212.00000000 0.63448924 0.18990344 0.07211887 0.03018532 0.01797828 0.02793394 0.02739091 
213.00000000 0.62942181 0.19388218 0.07263484 0.03029284 0.01825053 0.02797015 0.02754764 
214.00000000 0.62422916 0.19797806 0.07316116 0.03040438 0.01852827 0.02799377 0.02770521 
215.00000000 0.61892243 0.20218041 0.07369757 0.03052022 0.01881098 0.02800493 0.02786347 
216.00000000 0.61351304 0.20647829 0.07424378 0.03064063 0.01909819 0.02800378 0.02802229 
217.00000000 0.60801268 0.21086059 0.07479948 0.03076579 0.01938943 0.02799047 0.02818155 
218.00000000 0.60243323 0.21531601 0.07536434 0.03089588 0.01968426 0.02796519 0.02834109 
219.00000000 0.59678676 0.21983312 0.07593797 0.03103103 0.01998225 0.02792810 0.02850078 
220.00000000 0.59108547 0.22440039 0.07651999 0.03117130 0.02028299 0.02787939 0.02866046 
221.00000000 0.58534164 0.22900626 0.07710998 0.03131675 0.02058609 0.02781928 0.02882000 
222.00000000 0.57956763 0.23363911 0.07770752 0.03146738 0.02089117 0.02774797 0.02897922 
223.00000000 0.57377577 0.23828737 0.07831215 0.03162315 0.02119789 0.02766566 0.02913799 
224.00000000 0.56797841 0.24293950 0.07892341 0.03178399 0.02150592 0.02757261 0.02929616 
225.00000000 0.56218780 0.24758406 0.07954083 0.03194980 0.02181492 0.02746902 0.02945357 
226.00000000 0.55641609 0.25220971 0.08016394 0.03212044 0.02212460 0.02735516 0.02961007 
227.00000000 0.55067526 0.25680530 0.08079224 0.03229575 0.02243467 0.02723126 0.02976552 
228.00000000 0.54497715 0.26135984 0.08142525 0.03247554 0.02274486 0.02709760 0.02991977 
229.00000000 0.53933331 0.26586259 0.08206249 0.03265959 0.02305490 0.02695444 0.03007268 
230.00000000 0.53375509 0.27030305 0.08270348 0.03284768 0.02336453 0.02680206 0.03022411 
231.00000000 0.52825350 0.27467101 0.08334775 0.03303954 0.02367353 0.02664074 0.03037392 
232.00000000 0.52283922 0.27895657 0.08399484 0.03323492 0.02398164 0.02647080 0.03052200 
233.00000000 0.51752258 0.28315020 0.08464429 0.03343352 0.02428865 0.02629254 0.03066821 
234.00000000 0.51231350 0.28724271 0.08529568 0.03363507 0.02459432 0.02610629 0.03081244 
235.00000000 0.50722147 0.29122531 0.08594857 0.03383926 0.02489843 0.02591238 0.03095457 
236.00000000 0.50225552 0.29508966 0.08660259 0.03404579 0.02520076 0.02571117 0.03109451 
237.00000000 0.49742420 0.29882783 0.08725734 0.03425436 0.02550110 0.02550301 0.03123216 
238.00000000 0.49273556 0.30243238 0.08791247 0.03446466 0.02579922 0.02528829 0.03136742 
239.00000000 0.48819710 0.30589632 0.08856766 0.03467640 0.02609489 0.02506740 0.03150023 
240.00000000 0.48381578 0.30921320 0.08922260 0.03488927 0.02638791 0.02484075 0.03163050 
241.00000000 0.47959800 0.31237705 0.08987700 0.03510299 0.02667803 0.02460876 0.03175818 
242.00000000 0.47554956 0.31538245 0.09053061 0.03531727 0.02696502 0.02437187 0.03188322 
243.00000000 0.47167567 0.31822452 0.09118321 0.03553183 0.02724865 0.02413056 0.03200556 
244.00000000 0.46798093 0.32089891 0.09183459 0.03574642 0.02752869 0.02388527 0.03212519 
245.00000000 0.46446933 0.32340184 0.09248458 0.03596077 0.02780488 0.02363652 0.03224208 
246.00000000 0.46114422 0.32573010 0.09313304 0.03617465 0.02807697 0.02338481 0.03235621 
247.00000000 0.45800835 0.32788102 0.09377983 0.03638784 0.02834472 0.02313065 0.03246759 
248.00000000 0.45506382 0.32985253 0.09442486 0.03660010 0.02860787 0.02287459 0.03257622 
249.00000000 0.45231211 0.33164311 0.09506806 0.03681126 0.02886615 0.02261719 0.03268212 
250.00000000 0.44975410 0.33325179 0.09570936 0.03702111 0.02911932 0.02235901 0.03278533 
251.00000000 0.44739002 0.33467817 0.09634873 0.03722948 0.02936710 0.02210062 0.03288587 
252.00000000 0.44521953 0.33592243 0.09698616 0.03743621 0.02960923 0.02184263 0.03298381 
253.00000000 0.44324167 0.33698524 0.09762164 0.03764116 0.02984545 0.02158563 0.03307920 
254.00000000 0.44145491 0.33786786 0.09825518 0.03784420 0.03007551 0.02133024 0.03317210 
255.00000000 0.43985715 0.33857202 0.09888681 0.03804519 0.03029914 0.02107708 0.03326260 
256.00000000 0.43844575 0.33910000 0.09951657 0.03824403 0.03051610 0.02082676 0.03335078 
257.00000000 0.43721753 0.33945454 0.10014449 0.03844063 0.03072615 0.02057993 0.03343674 
258.00000000 0.43616881 0.33963888 0.10077062 0.03863488 0.03092904 0.02033719 0.03352057 
259.00000000 0.43529542 0.33965671 0.10139501 0.03882672 0.03112455 0.02009919 0.03360239 
260.00000000 0.43459275 0.33951213 0.10201771 0.03901608 0.03131247 0.01986655 0.03368231 
261.00000000 0.43405573 0.33920970 0.10263876 0.03920289 0.03149259 0.01963989 0.03376044 
262.00000000 0.43367890 0.33875432 0.10325821 0.03938710 0.03166472 0.01941981 0.03383693 
263.00000000 0.43345643 0.33815130 0.10387610 0.03956867 0.03182870 0.01920692 0.03391188 
264.00000000 0.43338213 0.33740626 0.10449244 0.03974754 0.03198438 0.01900181 0.03398544 
265.00000000 0.43344951 0.33652515 0.10510728 0.03992368 0.03213160 0.01880503 0.03405775 
266.00000000 0.43365179 0.33551420 0.10572060 0.04009707 0.03227027 0.01861715 0.03412893 
267.00000000 0.43398192 0.33437990 0.10633242 0.04026767 0.03240028 0.01843870 0.03419912 
268.00000000 0.43443268 0.33312897 0.10694270 0.04043545 0.03252156 0.01827018 0.03426847 
269.00000000 0.43499661 0.33176833 0.10755142 0.04060039 0.03263407 0.01811207 0.03433712 
270.00000000 0.43566615 0.33030506 0.10815854 0.04076246 0.03273778 0.01796482 0.03440519 
271.00000000 0.43643360 0.32874641 0.10876398 0.04092166 0.03283269 0.01782885 0.03447281 
272.00000000 0.43729117 0.32709969 0.10936767 0.04107794 0.03291884 0.01770456 0.03454013 
273.00000000 0.43823103 0.32537234 0.10996951 0.04123130 0.03299627 0.01759229 0.03460727 
274.00000000 0.43924534 0.32357180 0.11056939 0.04138170 0.03306507 0.01749235 0.03467435 
275.00000000 0.44032627 0.32170556 0.11116718 0.04152914 0.03312534 0.01740503 0.03474148 
276.00000000 0.44146603 0.31978108 0.11176275 0.04167357 0.03317723 0.01733056 0.03480878 
277.00000000 0.44265693 0.31780579 0.11235593 0.04181499 0.03322088 0.01726912 0.03487635 
278.00000000 0.44389138 0.31578703 0.11294655 0.04195336 0.03325650 0.01722089 0.03494429 
279.00000000 0.44516191 0.31373206 0.11353445 0.04208865 0.03328430 0.01718595 0.03501269 
280.00000000 0.44646125 0.31164797 0.11411941 0.04222083 0.03330451 0.01716439 0.03508164 
281.00000000 0.44778230 0.30954175 0.11470126 0.04234988 0.03331740 0.01715621 0.03515120 
282.00000000 0.44911820 0.30742015 0.11527978 0.04247575 0.03332327 0.01716139 0.03522145 
283.00000000 0.45046231 0.30528977 0.11585477 0.04259842 0.03332243 0.01717986 0.03529244 
284.00000000 0.45180828 0.30315692 0.11642601 0.04271784 0.03331521 0.01721152 0.03536422 
285.00000000 0.45315003 0.30102769 0.11699330 0.04283397 0.03330197 0.01725620 0.03543684 
286.00000000 0.45448180 0.29890789 0.11755642 0.04294677 0.03328308 0.01731372 0.03551031 
287.00000000 0.45579815 0.29680304 0.11811518 0.04305621 0.03325893 0.01738382 0.03558467 
288.00000000 0.45709397 0.29471832 0.11866936 0.04316223 0.03322994 0.01746624 0.03565993 
289.00000000 0.45836453 0.29265862 0.11921879 0.04326478 0.03319652 0.01756066 0.03573610 
290.00000000 0.45960543 0.29062844 0.11976328 0.04336383 0.03315912 0.01766674 0.03581316 
291.00000000 0.46081268 0.28863197 0.12030268 0.04345932 0.03311816 0.01778407 0.03589112 
292.00000000 0.46198265 0.28667299 0.12083682 0.04355120 0.03307411 0.01791226 0.03596996 
293.00000000 0.46311213 0.28475492 0.12136558 0.04363943 0.03302743 0.01805086 0.03604964 
294.00000000 0.46419828 0.28288081 0.12188884 0.04372396 0.03297857 0.01819940 0.03613013 
295.00000000 0.46523867 0.28105330 0.12240651 0.04380473 0.03292799 0.01835739 0.03621141 
296.00000000 0.46623126 0.27927462 0.12291851 0.04388171 0.03287616 0.01852432 0.03629342 
297.00000000 0.46717441 0.27754665 0.12342480 0.04395484 0.03282353 0.01869965 0.03637611 
298.00000000 0.46806688 0.27587084 0.12392534 0.04402409 0.03277055 0.01888285 0.03645944 
299.00000000 0.46890781 0.27424826 0.12442014 0.04408941 0.03271767 0.01907337 0.03654334 
300.00000000 0.46969673 0.27267959 0.12490921 0.04415076 0.03266531 0.01927063 0.03662776 
301.00000000 0.47043353 0.27116513 0.12539262 0.04420812 0.03261389 0.01947408 0.03671262 
302.00000000 0.47111848 0.26970481 0.12587041 0.04426145 0.03256382 0.01968316 0.03679787 
303.00000000 0.47175219 0.26829818 0.12634271 0.04431072 0.03251547 0.01989730 0.03688344 
304.00000000 0.47233559 0.26694446 0.12680962 0.04435594 0.03246920 0.02011594 0.03696925 
305.00000000 0.47286997 0.26564252 0.12727130 0.04439707 0.03242536 0.02033853 0.03705525 
306.00000000 0.47335689 0.26439092 0.12772792 0.04443413 0.03238426 0.02056455 0.03714135 
307.00000000 0.47379821 0.26318789 0.12817965 0.04446711 0.03234618 0.02079347 0.03722749 
308.00000000 0.47419607 0.26203140 0.12862672 0.04449603 0.03231139 0.02102478 0.03731361 
309.00000000 0.47455284 0.26091913 0.12906934 0.04452092 0.03228010 0.02125801 0.03739964 
310.00000000 0.47487114 0.25984853 0.12950778 0.04454182 0.03225253 0.02149269 0.03748552 
311.00000000 0.47515378 0.25881680 0.12994227 0.04455877 0.03222882 0.02172839 0.03757117 
312.00000000 0.47540376 0.25782094 0.13037310 0.04457184 0.03220909 0.02196470 0.03765655 
313.00000000 0.47562425 0.25685780 0.13080054 0.04458110 0.03219345 0.02220125 0.03774160 
314.00000000 0.47581854 0.25592403 0.13122489 0.04458664 0.03218195 0.02243768 0.03782627 
315.00000000 0.47599005 0.25501618 0.13164643 0.04458857 0.03217459 0.02267368 0.03791050 
316.00000000 0.47614230 0.25413066 0.13206547 0.04458701 0.03217134 0.02290897 0.03799425 
317.00000000 0.47627885 0.25326383 0.13248229 0.04458209 0.03217216 0.02314330 0.03807748 
318.00000000 0.47640333 0.25241197 0.13289719 0.04457397 0.03217693 0.02337647 0.03816015 
319.00000000 0.47651937 0.25157134 0.13331046 0.04456282 0.03218551 0.02360828 0.03824222 
320.00000000 0.47663062 0.25073819 0.13372236 0.04454882 0.03219773 0.02383862 0.03832366 
321.00000000 0.47674068 0.24990878 0.13413319 0.04453219 0.03221336 0.02406736 0.03840445 
322.00000000 0.47685311 0.24907942 0.13454318 0.04451315 0.03223215 0.02429444 0.03848456 
323.00000000 0.47697140 0.24824649 0.13495258 0.04449193 0.03225380 0.02451984 0.03856396 
324.00000000 0.47709895 0.24740644 0.13536161 0.04446880 0.03227800 0.02474355 0.03864264 
325.00000000 0.47723903 0.24655586 0.13577048 0.04444404 0.03230439 0.02496560 0.03872059 
326.00000000 0.47739481 0.24569145 0.13617937 0.04441793 0.03233257 0.02518607 0.03879780 
327.00000000 0.47756926 0.24481008 0.13658844 0.04439079 0.03236213 0.02540506 0.03887424 
328.00000000 0.47776523 0.24390878 0.13699783 0.04436294 0.03239262 0.02562268 0.03894993 
329.00000000 0.47798534 0.24298478 0.13740765 0.04433471 0.03242358 0.02583909 0.03902484 
330.00000000 0.47823205 0.24203551 0.13781799 0.04430646 0.03245452 0.02605448 0.03909899 
331.00000000 0.47850756 0.24105864 0.13822891 0.04427856 0.03248493 0.02626905 0.03917236 
332.00000000 0.47881388 0.24005205 0.13864044 0.04425138 0.03251428 0.02648301 0.03924496 
333.00000000 0.47915276 0.23901390 0.13905259 0.04422530 0.03254205 0.02669662 0.03931679 
334.00000000 0.47952569 0.23794260 0.13946534 0.04420071 0.03256768 0.02691013 0.03938785 
335.00000000 0.47993391 0.23683683 0.13987865 0.04417802 0.03259063 0.02712380 0.03945815 
336.00000000 0.48037840 0.23569555 0.14029245 0.04415762 0.03261036 0.02733792 0.03952769 
337.00000000 0.48085986 0.23451802 0.14070664 0.04413992 0.03262631 0.02755278 0.03959647 
338.00000000 0.48137869 0.23330377 0.14112111 0.04412532 0.03263795 0.02776866 0.03966451 
339.00000000 0.48193504 0.23205263 0.14153571 0.04411423 0.03264473 0.02798586 0.03973180 
340.00000000 0.48252876 0.23076474 0.14195029 0.04410704 0.03264616 0.02820466 0.03979834 
341.00000000 0.48315942 0.22944052 0.14236466 0.04410415 0.03264173 0.02842536 0.03986416 
342.00000000 0.48382629 0.22808070 0.14277865 0.04410594 0.03263095 0.02864822 0.03992925 
343.00000000 0.48452839 0.22668629 0.14319203 0.04411277 0.03261339 0.02887352 0.03999361 
344.00000000 0.48526444 0.22525859 0.14360459 0.04412502 0.03258862 0.02910149 0.04005726 
345.00000000 0.48603289 0.22379918 0.14401610 0.04414303 0.03255623 0.02933238 0.04012020 
346.00000000 0.48683192 0.22230992 0.14442632 0.04416711 0.03251589 0.02956640 0.04018244 
347.00000000 0.48765947 0.22079293 0.14483502 0.04419759 0.03246728 0.02980374 0.04024398 
348.00000000 0.48851321 0.21925060 0.14524196 0.04423474 0.03241011 0.03004456 0.04030483 
349.00000000 0.48939058 0.21768553 0.14564688 0.04427884 0.03234416 0.03028901 0.04036500 
350.00000000 0.49028879 0.21610060 0.14604957 0.04433011 0.03226924 0.03053718 0.04042450 
351.00000000 0.49120483 0.21449887 0.14644979 0.04438878 0.03218523 0.03078917 0.04048333 
352.00000000 0.49213550 0.21288361 0.14684731 0.04445502 0.03209204 0.03104500 0.04054152 
353.00000000 0.49307738 0.21125831 0.14724193 0.04452899 0.03198964 0.03130468 0.04059907 
354.00000000 0.49402689 0.20962660 0.14763346 0.04461082 0.03187805 0.03156819 0.04065599 
355.00000000 0.49498032 0.20799227 0.14802170 0.04470059 0.03175737 0.03183544 0.04071231 
356.00000000 0.49593376 0.20635928 0.14840651 0.04479837 0.03162771 0.03210633 0.04076804 
357.00000000 0.49688321 0.20473168 0.14878773 0.04490419 0.03148929 0.03238070 0.04082319 
358.00000000 0.49782456 0.20311364 0.14916526 0.04501803 0.03134235 0.03265836 0.04087780 
359.00000000 0.49875359 0.20150940 0.14953898 0.04513987 0.03118720 0.03293907 0.04093189 
360.00000000 0.49966602 0.19992329 0.14990882 0.04526962 0.03102420 0.03322256 0.04098549 
361.00000000 0.50055751 0.19835968 0.15027474 0.04540719 0.03085378 0.03350848 0.04103862 
362.00000000 0.50142367 0.19682296 0.15063671 0.04555243 0.03067640 0.03379649 0.04109133 
363.00000000 0.50226012 0.19531753 0.15099474 0.04570518 0.03049260 0.03408617 0.04114365 
364.00000000 0.50306246 0.19384780 0.15134886 0.04586524 0.03030295 0.03437707 0.04119562 
365.00000000 0.50382630 0.19241813 0.15169913 0.04603237 0.03010808 0.03466870 0.04124730 
366.00000000 0.50454730 0.19103285 0.15204562 0.04620632 0.02990865 0.03496054 0.04129872 
367.00000000 0.50522119 0.18969623 0.15238845 0.04638679 0.02970539 0.03525201 0.04134994 
368.00000000 0.50584374 0.18841243 0.15272775 0.04657349 0.02949905 0.03554252 0.04140102 
369.00000000 0.50641084 0.18718555 0.15306369 0.04676606 0.02929041 0.03583142 0.04145202 
370.00000000 0.50691848 0.18601955 0.15339645 0.04696416 0.02908031 0.03611805 0.04150300 
371.00000000 0.50736277 0.18491828 0.15372623 0.04716740 0.02886959 0.03640170 0.04155404 
372.00000000 0.50773996 0.18388541 0.15405326 0.04737538 0.02865913 0.03668166 0.04160520 
373.00000000 0.50804646 0.18292448 0.15437778 0.04758770 0.02844984 0.03695718 0.04165656 
374.00000000 0.50827886 0.18203886 0.15470005 0.04780393 0.02824264 0.03722748 0.04170819 
375.00000000 0.50843392 0.18123170 0.15502035 0.04802362 0.02803845 0.03749178 0.04176018 
376.00000000 0.50850863 0.18050598 0.15533896 0.04824633 0.02783820 0.03774928 0.04181262 
377.00000000 0.50850015 0.17986445 0.15565619 0.04847161 0.02764286 0.03799915 0.04186559 
378.00000000 0.50840590 0.17930966 0.15597233 0.04869899 0.02745334 0.03824059 0.04191919 
379.00000000 0.50822351 0.17884391 0.15628770 0.04892803 0.02727060 0.03847276 0.04197349 
380.00000000 0.50795087 0.17846927 0.15660261 0.04915824 0.02709556 0.03869484 0.04202861 
381.00000000 0.50758612 0.17818755 0.15691738 0.04938918 0.02692912 0.03890601 0.04208463 
382.00000000 0.50712766 0.17800033 0.15723231 0.04962040 0.02677219 0.03910546 0.04214165 
383.00000000 0.50657416 0.17790892 0.15754772 0.04985144 0.02662563 0.03929238 0.04219976 
384.00000000 0.50592455 0.17791434 0.15786390 0.05008187 0.02649029 0.03946598 0.04225907 
385.00000000 0.50517806 0.17801739 0.15818114 0.05031126 0.02636697 0.03962551 0.04231967 
386.00000000 0.50433420 0.17821856 0.15849973 0.05053919 0.02625645 0.03977021 0.04238165 
387.00000000 0.50339276 0.17851808 0.15881993 0.05076528 0.02615948 0.03989936 0.04244511 
388.00000000 0.50235380 0.17891591 0.15914199 0.05098913 0.02607674 0.04001228 0.04251015 
389.00000000 0.50121769 0.17941173 0.15946615 0.05121038 0.02600888 0.04010832 0.04257685 
390.00000000 0.49998509 0.18000495 0.15979261 0.05142868 0.02595650 0.04018685 0.04264531 
391.00000000 0.49865693 0.18069469 0.16012159 0.05164372 0.02592015 0.04024732 0.04271560 
392.00000000 0.49723443 0.18147984 0.16045325 0.05185518 0.02590032 0.04028917 0.04278781 
393.00000000 0.49571909 0.18235898 0.16078774 0.05206279 0.02589745 0.04031194 0.04286201 
394.00000000 0.49411269 0.18333045 0.16112520 0.05226629 0.02591191 0.04031518 0.04293827 
395.00000000 0.49241727 0.18439233 0.16146573 0.05246546 0.02594403 0.04029852 0.04301667 
396.00000000 0.49063514 0.18554246 0.16180941 0.05266008 0.02599404 0.04026162 0.04309725 
397.00000000 0.48876887 0.18677840 0.16215630 0.05284998 0.02606215 0.04020422 0.04318008 
398.00000000 0.48682127 0.18809749 0.16250644 0.05303501 0.02614847 0.04012611 0.04326520 
399.00000000 0.48479540 0.18949686 0.16285984 0.05321504 0.02625308 0.04002713 0.04335265 
400.00000000 0.48269455 0.19097339 0.16321648 0.05338998 0.02637596 0.03990719 0.04344245 
401.00000000 0.48052222 0.19252375 0.16357634 0.05355974 0.02651704 0.03976626 0.04353464 
402.00000000 0.47828214 0.19414441 0.16393935 0.05372430 0.02667620 0.03960437 0.04362923 
403.00000000 0.47597821 0.19583164 0.16430545 0.05388363 0.02685322 0.03942164 0.04372622 
404.00000000 0.47361454 0.19758154 0.16467453 0.05403774 0.02704785 0.03921820 0.04382560 
405.00000000 0.47119541 0.19939002 0.16504648 0.05418667 0.02725976 0.03899429 0.04392737 
406.00000000 0.46872525 0.20125283 0.16542118 0.05433048 0.02748856 0.03875020 0.04403150 
407.00000000 0.46620865 0.20316559 0.16579847 0.05446926 0.02773382 0.03848627 0.04413795 
408.00000000 0.46365032 0.20512376 0.16617821 0.05460311 0.02799501 0.03820291 0.04424668 
409.00000000 0.46105509 0.20712270 0.16656022 0.05473219 0.02827160 0.03790058 0.04435764 
410.00000000 0.45842791 0.20915762 0.16694432 0.05485663 0.02856295 0.03757981 0.04447075 
411.00000000 0.45577380 0.21122367 0.16733034 0.05497664 0.02886841 0.03724118 0.04458595 
412.00000000 0.45309786 0.21331591 0.16771807 0.05509240 0.02918727 0.03688533 0.04470315 
413.00000000 0.45040525 0.21542932 0.16810732 0.05520415 0.02951878 0.03651293 0.04482224 
414.00000000 0.44770117 0.21755883 0.16849790 0.05531212 0.02986214 0.03612473 0.04494312 
415.00000000 0.44499084 0.21969932 0.16888961 0.05541657 0.03021651 0.03572148 0.04506567 
416.00000000 0.44227949 0.22184567 0.16928225 0.05551777 0.03058102 0.03530402 0.04518977 
417.00000000 0.43957237 0.22399272 0.16967562 0.05561603 0.03095478 0.03487321 0.04531528 
418.00000000 0.43687467 0.22613533 0.17006955 0.05571164 0.03133685 0.03442993 0.04544204 
419.00000000 0.43419157 0.22826837 0.17046384 0.05580492 0.03172629 0.03397511 0.04556990 
420.00000000 0.43152819 0.23038676 0.17085833 0.05589620 0.03212212 0.03350970 0.04569870 
421.00000000 0.42888959 0.23248546 0.17125283 0.05598581 0.03252336 0.03303468 0.04582827 
422.00000000 0.42628073 0.23455948 0.17164721 0.05607409 0.03292901 0.03255105 0.04595842 
423.00000000 0.42370649 0.23660394 0.17204131 0.05616141 0.03333806 0.03205982 0.04608897 
424.00000000 0.42117162 0.23861403 0.17243500 0.05624810 0.03374951 0.03156203 0.04621972 
425.00000000 0.41868075 0.24058505 0.17282816 0.05633452 0.03416234 0.03105870 0.04635047 
426.00000000 0.41623839 0.24251244 0.17322067 0.05642103 0.03457555 0.03055088 0.04648103 
427.00000000 0.41384888 0.24439175 0.17361244 0.05650799 0.03498815 0.03003961 0.04661118 
428.00000000 0.41151638 0.24621871 0.17400338 0.05659574 0.03539914 0.02952593 0.04674072 
429.00000000 0.40924489 0.24798918 0.17439343 0.05668463 0.03580756 0.02901088 0.04686943 
430.00000000 0.40703822 0.24969922 0.17478253 0.05677499 0.03621246 0.02849548 0.04699711 
431.00000000 0.40489998 0.25134507 0.17517062 0.05686715 0.03661291 0.02798074 0.04712352 
432.00000000 0.40283356 0.25292318 0.17555767 0.05696144 0.03700802 0.02746766 0.04724847 
433.00000000 0.40084213 0.25443018 0.17594366 0.05705816 0.03739692 0.02695721 0.04737174 
434.00000000 0.39892865 0.25586295 0.17632858 0.05715759 0.03777877 0.02645034 0.04749312 
435.00000000 0.39709582 0.25721860 0.17671241 0.05726001 0.03815276 0.02594798 0.04761241 
436.00000000 0.39534611 0.25849445 0.17709518 0.05736568 0.03851816 0.02545103 0.04772941 
437.00000000 0.39368172 0.25968810 0.17747688 0.05747483 0.03887422 0.02496035 0.04784391 
438.00000000 0.39210463 0.26079737 0.17785753 0.05758767 0.03922028 0.02447678 0.04795573 
439.00000000 0.39061653 0.26182038 0.17823716 0.05770441 0.03955571 0.02400112 0.04806469 
440.00000000 0.38921885 0.26275547 0.17861579 0.05782520 0.03987993 0.02353414 0.04817062 
441.00000000 0.38791276 0.26360128 0.17899346 0.05795019 0.04019241 0.02307655 0.04827335 
442.00000000 0.38669916 0.26435672 0.17937019 0.05807950 0.04049266 0.02262905 0.04837272 
443.00000000 0.38557868 0.26502096 0.17974602 0.05821321 0.04078027 0.02219228 0.04846859 
444.00000000 0.38455169 0.26559344 0.18012096 0.05835138 0.04105485 0.02176684 0.04856083 
445.00000000 0.38361828 0.26607391 0.18049506 0.05849405 0.04131609 0.02135329 0.04864932 
446.00000000 0.38277827 0.26646235 0.18086833 0.05864123 0.04156372 0.02095216 0.04873394 
447.00000000 0.38203124 0.26675905 0.18124079 0.05879288 0.04179753 0.02056391 0.04881461 
448.00000000 0.38137648 0.26696455 0.18161246 0.05894894 0.04201735 0.02018898 0.04889124 
449.00000000 0.38081306 0.26707965 0.18198333 0.05910935 0.04222309 0.01982777 0.04896376 
450.00000000 0.38033977 0.26710542 0.18235342 0.05927397 0.04241469 0.01948061 0.04903212 
451.00000000 0.37995519 0.26704320 0.18272270 0.05944266 0.04259215 0.01914782 0.04909628 
452.00000000 0.37965764 0.26689454 0.18309116 0.05961527 0.04275552 0.01882965 0.04915622 
453.00000000 0.37944522 0.26666125 0.18345877 0.05979158 0.04290490 0.01852634 0.04921193 
454.00000000 0.37931583 0.26634538 0.18382550 0.05997138 0.04304043 0.01823807 0.04926342 
455.00000000 0.37926714 0.26594917 0.18419129 0.06015441 0.04316230 0.01796498 0.04931070 
456.00000000 0.37929664 0.26547510 0.18455610 0.06034041 0.04327076 0.01770719 0.04935381 
457.00000000 0.37940162 0.26492583 0.18491984 0.06052909 0.04336606 0.01746476 0.04939280 
458.00000000 0.37957922 0.26430421 0.18528244 0.06072013 0.04344853 0.01723775 0.04942773 
459.00000000 0.37982639 0.26361326 0.18564382 0.06091320 0.04351851 0.01702615 0.04945868 
460.00000000 0.38013996 0.26285615 0.18600388 0.06110795 0.04357637 0.01682993 0.04948575 
461.00000000 0.38051660 0.26203622 0.18636252 0.06130403 0.04362254 0.01664906 0.04950903 
462.00000000 0.38095288 0.26115691 0.18671962 0.06150108 0.04365743 0.01648344 0.04952864 
463.00000000 0.38144524 0.26022180 0.18707506 0.06169870 0.04368152 0.01633297 0.04954470 
464.00000000 0.38199006 0.25923456 0.18742872 0.06189652 0.04369528 0.01619750 0.04955737 
465.00000000 0.38258361 0.25819892 0.18778046 0.06209414 0.04369920 0.01607690 0.04956677 
466.00000000 0.38322211 0.25711872 0.18813016 0.06229119 0.04369380 0.01597097 0.04957307 
467.00000000 0.38390173 0.25599782 0.18847766 0.06248726 0.04367958 0.01587951 0.04957644 
468.00000000 0.38461860 0.25484013 0.18882284 0.06268199 0.04365708 0.01580233 0.04957704 
469.00000000 0.38536885 0.25364958 0.18916554 0.06287499 0.04362682 0.01573917 0.04957505 
470.00000000 0.38614859 0.25243009 0.18950563 0.06306590 0.04358933 0.01568979 0.04957067 
471.00000000 0.38695394 0.25118558 0.18984298 0.06325436 0.04354514 0.01565393 0.04956408 
472.00000000 0.38778105 0.24991995 0.19017743 0.06344003 0.04349477 0.01563131 0.04955547 
473.00000000 0.38862610 0.24863703 0.19050886 0.06362259 0.04343874 0.01562165 0.04954504 
474.00000000 0.38948535 0.24734061 0.19083715 0.06380173 0.04337754 0.01562464 0.04953298 
475.00000000 0.39035508 0.24603442 0.19116217 0.06397716 0.04331167 0.01564000 0.04951950 
476.00000000 0.39123170 0.24472207 0.19148381 0.06414863 0.04324159 0.01566740 0.04950480 
477.00000000 0.39211167 0.24340711 0.19180197 0.06431588 0.04316778 0.01570652 0.04948907 
478.00000000 0.39299159 0.24209295 0.19211655 0.06447871 0.04309065 0.01575704 0.04947251 
479.00000000 0.39386814 0.24078288 0.19242747 0.06463693 0.04301063 0.01581864 0.04945531 
480.00000000 0.39473815 0.23948006 0.19273465 0.06479037 0.04292812 0.01589098 0.04943767 
481.00000000 0.39559858 0.23818751 0.19303805 0.06493890 0.04284347 0.01597371 0.04941977 
482.00000000 0.39644654 0.23690809 0.19333760 0.06508240 0.04275704 0.01606652 0.04940180 
483.00000000 0.39727929 0.23564448 0.19363328 0.06522081 0.04266915 0.01616905 0.04938394 
484.00000000 0.39809425 0.23439922 0.19392507 0.06535407 0.04258007 0.01628097 0.04936634 
485.00000000 0.39888900 0.23317465 0.19421295 0.06548216 0.04249009 0.01640194 0.04934920 
486.00000000 0.39966133 0.23197292 0.19449695 0.06560509 0.04239945 0.01653162 0.04933265 
487.00000000 0.40040917 0.23079601 0.19477708 0.06572288 0.04230834 0.01666966 0.04931686 
488.00000000 0.40113066 0.22964569 0.19505337 0.06583560 0.04221697 0.01681574 0.04930197 
489.00000000 0.40182413 0.22852356 0.19532588 0.06594332 0.04212549 0.01696951 0.04928811 
490.00000000 0.40248808 0.22743098 0.19559468 0.06604617 0.04203404 0.01713064 0.04927542 
491.00000000 0.40312124 0.22636915 0.19585982 0.06614425 0.04194272 0.01729879 0.04926401 
492.00000000 0.40372250 0.22533906 0.19612142 0.06623773 0.04185164 0.01747365 0.04925401 
493.00000000 0.40429096 0.22434149 0.19637955 0.06632676 0.04176085 0.01765487 0.04924551 
494.00000000 0.40482591 0.22337704 0.19663435 0.06641154 0.04167039 0.01784214 0.04923862 
495.00000000 0.40532684 0.22244610 0.19688592 0.06649227 0.04158031 0.01803514 0.04923342 
496.00000000 0.40579343 0.22154889 0.19713440 0.06656915 0.04149059 0.01823355 0.04922999 
497.00000000 0.40622552 0.22068544 0.19737993 0.06664240 0.04140125 0.01843705 0.04922841 
498.00000000 0.40662316 0.21985560 0.19762265 0.06671227 0.04131224 0.01864535 0.04922873 
499.00000000 0.40698658 0.21905904 0.19786271 0.06677897 0.04122355 0.01885813 0.04923103 
500.00000000 0.40731613 0.21829530 0.19810026 0.06684277 0.04113511 0.01907509 0.04923534 
501.00000000 0.40761233 0.21756376 0.19833548 0.06690389 0.04104688 0.01929595 0.04924171 
502.00000000 0.40787583 0.21686371 0.19856851 0.06696258 0.04095879 0.01952041 0.04925018 
503.00000000 0.40810739 0.21619428 0.19879952 0.06701907 0.04087077 0.01974820 0.04926077 
504.00000000 0.40830791 0.21555452 0.19902868 0.06707362 0.04078274 0.01997903 0.04927352 
505.00000000 0.40847840 0.21494335 0.19925614 0.06712643 0.04069462 0.02021264 0.04928842 
506.00000000 0.40861998 0.21435962 0.19948206 0.06717774 0.04060634 0.02044876 0.04930551 
507.00000000 0.40873386 0.21380208 0.19970659 0.06722775 0.04051781 0.02068713 0.04932477 
508.00000000 0.40882136 0.21326940 0.19992990 0.06727667 0.04042894 0.02092751 0.04934622 
509.00000000 0.40888384 0.21276019 0.20015213 0.06732469 0.04033967 0.02116964 0.04936983 
510.00000000 0.40892278 0.21227301 0.20037341 0.06737198 0.04024990 0.02141330 0.04939561 
511.00000000 0.40893969 0.21180634 0.20059387 0.06741870 0.04015958 0.02165826 0.04942354 
512.00000000 0.40893615 0.21135866 0.20081366 0.06746501 0.04006861 0.02190430 0.04945360 
513.00000000 0.40891378 0.21092840 0.20103288 0.06751103 0.03997695 0.02215121 0.04948576 
514.00000000 0.40887421 0.21051396 0.20125164 0.06755688 0.03988453 0.02239878 0.04952000 
515.00000000 0.40881913 0.21011376 0.20147004 0.06760267 0.03979130 0.02264682 0.04955628 
516.00000000 0.40875023 0.20972618 0.20168818 0.06764849 0.03969720 0.02289516 0.04959457 
517.00000000 0.40866919 0.20934965 0.20190614 0.06769440 0.03960220 0.02314361 0.04963482 
518.00000000 0.40857771 0.20898257 0.20212399 0.06774047 0.03950626 0.02339200 0.04967701 
519.00000000 0.40847745 0.20862340 0.20234179 0.06778674 0.03940935 0.02364020 0.04972107 
520.00000000 0.40837008 0.20827062 0.20255961 0.06783325 0.03931144 0.02388804 0.04976696 
521.00000000 0.40825719 0.20792275 0.20277748 0.06788002 0.03921253 0.02413540 0.04981463 
522.00000000 0.40814038 0.20757836 0.20299544 0.06792705 0.03911259 0.02438215 0.04986403 
523.00000000 0.40802117 0.20723606 0.20321352 0.06797436 0.03901163 0.02462816 0.04991509 
524.00000000 0.40790101 0.20689456 0.20343175 0.06802194 0.03890964 0.02487334 0.04996775 
525.00000000 0.40778133 0.20655260 0.20365012 0.06806978 0.03880663 0.02511759 0.05002196 
526.00000000 0.40766344 0.20620900 0.20386866 0.06811785 0.03870259 0.02536082 0.05007764 
527.00000000 0.40754860 0.20586269 0.20408736 0.06816613 0.03859756 0.02560294 0.05013472 
528.00000000 0.40743798 0.20551264 0.20430622 0.06821461 0.03849154 0.02584388 0.05019313 
529.00000000 0.40733264 0.20515794 0.20452522 0.06826325 0.03838455 0.02608359 0.05025281 
530.00000000 0.40723356 0.20479778 0.20474435 0.06831204 0.03827661 0.02632201 0.05031366 
531.00000000 0.40714161 0.20443141 0.20496359 0.06836094 0.03816775 0.02655907 0.05037562 
532.00000000 0.40705757 0.20405821 0.20518292 0.06840995 0.03805800 0.02679476 0.05043860 
533.00000000 0.40698209 0.20367766 0.20540231 0.06845903 0.03794739 0.02702901 0.05050251 
534.00000000 0.40691570 0.20328933 0.20562174 0.06850819 0.03783594 0.02726181 0.05056728 
535.00000000 0.40685884 0.20289292 0.20584119 0.06855741 0.03772369 0.02749313 0.05063282 
536.00000000 0.40681182 0.20248820 0.20606062 0.06860671 0.03761069 0.02772294 0.05069903 
537.00000000 0.40677482 0.20207510 0.20628001 0.06865608 0.03749695 0.02795122 0.05076582 
538.00000000 0.40674791 0.20165361 0.20649933 0.06870555 0.03738254 0.02817795 0.05083311 
539.00000000 0.40673104 0.20122385 0.20671856 0.06875515 0.03726747 0.02840311 0.05090081 
540.00000000 0.40672404 0.20078606 0.20693768 0.06880491 0.03715181 0.02862670 0.05096881 
541.00000000 0.40672660 0.20034056 0.20715666 0.06885487 0.03703560 0.02884868 0.05103703 
542.00000000 0.40673832 0.19988780 0.20737549 0.06890510 0.03691889 0.02906904 0.05110537 
543.00000000 0.40675866 0.19942831 0.20759415 0.06895565 0.03680174 0.02928775 0.05117374 
544.00000000 0.40678699 0.19896274 0.20781264 0.06900659 0.03668420 0.02950480 0.05124205 
545.00000000 0.40682254 0.19849182 0.20803093 0.06905802 0.03656635 0.02972015 0.05131020 
546.00000000 0.40686445 0.19801640 0.20824903 0.06911000 0.03644825 0.02993376 0.05137810 
547.00000000 0.40691176 0.19753740 0.20846693 0.06916265 0.03632998 0.03014560 0.05144567 
548.00000000 0.40696340 0.19705583 0.20868464 0.06921606 0.03621163 0.03035562 0.05151281 
549.00000000 0.40701821 0.19657280 0.20890215 0.06927034 0.03609329 0.03056375 0.05157945 
550.00000000 0.40707494 0.19608948 0.20911948 0.06932560 0.03597507 0.03076993 0.05164549 
551.00000000 0.40713226 0.19560712 0.20933663 0.06938195 0.03585707 0.03097410 0.05171087 
552.00000000 0.40718875 0.19512705 0.20955361 0.06943951 0.03573942 0.03117616 0.05177550 
553.00000000 0.40724294 0.19465064 0.20977045 0.06949838 0.03562225 0.03137601 0.05183932 
554.00000000 0.40729329 0.19417935 0.20998716 0.06955870 0.03550571 0.03157355 0.05190225 
555.00000000 0.40733818 0.19371467 0.21020375 0.06962057 0.03538996 0.03176865 0.05196423 
556.00000000 0.40737597 0.19325813 0.21042025 0.06968410 0.03527516 0.03196119 0.05202520 
557.00000000 0.40740496 0.19281133 0.21063667 0.06974940 0.03516151 0.03215101 0.05208512 
558.00000000 0.40742343 0.19237588 0.21085305 0.06981657 0.03504919 0.03233795 0.05214392 
559.00000000 0.40742962 0.19195343 0.21106939 0.06988569 0.03493843 0.03252185 0.05220158 
560.00000000 0.40742177 0.19154564 0.21128573 0.06995686 0.03482944 0.03270251 0.05225805 
561.00000000 0.40739807 0.19115418 0.21150208 0.07003016 0.03472247 0.03287972 0.05231331 
562.00000000 0.40735676 0.19078076 0.21171846 0.07010564 0.03461778 0.03305328 0.05236732 
563.00000000 0.40729605 0.19042704 0.21193490 0.07018336 0.03451562 0.03322296 0.05242008 
564.00000000 0.40721417 0.19009472 0.21215140 0.07026336 0.03441628 0.03338850 0.05247156 
565.00000000 0.40710938 0.18978546 0.21236799 0.07034568 0.03432006 0.03354966 0.05252178 
566.00000000 0.40697995 0.18950090 0.21258469 0.07043033 0.03422726 0.03370616 0.05257071 
567.00000000 0.40682423 0.18924266 0.21280149 0.07051731 0.03413821 0.03385772 0.05261839 
568.00000000 0.40664057 0.18901231 0.21301842 0.07060662 0.03405322 0.03400406 0.05266481 
569.00000000 0.40642739 0.18881141 0.21323547 0.07069823 0.03397263 0.03414486 0.05271000 
570.00000000 0.40618318 0.18864144 0.21345266 0.07079210 0.03389681 0.03427982 0.05275399 
571.00000000 0.40590649 0.18850383 0.21366999 0.07088818 0.03382609 0.03440862 0.05279681 
572.00000000 0.40559593 0.18839996 0.21388745 0.07098641 0.03376083 0.03453093 0.05283849 
573.00000000 0.40525022 0.18833113 0.21410505 0.07108670 0.03370140 0.03464641 0.05287908 
574.00000000 0.40486815 0.18829856 0.21432278 0.07118897 0.03364817 0.03475473 0.05291863 
575.00000000 0.40444859 0.18830341 0.21454064 0.07129311 0.03360149 0.03485555 0.05295720 
576.00000000 0.40399055 0.18834673 0.21475861 0.07139901 0.03356174 0.03494853 0.05299483 
577.00000000 0.40349310 0.18842949 0.21497669 0.07150654 0.03352927 0.03503331 0.05303160 
578.00000000 0.40295544 0.18855256 0.21519488 0.07161556 0.03350444 0.03510957 0.05306756 
579.00000000 0.40237688 0.18871669 0.21541315 0.07172594 0.03348759 0.03517697 0.05310279 
580.00000000 0.40175686 0.18892255 0.21563150 0.07183752 0.03347906 0.03523516 0.05313735 
581.00000000 0.40109492 0.18917068 0.21584991 0.07195015 0.03347918 0.03528383 0.05317133 
582.00000000 0.40039074 0.18946149 0.21606838 0.07206367 0.03348826 0.03532266 0.05320479 
583.00000000 0.39964412 0.18979531 0.21628691 0.07217790 0.03350659 0.03535135 0.05323782 
584.00000000 0.39885498 0.19017231 0.21650547 0.07229270 0.03353446 0.03536960 0.05327049 
585.00000000 0.39802340 0.19059254 0.21672406 0.07240788 0.03357212 0.03537713 0.05330288 
586.00000000 0.39714955 0.19105592 0.21694269 0.07252328 0.03361981 0.03537368 0.05333506 
587.00000000 0.39623378 0.19156226 0.21716135 0.07263874 0.03367774 0.03535900 0.05336713 
588.00000000 0.39527655 0.19211120 0.21738004 0.07275409 0.03374610 0.03533288 0.05339914 
589.00000000 0.39427843 0.19270229 0.21759877 0.07286919 0.03382503 0.03529511 0.05343118 
590.00000000 0.39324017 0.19333489 0.21781754 0.07298387 0.03391469 0.03524551 0.05346333 
591.00000000 0.39216261 0.19400829 0.21803638 0.07309800 0.03401515 0.03518392 0.05349565 
592.00000000 0.39104674 0.19472159 0.21825530 0.07321144 0.03412650 0.03511023 0.05352820 
593.00000000 0.38989369 0.19547378 0.21847432 0.07332407 0.03424876 0.03502431 0.05356107 
594.00000000 0.38870468 0.19626373 0.21869347 0.07343577 0.03438193 0.03492612 0.05359430 
595.00000000 0.38748108 0.19709015 0.21891278 0.07354645 0.03452598 0.03481560 0.05362797 
596.00000000 0.38622437 0.19795165 0.21913229 0.07365600 0.03468084 0.03469275 0.05366211 
597.00000000 0.38493614 0.19884670 0.21935205 0.07376435 0.03484641 0.03455758 0.05369678 
598.00000000 0.38361810 0.19977364 0.21957209 0.07387144 0.03502253 0.03441016 0.05373204 
599.00000000 0.38227206 0.20073073 0.21979247 0.07397723 0.03520903 0.03425058 0.05376791 
600.00000000 0.38089994 0.20171608 0.22001324 0.07408167 0.03540569 0.03407896 0.05380443 
601.00000000 0.37950373 0.20272769 0.22023447 0.07418475 0.03561226 0.03389546 0.05384164 
602.00000000 0.37808555 0.20376349 0.22045621 0.07428646 0.03582845 0.03370028 0.05387956 
603.00000000 0.37664756 0.20482129 0.22067855 0.07438682 0.03605393 0.03349364 0.05391821 
604.00000000 0.37519203 0.20589881 0.22090153 0.07448585 0.03628835 0.03327581 0.05395761 
605.00000000 0.37372129 0.20699369 0.22112524 0.07458360 0.03653131 0.03304709 0.05399777 
606.00000000 0.37223773 0.20810349 0.22134976 0.07468013 0.03678240 0.03280782 0.05403868 
607.00000000 0.37074380 0.20922570 0.22157514 0.07477550 0.03704114 0.03255835 0.05408036 
608.00000000 0.36924201 0.21035775 0.22180148 0.07486981 0.03730707 0.03229909 0.05412279 
609.00000000 0.36773488 0.21149702 0.22202884 0.07496315 0.03757965 0.03203048 0.05416597 
610.00000000 0.36622501 0.21264083 0.22225730 0.07505565 0.03785837 0.03175297 0.05420987 
611.00000000 0.36471500 0.21378647 0.22248694 0.07514742 0.03814264 0.03146706 0.05425449 
612.00000000 0.36320746 0.21493120 0.22271781 0.07523860 0.03843189 0.03117326 0.05429978 
613.00000000 0.36170503 0.21607226 0.22294999 0.07532935 0.03872551 0.03087212 0.05434573 
614.00000000 0.36021036 0.21720688 0.22318355 0.07541982 0.03902287 0.03056422 0.05439230 
615.00000000 0.35872607 0.21833228 0.22341853 0.07551018 0.03932334 0.03025016 0.05443944 
616.00000000 0.35725479 0.21944569 0.22365500 0.07560060 0.03962626 0.02993053 0.05448713 
617.00000000 0.35579912 0.22054436 0.22389299 0.07569127 0.03993097 0.02960599 0.05453530 
618.00000000 0.35436164 0.22162554 0.22413255 0.07578238 0.04023679 0.02927718 0.05458392 
619.00000000 0.35294487 0.22268654 0.22437370 0.07587411 0.04054307 0.02894478 0.05463294 
620.00000000 0.35155132 0.22372470 0.22461648 0.07596666 0.04084910 0.02860945 0.05468229 
621.00000000 0.35018344 0.22473740 0.22486089 0.07606023 0.04115422 0.02827190 0.05473192 
622.00000000 0.34884360 0.22572210 0.22510694 0.07615501 0.04145775 0.02793283 0.05478177 
623.00000000 0.34753414 0.22667630 0.22535463 0.07625121 0.04175901 0.02759293 0.05483179 
624.00000000 0.34625730 0.22759760 0.22560393 0.07634902 0.04205733 0.02725292 0.05488190 
625.00000000 0.34501526 0.22848366 0.22585484 0.07644862 0.04235208 0.02691350 0.05493204 
626.00000000 0.34381010 0.22933224 0.22610730 0.07655022 0.04264260 0.02657538 0.05498216 
627.00000000 0.34264382 0.23014120 0.22636127 0.07665399 0.04292826 0.02623928 0.05503217 
628.00000000 0.34151834 0.23090848 0.22661670 0.07676011 0.04320846 0.02590587 0.05508203 
629.00000000 0.34043544 0.23163216 0.22687352 0.07686876 0.04348260 0.02557587 0.05513166 
630.00000000 0.33939682 0.23231041 0.22713165 0.07698008 0.04375012 0.02524993 0.05518099 
631.00000000 0.33840407 0.23294154 0.22739099 0.07709424 0.04401046 0.02492874 0.05522997 
632.00000000 0.33745864 0.23352396 0.22765145 0.07721137 0.04426312 0.02461294 0.05527852 
633.00000000 0.33656190 0.23405624 0.22791292 0.07733160 0.04450759 0.02430316 0.05532659 
634.00000000 0.33571506 0.23453706 0.22817528 0.07745506 0.04474342 0.02400001 0.05537410 
635.00000000 0.33491922 0.23496525 0.22843839 0.07758185 0.04497017 0.02370410 0.05542102 
636.00000000 0.33417534 0.23533977 0.22870214 0.07771206 0.04518743 0.02341599 0.05546726 
637.00000000 0.33348427 0.23565974 0.22896636 0.07784576 0.04539485 0.02313623 0.05551279 
638.00000000 0.33284671 0.23592440 0.22923091 0.07798303 0.04559209 0.02286534 0.05555753 
639.00000000 0.33226322 0.23613316 0.22949563 0.07812390 0.04577884 0.02260380 0.05560146 
640.00000000 0.33173423 0.23628556 0.22976036 0.07826841 0.04595485 0.02235209 0.05564450 
641.00000000 0.33126004 0.23638130 0.23002492 0.07841657 0.04611989 0.02211065 0.05568663 
642.00000000 0.33084080 0.23642022 0.23028916 0.07856838 0.04627378 0.02187986 0.05572780 
643.00000000 0.33047653 0.23640232 0.23055289 0.07872383 0.04641635 0.02166011 0.05576797 
644.00000000 0.33016712 0.23632773 0.23081594 0.07888288 0.04654751 0.02145173 0.05580710 
645.00000000 0.32991230 0.23619673 0.23107813 0.07904548 0.04666716 0.02125504 0.05584516 
646.00000000 0.32971169 0.23600975 0.23133929 0.07921156 0.04677528 0.02107029 0.05588213 
647.00000000 0.32956477 0.23576735 0.23159925 0.07938104 0.04687187 0.02089774 0.05591799 
648.00000000 0.32947089 0.23547023 0.23185782 0.07955382 0.04695695 0.02073758 0.05595271 
649.00000000 0.32942926 0.23511925 0.23211483 0.07972979 0.04703060 0.02058999 0.05598628 
650.00000000 0.32943899 0.23471535 0.23237014 0.07990881 0.04709294 0.02045510 0.05601868 
651.00000000 0.32949904 0.23425964 0.23262356 0.08009073 0.04714409 0.02033302 0.05604993 
652.00000000 0.32960828 0.23375334 0.23287494 0.08027540 0.04718423 0.02022381 0.05608000 
653.00000000 0.32976545 0.23319777 0.23312415 0.08046264 0.04721358 0.02012751 0.05610890 
654.00000000 0.32996918 0.23259439 0.23337103 0.08065226 0.04723236 0.02004413 0.05613665 
655.00000000 0.33021799 0.23194475 0.23361545 0.08084407 0.04724086 0.01997363 0.05616325 
656.00000000 0.33051033 0.23125051 0.23385728 0.08103785 0.04723935 0.01991595 0.05618872 
657.00000000 0.33084451 0.23051342 0.23409641 0.08123337 0.04722818 0.01987101 0.05621309 
658.00000000 0.33121880 0.22973532 0.23433274 0.08143041 0.04720768 0.01983869 0.05623637 
659.00000000 0.33163135 0.22891813 0.23456616 0.08162872 0.04717822 0.01981883 0.05625860 
660.00000000 0.33208024 0.22806385 0.23479658 0.08182805 0.04714020 0.01981127 0.05627981 
661.00000000 0.33256350 0.22717455 0.23502393 0.08202814 0.04709404 0.01981579 0.05630005 
662.00000000 0.33307906 0.22625237 0.23524815 0.08222874 0.04704015 0.01983218 0.05631935 
663.00000000 0.33362483 0.22529950 0.23546918 0.08242956 0.04697898 0.01986019 0.05633776 
664.00000000 0.33419863 0.22431817 0.23568696 0.08263035 0.04691099 0.01989954 0.05635534 
665.00000000 0.33479827 0.22331067 0.23590148 0.08283083 0.04683666 0.01994994 0.05637215 
666.00000000 0.33542151 0.22227931 0.23611270 0.08303072 0.04675645 0.02001108 0.05638823 
667.00000000 0.33606606 0.22122644 0.23632062 0.08322974 0.04667087 0.02008263 0.05640365 
668.00000000 0.33672963 0.22015441 0.23652522 0.08342762 0.04658039 0.02016424 0.05641849 
669.00000000 0.33740991 0.21906562 0.23672651 0.08362409 0.04648551 0.02025555 0.05643281 
670.00000000 0.33810456 0.21796244 0.23692451 0.08381888 0.04638674 0.02035619 0.05644667 
671.00000000 0.33881127 0.21684727 0.23711925 0.08401173 0.04628456 0.02046577 0.05646017 
672.00000000 0.33952770 0.21572247 0.23731074 0.08420236 0.04617947 0.02058389 0.05647337 
673.00000000 0.34025154 0.21459042 0.23749905 0.08439054 0.04607195 0.02071014 0.05648636 
674.00000000 0.34098050 0.21345346 0.23768420 0.08457602 0.04596249 0.02084412 0.05649922 
675.00000000 0.34171230 0.21231391 0.23786625 0.08475855 0.04585156 0.02098540 0.05651203 
676.00000000 0.34244470 0.21117405 0.23804527 0.08493793 0.04573962 0.02113356 0.05652488 
677.00000000 0.34317550 0.21003613 0.23822132 0.08511392 0.04562713 0.02128816 0.05653785 
678.00000000 0.34390253 0.20890234 0.23839446 0.08528632 0.04551452 0.02144879 0.05655104 
679.00000000 0.34462368 0.20777485 0.23856477 0.08545496 0.04540221 0.02161501 0.05656452 
680.00000000 0.34533690 0.20665574 0.23873233 0.08561964 0.04529061 0.02178639 0.05657839 
681.00000000 0.34604019 0.20554703 0.23889721 0.08578020 0.04518011 0.02196251 0.05659274 
682.00000000 0.34673162 0.20445071 0.23905949 0.08593650 0.04507109 0.02214294 0.05660766 
683.00000000 0.34740933 0.20336865 0.23921926 0.08608840 0.04496388 0.02232726 0.05662322 
684.00000000 0.34807153 0.20230267 0.23937660 0.08623579 0.04485883 0.02251507 0.05663952 
685.00000000 0.34871652 0.20125450 0.23953160 0.08637855 0.04475623 0.02270595 0.05665664 
686.00000000 0.34934270 0.20022581 0.23968433 0.08651662 0.04465638 0.02289950 0.05667467 
687.00000000 0.34994851 0.19921814 0.23983488 0.08664991 0.04455953 0.02309535 0.05669368 
688.00000000 0.35053254 0.19823296 0.23998333 0.08677837 0.04446593 0.02329310 0.05671376 
689.00000000 0.35109342 0.19727166 0.24012977 0.08690198 0.04437580 0.02349240 0.05673497 
690.00000000 0.35162993 0.19633551 0.24027426 0.08702072 0.04428931 0.02369288 0.05675740 
691.00000000 0.35214092 0.19542568 0.24041689 0.08713458 0.04420664 0.02389419 0.05678110 
692.00000000 0.35262534 0.19454325 0.24055773 0.08724359 0.04412793 0.02409601 0.05680616 
693.00000000 0.35308226 0.19368919 0.24069686 0.08734777 0.04405330 0.02429801 0.05683262 
694.00000000 0.35351084 0.19286436 0.24083433 0.08744718 0.04398284 0.02449990 0.05686055 
695.00000000 0.35391036 0.19206953 0.24097023 0.08754188 0.04391662 0.02470137 0.05689000 
696.00000000 0.35428021 0.19130534 0.24110462 0.08763196 0.04385469 0.02490216 0.05692102 
697.00000000 0.35461988 0.19057234 0.24123755 0.08771752 0.04379706 0.02510200 0.05695366 
698.00000000 0.35492895 0.18987095 0.24136909 0.08779866 0.04374374 0.02530065 0.05698795 
699.00000000 0.35520714 0.18920152 0.24149930 0.08787552 0.04369471 0.02549788 0.05702393 
700.00000000 0.35545426 0.18856426 0.24162823 0.08794823 0.04364993 0.02569347 0.05706163 
701.00000000 0.35567021 0.18795929 0.24175593 0.08801695 0.04360932 0.02588722 0.05710107 
702.00000000 0.35585502 0.18738662 0.24188247 0.08808184 0.04357282 0.02607896 0.05714227 
703.00000000 0.35600880 0.18684616 0.24200788 0.08814308 0.04354032 0.02626852 0.05718524 
704.00000000 0.35613177 0.18633771 0.24213223 0.08820085 0.04351170 0.02645574 0.05722999 
705.00000000 0.35622424 0.18586099 0.24225556 0.08825536 0.04348684 0.02664049 0.05727652 
706.00000000 0.35628662 0.18541562 0.24237792 0.08830679 0.04346558 0.02682265 0.05732483 
707.00000000 0.35631939 0.18500111 0.24249935 0.08835537 0.04344776 0.02700211 0.05737491 
708.00000000 0.35632314 0.18461691 0.24261992 0.08840131 0.04343321 0.02717878 0.05742673 
709.00000000 0.35629852 0.18426236 0.24273966 0.08844484 0.04342174 0.02735259 0.05748028 
710.00000000 0.35624627 0.18393674 0.24285864 0.08848618 0.04341318 0.02752347 0.05753553 
711.00000000 0.35616720 0.18363922 0.24297689 0.08852557 0.04340730 0.02769137 0.05759244 
712.00000000 0.35606220 0.18336894 0.24309448 0.08856324 0.04340391 0.02785626 0.05765099 
713.00000000 0.35593219 0.18312494 0.24321145 0.08859941 0.04340278 0.02801811 0.05771111 
714.00000000 0.35577817 0.18290622 0.24332787 0.08863434 0.04340372 0.02817690 0.05777278 
715.00000000 0.35560121 0.18271171 0.24344379 0.08866825 0.04340649 0.02833263 0.05783592 
716.00000000 0.35540239 0.18254028 0.24355928 0.08870138 0.04341088 0.02848531 0.05790048 
717.00000000 0.35518286 0.18239077 0.24367439 0.08873396 0.04341666 0.02863495 0.05796641 
718.00000000 0.35494380 0.18226197 0.24378920 0.08876621 0.04342363 0.02878159 0.05803362 
719.00000000 0.35468640 0.18215264 0.24390376 0.08879835 0.04343156 0.02892524 0.05810205 
720.00000000 0.35441190 0.18206151 0.24401815 0.08883061 0.04344025 0.02906595 0.05817163 
721.00000000 0.35412155 0.18198728 0.24413244 0.08886320 0.04344949 0.02920377 0.05824227 
722.00000000 0.35381661 0.18192865 0.24424670 0.08889631 0.04345909 0.02933875 0.05831390 
723.00000000 0.35349834 0.18188428 0.24436102 0.08893015 0.04346886 0.02947093 0.05838642 
724.00000000 0.35316802 0.18185285 0.24447546 0.08896490 0.04347862 0.02960039 0.05845975 
725.00000000 0.35282692 0.18183304 0.24459011 0.08900074 0.04348820 0.02972718 0.05853381 
726.00000000 0.35247628 0.18182352 0.24470505 0.08903785 0.04349745 0.02985137 0.05860849 
727.00000000 0.35211734 0.18182299 0.24482036 0.08907636 0.04350622 0.02997301 0.05868371 
728.00000000 0.35175132 0.18183016 0.24493612 0.08911645 0.04351439 0.03009219 0.05875937 
729.00000000 0.35137941 0.18184377 0.24505241 0.08915823 0.04352183 0.03020896 0.05883538 
730.00000000 0.35100277 0.18186259 0.24516932 0.08920184 0.04352845 0.03032339 0.05891165 
731.00000000 0.35062252 0.18188541 0.24528693 0.08924738 0.04353415 0.03043553 0.05898807 
732.00000000 0.35023974 0.18191108 0.24540532 0.08929495 0.04353888 0.03054546 0.05906456 
733.00000000 0.34985547 0.18193849 0.24552457 0.08934465 0.04354257 0.03065323 0.05914101 
734.00000000 0.34947068 0.18196658 0.24564476 0.08939655 0.04354519 0.03075889 0.05921735 
735.00000000 0.34908631 0.18199435 0.24576597 0.08945069 0.04354672 0.03086249 0.05929347 
736.00000000 0.34870323 0.18202084 0.24588826 0.08950715 0.04354716 0.03096408 0.05936929 
737.00000000 0.34832225 0.18204517 0.24601171 0.08956594 0.04354652 0.03106369 0.05944472 
738.00000000 0.34794412 0.18206653 0.24613638 0.08962709 0.04354484 0.03116136 0.05951968 
739.00000000 0.34756952 0.18208416 0.24626234 0.08969061 0.04354217 0.03125712 0.05959408 
740.00000000 0.34719907 0.18209739 0.24638965 0.08975650 0.04353857 0.03135098 0.05966784 
741.00000000 0.34683330 0.18210563 0.24651835 0.08982473 0.04353413 0.03144296 0.05974090 
742.00000000 0.34647268 0.18210833 0.24664849 0.08989529 0.04352896 0.03153307 0.05981317 
743.00000000 0.34611760 0.18210507 0.24678012 0.08996814 0.04352316 0.03162130 0.05988460 
744.00000000 0.34576839 0.18209548 0.24691328 0.09004322 0.04351687 0.03170766 0.05995511 
745.00000000 0.34542528 0.18207926 0.24704798 0.09012047 0.04351024 0.03179211 0.06002465 
746.00000000 0.34508844 0.18205622 0.24718427 0.09019983 0.04350343 0.03187464 0.06009317 
747.00000000 0.34475797 0.18202623 0.24732215 0.09028122 0.04349661 0.03195521 0.06016060 
748.00000000 0.34443387 0.18198926 0.24746164 0.09036454 0.04348998 0.03203380 0.06022691 
749.00000000 0.34411609 0.18194535 0.24760274 0.09044970 0.04348372 0.03211034 0.06029206 
750.00000000 0.34380449 0.18189461 0.24774545 0.09053660 0.04347806 0.03218479 0.06035601 
751.00000000 0.34349886 0.18183724 0.24788975 0.09062513 0.04347320 0.03225709 0.06041873 
752.00000000 0.34319894 0.18177352 0.24803564 0.09071516 0.04346938 0.03232717 0.06048019 
753.00000000 0.34290437 0.18170379 0.24818310 0.09080659 0.04346683 0.03239495 0.06054038 
754.00000000 0.34261474 0.18162847 0.24833208 0.09089929 0.04346580 0.03246035 0.06059927 
755.00000000 0.34232959 0.18154805 0.24848256 0.09099312 0.04346651 0.03252329 0.06065686 
756.00000000 0.34204838 0.18146309 0.24863451 0.09108796 0.04346923 0.03258368 0.06071315 
757.00000000 0.34177052 0.18137419 0.24878786 0.09118368 0.04347421 0.03264142 0.06076813 
758.00000000 0.34149537 0.18128203 0.24894257 0.09128014 0.04348169 0.03269640 0.06082180 
759.00000000 0.34122223 0.18118733 0.24909859 0.09137722 0.04349193 0.03274852 0.06087418 
760.00000000 0.34095037 0.18109087 0.24925584 0.09147478 0.04350517 0.03279768 0.06092528 
761.00000000 0.34067902 0.18099347 0.24941427 0.09157269 0.04352166 0.03284376 0.06097512 
762.00000000 0.34040735 0.18089598 0.24957381 0.09167083 0.04354165 0.03288665 0.06102372 
763.00000000 0.34013453 0.18079931 0.24973439 0.09176907 0.04356536 0.03292624 0.06107111 
764.00000000 0.33985967 0.18070437 0.24989592 0.09186729 0.04359303 0.03296240 0.06111731 
765.00000000 0.33958189 0.18061211 0.25005834 0.09196539 0.04362487 0.03299502 0.06116237 
766.00000000 0.33930027 0.18052351 0.25022156 0.09206326 0.04366110 0.03302399 0.06120633 
767.00000000 0.33901388 0.18043953 0.25038550 0.09216078 0.04370190 0.03304919 0.06124921 
768.00000000 0.33872180 0.18036117 0.25055008 0.09225788 0.04374748 0.03307051 0.06129107 
769.00000000 0.33842309 0.18028943 0.25071522 0.09235445 0.04379801 0.03308784 0.06133196 
770.00000000 0.33811683 0.18022528 0.25088083 0.09245043 0.04385363 0.03310107 0.06137193 
771.00000000 0.33780208 0.18016972 0.25104685 0.09254573 0.04391451 0.03311010 0.06141102 
772.00000000 0.33747793 0.18012370 0.25121317 0.09264031 0.04398076 0.03311483 0.06144930 
773.00000000 0.33714351 0.18008817 0.25137974 0.09273410 0.04405251 0.03311517 0.06148681 
774.00000000 0.33679793 0.18006405 0.25154647 0.09282706 0.04412984 0.03311103 0.06152363 
775.00000000 0.33644036 0.18005224 0.25171328 0.09291915 0.04421284 0.03310232 0.06155980 
776.00000000 0.33606999 0.18005359 0.25188012 0.09301035 0.04430156 0.03308899 0.06159539 
777.00000000 0.33568606 0.18006892 0.25204690 0.09310065 0.04439604 0.03307095 0.06163047 
778.00000000 0.33528784 0.18009901 0.25221356 0.09319003 0.04449631 0.03304816 0.06166509 
779.00000000 0.33487463 0.18014457 0.25238005 0.09327850 0.04460237 0.03302057 0.06169931 
780.00000000 0.33444582 0.18020628 0.25254630 0.09336608 0.04471419 0.03298813 0.06173321 
781.00000000 0.33400083 0.18028474 0.25271227 0.09345277 0.04483173 0.03295082 0.06176684 
782.00000000 0.33353913 0.18038053 0.25287789 0.09353861 0.04495495 0.03290862 0.06180026 
783.00000000 0.33306027 0.18049411 0.25304314 0.09362364 0.04508376 0.03286152 0.06183355 
784.00000000 0.33256385 0.18062593 0.25320796 0.09370791 0.04521807 0.03280952 0.06186675 
785.00000000 0.33204955 0.18077631 0.25337233 0.09379146 0.04535776 0.03275265 0.06189994 
786.00000000 0.33151711 0.18094556 0.25353620 0.09387435 0.04550269 0.03269092 0.06193317 
787.00000000 0.33096634 0.18113386 0.25369956 0.09395666 0.04565270 0.03262438 0.06196651 
788.00000000 0.33039713 0.18134134 0.25386237 0.09403845 0.04580764 0.03255307 0.06200000 
789.00000000 0.32980944 0.18156806 0.25402462 0.09411980 0.04596730 0.03247707 0.06203371 
790.00000000 0.32920332 0.18181397 0.25418630 0.09420079 0.04613148 0.03239644 0.06206769 
791.00000000 0.32857887 0.18207898 0.25434740 0.09428152 0.04629997 0.03231129 0.06210198 
792.00000000 0.32793631 0.18236287 0.25450789 0.09436205 0.04647252 0.03222170 0.06213665 
793.00000000 0.32727590 0.18266539 0.25466779 0.09444250 0.04664888 0.03212779 0.06217174 
794.00000000 0.32659800 0.18298617 0.25482710 0.09452295 0.04682878 0.03202970 0.06220730 
795.00000000 0.32590304 0.18332477 0.25498580 0.09460351 0.04701196 0.03192756 0.06224336 
796.00000000 0.32519154 0.18368068 0.25514391 0.09468425 0.04719812 0.03182153 0.06227997 
797.00000000 0.32446409 0.18405329 0.25530144 0.09476529 0.04738696 0.03171176 0.06231717 
798.00000000 0.32372134 0.18444195 0.25545840 0.09484671 0.04757817 0.03159845 0.06235498 
799.00000000 0.32296404 0.18484588 0.25561479 0.09492862 0.04777144 0.03148177 0.06239345 
800.00000000 0.32219301 0.18526428 0.25577063 0.09501110 0.04796645 0.03136193 0.06243261 
801.00000000 0.32140912 0.18569624 0.25592593 0.09509424 0.04816286 0.03123913 0.06247247 
802.00000000 0.32061333 0.18614081 0.25608071 0.09517814 0.04836034 0.03111361 0.06251306 
803.00000000 0.31980666 0.18659694 0.25623499 0.09526288 0.04855855 0.03098559 0.06255440 
804.00000000 0.31899018 0.18706355 0.25638878 0.09534854 0.04875714 0.03085531 0.06259650 
805.00000000 0.31816504 0.18753949 0.25654209 0.09543519 0.04895578 0.03072303 0.06263938 
806.00000000 0.31733242 0.18802354 0.25669495 0.09552291 0.04915413 0.03058901 0.06268305 
807.00000000 0.31649357 0.18851444 0.25684738 0.09561177 0.04935183 0.03045351 0.06272751 
808.00000000 0.31564979 0.18901089 0.25699938 0.09570183 0.04954854 0.03031681 0.06277276 
809.00000000 0.31480241 0.18951154 0.25715097 0.09579314 0.04974394 0.03017919 0.06281880 
810.00000000 0.31395282 0.19001499 0.25730217 0.09588577 0.04993768 0.03004094 0.06286563 
811.00000000 0.31310242 0.19051982 0.25745299 0.09597976 0.05012943 0.02990235 0.06291323 
812.00000000 0.31225266 0.19102457 0.25760345 0.09607515 0.05031887 0.02976372 0.06296159 
813.00000000 0.31140500 0.19152776 0.25775356 0.09617198 0.05050568 0.02962534 0.06301069 
814.00000000 0.31056093 0.19202789 0.25790331 0.09627028 0.05068954 0.02948753 0.06306052 
815.00000000 0.30972196 0.19252344 0.25805274 0.09637007 0.05087016 0.02935058 0.06311104 
816.00000000 0.30888960 0.19301289 0.25820183 0.09647138 0.05104725 0.02921481 0.06316224 
817.00000000 0.30806537 0.19349470 0.25835061 0.09657422 0.05122051 0.02908052 0.06321407 
818.00000000 0.30725078 0.19396735 0.25849906 0.09667861 0.05138967 0.02894802 0.06326651 
819.00000000 0.30644735 0.19442931 0.25864720 0.09678454 0.05155448 0.02881761 0.06331950 
820.00000000 0.30565659 0.19487906 0.25879503 0.09689202 0.05171467 0.02868960 0.06337302 
821.00000000 0.30487998 0.19531511 0.25894254 0.09700105 0.05187003 0.02856427 0.06342702 
822.00000000 0.30411898 0.19573597 0.25908974 0.09711162 0.05202031 0.02844194 0.06348144 
823.00000000 0.30337504 0.19614019 0.25923662 0.09722372 0.05216530 0.02832289 0.06353623 
824.00000000 0.30264957 0.19652636 0.25938318 0.09733733 0.05230482 0.02820740 0.06359134 
825.00000000 0.30194392 0.19689309 0.25952941 0.09745243 0.05243868 0.02809575 0.06364672 
826.00000000 0.30125945 0.19723903 0.25967530 0.09756901 0.05256670 0.02798821 0.06370229 
827.00000000 0.30059742 0.19756289 0.25982085 0.09768704 0.05268873 0.02788505 0.06375801 
828.00000000 0.29995908 0.19786342 0.25996604 0.09780649 0.05280465 0.02778652 0.06381380 
829.00000000 0.29934561 0.19813942 0.26011088 0.09792734 0.05291432 0.02769285 0.06386959 
830.00000000 0.29875811 0.19838976 0.26025534 0.09804954 0.05301763 0.02760429 0.06392533 
831.00000000 0.29819766 0.19861337 0.26039941 0.09817307 0.05311450 0.02752105 0.06398093 
832.00000000 0.29766523 0.19880924 0.26054309 0.09829790 0.05320485 0.02744335 0.06403633 
833.00000000 0.29716175 0.19897643 0.26068636 0.09842398 0.05328863 0.02737138 0.06409146 
834.00000000 0.29668806 0.19911410 0.26082920 0.09855128 0.05336579 0.02730532 0.06414625 
835.00000000 0.29624493 0.19922144 0.26097160 0.09867976 0.05343630 0.02724535 0.06420062 
836.00000000 0.29583304 0.19929776 0.26111354 0.09880937 0.05350016 0.02719163 0.06425450 
837.00000000 0.29545299 0.19934244 0.26125501 0.09894007 0.05355738 0.02714428 0.06430782 
838.00000000 0.29510531 0.19935494 0.26139600 0.09907182 0.05360797 0.02710345 0.06436051 
839.00000000 0.29479043 0.19933481 0.26153648 0.09920457 0.05365197 0.02706924 0.06441250 
840.00000000 0.29450868 0.19928169 0.26167644 0.09933828 0.05368944 0.02704174 0.06446372 
841.00000000 0.29426032 0.19919532 0.26181587 0.09947289 0.05372045 0.02702104 0.06451411 
842.00000000 0.29404550 0.19907551 0.26195474 0.09960837 0.05374509 0.02700720 0.06456359 
843.00000000 0.29386431 0.19892218 0.26209303 0.09974465 0.05376345 0.02700027 0.06461211 
844.00000000 0.29371670 0.19873535 0.26223073 0.09988168 0.05377566 0.02700027 0.06465961 
845.00000000 0.29360256 0.19851510 0.26236782 0.10001942 0.05378184 0.02700722 0.06470604 
846.00000000 0.29352169 0.19826165 0.26250428 0.10015780 0.05378213 0.02702111 0.06475134 
847.00000000 0.29347377 0.19797527 0.26264009 0.10029677 0.05377670 0.02704193 0.06479545 
848.00000000 0.29345843 0.19765636 0.26277523 0.10043627 0.05376571 0.02706965 0.06483835 
849.00000000 0.29347516 0.19730539 0.26290968 0.10057624 0.05374936 0.02710420 0.06487998 
850.00000000 0.29352340 0.19692291 0.26304343 0.10071661 0.05372782 0.02714552 0.06492031 
851.00000000 0.29360249 0.19650960 0.26317644 0.10085731 0.05370133 0.02719353 0.06495931 
852.00000000 0.29371168 0.19606618 0.26330869 0.10099829 0.05367008 0.02724812 0.06499695 
853.00000000 0.29385014 0.19559349 0.26344018 0.10113947 0.05363431 0.02730919 0.06503322 
854.00000000 0.29401698 0.19509243 0.26357087 0.10128077 0.05359427 0.02737659 0.06506809 
855.00000000 0.29421121 0.19456399 0.26370074 0.10142212 0.05355019 0.02745020 0.06510156 
856.00000000 0.29443176 0.19400923 0.26382977 0.10156344 0.05350233 0.02752984 0.06513363 
857.00000000 0.29467751 0.19342929 0.26395794 0.10170466 0.05345097 0.02761535 0.06516428 
858.00000000 0.29494728 0.19282538 0.26408522 0.10184568 0.05339636 0.02770655 0.06519354 
859.00000000 0.29523979 0.19219876 0.26421160 0.10198643 0.05333878 0.02780324 0.06522141 
860.00000000 0.29555374 0.19155077 0.26433704 0.10212681 0.05327852 0.02790521 0.06524791 
861.00000000 0.29588777 0.19088279 0.26446154 0.10226674 0.05321586 0.02801225 0.06527306 
862.00000000 0.29624045 0.19019627 0.26458506 0.10240612 0.05315109 0.02812412 0.06529691 
863.00000000 0.29661031 0.18949269 0.26470758 0.10254486 0.05308449 0.02824059 0.06531947 
864.00000000 0.29699587 0.18877358 0.26482909 0.10268286 0.05301637 0.02836142 0.06534080 
865.00000000 0.29739559 0.18804051 0.26494956 0.10282003 0.05294702 0.02848635 0.06536094 
866.00000000 0.29780789 0.18729508 0.26506897 0.10295628 0.05287672 0.02861513 0.06537993 
867.00000000 0.29823119 0.18653891 0.26518730 0.10309149 0.05280577 0.02874748 0.06539785 
868.00000000 0.29866388 0.18577366 0.26530454 0.10322558 0.05273446 0.02888314 0.06541475 
869.00000000 0.29910434 0.18500097 0.26542066 0.10335843 0.05266307 0.02902183 0.06543069 
870.00000000 0.29955094 0.18422253 0.26553566 0.10348997 0.05259189 0.02916327 0.06544574 
871.00000000 0.30000204 0.18344001 0.26564952 0.10362008 0.05252118 0.02930718 0.06545999 
872.00000000 0.30045601 0.18265509 0.26576222 0.10374866 0.05245123 0.02945328 0.06547350 
873.00000000 0.30091123 0.18186943 0.26587376 0.10387564 0.05238229 0.02960129 0.06548636 
874.00000000 0.30136609 0.18108469 0.26598413 0.10400091 0.05231461 0.02975092 0.06549865 
875.00000000 0.30181900 0.18030250 0.26609333 0.10412438 0.05224846 0.02990189 0.06551045 
876.00000000 0.30226838 0.17952449 0.26620134 0.10424596 0.05218405 0.03005391 0.06552186 
877.00000000 0.30271269 0.17875224 0.26630818 0.10436558 0.05212162 0.03020672 0.06553297 
878.00000000 0.30315044 0.17798729 0.26641384 0.10448315 0.05206140 0.03036003 0.06554386 
879.00000000 0.30358015 0.17723117 0.26651832 0.10459860 0.05200357 0.03051357 0.06555463 
880.00000000 0.30400039 0.17648534 0.26662164 0.10471186 0.05194833 0.03066707 0.06556536 
881.00000000 0.30440979 0.17575122 0.26672381 0.10482287 0.05189587 0.03082029 0.06557616 
882.00000000 0.30480701 0.17503018 0.26682485 0.10493157 0.05184634 0.03097295 0.06558711 
883.00000000 0.30519079 0.17432352 0.26692476 0.10503790 0.05179991 0.03112481 0.06559831 
884.00000000 0.30555991 0.17363251 0.26702357 0.10514182 0.05175671 0.03127563 0.06560984 
885.00000000 0.30591322 0.17295832 0.26712131 0.10524331 0.05171686 0.03142518 0.06562180 
886.00000000 0.30624963 0.17230207 0.26721800 0.10534231 0.05168048 0.03157324 0.06563426 
887.00000000 0.30656813 0.17166480 0.26731368 0.10543883 0.05164766 0.03171958 0.06564732 
888.00000000 0.30686777 0.17104749 0.26740838 0.10553283 0.05161847 0.03186400 0.06566106 
889.00000000 0.30714769 0.17045101 0.26750214 0.10562432 0.05159299 0.03200630 0.06567555 
890.00000000 0.30740708 0.16987620 0.26759500 0.10571329 0.05157126 0.03214630 0.06569087 
891.00000000 0.30764523 0.16932378 0.26768700 0.10579977 0.05155331 0.03228382 0.06570709 
892.00000000 0.30786150 0.16879439 0.26777819 0.10588377 0.05153917 0.03241869 0.06572428 
893.00000000 0.30805533 0.16828861 0.26786863 0.10596532 0.05152884 0.03255076 0.06574251 
894.00000000 0.30822625 0.16780692 0.26795835 0.10604446 0.05152231 0.03267989 0.06576182 
895.00000000 0.30837386 0.16734970 0.26804743 0.10612123 0.05151955 0.03280594 0.06578229 
896.00000000 0.30849785 0.16691727 0.26813591 0.10619570 0.05152053 0.03292878 0.06580395 
897.00000000 0.30859800 0.16650986 0.26822385 0.10626792 0.05152520 0.03304832 0.06582685 
898.00000000 0.30867414 0.16612759 0.26831132 0.10633798 0.05153349 0.03316445 0.06585104 
899.00000000 0.30872622 0.16577053 0.26839837 0.10640594 0.05154532 0.03327708 0.06587654 
900.00000000 0.30875425 0.16543865 0.26848507 0.10647189 0.05156062 0.03338613 0.06590339 
901.00000000 0.30875832 0.16513183 0.26857148 0.10653595 0.05157927 0.03349153 0.06593161 
902.00000000 0.30873860 0.16484989 0.26865767 0.10659819 0.05160118 0.03359324 0.06596122 
903.00000000 0.30869534 0.16459256 0.26874369 0.10665875 0.05162622 0.03369120 0.06599224 
904.00000000 0.30862884 0.16435949 0.26882962 0.10671772 0.05165428 0.03378538 0.06602467 
905.00000000 0.30853950 0.16415028 0.26891551 0.10677525 0.05168521 0.03387574 0.06605852 
906.00000000 0.30842778 0.16396442 0.26900142 0.10683144 0.05171887 0.03396229 0.06609379 
907.00000000 0.30829419 0.16380138 0.26908742 0.10688643 0.05175512 0.03404500 0.06613047 
908.00000000 0.30813932 0.16366054 0.26917355 0.10694036 0.05179380 0.03412387 0.06616854 
909.00000000 0.30796381 0.16354123 0.26925989 0.10699337 0.05183477 0.03419893 0.06620800 
910.00000000 0.30776835 0.16344270 0.26934648 0.10704561 0.05187786 0.03427018 0.06624883 
911.00000000 0.30755370 0.16336419 0.26943337 0.10709720 0.05192290 0.03433765 0.06629099 
912.00000000 0.30732065 0.16330486 0.26952062 0.10714831 0.05196974 0.03440137 0.06633446 
913.00000000 0.30707004 0.16326383 0.26960826 0.10719907 0.05201821 0.03446138 0.06637921 
914.00000000 0.30680275 0.16324021 0.26969633 0.10724964 0.05206815 0.03451772 0.06642520 
915.00000000 0.30651968 0.16323303 0.26978489 0.10730017 0.05211940 0.03457045 0.06647239 
916.00000000 0.30622179 0.16324133 0.26987395 0.10735080 0.05217179 0.03461962 0.06652073 
917.00000000 0.30591004 0.16326410 0.26996355 0.10740167 0.05222516 0.03466529 0.06657019 
918.00000000 0.30558543 0.16330032 0.27005371 0.10745293 0.05227938 0.03470753 0.06662070 
919.00000000 0.30524897 0.16334895 0.27014446 0.10750472 0.05233428 0.03474639 0.06667223 
920.00000000 0.30490167 0.16340894 0.27023581 0.10755718 0.05238972 0.03478197 0.06672471 
921.00000000 0.30454458 0.16347924 0.27032778 0.10761044 0.05244556 0.03481432 0.06677808 
922.00000000 0.30417871 0.16355879 0.27042037 0.10766463 0.05250167 0.03484352 0.06683230 
923.00000000 0.30380512 0.16364653 0.27051358 0.10771988 0.05255793 0.03486966 0.06688730 
924.00000000 0.30342482 0.16374141 0.27060743 0.10777629 0.05261422 0.03489282 0.06694302 
925.00000000 0.30303883 0.16384239 0.27070189 0.10783399 0.05267043 0.03491307 0.06699939 
926.00000000 0.30264818 0.16394845 0.27079697 0.10789309 0.05272646 0.03493049 0.06705636 
927.00000000 0.30225383 0.16405859 0.27089264 0.10795367 0.05278222 0.03494518 0.06711387 
928.00000000 0.30185677 0.16417182 0.27098890 0.10801584 0.05283763 0.03495720 0.06717184 
929.00000000 0.30145793 0.16428719 0.27108572 0.10807968 0.05289261 0.03496665 0.06723022 
930.00000000 0.30105822 0.16440378 0.27118308 0.10814526 0.05294710 0.03497361 0.06728895 
931.00000000 0.30065854 0.16452069 0.27128095 0.10821267 0.05300104 0.03497815 0.06734795 
932.00000000 0.30025973 0.16463708 0.27137930 0.10828195 0.05305440 0.03498036 0.06740717 
933.00000000 0.29986260 0.16475213 0.27147809 0.10835317 0.05310715 0.03498031 0.06746654 
934.00000000 0.29946790 0.16486507 0.27157730 0.10842637 0.05315925 0.03497808 0.06752602 
935.00000000 0.29907638 0.16497518 0.27167688 0.10850159 0.05321070 0.03497375 0.06758552 
936.00000000 0.29868869 0.16508177 0.27177680 0.10857885 0.05326150 0.03496739 0.06764501 
937.00000000 0.29830548 0.16518422 0.27187701 0.10865817 0.05331164 0.03495906 0.06770441 
938.00000000 0.29792732 0.16528196 0.27197747 0.10873957 0.05336116 0.03494884 0.06776368 
939.00000000 0.29755473 0.16537445 0.27207814 0.10882306 0.05341006 0.03493679 0.06782277 
940.00000000 0.29718820 0.16546122 0.27217897 0.10890862 0.05345840 0.03492298 0.06788161 
941.00000000 0.29682812 0.16554187 0.27227993 0.10899624 0.05350621 0.03490747 0.06794017 
942.00000000 0.29647488 0.16561602 0.27238097 0.10908590 0.05355354 0.03489031 0.06799839 
943.00000000 0.29612876 0.16568338 0.27248204 0.10917758 0.05360046 0.03487156 0.06805622 
944.00000000 0.29579003 0.16574370 0.27258310 0.10927123 0.05364702 0.03485128 0.06811363 
945.00000000 0.29545888 0.16579678 0.27268412 0.10936682 0.05369331 0.03482951 0.06817058 
946.00000000 0.29513543 0.16584250 0.27278505 0.10946430 0.05373941 0.03480630 0.06822701 
947.00000000 0.29481978 0.16588076 0.27288585 0.10956360 0.05378539 0.03478170 0.06828291 
948.00000000 0.29451194 0.16591156 0.27298649 0.10966467 0.05383136 0.03475575 0.06833823 
949.00000000 0.29421189 0.16593491 0.27308692 0.10976744 0.05387741 0.03472848 0.06839294 
950.00000000 0.29391954 0.16595091 0.27318713 0.10987183 0.05392363 0.03469994 0.06844702 
951.00000000 0.29363476 0.16595968 0.27328707 0.10997777 0.05397014 0.03467016 0.06850043 
952.00000000 0.29335735 0.16596141 0.27338671 0.11008517 0.05401703 0.03463917 0.06855315 
953.00000000 0.29308709 0.16595633 0.27348604 0.11019395 0.05406442 0.03460700 0.06860517 
954.00000000 0.29282370 0.16594473 0.27358502 0.11030401 0.05411241 0.03457368 0.06865646 
955.00000000 0.29256683 0.16592691 0.27368364 0.11041525 0.05416112 0.03453923 0.06870701 
956.00000000 0.29231613 0.16590326 0.27378187 0.11052759 0.05421066 0.03450368 0.06875680 
957.00000000 0.29207119 0.16587417 0.27387970 0.11064092 0.05426113 0.03446705 0.06880583 
958.00000000 0.29183157 0.16584009 0.27397712 0.11075514 0.05431265 0.03442936 0.06885408 
959.00000000 0.29159677 0.16580148 0.27407411 0.11087015 0.05436532 0.03439062 0.06890155 
960.00000000 0.29136629 0.16575886 0.27417067 0.11098584 0.05441925 0.03435086 0.06894823 
961.00000000 0.29113960 0.16571276 0.27426678 0.11110211 0.05447454 0.03431009 0.06899413 
962.00000000 0.29091612 0.16566374 0.27436245 0.11121885 0.05453129 0.03426831 0.06903925 
963.00000000 0.29069527 0.16561238 0.27445766 0.11133595 0.05458960 0.03422555 0.06908359 
964.00000000 0.29047645 0.16555928 0.27455242 0.11145332 0.05464955 0.03418182 0.06912715 
965.00000000 0.29025904 0.16550505 0.27464674 0.11157085 0.05471123 0.03413713 0.06916996 
966.00000000 0.29004241 0.16545033 0.27474060 0.11168844 0.05477472 0.03409148 0.06921202 
967.00000000 0.28982592 0.16539576 0.27483402 0.11180598 0.05484009 0.03404489 0.06925334 
968.00000000 0.28960892 0.16534196 0.27492701 0.11192339 0.05490742 0.03399737 0.06929394 
969.00000000 0.28939078 0.16528959 0.27501956 0.11204056 0.05497675 0.03394892 0.06933384 
970.00000000 0.28917085 0.16523929 0.27511168 0.11215740 0.05504814 0.03389957 0.06937306 
971.00000000 0.28894851 0.16519171 0.27520338 0.11227383 0.05512164 0.03384931 0.06941163 
972.00000000 0.28872311 0.16514745 0.27529467 0.11238975 0.05519729 0.03379816 0.06944956 
973.00000000 0.28849406 0.16510716 0.27538556 0.11250509 0.05527511 0.03374613 0.06948689 
974.00000000 0.28826075 0.16507143 0.27547605 0.11261976 0.05535512 0.03369324 0.06952365 
975.00000000 0.28802261 0.16504084 0.27556616 0.11273370 0.05543734 0.03363949 0.06955986 
976.00000000 0.28777909 0.16501597 0.27565589 0.11284683 0.05552177 0.03358490 0.06959556 
977.00000000 0.28752965 0.16499735 0.27574524 0.11295909 0.05560840 0.03352949 0.06963079 
978.00000000 0.28727379 0.16498550 0.27583423 0.11307041 0.05569721 0.03347328 0.06966557 
979.00000000 0.28701105 0.16498091 0.27592286 0.11318075 0.05578819 0.03341629 0.06969995 
980.00000000 0.28674100 0.16498402 0.27601114 0.11329005 0.05588129 0.03335854 0.06973397 
981.00000000 0.28646322 0.16499526 0.27609908 0.11339826 0.05597648 0.03330005 0.06976766 
982.00000000 0.28617736 0.16501501 0.27618666 0.11350535 0.05607370 0.03324085 0.06980107 
983.00000000 0.28588310 0.16504361 0.27627391 0.11361128 0.05617288 0.03318098 0.06983423 
984.00000000 0.28558016 0.16508136 0.27636082 0.11371602 0.05627397 0.03312046 0.06986720 
985.00000000 0.28526831 0.16512853 0.27644740 0.11381955 0.05637687 0.03305933 0.06990001 
986.00000000 0.28494736 0.16518531 0.27653363 0.11392185 0.05648150 0.03299764 0.06993271 
987.00000000 0.28461716 0.16525188 0.27661953 0.11402290 0.05658777 0.03293542 0.06996534 
988.00000000 0.28427763 0.16532835 0.27670509 0.11412270 0.05669555 0.03287273 0.06999794 
989.00000000 0.28392872 0.16541480 0.27679031 0.11422125 0.05680475 0.03280961 0.07003056 
990.00000000 0.28357043 0.16551125 0.27687519 0.11431854 0.05691523 0.03274611 0.07006325 
991.00000000 0.28320282 0.16561765 0.27695971 0.11441459 0.05702687 0.03268231 0.07009604 
992.00000000 0.28282600 0.16573394 0.27704389 0.11450941 0.05713953 0.03261825 0.07012898 
993.00000000 0.28244012 0.16585997 0.27712771 0.11460302 0.05725306 0.03255401 0.07016212 
994.00000000 0.28204539 0.16599556 0.27721116 0.11469544 0.05736731 0.03248965 0.07019548 
995.00000000 0.28164208 0.16614047 0.27729425 0.11478669 0.05748213 0.03242526 0.07022912 
996.00000000 0.28123047 0.16629442 0.27737696 0.11487682 0.05759735 0.03236092 0.07026306 
997.00000000 0.28081094 0.16645706 0.27745929 0.11496586 0.05771280 0.03229669 0.07029735 
998.00000000 0.28038388 0.16662801 0.27754124 0.11505386 0.05782830 0.03223269 0.07033202 
999.00000000 0.27994974 0.16680683 0.27762280 0.11514085 0.05794369 0.03216899 0.07036711 
