0.000000 -11.269711 0.000000 11.269711 0.000000 11.269711 0.000000 11.269711 0.000000 11.269711 0.000000 -33.809132 0.000000 11.269711 0.000000 -11.269711 0.000000 11.269711 0.000000 11.269711 0.000000 -33.809132 0.000000 -11.269711 0.000000 11.269711 0.000000 -11.269711 0.000000 -11.269711 0.000000 -11.269711 0.000000 
0.050000 -6.470000 0.000000 7.384717 1.051375 7.384717 -1.051375 8.299435 0.000000 6.470000 0.986587 -22.228620 -2.102751 7.459185 0.000000 -8.299435 -1.116164 6.470000 -0.986587 7.459185 0.000000 -22.228620 2.102751 -8.299435 1.116164 6.470000 0.000000 -7.384717 -1.051375 -7.384717 1.051375 -8.299435 0.000000 
0.100000 -0.033674 0.000000 1.961573 0.570101 1.961573 -0.570101 3.889472 0.000000 0.033674 0.295623 -5.965885 -1.140202 2.042739 -0.000000 -3.889472 -0.844579 0.033674 -0.295623 2.042739 0.000000 -5.965885 1.140202 -3.889472 0.844579 0.033674 0.000000 -1.961573 -0.570101 -1.961573 0.570101 -3.889472 0.000000 
0.150000 2.541012 0.000000 -0.510451 -0.230569 -0.510451 0.230569 1.520110 0.000000 -2.541012 -0.667896 1.581011 0.461138 -0.560109 0.000000 -1.520110 -0.206758 -2.541012 0.667896 -0.560109 -0.000000 1.581011 -0.461138 -1.520110 0.206758 -2.541012 0.000000 0.510451 0.230569 0.510451 -0.230569 -1.520110 0.000000 
0.200000 2.813438 0.000000 -1.100301 -0.698579 -1.100301 0.698579 0.612837 0.000000 -2.813438 -1.196476 3.503933 1.397158 -1.303332 -0.000000 -0.612837 0.200682 -2.813438 1.196476 -1.303332 0.000000 3.503933 -1.397158 -0.612837 -0.200682 -2.813438 0.000000 1.100301 0.698579 1.100301 -0.698579 -0.612837 0.000000 
0.250000 2.379660 0.000000 -1.036963 -0.886095 -1.036963 0.886095 0.305735 0.000000 -2.379660 -1.381632 3.437910 1.772191 -1.363985 0.000000 -0.305735 0.390558 -2.379660 1.381632 -1.363985 0.000000 3.437910 -1.772191 -0.305735 -0.390558 -2.379660 0.000000 1.036963 0.886095 1.036963 -0.886095 -0.305735 0.000000 
0.300000 1.840648 0.000000 -0.805600 -0.914323 -0.805600 0.914323 0.229448 0.000000 -1.840648 -1.381851 2.829797 1.828647 -1.218597 0.000000 -0.229448 0.446795 -1.840648 1.381851 -1.218597 0.000000 2.829797 -1.828647 -0.229448 -0.446795 -1.840648 0.000000 0.805600 0.914323 0.805600 -0.914323 -0.229448 0.000000 
0.350000 1.361514 0.000000 -0.569563 -0.867735 -0.569563 0.867735 0.222387 0.000000 -1.361514 -1.295226 2.177089 1.735469 -1.037962 0.000000 -0.222387 0.440243 -1.361514 1.295226 -1.037962 0.000000 2.177089 -1.735469 -0.222387 -0.440243 -1.361514 0.000000 0.569563 0.867735 0.569563 -0.867735 -0.222387 0.000000 
0.400000 0.983991 0.000000 -0.372917 -0.793307 -0.372917 0.793307 0.238158 0.000000 -0.983991 -1.181277 1.622419 1.586613 -0.876586 0.000000 -0.238158 0.405337 -0.983991 1.181277 -0.876586 0.000000 1.622419 -1.586613 -0.238158 -0.405337 -0.983991 0.000000 0.372917 0.793307 0.372917 -0.793307 -0.238158 0.000000 
0.450000 0.689342 0.000000 -0.215851 -0.702753 -0.215851 0.702753 0.257640 0.000000 -0.689342 -1.052642 1.166858 1.405506 -0.735156 0.000000 -0.257640 0.352864 -0.689342 1.052642 -0.735156 0.000000 1.166858 -1.405506 -0.257640 -0.352864 -0.689342 0.000000 0.215851 0.702753 0.215851 -0.702753 -0.257640 0.000000 
0.500000 0.463374 0.000000 -0.097217 -0.615782 -0.097217 0.615782 0.268941 0.000000 -0.463374 -0.928667 0.817842 1.231563 -0.623408 0.000000 -0.268941 0.302896 -0.463374 0.928667 -0.623408 -0.000000 0.817842 -1.231563 -0.268941 -0.302896 -0.463374 0.000000 0.097217 0.615782 0.097217 -0.615782 -0.268941 0.000000 
0.550000 0.295161 0.000000 -0.008044 -0.530536 -0.008044 0.530536 0.279072 0.000000 -0.295161 -0.813332 0.546685 1.061072 -0.530597 -0.000000 -0.279072 0.247740 -0.295161 0.813332 -0.530597 0.000000 0.546685 -1.061072 -0.279072 -0.247740 -0.295161 0.000000 0.008044 0.530536 0.008044 -0.530536 -0.279072 0.000000 
0.600000 0.164500 0.000000 0.057183 -0.450489 0.057183 0.450489 0.278866 0.000000 -0.164500 -0.702090 0.339738 0.900978 -0.454104 -0.000000 -0.278866 0.198888 -0.164500 0.702090 -0.454104 0.000000 0.339738 -0.900978 -0.278866 -0.198888 -0.164500 0.000000 -0.057183 0.450489 -0.057183 -0.450489 -0.278866 0.000000 
0.650000 0.068372 0.000000 0.104223 -0.380009 0.104223 0.380009 0.276817 0.000000 -0.068372 -0.606314 0.185597 0.760017 -0.394042 -0.000000 -0.276817 0.153704 -0.068372 0.606314 -0.394042 0.000000 0.185597 -0.760017 -0.276817 -0.153704 -0.068372 0.000000 -0.104223 0.380009 -0.104223 -0.380009 -0.276817 0.000000 
0.700000 -0.002389 0.000000 0.135651 -0.312873 0.135651 0.312873 0.268913 0.000000 0.002389 -0.515899 0.069713 0.625747 -0.341014 0.000000 -0.268913 0.109847 0.002389 0.515899 -0.341014 -0.000000 0.069713 -0.625747 -0.268913 -0.109847 0.002389 0.000000 -0.135651 0.312873 -0.135651 -0.312873 -0.268913 0.000000 
0.750000 -0.056194 0.000000 0.156749 -0.255363 0.156749 0.255363 0.257304 0.000000 0.056194 -0.435074 -0.013863 0.510726 -0.299634 0.000000 -0.257304 0.075652 0.056194 0.435074 -0.299634 0.000000 -0.013863 -0.510726 -0.257304 -0.075652 0.056194 0.000000 -0.156749 0.255363 -0.156749 -0.255363 -0.257304 0.000000 
0.800000 -0.091604 0.000000 0.168175 -0.202961 0.168175 0.202961 0.244747 0.000000 0.091604 -0.365852 -0.072768 0.405921 -0.263583 -0.000000 -0.244747 0.040069 0.091604 0.365852 -0.263583 0.000000 -0.072768 -0.405921 -0.244747 -0.040069 0.091604 0.000000 -0.168175 0.202961 -0.168175 -0.202961 -0.244747 0.000000 
0.850000 -0.116935 0.000000 0.172177 -0.156403 0.172177 0.156403 0.227419 0.000000 0.116935 -0.299374 -0.111745 0.312806 -0.232608 0.000000 -0.227419 0.013432 0.116935 0.299374 -0.232608 -0.000000 -0.111745 -0.312806 -0.227419 -0.013432 0.116935 0.000000 -0.172177 0.156403 -0.172177 -0.156403 -0.227419 0.000000 
0.900000 -0.132819 0.000000 0.172215 -0.116812 0.172215 0.116812 0.211612 0.000000 0.132819 -0.245077 -0.136336 0.233625 -0.208094 0.000000 -0.211612 -0.011453 0.132819 0.245077 -0.208094 -0.000000 -0.136336 -0.233625 -0.211612 0.011453 0.132819 0.000000 -0.172215 0.116812 -0.172215 -0.116812 -0.211612 0.000000 
0.950000 -0.139420 0.000000 0.165821 -0.081041 0.165821 0.081041 0.192223 0.000000 0.139420 -0.195189 -0.147077 0.162082 -0.184565 0.000000 -0.192223 -0.033107 0.139420 0.195189 -0.184565 0.000000 -0.147077 -0.162082 -0.192223 0.033107 0.139420 0.000000 -0.165821 0.081041 -0.165821 -0.081041 -0.192223 0.000000 
1.000000 -0.142646 0.000000 0.158326 -0.051269 0.158326 0.051269 0.174007 0.000000 0.142646 -0.150591 -0.150232 0.102539 -0.166421 0.000000 -0.174007 -0.048053 0.142646 0.150591 -0.166421 0.000000 -0.150232 -0.102539 -0.174007 0.048053 0.142646 0.000000 -0.158326 0.051269 -0.158326 -0.051269 -0.174007 0.000000 
1.050000 -0.139602 0.000000 0.147338 -0.025556 0.147338 0.025556 0.155073 0.000000 0.139602 -0.115415 -0.145138 0.051112 -0.149538 -0.000000 -0.155073 -0.064302 0.139602 0.115415 -0.149538 0.000000 -0.145138 -0.051112 -0.155073 0.064302 0.139602 0.000000 -0.147338 0.025556 -0.147338 -0.025556 -0.155073 0.000000 
1.100000 -0.133341 0.000000 0.134507 -0.004080 0.134507 0.004080 0.135673 0.000000 0.133341 -0.080965 -0.134445 0.008160 -0.134569 0.000000 -0.135673 -0.072805 0.133341 0.080965 -0.134569 0.000000 -0.134445 -0.008160 -0.135673 0.072805 0.133341 0.000000 -0.134507 0.004080 -0.134507 -0.004080 -0.135673 0.000000 
1.150000 -0.125853 0.000000 0.122052 0.013616 0.122052 -0.013616 0.118250 0.000000 0.125853 -0.054749 -0.121295 -0.027232 -0.122809 -0.000000 -0.118250 -0.081980 0.125853 0.054749 -0.122809 0.000000 -0.121295 0.027232 -0.118250 0.081980 0.125853 0.000000 -0.122052 -0.013616 -0.122052 0.013616 -0.118250 0.000000 
1.200000 -0.114554 0.000000 0.106979 0.027604 0.106979 -0.027604 0.099405 0.000000 0.114554 -0.032070 -0.103476 -0.055207 -0.110483 0.000000 -0.099405 -0.087277 0.114554 0.032070 -0.110483 0.000000 -0.103476 0.055207 -0.099405 0.087277 0.114554 0.000000 -0.106979 -0.027604 -0.106979 0.027604 -0.099405 0.000000 
1.250000 -0.103681 0.000000 0.093607 0.038909 0.093607 -0.038909 0.083533 0.000000 0.103681 -0.011572 -0.085842 -0.077819 -0.101371 -0.000000 -0.083533 -0.089391 0.103681 0.011572 -0.101371 0.000000 -0.085842 0.077819 -0.083533 0.089391 0.103681 0.000000 -0.093607 -0.038909 -0.093607 0.038909 -0.083533 0.000000 
1.300000 -0.091725 0.000000 0.079332 0.047055 0.079332 -0.047055 0.066938 0.000000 0.091725 0.001866 -0.066426 -0.094110 -0.092237 -0.000000 -0.066938 -0.092245 0.091725 -0.001866 -0.092237 0.000000 -0.066426 0.094110 -0.066938 0.092245 0.091725 0.000000 -0.079332 -0.047055 -0.079332 0.047055 -0.066938 0.000000 
1.350000 -0.078578 0.000000 0.065518 0.052634 0.065518 -0.052634 0.052457 0.000000 0.078578 0.015522 -0.046994 -0.105268 -0.084041 0.000000 -0.052457 -0.089746 0.078578 -0.015522 -0.084041 -0.000000 -0.046994 0.105268 -0.052457 0.089746 0.078578 0.000000 -0.065518 -0.052634 -0.065518 0.052634 -0.052457 0.000000 
1.400000 -0.067179 0.000000 0.053131 0.056737 0.053131 -0.056737 0.039084 0.000000 0.067179 0.024337 -0.028532 -0.113474 -0.077730 0.000000 -0.039084 -0.089137 0.067179 -0.024337 -0.077730 0.000000 -0.028532 0.113474 -0.039084 0.089137 0.067179 0.000000 -0.053131 -0.056737 -0.053131 0.056737 -0.039084 0.000000 
1.450000 -0.054635 0.000000 0.040440 0.057717 0.040440 -0.057717 0.026245 0.000000 0.054635 0.030438 -0.010406 -0.115434 -0.070474 0.000000 -0.026245 -0.084995 0.054635 -0.030438 -0.070474 0.000000 -0.010406 0.115434 -0.026245 0.084995 0.054635 0.000000 -0.040440 -0.057717 -0.040440 0.057717 -0.026245 0.000000 
1.500000 -0.043200 0.000000 0.029644 0.058394 0.029644 -0.058394 0.016088 0.000000 0.043200 0.036309 0.006200 -0.116788 -0.065488 -0.000000 -0.016088 -0.080479 0.043200 -0.036309 -0.065488 0.000000 0.006200 0.116788 -0.016088 0.080479 0.043200 0.000000 -0.029644 -0.058394 -0.029644 0.058394 -0.016088 0.000000 
1.550000 -0.033122 0.000000 0.019350 0.056802 0.019350 -0.056802 0.005578 0.000000 0.033122 0.037560 0.021307 -0.113603 -0.060007 0.000000 -0.005578 -0.076043 0.033122 -0.037560 -0.060007 0.000000 0.021307 0.113603 -0.005578 0.076043 0.033122 0.000000 -0.019350 -0.056802 -0.019350 0.056802 -0.005578 0.000000 
1.600000 -0.022506 0.000000 0.010245 0.054174 0.010245 -0.054174 -0.002016 0.000000 0.022506 0.039377 0.034644 -0.108348 -0.055134 -0.000000 0.002016 -0.068972 0.022506 -0.039377 -0.055134 0.000000 0.034644 0.108348 0.002016 0.068972 0.022506 0.000000 -0.010245 -0.054174 -0.010245 0.054174 0.002016 0.000000 
1.650000 -0.014214 0.000000 0.002341 0.051427 0.002341 -0.051427 -0.009532 0.000000 0.014214 0.039001 0.046798 -0.102853 -0.051480 -0.000000 0.009532 -0.063852 0.014214 -0.039001 -0.051480 0.000000 0.046798 0.102853 0.009532 0.063852 0.014214 0.000000 -0.002341 -0.051427 -0.002341 0.051427 0.009532 0.000000 
1.700000 -0.006264 0.000000 -0.004487 0.046627 -0.004487 -0.046627 -0.015238 0.000000 0.006264 0.036861 0.055816 -0.093254 -0.046842 0.000000 0.015238 -0.056393 0.006264 -0.036861 -0.046842 0.000000 0.055816 0.093254 0.015238 0.056393 0.006264 0.000000 0.004487 -0.046627 0.004487 0.046627 0.015238 0.000000 
1.750000 0.001051 0.000000 -0.010340 0.042742 -0.010340 -0.042742 -0.019629 0.000000 -0.001051 0.035432 0.064655 -0.085484 -0.043975 -0.000000 0.019629 -0.050052 -0.001051 -0.035432 -0.043975 0.000000 0.064655 0.085484 0.019629 0.050052 -0.001051 0.000000 0.010340 -0.042742 0.010340 0.042742 0.019629 0.000000 
1.800000 0.006198 0.000000 -0.014948 0.037559 -0.014948 -0.037559 -0.023699 0.000000 -0.006198 0.031623 0.070321 -0.075117 -0.040424 -0.000000 0.023699 -0.043494 -0.006198 -0.031623 -0.040424 0.000000 0.070321 0.075117 0.023699 0.043494 -0.006198 0.000000 0.014948 -0.037559 0.014948 0.037559 0.023699 0.000000 
1.850000 0.011627 0.000000 -0.018575 0.032427 -0.018575 -0.032427 -0.025522 0.000000 -0.011627 0.028400 0.074520 -0.064853 -0.037370 -0.000000 0.025522 -0.036453 -0.011627 -0.028400 -0.037370 0.000000 0.074520 0.064853 0.025522 0.036453 -0.011627 0.000000 0.018575 -0.032427 0.018575 0.032427 0.025522 0.000000 
1.900000 0.015377 0.000000 -0.021589 0.027724 -0.021589 -0.027724 -0.027801 0.000000 -0.015377 0.024688 0.078317 -0.055449 -0.035139 -0.000000 0.027801 -0.030760 -0.015377 -0.024688 -0.035139 0.000000 0.078317 0.055449 0.027801 0.030760 -0.015377 0.000000 0.021589 -0.027724 0.021589 0.027724 0.027801 0.000000 
1.950000 0.018044 0.000000 -0.023019 0.022220 -0.023019 -0.022220 -0.027993 0.000000 -0.018044 0.020211 0.078032 -0.044441 -0.031994 0.000000 0.027993 -0.024230 -0.018044 -0.020211 -0.031994 -0.000000 0.078032 0.044441 0.027993 0.024230 -0.018044 0.000000 0.023019 -0.022220 0.023019 0.022220 0.027993 0.000000 
2.000000 0.020816 0.000000 -0.024558 0.017768 -0.024558 -0.017768 -0.028301 0.000000 -0.020816 0.016556 0.079429 -0.035536 -0.030312 0.000000 0.028301 -0.018980 -0.020816 -0.016556 -0.030312 0.000000 0.079429 0.035536 0.028301 0.018980 -0.020816 0.000000 0.024558 -0.017768 0.024558 0.017768 0.028301 0.000000 
2.050000 0.021645 0.000000 -0.024657 0.012991 -0.024657 -0.012991 -0.027668 0.000000 -0.021645 0.012246 0.077183 -0.025981 -0.027869 0.000000 0.027668 -0.013735 -0.021645 -0.012246 -0.027869 0.000000 0.077183 0.025981 0.027668 0.013735 -0.021645 0.000000 0.024657 -0.012991 0.024657 0.012991 0.027668 0.000000 
2.100000 0.022560 0.000000 -0.024382 0.008720 -0.024382 -0.008720 -0.026204 0.000000 -0.022560 0.008404 0.074657 -0.017441 -0.025894 0.000000 0.026204 -0.009037 -0.022560 -0.008404 -0.025894 -0.000000 0.074657 0.017441 0.026204 0.009037 -0.022560 0.000000 0.024382 -0.008720 0.024382 0.008720 0.026204 0.000000 
2.150000 0.022876 0.000000 -0.023980 0.004913 -0.023980 -0.004913 -0.025085 0.000000 -0.022876 0.004801 0.072439 -0.009825 -0.024478 -0.000000 0.025085 -0.005025 -0.022876 -0.004801 -0.024478 0.000000 0.072439 0.009825 0.025085 0.005025 -0.022876 0.000000 0.023980 -0.004913 0.023980 0.004913 0.025085 0.000000 
2.200000 0.021909 0.000000 -0.022210 0.001349 -0.022210 -0.001349 -0.022512 0.000000 -0.021909 0.001339 0.066672 -0.002697 -0.022251 0.000000 0.022512 -0.001358 -0.021909 -0.001339 -0.022251 -0.000000 0.066672 0.002697 0.022512 0.001358 -0.021909 0.000000 0.022210 -0.001349 0.022210 0.001349 0.022512 0.000000 
2.250000 0.021565 0.000000 -0.021204 -0.001716 -0.021204 0.001716 -0.020843 0.000000 -0.021565 -0.001731 0.063681 0.003433 -0.021273 -0.000000 0.020843 0.001702 -0.021565 0.001731 -0.021273 0.000000 0.063681 -0.003433 0.020843 -0.001702 -0.021565 0.000000 0.021204 0.001716 0.021204 -0.001716 0.020843 0.000000 
2.300000 0.020050 0.000000 -0.019029 -0.004299 -0.019029 0.004299 -0.018009 0.000000 -0.020050 -0.004413 0.057568 0.008599 -0.019509 -0.000000 0.018009 0.004185 -0.020050 0.004413 -0.019509 0.000000 0.057568 -0.008599 0.018009 -0.004185 -0.020050 0.000000 0.019029 0.004299 0.019029 -0.004299 0.018009 0.000000 
2.350000 0.018376 0.000000 -0.017023 -0.006478 -0.017023 0.006478 -0.015670 0.000000 -0.018376 -0.006727 0.052261 0.012956 -0.018214 0.000000 0.015670 0.006229 -0.018376 0.006727 -0.018214 0.000000 0.052261 -0.012956 0.015670 -0.006229 -0.018376 0.000000 0.017023 0.006478 0.017023 -0.006478 0.015670 0.000000 
2.400000 0.017073 0.000000 -0.015130 -0.008365 -0.015130 0.008365 -0.013187 0.000000 -0.017073 -0.008866 0.047548 0.016730 -0.017288 -0.000000 0.013187 0.007864 -0.017073 0.008866 -0.017288 0.000000 0.047548 -0.016730 0.013187 -0.007864 -0.017073 0.000000 0.015130 0.008365 0.015130 -0.008365 0.013187 0.000000 
2.450000 0.014657 0.000000 -0.012499 -0.009432 -0.012499 0.009432 -0.010341 0.000000 -0.014657 -0.010155 0.040658 0.018865 -0.015659 0.000000 0.010341 0.008710 -0.014657 0.010155 -0.015659 -0.000000 0.040658 -0.018865 0.010341 -0.008710 -0.014657 0.000000 0.012499 0.009432 0.012499 -0.009432 0.010341 0.000000 
2.500000 0.012971 0.000000 -0.010663 -0.010716 -0.010663 0.010716 -0.008354 0.000000 -0.012971 -0.011675 0.036442 0.021431 -0.015117 -0.000000 0.008354 0.009756 -0.012971 0.011675 -0.015117 0.000000 0.036442 -0.021431 0.008354 -0.009756 -0.012971 0.000000 0.010663 0.010716 0.010663 -0.010716 0.008354 0.000000 
2.550000 0.011008 0.000000 -0.008251 -0.011048 -0.008251 0.011048 -0.005494 0.000000 -0.011008 -0.012430 0.030291 0.022095 -0.013789 -0.000000 0.005494 0.009666 -0.011008 0.012430 -0.013789 0.000000 0.030291 -0.022095 0.005494 -0.009666 -0.011008 0.000000 0.008251 0.011048 0.008251 -0.011048 0.005494 0.000000 
2.600000 0.008629 0.000000 -0.006206 -0.011358 -0.006206 0.011358 -0.003783 0.000000 -0.008629 -0.012795 0.025355 0.022717 -0.012943 0.000000 0.003783 0.009921 -0.008629 0.012795 -0.012943 0.000000 0.025355 -0.022717 0.003783 -0.009921 -0.008629 0.000000 0.006206 0.011358 0.006206 -0.011358 0.003783 0.000000 
2.650000 0.007165 0.000000 -0.004325 -0.011537 -0.004325 0.011537 -0.001484 0.000000 -0.007165 -0.013505 0.020970 0.023073 -0.012321 0.000000 0.001484 0.009568 -0.007165 0.013505 -0.012321 0.000000 0.020970 -0.023073 0.001484 -0.009568 -0.007165 0.000000 0.004325 0.011537 0.004325 -0.011537 0.001484 0.000000 
2.700000 0.004982 0.000000 -0.002392 -0.010839 -0.002392 0.010839 0.000198 0.000000 -0.004982 -0.012919 0.015884 0.021677 -0.011099 0.000000 -0.000198 0.008758 -0.004982 0.012919 -0.011099 0.000000 0.015884 -0.021677 -0.000198 -0.008758 -0.004982 0.000000 0.002392 0.010839 0.002392 -0.010839 -0.000198 0.000000 
2.750000 0.003262 0.000000 -0.000821 -0.010803 -0.000821 0.010803 0.001621 0.000000 -0.003262 -0.013066 0.012475 0.021606 -0.010834 0.000000 -0.001621 0.008540 -0.003262 0.013066 -0.010834 -0.000000 0.012475 -0.021606 -0.001621 -0.008540 -0.003262 0.000000 0.000821 0.010803 0.000821 -0.010803 -0.001621 0.000000 
2.800000 0.001980 0.000000 0.000642 -0.009777 0.000642 0.009777 0.003265 0.000000 -0.001980 -0.012578 0.008513 0.019555 -0.009798 0.000000 -0.003265 0.006977 -0.001980 0.012578 -0.009798 -0.000000 0.008513 -0.019555 -0.003265 -0.006977 -0.001980 0.000000 -0.000642 0.009777 -0.000642 -0.009777 -0.003265 0.000000 
2.850000 0.000109 0.000000 0.001903 -0.009062 0.001903 0.009062 0.003915 0.000000 -0.000109 -0.011540 0.005453 0.018124 -0.009260 0.000000 -0.003915 0.006583 -0.000109 0.011540 -0.009260 -0.000000 0.005453 -0.018124 -0.003915 -0.006583 -0.000109 0.000000 -0.001903 0.009062 -0.001903 -0.009062 -0.003915 0.000000 
2.900000 -0.000797 0.000000 0.003014 -0.008297 0.003014 0.008297 0.005231 0.000000 0.000797 -0.011462 0.002799 0.016595 -0.008828 0.000000 -0.005231 0.005133 0.000797 0.011462 -0.008828 0.000000 0.002799 -0.016595 -0.005231 -0.005133 0.000797 0.000000 -0.003014 0.008297 -0.003014 -0.008297 -0.005231 0.000000 
2.950000 -0.001945 0.000000 0.003715 -0.006968 0.003715 0.006968 0.005486 0.000000 0.001945 -0.009919 0.000466 0.013936 -0.007897 0.000000 -0.005486 0.004017 0.001945 0.009919 -0.007897 -0.000000 0.000466 -0.013936 -0.005486 -0.004017 0.001945 0.000000 -0.003715 0.006968 -0.003715 -0.006968 -0.005486 0.000000 
