-400.00000000 0.03506140
-398.00000000 0.03985462
-396.00000000 0.04510539
-394.00000000 0.05085549
-392.00000000 0.05715028
-390.00000000 0.06403907
-388.00000000 0.07157569
-386.00000000 0.07981898
-384.00000000 0.08883347
-382.00000000 0.09868996
-380.00000000 0.10946620
-378.00000000 0.12124751
-376.00000000 0.13412744
-374.00000000 0.14820835
-372.00000000 0.16360207
-370.00000000 0.18043050
-368.00000000 0.19882629
-366.00000000 0.21893360
-364.00000000 0.24090895
-362.00000000 0.26492213
-360.00000000 0.29115735
-358.00000000 0.31981446
-356.00000000 0.35111029
-354.00000000 0.38528017
-352.00000000 0.42257948
-350.00000000 0.46328520
-348.00000000 0.50769752
-346.00000000 0.55614135
-344.00000000 0.60896771
-342.00000000 0.66655499
-340.00000000 0.72931005
-338.00000000 0.79766910
-336.00000000 0.87209835
-334.00000000 0.95309445
-332.00000000 1.04118469
-330.00000000 1.13692687
-328.00000000 1.24090884
-326.00000000 1.35374769
-324.00000000 1.47608832
-322.00000000 1.60860145
-320.00000000 1.75198084
-318.00000000 1.90693958
-316.00000000 2.07420532
-314.00000000 2.25451430
-312.00000000 2.44860415
-310.00000000 2.65720538
-308.00000000 2.88103158
-306.00000000 3.12076864
-304.00000000 3.37706297
-302.00000000 3.65050920
-300.00000000 3.94163769
-298.00000000 4.25090238
-296.00000000 4.57866941
-294.00000000 4.92520702
-292.00000000 5.29067746
-290.00000000 5.67513115
-288.00000000 6.07850371
-286.00000000 6.50061616
-284.00000000 6.94117862
-282.00000000 7.39979758
-280.00000000 7.87598697
-278.00000000 8.36918282
-276.00000000 8.87876150
-274.00000000 9.40406133
-272.00000000 9.94440711
-270.00000000 10.49913741
-268.00000000 11.06763402
-266.00000000 11.64935312
-264.00000000 12.24385766
-262.00000000 12.85085030
-260.00000000 13.47020624
-258.00000000 14.10200527
-256.00000000 14.74656244
-254.00000000 15.40445635
-252.00000000 16.07655471
-250.00000000 16.76403627
-248.00000000 17.46840868
-246.00000000 18.19152204
-244.00000000 18.93557763
-242.00000000 19.70313214
-240.00000000 20.49709740
-238.00000000 21.32073613
-236.00000000 22.17765416
-234.00000000 23.07178989
-232.00000000 24.00740145
-230.00000000 24.98905217
-228.00000000 26.02159429
-226.00000000 27.11015097
-224.00000000 28.26009547
-222.00000000 29.47702627
-220.00000000 30.76673586
-218.00000000 32.13517053
-216.00000000 33.58837770
-214.00000000 35.13243722
-212.00000000 36.77337273
-210.00000000 38.51703957
-208.00000000 40.36898632
-206.00000000 42.33428812
-204.00000000 44.41735137
-202.00000000 46.62169130
-200.00000000 48.94968605
-198.00000000 51.40231340
-196.00000000 53.97887828
-194.00000000 56.67674199
-192.00000000 59.49106556
-190.00000000 62.41458133
-188.00000000 65.43740748
-186.00000000 68.54692039
-184.00000000 71.72769840
-182.00000000 74.96154913
-180.00000000 78.22762925
-178.00000000 81.50266231
-176.00000000 84.76125578
-174.00000000 87.97631381
-172.00000000 91.11953720
-170.00000000 94.16199741
-168.00000000 97.07476681
-166.00000000 99.82958394
-164.00000000 102.39952945
-162.00000000 104.75968711
-160.00000000 106.88776379
-158.00000000 108.76464335
-156.00000000 110.37485193
-154.00000000 111.70691555
-152.00000000 112.75359579
-150.00000000 113.51199450
-148.00000000 113.98352469
-146.00000000 114.17375037
-144.00000000 114.09210443
-142.00000000 113.75149832
-140.00000000 113.16784225
-138.00000000 112.35949764
-136.00000000 111.34668587
-134.00000000 110.15087806
-132.00000000 108.79419028
-130.00000000 107.29880689
-128.00000000 105.68645183
-126.00000000 103.97792421
-124.00000000 102.19271052
-122.00000000 100.34868090
-120.00000000 98.46187289
-118.00000000 96.54636151
-116.00000000 94.61421076
-114.00000000 92.67549854
-112.00000000 90.73840453
-110.00000000 88.80934901
-108.00000000 86.89316978
-106.00000000 84.99332451
-104.00000000 83.11210634
-102.00000000 81.25086196
-100.00000000 79.41020300
-98.00000000 77.59020341
-96.00000000 75.79057748
-94.00000000 74.01083515
-92.00000000 72.25041274
-90.00000000 70.50877926
-88.00000000 68.78551888
-86.00000000 67.08039183
-84.00000000 65.39337592
-82.00000000 63.72469151
-80.00000000 62.07481262
-78.00000000 60.44446685
-76.00000000 58.83462651
-74.00000000 57.24649285
-72.00000000 55.68147538
-70.00000000 54.14116744
-68.00000000 52.62731934
-66.00000000 51.14181007
-64.00000000 49.68661826
-62.00000000 48.26379333
-60.00000000 46.87542725
-58.00000000 45.52362790
-56.00000000 44.21049424
-54.00000000 42.93809407
-52.00000000 41.70844480
-50.00000000 40.52349738
-48.00000000 39.38512387
-46.00000000 38.29510845
-44.00000000 37.25514190
-42.00000000 36.26681939
-40.00000000 35.33164100
-38.00000000 34.45101485
-36.00000000 33.62626207
-34.00000000 32.85862337
-32.00000000 32.14926665
-30.00000000 31.49929531
-28.00000000 30.90975698
-26.00000000 30.38165254
-24.00000000 29.91594520
-22.00000000 29.51356980
-20.00000000 29.17544231
-18.00000000 28.90246952
-16.00000000 28.69555920
-14.00000000 28.55563067
-12.00000000 28.48362586
-10.00000000 28.48052079
-8.00000000 28.54733758
-6.00000000 28.68515661
-4.00000000 28.89512895
-2.00000000 29.17848860
0.00000000 29.53656452
2.00000000 29.97079198
4.00000000 30.48272299
6.00000000 31.07403542
8.00000000 31.74654011
10.00000000 32.50218551
12.00000000 33.34305879
14.00000000 34.27138247
16.00000000 35.28950519
18.00000000 36.39988503
20.00000000 37.60506378
22.00000000 38.90763010
24.00000000 40.31016985
26.00000000 41.81520156
28.00000000 43.42509587
30.00000000 45.14197754
32.00000000 46.96760998
34.00000000 48.90326275
36.00000000 50.94956351
38.00000000 53.10633742
40.00000000 55.37243794
42.00000000 57.74557435
44.00000000 60.22214250
46.00000000 62.79706633
48.00000000 65.46365824
50.00000000 68.21350696
52.00000000 71.03640137
54.00000000 73.92029804
56.00000000 76.85133953
58.00000000 79.81392858
60.00000000 82.79086149
62.00000000 85.76352179
64.00000000 88.71213229
66.00000000 91.61606125
68.00000000 94.45417551
70.00000000 97.20523086
72.00000000 99.84828780
74.00000000 102.36313904
76.00000000 104.73073410
78.00000000 106.93358561
80.00000000 108.95614251
82.00000000 110.78511609
84.00000000 112.40974670
86.00000000 113.82200101
88.00000000 115.01669277
90.00000000 115.99152311
92.00000000 116.74703946
94.00000000 117.28651606
96.00000000 117.61576166
98.00000000 117.74286321
100.00000000 117.67787659
102.00000000 117.43247706
104.00000000 117.01958351
106.00000000 116.45297086
108.00000000 115.74688455
110.00000000 114.91567052
112.00000000 113.97343241
114.00000000 112.93372573
116.00000000 111.80929685
118.00000000 110.61187199
120.00000000 109.35199912
122.00000000 108.03894326
124.00000000 106.68063364
126.00000000 105.28365916
128.00000000 103.85330722
130.00000000 102.39363987
132.00000000 100.90760043
134.00000000 99.39714349
136.00000000 97.86338121
138.00000000 96.30673912
140.00000000 94.72711519
142.00000000 93.12403669
144.00000000 91.49681021
146.00000000 89.84466092
148.00000000 88.16685835
150.00000000 86.46282640
152.00000000 84.73223629
154.00000000 82.97508184
156.00000000 81.19173679
158.00000000 79.38299459
160.00000000 77.55009131
162.00000000 75.69471277
164.00000000 73.81898693
166.00000000 71.92546326
168.00000000 70.01708047
170.00000000 68.09712441
172.00000000 66.16917793
174.00000000 64.23706460
176.00000000 62.30478811
178.00000000 60.37646933
180.00000000 58.45628279
182.00000000 56.54839433
184.00000000 54.65690153
186.00000000 52.78577837
188.00000000 50.93882511
190.00000000 49.11962466
192.00000000 47.33150574
194.00000000 45.57751351
196.00000000 43.86038757
198.00000000 42.18254735
200.00000000 40.54608446
202.00000000 38.95276142
204.00000000 37.40401615
206.00000000 35.90097144
208.00000000 34.44444849
210.00000000 33.03498376
212.00000000 31.67284827
214.00000000 30.35806859
216.00000000 29.09044893
218.00000000 27.86959357
220.00000000 26.69492933
222.00000000 25.56572751
224.00000000 24.48112512
226.00000000 23.44014507
228.00000000 22.44171518
230.00000000 21.48468595
232.00000000 20.56784688
234.00000000 19.68994144
236.00000000 18.84968061
238.00000000 18.04575499
240.00000000 17.27684555
242.00000000 16.54163301
244.00000000 15.83880601
246.00000000 15.16706800
248.00000000 14.52514304
250.00000000 13.91178062
252.00000000 13.32575954
254.00000000 12.76589093
256.00000000 12.23102068
258.00000000 11.72003111
260.00000000 11.23184233
262.00000000 10.76541297
264.00000000 10.31974071
266.00000000 9.89386241
268.00000000 9.48685405
270.00000000 9.09783041
272.00000000 8.72594460
274.00000000 8.37038737
276.00000000 8.03038629
278.00000000 7.70520482
280.00000000 7.39414120
282.00000000 7.09652730
284.00000000 6.81172738
286.00000000 6.53913677
288.00000000 6.27818056
290.00000000 6.02831228
292.00000000 5.78901258
294.00000000 5.55978799
296.00000000 5.34016965
298.00000000 5.12971220
300.00000000 4.92799266
302.00000000 4.73460936
304.00000000 4.54918095
306.00000000 4.37134546
308.00000000 4.20075933
310.00000000 4.03709651
312.00000000 3.88004761
314.00000000 3.72931896
316.00000000 3.58463182
318.00000000 3.44572147
320.00000000 3.31233649
322.00000000 3.18423791
324.00000000 3.06119851
326.00000000 2.94300213
328.00000000 2.82944306
330.00000000 2.72032541
332.00000000 2.61546265
334.00000000 2.51467705
336.00000000 2.41779932
338.00000000 2.32466811
340.00000000 2.23512970
342.00000000 2.14903758
344.00000000 2.06625210
346.00000000 1.98664012
348.00000000 1.91007464
350.00000000 1.83643445
352.00000000 1.76560382
354.00000000 1.69747212
356.00000000 1.63193359
358.00000000 1.56888695
360.00000000 1.50823526
362.00000000 1.44988559
364.00000000 1.39374887
366.00000000 1.33973969
368.00000000 1.28777618
370.00000000 1.23777980
372.00000000 1.18967531
374.00000000 1.14339053
376.00000000 1.09885632
378.00000000 1.05600638
380.00000000 1.01477715
382.00000000 0.97510765
384.00000000 0.93693938
386.00000000 0.90021612
388.00000000 0.86488384
390.00000000 0.83089059
392.00000000 0.79818633
394.00000000 0.76672288
396.00000000 0.73645382
398.00000000 0.70733443
